18, 2012-12-07, Home, CHA, W, W, -7, O, 197, 0, 0, 96.18, 98.59, 38.06, 86.18, 5.59, 17.88, 14.47, 19.24, 11.18, 41.41, 23.0, 8.47, 7.35, 13.53, 19.82, 36.47, 80.65, 6.29, 17.18, 19.35, 24.12, 11.18, 43.65, 22.65, 7.65, 3.82, 15.65, 19.06, 96.12, 101.47, 35.18, 84.18, 6.65, 19.24, 19.12, 24.41, 11.71, 42.47, 19.59, 8.35, 6.88, 13.29, 19.65, 38.0, 85.0, 8.82, 24.88, 16.65, 23.24, 12.76, 45.0, 24.65, 6.82, 8.35, 14.65, 20.94
19, 2012-12-09, Away, BRK, W, W, 6, U, 193, 0, 0, 96.71, 98.88, 37.94, 86.65, 5.47, 17.65, 15.35, 20.41, 11.88, 42.18, 22.65, 8.06, 7.88, 13.06, 19.82, 36.65, 81.06, 6.18, 17.12, 19.41, 24.76, 11.65, 44.18, 22.41, 7.65, 3.94, 15.24, 19.35, 95.94, 93.18, 35.94, 81.71, 7.88, 23.24, 16.18, 22.29, 13.35, 42.24, 21.82, 6.88, 5.18, 12.71, 18.65, 36.35, 78.29, 5.47, 16.18, 15.0, 20.47, 11.12, 40.53, 20.0, 7.12, 4.06, 13.35, 21.29
20, 2012-12-12, Home, SAC, W, W, -8, U, 198, 0, 0, 96.24, 98.06, 37.47, 86.18, 5.35, 17.18, 15.94, 20.94, 12.06, 41.94, 22.0, 8.41, 7.76, 13.24, 19.88, 36.24, 80.82, 6.24, 17.65, 19.35, 24.41, 11.82, 44.29, 22.59, 7.65, 4.24, 15.53, 19.29, 95.59, 99.88, 36.59, 81.59, 6.53, 18.24, 15.88, 21.53, 10.94, 40.65, 19.24, 7.94, 3.94, 14.06, 20.59, 36.0, 78.59, 7.76, 21.29, 20.12, 25.41, 10.24, 41.18, 22.88, 7.35, 5.82, 14.06, 19.0
21, 2012-12-14, Away, CLE, W, W, -3, U, 196.5, 0, 0, 96.71, 96.71, 37.71, 86.47, 5.35, 17.29, 15.94, 21.12, 12.53, 43.06, 22.0, 8.29, 7.59, 13.18, 19.88, 35.53, 81.0, 6.06, 17.82, 19.59, 24.53, 12.12, 44.35, 21.76, 7.41, 4.29, 15.71, 19.29, 92.41, 99.0, 34.47, 86.41, 7.53, 22.76, 15.94, 21.24, 14.47, 42.88, 19.06, 8.24, 3.41, 13.76, 22.12, 36.18, 77.65, 7.0, 18.94, 19.65, 25.59, 10.59, 41.29, 21.18, 7.53, 7.76, 14.71, 20.29
22, 2012-12-15, Home, LAC, L, L, 5, O, 195, 0, 1, 96.06, 96.41, 37.29, 86.76, 5.29, 17.29, 16.18, 21.59, 13.24, 43.35, 22.12, 8.59, 7.65, 12.94, 19.71, 35.41, 81.18, 6.35, 17.82, 19.24, 24.06, 12.41, 44.94, 21.65, 7.29, 4.29, 15.94, 19.18, 101.0, 92.94, 38.71, 81.94, 6.65, 19.41, 16.94, 23.41, 12.18, 41.71, 22.12, 11.0, 6.0, 13.0, 20.06, 33.65, 78.41, 7.88, 20.47, 17.76, 23.06, 11.94, 40.76, 21.12, 6.41, 4.65, 16.76, 20.88
23, 2012-12-18, Home, IND, W, W, -2.5, O, 185.5, 0, 0, 95.65, 97.29, 37.0, 86.47, 5.53, 17.41, 16.12, 21.53, 13.12, 43.12, 21.82, 8.53, 7.76, 13.06, 19.53, 36.12, 81.76, 6.35, 17.59, 18.71, 23.47, 12.65, 45.47, 22.41, 7.65, 4.24, 15.76, 19.18, 91.29, 89.59, 33.76, 79.47, 6.88, 19.53, 16.88, 23.35, 11.76, 45.41, 21.06, 6.12, 7.29, 13.71, 20.53, 33.12, 81.53, 4.94, 17.18, 18.41, 23.71, 11.12, 42.35, 17.88, 6.35, 4.35, 11.41, 20.94
24, 2012-12-19, Away, MEM, L, L, 9, U, 187.5, 0, 1, 95.24, 97.12, 36.76, 86.82, 5.47, 17.06, 16.24, 22.0, 13.47, 42.47, 21.41, 8.65, 8.06, 12.59, 20.12, 35.82, 81.47, 5.88, 16.65, 19.59, 24.53, 13.47, 46.65, 22.0, 7.29, 4.24, 16.06, 19.65, 95.29, 89.12, 36.12, 81.71, 5.71, 15.12, 17.35, 21.65, 13.06, 42.06, 20.24, 8.76, 5.53, 14.76, 20.94, 33.29, 77.35, 5.47, 16.88, 17.06, 22.71, 11.65, 39.06, 18.41, 8.35, 5.24, 15.65, 20.82
25, 2012-12-21, Away, BOS, W, W, 5.5, O, 190.5, 0, 0, 94.12, 97.41, 36.29, 86.47, 5.59, 17.29, 15.94, 21.65, 13.29, 42.35, 20.65, 8.59, 7.88, 13.18, 19.94, 36.18, 81.94, 5.76, 15.94, 19.29, 23.82, 13.53, 46.82, 22.41, 7.76, 4.35, 15.88, 19.59, 97.29, 97.53, 37.76, 79.82, 5.71, 15.76, 16.06, 20.47, 8.12, 39.0, 22.53, 8.94, 4.06, 14.53, 21.59, 36.53, 80.94, 6.71, 18.94, 17.76, 24.12, 10.94, 42.06, 21.47, 8.06, 4.88, 14.65, 19.65
26, 2012-12-22, Home, CLE, L, L, -8, U, 195.5, 1, 1, 93.06, 96.29, 35.88, 85.88, 5.12, 16.76, 16.18, 22.35, 13.24, 43.29, 20.29, 8.53, 7.82, 13.76, 19.76, 35.88, 82.94, 5.47, 16.12, 19.06, 23.71, 13.76, 47.29, 21.88, 8.47, 4.53, 15.59, 19.35, 92.94, 99.94, 34.65, 84.35, 7.47, 22.0, 16.18, 21.82, 13.41, 41.88, 19.24, 7.71, 3.71, 14.35, 23.59, 36.18, 77.35, 7.53, 19.53, 20.06, 26.88, 11.35, 41.12, 21.35, 8.06, 6.18, 14.65, 20.88
27, 2012-12-26, Home, BRK, W, W, -5, O, 189, 1, 0, 92.12, 95.82, 35.12, 85.06, 5.24, 17.0, 16.65, 23.06, 13.24, 43.41, 19.76, 8.53, 7.53, 13.76, 19.06, 36.0, 83.29, 5.59, 16.47, 18.24, 22.88, 13.76, 47.53, 21.53, 8.47, 4.41, 15.35, 20.06, 93.53, 93.94, 34.41, 79.18, 8.29, 22.82, 16.41, 22.82, 12.29, 41.41, 20.06, 6.76, 4.41, 13.76, 18.88, 36.41, 79.47, 6.12, 17.12, 15.0, 19.47, 10.82, 40.18, 20.06, 7.88, 4.41, 12.65, 21.06
28, 2012-12-29, Home, MIA, W, W, 4.5, U, 199.5, 1, 0, 92.24, 94.65, 34.76, 83.59, 5.53, 16.29, 17.18, 23.47, 13.12, 43.53, 20.12, 8.71, 7.65, 14.18, 19.0, 35.59, 83.41, 5.35, 16.65, 18.12, 22.35, 13.94, 46.88, 21.06, 8.59, 4.59, 15.35, 20.35, 102.88, 96.06, 38.65, 77.41, 8.53, 21.82, 17.06, 22.12, 7.53, 38.59, 21.94, 8.71, 4.47, 14.06, 19.12, 35.65, 81.0, 7.88, 23.12, 16.88, 22.12, 10.53, 40.18, 19.47, 7.82, 2.53, 14.65, 19.76
29, 2012-12-30, Away, DET, L, W, 2.5, U, 191.5, 0, 1, 93.29, 94.18, 34.88, 84.18, 5.82, 16.53, 17.71, 23.88, 13.35, 43.82, 20.65, 9.12, 7.53, 13.94, 18.94, 35.65, 83.06, 5.35, 16.47, 17.53, 22.24, 13.53, 46.71, 21.12, 8.53, 4.76, 15.59, 20.29, 95.88, 94.82, 35.71, 82.41, 7.06, 17.76, 17.41, 24.35, 13.47, 45.71, 19.35, 5.82, 5.65, 13.47, 20.24, 36.35, 83.35, 6.59, 21.59, 15.53, 21.06, 11.47, 42.06, 21.59, 7.47, 6.35, 11.47, 20.71
30, 2013-01-02, Home, SAS, L, L, 5.5, O, 203, 0, 0, 93.35, 94.41, 34.71, 83.71, 6.24, 17.0, 17.71, 23.76, 13.18, 43.65, 20.41, 9.29, 7.12, 13.94, 19.0, 35.88, 83.18, 5.41, 16.88, 17.24, 22.0, 13.65, 47.12, 20.82, 8.35, 4.71, 15.65, 19.82, 108.35, 97.82, 40.53, 82.29, 9.76, 23.88, 17.53, 21.59, 8.35, 43.0, 26.24, 9.24, 5.35, 15.24, 17.29, 37.65, 85.76, 6.41, 19.18, 16.12, 21.29, 10.71, 40.88, 22.0, 9.24, 4.41, 14.88, 19.0
31, 2013-01-04, Home, HOU, L, L, -1, O, 213.5, 0, 0, 94.65, 95.29, 35.29, 84.65, 6.24, 17.24, 17.82, 23.94, 13.65, 44.29, 20.41, 9.06, 7.41, 13.88, 18.76, 36.53, 84.12, 5.29, 16.65, 16.94, 21.88, 13.65, 47.24, 21.65, 8.18, 4.82, 15.29, 20.0, 109.0, 105.18, 39.35, 83.06, 10.18, 28.12, 20.12, 26.29, 8.76, 42.06, 23.41, 8.71, 4.24, 15.29, 18.65, 40.76, 87.18, 8.41, 22.94, 15.24, 19.47, 9.53, 43.0, 22.65, 8.65, 5.94, 14.59, 19.24
32, 2013-01-05, Away, IND, L, L, 4.5, U, 187.5, 1, 1, 95.59, 96.47, 35.59, 84.29, 6.29, 17.0, 18.12, 24.35, 13.88, 44.41, 20.94, 9.06, 7.0, 14.71, 18.59, 37.18, 83.88, 5.59, 17.47, 16.53, 21.41, 13.18, 46.0, 22.53, 8.59, 4.65, 15.53, 20.41, 91.65, 89.06, 33.88, 78.24, 6.41, 17.65, 17.47, 23.35, 11.76, 43.24, 19.71, 6.82, 6.53, 14.76, 19.53, 34.76, 81.71, 4.76, 15.29, 14.76, 19.59, 11.29, 40.47, 19.88, 6.65, 5.47, 13.59, 22.18
33, 2013-01-08, Home, PHO, W, W, -6, O, 201, 0, 0, 94.94, 96.88, 35.29, 84.47, 6.35, 17.29, 18.0, 24.24, 14.12, 44.24, 20.59, 9.12, 7.24, 14.65, 18.65, 37.53, 84.47, 5.41, 17.53, 16.41, 21.59, 13.82, 46.94, 22.12, 8.41, 4.47, 15.29, 20.35, 94.18, 98.0, 37.35, 83.12, 6.12, 18.71, 13.35, 17.71, 10.18, 38.24, 22.82, 7.82, 5.29, 12.53, 19.41, 38.41, 81.18, 5.12, 15.06, 16.06, 21.59, 11.88, 44.41, 21.65, 7.94, 4.88, 14.47, 17.06
34, 2013-01-09, Away, CHI, W, W, 6, O, 190, 0, 1, 96.53, 96.71, 36.06, 85.35, 6.41, 17.18, 18.0, 24.0, 14.06, 44.59, 20.88, 9.18, 7.29, 14.35, 18.76, 37.18, 84.94, 5.35, 18.0, 17.0, 22.47, 14.0, 47.71, 21.65, 8.12, 4.65, 15.76, 20.29, 92.41, 91.12, 35.0, 79.76, 5.47, 14.06, 16.94, 21.0, 11.71, 42.59, 22.88, 7.59, 4.94, 13.59, 19.88, 34.18, 79.53, 5.76, 15.94, 17.0, 22.82, 11.76, 41.24, 17.35, 7.59, 4.53, 13.41, 19.24
35, 2013-01-11, Home, DET, L, L, -5.5, U, 197, 0, 0, 96.82, 95.88, 36.29, 85.35, 6.71, 17.76, 17.53, 23.53, 14.24, 45.29, 20.71, 9.18, 7.94, 14.65, 18.59, 37.12, 85.53, 5.24, 17.35, 16.41, 22.0, 14.12, 47.24, 21.41, 8.29, 4.53, 15.65, 20.18, 97.29, 97.47, 36.82, 82.71, 7.06, 18.24, 16.59, 23.47, 14.12, 45.76, 19.06, 5.59, 5.82, 13.94, 20.35, 37.0, 81.88, 7.06, 22.35, 16.41, 22.29, 11.12, 40.47, 21.59, 7.71, 5.94, 11.35, 20.41
36, 2013-01-13, Away, TOR, W, W, 2.5, O, 192.5, 0, 0, 95.59, 96.47, 36.18, 85.18, 6.41, 17.88, 16.82, 22.76, 13.65, 44.65, 20.47, 9.24, 7.82, 14.76, 18.71, 37.29, 86.06, 5.53, 17.88, 16.35, 21.59, 14.12, 47.59, 21.76, 8.24, 4.65, 15.71, 19.59, 95.94, 93.65, 35.59, 79.29, 8.29, 24.29, 16.47, 21.29, 10.24, 39.24, 23.71, 7.82, 4.53, 11.59, 21.71, 34.35, 76.47, 5.12, 16.88, 19.82, 26.24, 11.12, 42.0, 19.76, 6.35, 4.18, 13.71, 18.53
37, 2013-01-15, Away, LAL, L, L, 6, U, 212, 0, 0, 96.18, 96.94, 36.59, 85.53, 6.47, 18.06, 16.53, 22.35, 13.76, 44.59, 20.94, 8.71, 7.76, 14.41, 19.06, 37.53, 86.41, 5.29, 17.18, 16.59, 21.82, 14.41, 47.35, 21.94, 8.12, 4.47, 15.41, 19.65, 105.76, 106.65, 38.82, 85.41, 9.29, 27.94, 18.82, 26.0, 12.29, 44.24, 23.24, 7.18, 5.65, 13.82, 18.35, 41.29, 88.35, 8.82, 23.29, 15.24, 21.29, 12.65, 44.59, 25.41, 8.35, 5.35, 13.12, 21.82
38, 2013-01-17, Away, PHO, W, W, -1, U, 197, 0, 0, 95.59, 98.06, 36.29, 85.47, 6.53, 18.71, 16.47, 22.24, 13.59, 44.24, 20.53, 8.47, 7.65, 14.53, 18.82, 38.12, 86.29, 5.71, 17.76, 16.12, 21.65, 13.94, 47.12, 22.88, 8.24, 4.53, 14.88, 19.65, 93.06, 96.65, 37.0, 83.0, 5.82, 17.76, 13.24, 18.12, 11.12, 40.94, 22.59, 6.76, 5.76, 13.12, 20.0, 37.65, 81.94, 5.29, 14.65, 16.06, 21.41, 12.35, 44.24, 20.82, 7.88, 5.0, 13.06, 16.53
39, 2013-01-19, Away, POR, W, W, 4.5, O, 196, 0, 0, 96.06, 98.53, 36.65, 86.0, 6.59, 18.76, 16.18, 21.82, 13.29, 44.71, 20.59, 7.94, 7.88, 14.59, 18.82, 38.24, 86.76, 5.41, 17.53, 16.65, 22.53, 13.65, 47.0, 22.82, 8.35, 4.53, 14.47, 19.65, 96.53, 97.53, 36.06, 83.12, 8.94, 26.41, 15.47, 19.82, 12.29, 44.35, 22.65, 6.29, 5.0, 14.29, 17.53, 38.24, 85.12, 6.59, 20.88, 14.47, 18.94, 11.53, 42.53, 24.18, 8.12, 4.0, 11.76, 18.06
40, 2013-01-22, Home, PHI, W, W, -6.5, O, 196, 1, 0, 97.53, 98.12, 37.18, 86.29, 6.53, 18.59, 16.65, 22.24, 13.06, 44.88, 21.24, 8.29, 7.82, 14.65, 18.82, 37.65, 86.71, 5.59, 18.53, 17.24, 23.0, 13.47, 46.82, 22.0, 8.24, 4.59, 14.94, 19.82, 93.53, 99.65, 38.06, 83.94, 6.71, 18.71, 10.71, 15.24, 10.12, 41.18, 23.35, 6.76, 4.59, 12.94, 17.82, 37.53, 81.41, 7.0, 20.29, 17.59, 22.53, 10.53, 44.29, 22.18, 7.88, 3.88, 13.53, 15.88
41, 2013-01-25, Away, CLE, L, L, -4, O, 202, 0, 0, 98.24, 98.65, 37.41, 85.88, 6.59, 18.71, 16.82, 22.65, 13.06, 44.94, 21.59, 8.29, 7.41, 14.47, 17.88, 38.24, 87.59, 5.94, 19.0, 16.24, 21.76, 13.53, 46.53, 22.82, 8.18, 4.59, 14.71, 19.82, 96.35, 100.53, 36.06, 84.76, 6.41, 19.24, 17.82, 22.65, 11.88, 39.88, 19.71, 8.0, 4.29, 12.47, 21.24, 37.35, 79.59, 7.47, 19.71, 18.35, 24.47, 12.0, 44.88, 23.76, 7.41, 6.35, 15.47, 20.29
42, 2013-01-26, Home, GSW, W, W, -2.5, O, 208.5, 1, 1, 99.88, 100.0, 38.18, 86.29, 7.12, 19.18, 16.41, 22.29, 13.06, 44.76, 22.94, 8.06, 7.47, 14.53, 17.94, 38.76, 87.47, 6.12, 19.41, 16.35, 21.94, 13.0, 45.82, 22.88, 8.12, 4.53, 14.71, 19.82, 101.35, 101.18, 37.53, 81.71, 8.65, 20.53, 17.65, 21.0, 9.24, 42.82, 22.76, 7.0, 4.59, 15.0, 21.12, 38.18, 86.88, 7.82, 24.18, 17.0, 23.59, 12.06, 43.76, 24.06, 8.82, 4.24, 12.29, 18.47
43, 2013-01-29, Away, DET, W, W, -1.5, O, 199.5, 0, 0, 100.47, 100.47, 38.47, 87.35, 7.59, 20.0, 15.94, 21.35, 13.47, 44.82, 23.06, 8.0, 7.71, 14.0, 17.94, 38.94, 87.41, 6.59, 19.65, 16.0, 21.41, 13.0, 46.18, 23.0, 7.65, 4.47, 14.76, 20.0, 97.59, 94.94, 38.06, 82.53, 7.47, 19.12, 14.0, 20.88, 13.94, 46.06, 20.65, 6.76, 5.94, 14.82, 19.0, 35.88, 81.06, 6.76, 21.24, 16.41, 21.59, 11.18, 40.82, 21.53, 8.24, 4.59, 13.06, 20.35
44, 2013-01-30, Home, CHI, L, L, -1.5, O, 190.5, 0, 1, 102.53, 100.24, 39.35, 88.47, 8.0, 20.18, 15.82, 21.29, 14.18, 45.24, 23.71, 8.47, 7.76, 13.76, 18.29, 38.71, 87.18, 6.41, 19.29, 16.41, 22.12, 13.59, 46.35, 23.12, 7.65, 4.53, 15.24, 19.65, 94.0, 89.12, 35.71, 82.18, 5.35, 14.24, 17.24, 23.47, 13.53, 45.88, 23.18, 6.88, 6.29, 13.53, 21.29, 33.47, 80.35, 5.06, 15.06, 17.12, 23.59, 11.71, 42.18, 17.06, 6.59, 5.88, 13.24, 21.35
45, 2013-02-01, Away, NYK, L, L, 5, U, 205, 0, 0, 101.35, 100.88, 39.0, 88.35, 7.76, 20.0, 15.59, 21.29, 14.24, 44.76, 23.29, 7.94, 7.88, 13.76, 18.24, 39.35, 87.35, 6.41, 18.82, 15.76, 21.47, 13.59, 46.47, 23.71, 7.71, 4.41, 15.0, 19.88, 97.29, 95.59, 36.18, 82.12, 9.88, 27.82, 15.06, 20.18, 11.41, 41.47, 19.88, 7.47, 4.0, 11.65, 19.94, 36.0, 77.76, 7.59, 22.76, 16.0, 21.12, 9.24, 40.41, 20.35, 6.41, 3.53, 13.53, 19.41
46, 2013-02-02, Home, ORL, W, L, -10.5, O, 200, 1, 1, 100.29, 101.53, 38.59, 87.47, 7.76, 19.94, 15.35, 21.29, 14.12, 44.47, 22.65, 7.35, 7.59, 14.24, 18.41, 39.29, 87.35, 6.94, 20.12, 16.0, 21.59, 13.65, 46.41, 23.65, 7.82, 4.35, 14.71, 19.76, 97.88, 106.76, 38.71, 84.47, 8.29, 23.18, 12.18, 15.41, 10.41, 40.53, 23.35, 6.0, 3.88, 12.65, 18.24, 41.65, 84.24, 7.82, 20.53, 15.65, 20.65, 10.47, 41.71, 26.41, 6.71, 4.82, 10.24, 16.0
47, 2013-02-05, Away, DEN, L, L, 7, O, 213, 0, 0, 101.06, 101.65, 38.94, 88.24, 7.71, 20.0, 15.47, 21.47, 14.35, 45.0, 23.06, 7.29, 7.82, 14.47, 18.29, 39.41, 88.06, 6.88, 20.18, 15.94, 22.0, 13.88, 46.71, 24.59, 8.06, 4.35, 14.76, 20.0, 106.18, 100.71, 40.29, 85.12, 6.76, 20.06, 18.82, 27.41, 12.59, 43.24, 24.94, 9.71, 6.0, 14.24, 21.0, 37.94, 82.88, 8.18, 23.71, 16.65, 23.24, 11.76, 42.18, 21.94, 7.94, 6.82, 17.12, 22.88
48, 2013-02-06, Away, UTA, L, L, 5.5, U, 199.5, 0, 1, 100.71, 101.35, 39.24, 88.94, 7.59, 19.94, 14.65, 20.71, 14.29, 44.82, 23.24, 7.41, 7.94, 14.47, 19.0, 39.06, 88.18, 6.65, 20.12, 16.59, 22.82, 14.35, 47.47, 24.24, 8.12, 4.88, 15.29, 19.76, 97.12, 97.18, 37.24, 80.47, 5.76, 15.47, 16.88, 22.29, 10.24, 40.12, 23.88, 9.24, 6.0, 13.18, 21.0, 37.06, 79.53, 6.88, 19.0, 16.18, 22.59, 10.65, 40.88, 21.47, 7.12, 6.24, 14.29, 20.76
49, 2013-02-09, Home, DET, L, L, -7.5, U, 205.5, 1, 0, 99.82, 100.47, 38.65, 88.65, 7.59, 20.24, 14.94, 21.06, 13.82, 44.12, 22.76, 7.53, 8.06, 13.94, 19.0, 38.71, 88.06, 6.18, 18.76, 16.88, 23.24, 14.88, 48.35, 23.82, 7.88, 5.41, 15.29, 19.94, 95.41, 97.59, 37.71, 82.94, 5.65, 17.35, 14.35, 22.41, 13.47, 44.47, 21.24, 7.76, 6.59, 14.41, 19.29, 36.71, 82.24, 7.06, 19.94, 17.12, 22.18, 12.29, 43.06, 21.88, 8.53, 4.88, 13.82, 20.59
50, 2013-02-11, Home, WAS, L, L, -4.5, U, 199.5, 0, 0, 101.0, 101.06, 38.82, 88.88, 7.71, 20.18, 15.65, 21.65, 13.76, 44.29, 22.82, 7.82, 7.88, 13.94, 19.0, 38.76, 87.53, 6.47, 18.59, 17.06, 23.18, 14.24, 47.59, 24.18, 8.24, 5.18, 15.76, 20.06, 95.65, 91.76, 37.41, 81.71, 6.94, 16.88, 13.88, 19.35, 9.88, 42.88, 23.18, 7.59, 4.65, 15.0, 20.06, 35.59, 82.59, 5.35, 18.0, 15.24, 21.47, 10.82, 43.41, 21.76, 8.12, 4.53, 14.12, 17.88
51, 2013-02-13, Home, PHI, W, L, -6, U, 194, 0, 0, 99.94, 101.24, 38.47, 89.12, 7.47, 20.53, 15.53, 21.82, 13.71, 44.12, 22.71, 8.24, 7.59, 13.82, 18.94, 39.06, 86.59, 6.47, 18.12, 16.65, 22.65, 13.71, 47.41, 24.65, 8.29, 5.12, 15.94, 19.71, 90.29, 94.59, 37.88, 84.35, 5.35, 16.06, 9.18, 13.24, 10.12, 41.0, 23.65, 6.47, 4.59, 13.18, 17.47, 36.06, 80.59, 6.12, 18.94, 16.35, 21.35, 11.06, 44.65, 22.82, 7.94, 3.88, 14.0, 14.59
52, 2013-02-19, Away, BRK, L, W, 5, O, 193.5, 0, 0, 99.35, 101.0, 38.35, 89.35, 7.12, 20.29, 15.53, 21.82, 14.0, 43.71, 22.71, 8.12, 7.29, 13.65, 19.12, 38.76, 85.47, 6.47, 18.29, 17.0, 22.88, 13.41, 47.18, 24.35, 8.06, 5.24, 15.88, 19.94, 92.94, 95.47, 33.88, 77.88, 7.65, 20.94, 17.53, 23.94, 12.29, 42.53, 18.94, 6.59, 4.59, 14.24, 17.65, 38.41, 82.35, 6.76, 18.59, 11.88, 16.41, 10.47, 39.06, 22.76, 7.65, 4.24, 11.82, 20.41
53, 2013-02-20, Home, BRK, L, L, -4.5, U, 194.5, 1, 1, 100.76, 101.59, 38.94, 89.65, 7.47, 20.53, 15.41, 21.76, 13.94, 43.41, 23.12, 8.0, 7.18, 13.41, 19.24, 39.0, 85.53, 6.59, 18.12, 17.0, 22.76, 13.59, 47.06, 24.41, 7.94, 5.0, 16.06, 20.18, 93.88, 96.94, 34.47, 78.47, 7.88, 21.24, 17.06, 23.47, 12.35, 42.65, 19.29, 6.71, 4.65, 14.47, 17.76, 39.06, 83.12, 6.82, 18.35, 12.0, 16.76, 10.65, 39.29, 23.06, 7.41, 4.29, 11.76, 20.41
54, 2013-02-23, Home, ATL, L, L, -4.5, P, 205, 1, 0, 100.0, 101.65, 38.65, 89.53, 7.35, 20.24, 15.35, 22.24, 13.88, 44.35, 22.71, 8.0, 7.35, 13.71, 19.18, 38.88, 85.53, 6.94, 18.88, 16.94, 22.71, 13.12, 47.24, 24.29, 8.12, 5.24, 15.82, 20.29, 99.06, 98.76, 38.0, 79.88, 9.18, 23.76, 13.88, 20.0, 9.12, 41.71, 26.53, 6.59, 4.53, 15.18, 20.0, 36.82, 82.41, 8.06, 20.0, 17.06, 22.35, 10.47, 41.71, 22.24, 7.82, 4.35, 13.59, 19.12
55, 2013-02-26, Away, DAL, W, W, 5.5, U, 212.5, 0, 0, 100.82, 101.59, 39.06, 89.18, 7.18, 19.29, 15.53, 22.12, 13.65, 44.59, 23.47, 8.24, 7.24, 14.06, 19.18, 38.71, 85.94, 7.18, 18.82, 17.0, 22.47, 13.24, 46.94, 24.12, 8.41, 5.06, 16.0, 20.06, 107.06, 102.29, 40.41, 86.24, 7.88, 19.88, 18.35, 22.53, 10.0, 44.0, 25.41, 8.47, 5.82, 12.0, 20.12, 37.12, 84.29, 7.53, 21.29, 20.53, 26.24, 11.18, 46.0, 21.29, 7.06, 3.53, 14.06, 19.12
56, 2013-02-27, Away, HOU, W, W, 8.5, U, 220, 0, 1, 100.65, 101.35, 38.76, 88.59, 7.24, 19.41, 15.88, 22.47, 13.35, 43.88, 23.35, 8.41, 6.65, 13.71, 19.29, 38.82, 85.71, 7.0, 19.0, 16.71, 22.0, 13.59, 47.65, 24.12, 8.06, 5.06, 16.18, 20.0, 109.24, 102.82, 39.65, 82.94, 11.88, 30.29, 18.06, 23.53, 11.59, 43.18, 24.88, 7.76, 4.29, 15.18, 22.29, 37.47, 81.94, 8.12, 22.41, 19.76, 24.94, 10.47, 39.41, 21.88, 7.06, 6.65, 14.0, 20.24
57, 2013-03-02, Home, TOR, W, W, -6.5, O, 199.5, 1, 0, 100.65, 101.53, 39.0, 88.65, 7.41, 19.76, 15.24, 21.76, 13.29, 43.88, 23.41, 8.29, 6.76, 13.88, 19.35, 39.29, 86.18, 6.94, 18.71, 16.0, 21.59, 13.88, 47.71, 24.53, 8.24, 4.88, 16.06, 19.71, 94.41, 95.06, 34.76, 79.88, 6.24, 18.18, 18.65, 23.12, 10.82, 39.53, 19.65, 7.24, 5.29, 13.35, 22.41, 34.76, 77.47, 6.47, 17.47, 19.06, 24.94, 11.0, 42.12, 19.47, 6.82, 5.06, 14.76, 20.41
58, 2013-03-04, Home, UTA, W, L, -4.5, O, 199.5, 0, 0, 101.35, 102.24, 39.29, 89.41, 7.29, 19.65, 15.47, 21.59, 13.35, 44.47, 23.88, 8.18, 6.88, 14.0, 19.76, 39.53, 86.47, 6.94, 19.06, 16.24, 21.88, 13.53, 47.47, 24.47, 8.41, 4.88, 16.06, 19.94, 98.47, 99.0, 37.65, 81.29, 4.94, 15.0, 18.24, 23.82, 11.94, 41.53, 22.24, 8.24, 6.76, 14.35, 21.06, 37.35, 80.88, 7.18, 20.12, 17.12, 23.24, 11.41, 40.35, 20.35, 8.24, 5.35, 13.94, 20.82
59, 2013-03-06, Away, LAC, L, L, 9.5, O, 205, 0, 0, 101.41, 101.94, 39.41, 89.59, 7.06, 19.41, 15.53, 21.59, 13.41, 44.53, 23.59, 8.59, 7.12, 14.0, 19.94, 39.24, 87.24, 6.82, 18.94, 16.65, 22.41, 14.41, 48.35, 23.94, 8.65, 4.71, 16.35, 19.94, 99.12, 95.24, 38.06, 78.88, 7.65, 20.94, 15.35, 22.18, 11.12, 40.88, 23.24, 9.18, 5.06, 15.65, 21.24, 35.0, 77.41, 7.18, 19.53, 18.06, 24.29, 10.82, 38.29, 22.53, 8.53, 3.88, 15.76, 20.41
60, 2013-03-09, Away, GSW, W, W, 2.5, U, 210.5, 1, 0, 100.94, 102.82, 39.24, 88.29, 7.06, 19.35, 15.41, 21.29, 12.41, 43.12, 23.88, 8.53, 6.76, 14.06, 19.88, 39.71, 86.88, 6.76, 19.0, 16.65, 22.59, 14.24, 47.88, 24.41, 8.76, 5.0, 16.06, 19.35, 100.71, 106.24, 37.24, 84.24, 8.0, 20.0, 18.24, 23.41, 11.0, 45.12, 21.35, 6.59, 3.94, 15.24, 22.18, 38.65, 84.88, 9.0, 23.29, 19.94, 26.65, 10.71, 44.71, 24.65, 8.94, 5.29, 12.76, 20.71
61, 2013-03-10, Away, SAC, W, W, 1, O, 216.5, 0, 1, 100.12, 103.0, 38.76, 87.12, 7.18, 19.65, 15.41, 21.12, 11.53, 42.76, 23.94, 8.24, 6.59, 14.35, 19.82, 39.88, 86.76, 7.0, 19.24, 16.24, 22.12, 13.71, 47.65, 24.59, 8.59, 4.82, 15.88, 19.41, 105.12, 110.12, 38.41, 84.88, 8.65, 21.94, 19.65, 24.47, 11.12, 40.53, 22.94, 9.29, 3.47, 15.18, 20.88, 41.53, 83.71, 8.47, 22.59, 18.59, 23.24, 9.88, 42.71, 27.71, 8.29, 6.06, 15.0, 20.82
62, 2013-03-12, Home, DAL, L, L, -2.5, O, 210, 0, 0, 101.71, 103.53, 39.12, 87.41, 7.24, 19.94, 16.24, 22.24, 11.29, 42.94, 24.24, 8.41, 6.65, 13.82, 20.12, 39.82, 86.94, 7.12, 19.76, 16.76, 22.82, 13.41, 47.53, 24.35, 8.41, 4.71, 15.82, 19.59, 102.65, 100.0, 39.24, 84.18, 8.47, 21.76, 15.71, 20.29, 9.53, 43.24, 24.41, 8.29, 6.41, 13.24, 20.41, 36.41, 83.41, 7.59, 22.06, 19.59, 25.65, 10.53, 45.0, 21.47, 7.71, 3.0, 13.06, 19.65
63, 2013-03-13, Away, WAS, L, L, -1.5, O, 195, 1, 1, 103.0, 104.65, 39.71, 87.76, 7.24, 20.0, 16.35, 22.24, 11.0, 43.06, 24.94, 8.47, 6.82, 13.59, 20.12, 40.35, 87.29, 7.0, 19.41, 16.94, 22.88, 12.76, 47.0, 24.71, 8.41, 4.76, 15.47, 19.82, 93.82, 93.0, 35.65, 78.88, 6.71, 16.53, 15.82, 21.35, 10.06, 43.41, 22.71, 6.94, 4.76, 15.35, 21.18, 34.24, 80.59, 7.35, 22.06, 17.18, 23.53, 10.24, 42.24, 20.53, 8.35, 3.76, 13.82, 18.82
64, 2013-03-15, Home, MIA, L, L, 5.5, U, 202, 0, 0, 102.18, 105.12, 39.53, 87.47, 7.06, 19.65, 16.06, 21.76, 10.82, 43.18, 24.76, 8.59, 6.53, 13.47, 20.47, 40.47, 86.82, 7.18, 19.24, 17.0, 23.0, 12.35, 46.76, 24.29, 8.35, 4.47, 15.24, 19.82, 105.41, 93.59, 39.47, 77.82, 8.18, 20.76, 18.29, 23.35, 8.35, 37.71, 23.35, 10.29, 5.24, 12.71, 18.24, 35.29, 77.65, 7.18, 20.82, 15.82, 19.82, 9.24, 36.65, 21.65, 8.12, 3.18, 16.35, 21.0
65, 2013-03-17, Home, ORL, W, L, -9, O, 208.5, 0, 0, 101.59, 104.82, 38.65, 86.82, 7.41, 20.18, 16.88, 22.35, 11.24, 43.41, 24.24, 8.59, 6.12, 13.12, 19.76, 40.53, 86.12, 7.29, 19.18, 16.47, 22.12, 11.88, 46.06, 24.18, 8.24, 4.06, 14.88, 19.47, 96.24, 106.82, 38.76, 84.35, 6.06, 19.94, 12.65, 16.76, 10.18, 40.53, 23.88, 6.41, 3.94, 14.12, 21.71, 39.47, 81.41, 8.53, 22.47, 19.35, 26.35, 10.0, 42.0, 26.18, 7.18, 4.88, 11.94, 16.82
66, 2013-03-19, Home, POR, W, W, -5.5, U, 207, 1, 0, 103.29, 105.35, 39.29, 87.29, 7.76, 20.65, 16.94, 22.18, 11.47, 43.94, 24.82, 8.24, 5.76, 13.0, 19.29, 41.0, 86.82, 7.29, 19.82, 16.06, 21.47, 11.53, 45.71, 24.06, 8.29, 3.59, 14.47, 19.35, 102.47, 102.47, 38.94, 82.29, 8.35, 22.41, 16.24, 20.18, 9.94, 40.35, 23.24, 5.76, 4.47, 13.18, 17.76, 41.12, 84.29, 5.12, 16.0, 15.12, 21.18, 12.12, 42.47, 24.12, 7.82, 4.71, 11.24, 18.71
67, 2013-03-20, Away, ATL, L, L, 6, U, 205.5, 0, 1, 103.41, 104.76, 39.76, 87.35, 7.88, 20.76, 16.0, 21.29, 11.65, 44.0, 25.41, 8.0, 5.82, 12.88, 19.18, 40.71, 86.82, 7.59, 20.35, 15.76, 21.12, 11.65, 45.35, 24.0, 8.0, 3.53, 14.29, 19.0, 100.18, 98.71, 39.0, 81.94, 8.88, 24.24, 13.29, 18.41, 8.82, 41.12, 26.65, 7.94, 4.29, 14.18, 18.12, 38.47, 83.76, 7.12, 19.47, 14.65, 19.59, 10.82, 43.88, 22.88, 8.41, 2.65, 15.0, 17.88
68, 2013-03-22, Away, IND, L, L, 8, U, 190.5, 0, 0, 103.41, 104.53, 39.82, 87.59, 8.06, 20.53, 15.71, 20.65, 11.59, 44.18, 25.24, 7.65, 6.0, 12.94, 19.18, 40.47, 87.12, 7.82, 20.71, 15.76, 21.12, 11.76, 45.35, 23.82, 8.0, 3.65, 14.12, 18.94, 99.24, 88.53, 36.29, 82.12, 8.0, 21.53, 18.65, 24.41, 13.29, 48.24, 21.59, 7.59, 6.53, 14.53, 21.76, 32.41, 80.35, 5.82, 18.0, 17.88, 24.29, 10.71, 40.41, 17.71, 8.06, 6.18, 13.65, 23.29
69, 2013-03-24, Home, ATL, L, L, -2.5, O, 202.5, 0, 0, 102.47, 105.12, 39.47, 88.35, 8.0, 20.59, 15.53, 20.71, 11.94, 44.82, 25.0, 7.35, 5.76, 12.65, 19.18, 40.71, 87.29, 7.76, 20.65, 15.94, 21.47, 11.76, 46.24, 24.12, 8.06, 4.06, 14.12, 18.82, 99.76, 99.59, 38.88, 81.82, 8.76, 23.18, 13.24, 18.06, 8.41, 40.65, 26.24, 8.12, 4.71, 14.12, 17.94, 38.88, 85.29, 7.41, 19.47, 14.41, 19.18, 11.65, 45.06, 22.94, 8.24, 3.06, 14.59, 17.71
70, 2013-03-27, Away, PHI, L, L, -1, U, 199, 0, 0, 101.76, 104.59, 39.24, 88.12, 7.88, 20.65, 15.41, 20.71, 12.35, 45.24, 25.18, 7.47, 5.47, 13.06, 18.94, 40.47, 86.53, 7.76, 21.06, 15.88, 21.35, 11.18, 45.53, 24.29, 8.24, 4.06, 14.0, 18.53, 94.71, 99.53, 38.0, 84.24, 6.47, 16.94, 12.24, 17.0, 10.94, 41.06, 24.65, 8.18, 4.71, 13.41, 18.29, 38.29, 81.29, 7.76, 20.24, 15.18, 19.65, 10.76, 43.0, 24.29, 6.88, 5.82, 14.65, 16.12
71, 2013-03-28, Home, LAL, W, W, 2, O, 210.5, 1, 1, 101.65, 104.76, 39.35, 88.94, 7.88, 21.24, 15.06, 19.65, 12.76, 45.0, 24.94, 7.71, 5.12, 12.88, 18.06, 40.94, 86.76, 7.71, 20.47, 15.18, 20.35, 11.47, 45.82, 24.59, 7.94, 3.88, 14.24, 18.0, 103.94, 103.18, 37.53, 81.41, 9.94, 25.76, 18.94, 28.41, 10.82, 44.94, 21.53, 6.88, 4.47, 14.47, 16.94, 41.18, 89.76, 8.18, 22.47, 12.65, 17.35, 11.0, 44.35, 23.47, 8.29, 4.76, 12.24, 23.24
72, 2013-03-30, Home, OKC, L, L, 6, O, 206, 1, 0, 102.29, 104.76, 39.59, 89.18, 8.06, 21.65, 15.06, 19.76, 12.65, 44.12, 24.59, 7.94, 5.24, 12.59, 18.71, 40.65, 85.94, 7.18, 20.0, 16.29, 21.82, 11.53, 45.76, 24.12, 7.76, 4.0, 14.65, 18.24, 104.12, 94.65, 37.0, 78.18, 6.12, 18.53, 24.0, 29.59, 10.59, 44.94, 19.65, 8.0, 7.53, 14.18, 20.35, 35.06, 84.65, 7.18, 21.53, 17.35, 21.88, 11.88, 40.24, 18.65, 8.29, 3.47, 14.24, 22.12
73, 2013-04-01, Home, CHA, W, W, -12, O, 205.5, 0, 0, 102.53, 105.88, 39.76, 90.12, 8.35, 22.29, 14.65, 19.12, 13.29, 44.47, 24.71, 7.76, 5.29, 12.41, 18.71, 40.88, 85.35, 7.35, 19.94, 16.76, 22.47, 11.18, 45.29, 24.35, 7.76, 4.47, 14.24, 18.18, 92.18, 104.12, 34.29, 80.53, 5.71, 18.59, 17.88, 24.24, 10.29, 36.71, 19.88, 7.76, 4.47, 12.06, 19.06, 38.71, 77.06, 8.76, 20.53, 17.94, 23.65, 10.47, 43.76, 24.94, 6.76, 6.59, 14.88, 21.24
74, 2013-04-03, Home, MIN, L, L, -4.5, U, 208.5, 0, 0, 103.76, 105.59, 40.24, 90.76, 8.65, 22.47, 14.65, 18.94, 13.59, 44.59, 25.0, 7.59, 5.06, 12.0, 18.59, 40.59, 84.41, 7.29, 19.71, 17.12, 22.65, 10.65, 44.41, 23.88, 7.53, 4.71, 14.41, 18.18, 96.24, 97.65, 37.0, 81.94, 5.53, 18.06, 16.71, 22.53, 10.35, 39.47, 22.88, 8.24, 4.35, 13.76, 19.0, 37.88, 80.41, 7.18, 20.12, 14.71, 20.18, 11.12, 44.12, 22.06, 7.82, 5.29, 16.41, 22.12
75, 2013-04-05, Away, NYK, L, L, 7, U, 201.5, 0, 0, 102.35, 105.18, 40.0, 91.0, 8.82, 23.0, 13.53, 17.71, 14.0, 44.41, 24.24, 7.71, 5.18, 12.29, 18.29, 40.47, 83.47, 7.29, 19.18, 16.94, 22.53, 10.65, 44.41, 24.18, 7.71, 4.71, 14.53, 17.53, 97.06, 92.18, 35.35, 76.88, 10.35, 26.82, 16.0, 21.24, 9.76, 37.82, 17.76, 9.0, 3.12, 12.47, 22.41, 33.47, 74.06, 8.0, 23.12, 17.24, 23.76, 10.65, 40.76, 17.94, 6.88, 4.06, 15.76, 19.24
76, 2013-04-06, Home, TOR, W, W, -6, U, 202.5, 1, 1, 100.82, 104.76, 39.06, 89.88, 8.94, 23.35, 13.76, 18.0, 13.76, 44.29, 23.47, 7.24, 4.71, 12.06, 17.88, 40.53, 82.88, 7.76, 20.53, 15.94, 21.18, 10.0, 43.88, 24.12, 7.24, 4.71, 13.82, 17.59, 97.41, 101.35, 37.53, 82.35, 5.88, 19.41, 16.47, 20.65, 10.88, 41.47, 20.53, 7.06, 4.94, 15.06, 22.47, 36.76, 78.76, 7.47, 19.71, 20.35, 28.06, 9.82, 39.88, 23.35, 8.35, 3.71, 13.24, 20.59
77, 2013-04-09, Away, MIA, L, L, 6.5, U, 197.5, 0, 0, 100.76, 102.76, 38.94, 89.71, 8.53, 22.76, 14.35, 18.82, 14.0, 44.65, 23.35, 7.53, 5.35, 12.18, 18.35, 39.53, 82.65, 7.24, 19.41, 16.47, 21.71, 9.94, 43.47, 23.24, 7.18, 4.41, 14.18, 17.94, 101.12, 90.94, 37.06, 74.0, 9.76, 22.76, 17.24, 23.12, 7.59, 36.94, 24.29, 9.06, 5.94, 13.41, 16.12, 34.82, 80.94, 7.29, 21.94, 14.0, 18.41, 12.71, 40.88, 19.41, 8.35, 3.12, 15.18, 20.12
78, 2013-04-10, Away, ORL, L, L, -4.5, O, 202, 0, 1, 99.59, 102.82, 38.65, 89.53, 8.29, 22.59, 14.0, 18.53, 13.94, 44.35, 22.76, 7.82, 5.18, 12.41, 18.06, 39.59, 83.0, 7.35, 20.59, 16.29, 21.12, 10.06, 43.59, 23.29, 7.65, 4.53, 14.18, 17.47, 93.65, 102.18, 37.35, 87.47, 5.88, 19.06, 13.06, 17.29, 11.59, 43.35, 20.53, 8.12, 5.29, 13.29, 21.24, 37.24, 82.71, 8.12, 22.71, 19.59, 26.24, 11.65, 46.06, 22.71, 6.94, 5.82, 12.82, 16.0
79, 2013-04-12, Away, ATL, L, W, 7.5, O, 203.5, 0, 0, 98.88, 102.82, 38.59, 90.35, 8.35, 23.12, 13.35, 17.82, 14.18, 45.06, 23.0, 7.88, 5.35, 12.59, 17.59, 40.0, 83.88, 7.47, 20.18, 15.35, 20.12, 10.53, 44.71, 23.53, 7.59, 4.53, 14.53, 17.12, 99.82, 98.88, 38.12, 80.06, 7.82, 21.59, 15.76, 21.35, 8.29, 40.41, 24.94, 8.59, 3.41, 13.88, 17.65, 38.71, 84.94, 6.88, 19.59, 14.59, 19.82, 12.24, 45.29, 21.82, 7.76, 3.71, 14.24, 19.06
80, 2013-04-13, Away, CHA, L, L, -4.5, U, 204.5, 1, 1, 98.65, 102.47, 38.29, 90.53, 8.88, 23.82, 13.18, 17.76, 14.53, 45.41, 22.82, 8.24, 5.24, 13.12, 17.41, 40.12, 84.06, 7.18, 19.65, 15.06, 20.0, 10.82, 45.0, 23.71, 8.12, 4.53, 15.0, 16.76, 93.41, 101.47, 34.29, 79.06, 5.82, 18.59, 19.0, 25.0, 11.06, 39.41, 18.82, 8.0, 4.88, 13.71, 18.53, 37.88, 79.06, 7.82, 19.47, 17.88, 23.0, 10.82, 41.53, 23.53, 7.18, 5.35, 13.71, 21.0
81, 2013-04-15, Home, DEN, L, W, 5.5, O, 214.5, 1, 0, 98.18, 101.82, 38.0, 90.65, 9.06, 24.47, 13.12, 17.76, 14.41, 44.94, 22.82, 8.12, 5.18, 13.0, 17.29, 39.76, 83.71, 6.94, 19.24, 15.35, 20.0, 10.71, 45.24, 23.59, 8.0, 4.82, 15.06, 16.82, 106.53, 98.59, 40.41, 84.18, 5.82, 17.0, 19.88, 27.06, 13.06, 44.12, 23.82, 10.35, 6.06, 14.71, 19.71, 37.82, 84.47, 7.82, 22.24, 15.12, 21.18, 12.29, 41.12, 24.41, 7.41, 7.24, 16.24, 21.53
82, 2013-04-17, Away, OKC, W, W, 3.5, U, 201.5, 0, 0, 99.18, 102.12, 38.53, 91.29, 9.24, 25.06, 12.88, 17.88, 14.35, 44.71, 23.24, 8.35, 5.29, 13.06, 17.76, 39.53, 84.06, 6.88, 19.18, 16.18, 21.41, 11.29, 46.24, 23.41, 7.88, 4.82, 15.41, 17.47, 103.82, 94.0, 37.82, 79.06, 6.35, 18.65, 21.82, 26.82, 10.71, 45.71, 19.82, 8.0, 8.24, 13.94, 20.24, 35.29, 86.0, 7.06, 21.71, 16.35, 21.24, 12.0, 41.12, 18.88, 8.29, 3.29, 13.18, 20.0
