11, 2012-11-21, Away, OKC, L, L, 3.5, O, 198, 0, 0, 101.5, 92.6, 38.2, 77.6, 6.2, 17.7, 18.9, 24.7, 9.6, 40.6, 22.0, 9.9, 7.3, 16.2, 23.6, 33.4, 79.8, 6.8, 19.8, 19.0, 26.8, 12.8, 39.7, 20.5, 8.5, 4.5, 17.0, 20.9, 103.5, 96.1, 36.5, 74.0, 7.7, 17.6, 22.8, 27.1, 7.8, 40.7, 22.8, 7.0, 7.8, 16.0, 21.0, 36.1, 84.6, 6.7, 20.0, 17.2, 22.3, 11.7, 39.0, 20.8, 8.1, 2.8, 12.8, 21.5
12, 2012-11-23, Away, BRK, L, L, -3, U, 194.5, 0, 0, 102.5, 95.1, 38.4, 79.5, 6.4, 18.2, 19.3, 25.1, 10.5, 41.2, 21.4, 10.3, 6.9, 15.4, 23.6, 33.7, 79.1, 7.7, 20.7, 20.0, 27.7, 12.3, 39.7, 20.1, 8.3, 4.6, 17.1, 20.8, 96.3, 93.7, 35.8, 79.6, 6.9, 21.3, 17.8, 24.2, 12.2, 41.3, 21.5, 6.8, 5.6, 13.0, 18.2, 36.6, 79.1, 5.8, 16.7, 14.7, 20.8, 11.5, 40.6, 21.2, 6.6, 4.0, 13.4, 22.0
13, 2012-11-24, Away, ATL, L, L, -2, O, 188.5, 1, 1, 99.6, 94.2, 37.5, 78.3, 6.0, 17.7, 18.6, 24.6, 11.3, 42.0, 20.5, 9.9, 7.2, 16.1, 23.2, 33.7, 79.6, 7.5, 20.4, 19.3, 26.8, 12.7, 39.4, 20.5, 8.2, 4.2, 16.6, 20.7, 93.6, 90.3, 37.0, 81.5, 8.0, 22.5, 11.6, 17.9, 9.5, 40.4, 22.6, 9.0, 5.5, 15.2, 17.8, 34.5, 80.7, 6.5, 19.8, 14.8, 18.4, 10.7, 42.9, 20.5, 9.5, 5.1, 17.1, 20.3
14, 2012-11-26, Home, NOH, L, L, -13, O, 189, 1, 0, 97.9, 93.2, 37.7, 78.8, 5.8, 17.5, 16.7, 21.9, 11.3, 42.4, 20.3, 10.6, 7.0, 15.9, 22.3, 33.4, 78.7, 7.8, 20.5, 18.6, 25.5, 11.9, 38.5, 20.9, 8.0, 4.2, 17.1, 19.1, 94.1, 101.5, 34.7, 79.0, 7.5, 18.3, 17.2, 21.7, 10.7, 41.0, 21.5, 5.6, 6.1, 13.9, 19.9, 38.4, 84.2, 9.6, 24.4, 15.1, 20.1, 11.8, 41.6, 23.5, 7.3, 7.5, 11.6, 19.5
15, 2012-11-28, Home, MIN, W, L, -9, O, 194, 1, 0, 97.6, 92.9, 37.5, 79.3, 6.7, 18.7, 15.9, 21.4, 11.2, 41.8, 20.6, 11.0, 6.2, 14.8, 22.5, 33.0, 76.6, 7.9, 20.1, 19.0, 25.6, 10.8, 37.8, 20.8, 7.4, 4.3, 16.9, 19.2, 91.2, 92.2, 33.4, 79.2, 5.2, 18.9, 19.2, 26.2, 12.5, 43.8, 21.1, 8.3, 6.4, 14.4, 19.5, 35.6, 81.2, 5.6, 17.4, 15.4, 20.5, 11.1, 41.9, 18.5, 6.4, 6.2, 14.2, 22.8
16, 2012-12-01, Home, SAC, W, W, -12.5, O, 196.5, 1, 0, 97.1, 94.0, 36.6, 79.1, 6.5, 18.9, 17.4, 23.1, 11.4, 40.7, 20.4, 10.8, 6.0, 14.3, 23.1, 33.1, 77.5, 7.7, 20.0, 20.1, 26.7, 12.3, 40.1, 20.1, 7.2, 4.5, 16.7, 20.6, 95.2, 100.6, 37.3, 81.7, 6.0, 17.0, 14.6, 20.1, 10.9, 38.1, 19.4, 8.4, 3.5, 13.4, 21.6, 35.6, 77.1, 8.1, 21.6, 21.3, 26.9, 11.5, 42.3, 23.4, 7.8, 6.0, 15.1, 18.7
17, 2012-12-03, Away, UTA, W, L, -2, O, 197, 0, 0, 98.4, 93.1, 37.2, 80.0, 7.4, 20.0, 16.6, 22.2, 11.2, 40.4, 21.1, 11.1, 6.3, 13.5, 22.4, 32.8, 77.6, 7.9, 20.3, 19.6, 25.5, 12.4, 41.0, 20.5, 6.4, 4.4, 17.1, 20.3, 98.3, 99.1, 35.8, 82.6, 7.1, 18.3, 19.6, 25.4, 15.4, 43.2, 23.1, 7.7, 6.3, 14.2, 21.6, 37.3, 78.8, 6.7, 16.4, 17.8, 24.2, 11.7, 39.8, 20.4, 7.0, 5.8, 14.8, 21.0
18, 2012-12-05, Home, DAL, W, W, -8.5, O, 200.5, 0, 0, 100.0, 95.9, 37.6, 80.7, 7.3, 20.6, 17.5, 23.8, 11.7, 40.2, 20.9, 10.8, 6.0, 13.2, 21.6, 34.0, 77.8, 7.9, 19.8, 20.0, 25.4, 12.3, 41.0, 21.0, 6.7, 4.0, 16.6, 21.7, 94.7, 99.8, 35.2, 83.1, 7.2, 20.3, 17.1, 21.8, 9.7, 40.1, 21.5, 8.0, 5.9, 13.8, 21.1, 35.8, 80.4, 8.4, 20.5, 19.8, 26.3, 11.2, 46.3, 21.5, 9.4, 4.4, 15.6, 19.9
19, 2012-12-08, Home, PHO, W, W, -10, O, 200.5, 0, 0, 100.5, 94.9, 38.6, 82.5, 6.9, 20.5, 16.4, 22.7, 12.0, 41.3, 21.7, 11.5, 5.8, 13.1, 20.8, 33.9, 78.5, 7.5, 19.6, 19.6, 24.4, 12.3, 41.5, 20.8, 6.4, 4.0, 16.9, 21.0, 97.0, 100.3, 37.6, 81.4, 6.7, 18.3, 15.1, 20.1, 9.2, 38.0, 21.3, 8.9, 4.6, 14.4, 20.9, 37.4, 80.1, 7.7, 18.8, 17.8, 23.7, 10.3, 40.8, 20.6, 8.0, 4.6, 15.0, 20.2
20, 2012-12-09, Home, TOR, W, W, -10.5, U, 201.5, 0, 1, 102.1, 96.8, 39.7, 84.3, 7.1, 21.2, 15.6, 22.1, 12.7, 41.3, 22.6, 11.7, 5.3, 13.0, 20.4, 34.5, 77.4, 8.2, 20.6, 19.6, 24.2, 11.1, 40.7, 21.4, 6.3, 4.2, 17.4, 21.2, 98.4, 107.4, 36.6, 84.5, 6.8, 21.0, 18.4, 23.4, 10.6, 41.3, 20.9, 5.7, 6.3, 13.6, 23.8, 39.8, 85.0, 7.6, 19.6, 20.2, 27.2, 11.6, 45.2, 24.8, 7.4, 6.4, 12.8, 20.2
21, 2012-12-11, Away, CHI, W, W, -3, U, 188.5, 0, 0, 103.1, 96.4, 39.3, 83.7, 7.6, 21.9, 16.9, 23.6, 12.5, 40.6, 23.4, 12.1, 5.2, 12.2, 20.1, 34.6, 76.9, 8.6, 21.2, 18.6, 23.1, 10.9, 40.4, 22.0, 5.9, 4.4, 17.5, 21.5, 93.4, 89.4, 35.3, 78.7, 4.5, 13.0, 18.3, 22.2, 12.4, 45.0, 21.6, 6.8, 5.3, 15.7, 20.1, 33.5, 80.8, 5.2, 16.6, 17.2, 22.9, 11.4, 37.7, 16.8, 8.4, 5.3, 13.0, 19.2
22, 2012-12-12, Away, CHA, W, L, -8, U, 200.5, 0, 1, 101.4, 93.6, 39.0, 82.4, 7.3, 21.0, 16.1, 22.6, 11.9, 40.3, 23.4, 11.6, 5.2, 12.3, 18.9, 34.5, 77.7, 8.5, 20.9, 16.1, 20.4, 11.5, 41.0, 22.6, 5.5, 4.3, 17.2, 20.9, 95.8, 108.1, 34.1, 81.8, 8.4, 21.0, 19.2, 25.7, 9.9, 40.4, 20.3, 7.7, 6.4, 13.1, 19.0, 40.4, 87.7, 10.8, 26.9, 16.5, 21.0, 13.1, 46.5, 27.2, 7.2, 8.0, 13.1, 20.6
23, 2012-12-15, Away, MIL, W, W, -5, O, 195, 1, 0, 103.8, 94.4, 39.8, 83.7, 7.8, 21.6, 16.4, 22.9, 11.9, 40.6, 24.5, 11.4, 5.6, 11.6, 18.3, 34.6, 78.6, 8.5, 21.2, 16.7, 20.9, 11.6, 41.9, 22.5, 5.3, 4.5, 16.9, 21.1, 93.0, 94.1, 34.9, 83.3, 5.4, 15.2, 17.8, 24.1, 13.8, 43.2, 21.5, 8.7, 8.3, 13.5, 18.3, 35.3, 81.6, 6.3, 17.8, 17.2, 21.7, 13.3, 45.2, 21.1, 8.2, 4.9, 15.7, 20.1
24, 2012-12-17, Away, DET, W, W, -6.5, U, 192, 0, 0, 105.6, 92.5, 41.0, 84.4, 7.5, 20.8, 16.1, 22.8, 12.3, 41.8, 25.9, 11.1, 5.6, 11.3, 18.3, 33.8, 79.4, 8.5, 21.6, 16.4, 20.8, 12.2, 42.0, 21.4, 5.4, 4.8, 16.4, 21.5, 92.2, 97.0, 33.8, 80.9, 5.4, 16.5, 19.2, 25.7, 12.8, 44.0, 18.0, 6.0, 5.9, 13.2, 20.3, 37.8, 84.8, 6.5, 20.0, 14.9, 20.7, 12.1, 43.0, 22.3, 7.8, 7.4, 11.2, 21.8
25, 2012-12-19, Home, NOH, W, W, -13.5, U, 190, 1, 0, 104.6, 89.6, 40.8, 84.3, 6.2, 19.3, 16.8, 23.4, 12.7, 42.8, 25.2, 10.9, 5.6, 11.0, 17.2, 33.1, 79.4, 7.7, 21.1, 15.7, 20.4, 12.3, 41.8, 20.6, 5.2, 5.2, 16.4, 21.3, 89.7, 96.6, 35.1, 79.7, 7.8, 19.8, 11.7, 15.2, 11.0, 39.2, 21.1, 7.0, 5.1, 13.1, 20.7, 35.8, 77.5, 7.7, 18.9, 17.3, 22.6, 11.4, 42.2, 22.3, 8.5, 6.9, 13.1, 16.3
26, 2012-12-21, Home, SAC, W, L, -13.5, U, 202, 0, 0, 103.8, 87.8, 40.8, 83.6, 6.2, 19.4, 16.0, 22.7, 12.5, 43.0, 25.2, 10.6, 5.7, 11.2, 16.8, 32.9, 78.7, 7.3, 20.8, 14.7, 19.1, 11.6, 40.8, 20.3, 5.0, 5.1, 16.6, 20.6, 98.0, 105.8, 34.6, 82.8, 7.0, 19.9, 21.8, 27.0, 12.6, 43.7, 19.0, 6.9, 4.8, 14.4, 18.1, 40.2, 85.5, 8.1, 20.7, 17.3, 21.9, 11.8, 44.1, 23.9, 7.1, 6.4, 11.5, 21.0
27, 2012-12-23, Away, PHO, W, W, -6.5, U, 195.5, 1, 0, 101.9, 88.2, 39.8, 83.7, 5.7, 19.3, 16.6, 23.5, 13.3, 44.2, 24.9, 10.7, 6.4, 12.6, 17.0, 33.3, 79.0, 7.2, 20.7, 14.4, 18.9, 11.4, 40.0, 19.8, 5.5, 5.7, 16.5, 21.2, 97.6, 98.0, 38.3, 83.4, 7.7, 20.6, 13.3, 17.4, 10.6, 37.5, 23.7, 8.0, 5.1, 12.8, 19.6, 37.8, 81.6, 5.3, 16.2, 17.1, 22.1, 13.7, 44.7, 20.3, 7.8, 5.3, 15.3, 16.3
28, 2012-12-25, Home, DEN, W, W, -6.5, O, 204.5, 0, 0, 101.7, 85.5, 39.4, 81.9, 6.4, 19.3, 16.5, 24.0, 12.5, 45.0, 25.6, 11.0, 6.8, 13.2, 17.5, 32.0, 79.6, 6.6, 20.4, 14.9, 19.8, 11.7, 40.0, 19.1, 5.9, 5.4, 16.2, 20.7, 104.4, 99.7, 40.0, 83.1, 5.3, 17.3, 19.1, 26.8, 11.1, 44.6, 23.8, 8.0, 7.4, 13.8, 21.5, 35.9, 88.4, 8.1, 23.7, 19.8, 26.0, 14.2, 44.1, 22.8, 8.7, 7.1, 13.1, 22.2
29, 2012-12-27, Home, BOS, W, W, -9, U, 189.5, 0, 0, 101.7, 86.5, 39.4, 82.2, 6.9, 19.8, 16.0, 23.8, 12.9, 44.6, 25.5, 10.4, 6.8, 13.0, 17.9, 32.6, 79.2, 6.4, 19.8, 14.9, 20.3, 11.5, 40.1, 19.7, 5.9, 5.2, 15.8, 20.5, 96.3, 95.3, 37.7, 81.4, 5.9, 17.2, 15.0, 19.7, 8.3, 40.6, 23.0, 9.7, 4.6, 13.5, 21.3, 36.2, 82.0, 6.4, 18.5, 16.5, 24.2, 11.8, 43.5, 21.2, 7.6, 4.9, 14.8, 19.3
30, 2012-12-28, Away, UTA, W, L, -3, O, 191.5, 0, 1, 100.6, 84.3, 38.7, 81.4, 7.4, 20.5, 15.8, 23.8, 12.2, 44.9, 25.6, 10.4, 7.0, 12.7, 18.1, 31.9, 78.6, 6.1, 19.0, 14.4, 19.8, 11.3, 40.4, 19.3, 5.8, 4.9, 15.6, 20.6, 96.2, 98.9, 36.2, 82.2, 6.0, 17.4, 17.8, 23.6, 12.7, 42.7, 22.1, 7.4, 5.4, 13.8, 20.0, 36.9, 81.0, 8.5, 19.0, 16.6, 21.0, 11.7, 42.1, 20.3, 7.8, 6.2, 13.8, 20.0
31, 2012-12-30, Home, UTA, W, W, -10.5, O, 197, 0, 0, 102.0, 87.4, 38.9, 81.2, 7.5, 20.9, 16.7, 24.5, 11.8, 43.9, 25.5, 10.4, 6.4, 13.3, 19.3, 32.3, 78.0, 6.0, 17.9, 16.8, 22.1, 11.1, 40.1, 19.1, 6.2, 5.1, 15.9, 21.6, 94.5, 100.6, 35.1, 80.2, 5.6, 16.6, 18.7, 24.1, 12.1, 41.2, 21.0, 7.1, 5.3, 14.4, 20.6, 37.4, 80.5, 8.5, 18.9, 17.3, 22.0, 11.6, 41.5, 21.0, 8.4, 5.5, 13.8, 20.1
32, 2013-01-01, Away, DEN, L, L, 1, U, 207, 0, 0, 103.3, 88.1, 39.1, 81.0, 7.9, 21.6, 17.2, 25.1, 11.6, 43.8, 26.1, 10.3, 6.9, 13.0, 20.4, 32.1, 77.3, 5.5, 17.2, 18.4, 24.3, 10.3, 38.9, 19.4, 6.3, 5.3, 15.9, 22.2, 104.5, 98.6, 40.4, 85.0, 6.2, 18.4, 17.5, 24.8, 13.4, 48.3, 24.9, 7.9, 6.8, 14.6, 21.2, 36.7, 89.9, 7.8, 24.7, 17.4, 23.2, 14.4, 43.7, 23.3, 8.4, 7.0, 12.5, 20.7
33, 2013-01-02, Away, GSW, L, L, -1.5, O, 201.5, 0, 1, 101.1, 87.9, 38.4, 80.3, 7.5, 22.2, 16.8, 25.5, 11.3, 43.6, 25.0, 10.7, 6.5, 13.2, 20.6, 32.3, 77.3, 5.7, 17.9, 17.6, 24.0, 10.6, 39.7, 20.4, 7.0, 5.2, 16.2, 22.4, 104.8, 98.7, 39.6, 86.6, 9.7, 22.2, 15.9, 18.5, 11.4, 46.6, 23.4, 7.6, 4.8, 13.8, 20.1, 36.8, 86.4, 7.2, 22.2, 17.9, 23.6, 11.1, 42.7, 22.5, 8.1, 4.2, 12.9, 17.3
34, 2013-01-04, Home, LAL, W, W, -4.5, O, 207, 0, 0, 99.4, 90.9, 36.9, 80.1, 7.8, 24.0, 17.8, 27.0, 11.3, 42.5, 24.1, 11.1, 6.6, 13.5, 20.2, 33.5, 77.4, 6.2, 18.1, 17.7, 23.7, 10.5, 41.0, 21.8, 7.5, 5.1, 16.9, 22.9, 105.0, 103.5, 38.1, 85.6, 8.6, 28.1, 20.2, 28.4, 13.1, 46.5, 21.5, 6.4, 5.5, 13.2, 18.2, 40.0, 88.3, 9.3, 24.0, 14.2, 20.8, 12.1, 44.5, 24.3, 8.0, 5.2, 12.2, 22.5
35, 2013-01-05, Home, GSW, W, W, -6, O, 202, 0, 1, 101.3, 93.5, 37.5, 80.5, 7.9, 23.2, 18.4, 27.8, 11.6, 43.0, 24.9, 11.0, 6.8, 13.9, 21.8, 34.1, 77.9, 6.1, 18.6, 19.2, 25.4, 10.7, 41.2, 22.2, 8.0, 5.0, 16.6, 23.4, 106.6, 98.6, 40.0, 86.8, 10.0, 22.1, 16.6, 19.3, 11.9, 47.8, 24.3, 7.8, 5.0, 14.5, 21.4, 35.9, 86.4, 7.3, 22.9, 19.5, 26.0, 11.6, 42.7, 23.1, 8.9, 4.3, 12.6, 17.8
36, 2013-01-09, Home, DAL, W, L, -10, U, 201.5, 0, 0, 103.5, 94.7, 38.5, 82.1, 8.5, 24.0, 18.0, 27.4, 11.6, 43.4, 25.0, 11.4, 6.5, 13.4, 21.8, 34.4, 77.6, 6.4, 18.7, 19.5, 25.8, 9.8, 40.0, 22.6, 8.1, 5.3, 16.2, 23.3, 94.6, 107.1, 36.9, 86.6, 6.4, 21.0, 14.4, 18.4, 9.8, 42.9, 21.2, 7.5, 5.3, 13.1, 20.4, 39.2, 85.1, 10.1, 23.5, 18.6, 23.2, 10.8, 47.6, 23.7, 9.3, 5.5, 13.2, 17.4
37, 2013-01-12, Home, ORL, L, L, -12.5, O, 198.5, 0, 0, 103.7, 95.5, 38.6, 81.3, 8.8, 24.1, 17.7, 27.1, 11.5, 42.8, 25.1, 11.0, 5.8, 13.6, 21.7, 34.7, 78.1, 6.2, 18.3, 19.9, 26.0, 10.0, 40.2, 22.9, 8.4, 4.7, 15.9, 22.5, 99.6, 107.0, 39.4, 82.9, 8.5, 23.7, 12.3, 16.2, 10.5, 41.4, 23.6, 4.7, 4.7, 13.2, 19.6, 40.2, 84.8, 7.3, 19.8, 19.3, 24.6, 10.4, 39.5, 25.1, 6.8, 4.3, 8.6, 15.9
38, 2013-01-14, Away, MEM, W, W, 4.5, U, 179.5, 0, 0, 103.5, 98.2, 39.1, 83.0, 8.6, 24.2, 16.7, 24.8, 11.9, 41.9, 25.7, 10.6, 5.7, 12.9, 21.3, 35.7, 78.2, 7.0, 19.1, 19.8, 25.5, 9.8, 40.2, 23.9, 8.0, 4.6, 15.8, 21.6, 91.3, 87.9, 35.6, 81.9, 4.4, 13.3, 15.7, 19.8, 12.8, 41.9, 21.0, 9.4, 4.8, 12.0, 18.8, 32.5, 74.3, 8.0, 20.0, 14.9, 20.0, 9.1, 37.5, 21.1, 7.8, 5.3, 14.5, 19.1
39, 2013-01-15, Away, HOU, W, W, 3, O, 206.5, 0, 1, 102.2, 95.5, 38.1, 81.3, 8.0, 23.1, 18.0, 26.1, 11.4, 41.8, 24.8, 10.2, 6.0, 12.4, 21.1, 34.4, 79.1, 7.3, 19.8, 19.4, 24.8, 11.3, 40.8, 22.7, 8.0, 4.5, 15.4, 22.6, 105.9, 105.7, 39.6, 82.4, 10.2, 29.9, 16.5, 24.0, 9.3, 40.3, 23.4, 9.5, 2.6, 17.4, 18.5, 40.7, 87.0, 8.9, 21.9, 15.4, 18.9, 10.9, 43.1, 23.0, 9.9, 6.0, 16.1, 20.6
40, 2013-01-17, Away, MIN, W, W, -5, U, 193.5, 0, 0, 103.3, 98.7, 38.2, 80.6, 7.9, 22.0, 19.0, 26.3, 11.4, 40.9, 23.8, 9.7, 5.5, 13.2, 21.4, 35.6, 80.1, 8.0, 21.9, 19.5, 25.8, 11.8, 40.2, 23.2, 8.5, 4.3, 15.1, 22.6, 94.7, 103.1, 35.1, 83.3, 5.0, 17.6, 19.5, 25.6, 13.9, 44.2, 21.7, 6.6, 4.8, 13.1, 14.6, 40.7, 83.1, 8.0, 20.4, 13.7, 17.5, 9.8, 42.3, 25.5, 7.4, 6.8, 11.7, 23.2
41, 2013-01-19, Home, WAS, W, L, -12, U, 194, 1, 0, 100.7, 95.0, 37.9, 80.6, 7.7, 21.0, 17.2, 24.5, 11.4, 42.2, 23.6, 9.6, 6.0, 13.5, 20.5, 35.2, 81.4, 7.5, 22.3, 17.1, 23.8, 12.2, 40.7, 23.1, 8.7, 4.1, 14.8, 21.1, 95.6, 96.9, 37.0, 83.3, 6.9, 16.8, 14.7, 20.8, 11.0, 44.5, 24.0, 7.2, 4.9, 15.2, 21.0, 36.6, 83.1, 6.8, 19.3, 16.9, 23.2, 10.4, 44.0, 21.5, 8.1, 4.5, 13.6, 19.6
42, 2013-01-21, Away, GSW, L, L, -4.5, O, 197.5, 0, 0, 99.4, 94.1, 37.4, 82.1, 7.4, 21.3, 17.2, 24.7, 12.7, 43.9, 22.9, 9.5, 5.9, 13.4, 20.2, 35.1, 81.1, 7.8, 23.0, 16.1, 23.1, 12.3, 41.2, 22.3, 8.6, 4.1, 15.0, 21.1, 97.5, 98.7, 36.6, 79.0, 7.9, 18.5, 16.4, 20.3, 8.0, 43.2, 23.3, 6.8, 4.2, 16.0, 20.7, 37.7, 86.2, 7.6, 26.1, 15.7, 22.1, 11.7, 43.3, 24.1, 10.1, 3.6, 11.1, 18.0
43, 2013-01-22, Home, OKC, L, L, 2.5, O, 200.5, 0, 1, 101.5, 95.5, 38.2, 82.6, 8.0, 21.4, 17.1, 24.0, 12.3, 43.2, 24.6, 9.5, 5.7, 13.5, 20.0, 35.3, 80.4, 8.3, 22.9, 16.6, 22.8, 11.4, 39.9, 22.0, 7.9, 3.9, 15.2, 20.6, 107.5, 96.8, 38.1, 80.6, 7.6, 21.6, 23.7, 29.0, 11.6, 43.6, 20.5, 9.4, 5.2, 15.3, 20.8, 36.1, 84.4, 7.0, 20.4, 17.6, 23.0, 12.7, 42.1, 21.9, 6.8, 5.1, 16.5, 21.1
44, 2013-01-24, Away, PHO, L, L, -6, U, 190.5, 1, 0, 101.8, 94.9, 39.2, 83.0, 7.6, 20.1, 15.8, 22.2, 12.4, 42.9, 23.7, 8.9, 6.0, 13.1, 19.9, 35.2, 79.8, 8.6, 23.3, 15.9, 22.0, 11.1, 38.3, 21.5, 7.4, 3.9, 14.8, 20.5, 90.0, 93.9, 35.3, 82.8, 5.0, 16.0, 14.4, 19.7, 12.1, 42.1, 21.8, 7.7, 6.3, 15.6, 20.9, 37.6, 83.2, 4.4, 13.0, 14.3, 19.1, 12.7, 44.0, 21.1, 8.8, 5.9, 14.0, 17.7
45, 2013-01-26, Away, POR, L, L, -1, O, 191, 0, 0, 99.9, 94.0, 38.4, 83.1, 7.6, 20.5, 15.5, 22.3, 12.3, 42.7, 23.0, 8.6, 5.7, 13.1, 19.3, 34.7, 79.3, 8.5, 22.4, 16.1, 22.1, 10.9, 39.0, 21.4, 7.2, 3.7, 15.0, 20.6, 99.7, 99.2, 36.9, 84.5, 8.8, 25.8, 17.1, 21.5, 11.1, 45.2, 22.6, 5.5, 4.8, 14.5, 18.7, 37.9, 85.2, 6.7, 20.5, 16.7, 21.3, 9.9, 42.3, 23.7, 8.4, 3.9, 12.6, 19.2
46, 2013-01-27, Home, POR, W, W, -8.5, U, 192.5, 1, 1, 98.4, 95.2, 37.7, 82.2, 7.3, 19.3, 15.7, 22.5, 12.9, 42.7, 22.6, 8.0, 5.7, 13.9, 19.4, 35.0, 79.6, 9.1, 22.9, 16.1, 21.6, 11.3, 39.2, 21.8, 7.8, 3.0, 14.8, 20.8, 99.6, 99.5, 36.7, 83.4, 8.3, 25.9, 17.9, 22.3, 10.9, 44.5, 22.7, 6.2, 4.1, 14.6, 18.4, 38.1, 84.2, 6.9, 20.5, 16.4, 21.2, 9.5, 41.2, 24.0, 8.4, 3.5, 12.8, 20.1
47, 2013-01-30, Away, MIN, W, W, -4.5, U, 189, 0, 0, 98.1, 94.2, 38.1, 82.5, 6.9, 18.6, 15.0, 21.3, 12.2, 41.7, 23.4, 7.9, 5.3, 13.0, 20.1, 34.3, 77.8, 8.8, 22.6, 16.8, 22.7, 11.2, 39.7, 22.5, 7.7, 3.1, 15.4, 20.4, 91.2, 100.9, 34.0, 78.5, 4.5, 16.2, 18.7, 25.3, 11.8, 37.6, 21.5, 7.9, 4.3, 15.2, 17.4, 39.4, 78.3, 7.5, 18.4, 14.6, 19.4, 10.0, 40.0, 24.5, 8.5, 5.8, 15.7, 23.0
48, 2013-02-01, Away, TOR, L, L, -4, U, 193.5, 0, 0, 97.6, 92.8, 37.3, 81.3, 6.3, 17.3, 16.7, 24.3, 12.7, 42.7, 21.8, 8.2, 5.1, 13.6, 20.4, 33.7, 77.3, 8.2, 22.0, 17.2, 23.5, 11.0, 39.4, 21.7, 8.0, 3.3, 15.4, 21.7, 102.1, 106.2, 39.4, 84.4, 7.1, 19.2, 16.2, 21.3, 11.4, 40.0, 23.9, 6.3, 3.6, 13.3, 22.1, 40.3, 82.5, 7.1, 18.9, 18.5, 24.0, 10.6, 40.6, 23.5, 6.7, 4.9, 12.7, 20.2
49, 2013-02-03, Away, BOS, L, L, -1, O, 183.5, 0, 0, 95.0, 95.3, 36.3, 80.9, 6.1, 17.8, 16.3, 24.2, 12.5, 42.0, 21.0, 8.0, 4.6, 14.0, 20.1, 34.8, 76.5, 8.8, 22.6, 16.9, 23.5, 9.7, 39.1, 23.3, 7.9, 3.6, 15.2, 21.6, 94.8, 95.2, 36.6, 82.6, 5.0, 17.6, 16.6, 22.0, 9.9, 43.3, 23.2, 8.8, 4.8, 15.1, 22.9, 35.1, 82.6, 5.8, 20.1, 19.2, 25.1, 11.5, 45.0, 19.4, 7.7, 4.6, 15.8, 21.1
50, 2013-02-04, Away, WAS, L, L, -3, O, 187.5, 0, 1, 93.7, 95.0, 36.1, 81.0, 5.9, 18.0, 15.6, 23.7, 12.8, 42.6, 21.6, 8.2, 4.6, 14.4, 20.6, 34.3, 75.5, 8.6, 20.7, 17.8, 23.7, 9.1, 38.6, 23.1, 7.7, 3.7, 15.4, 21.5, 92.5, 93.2, 36.2, 81.2, 6.6, 18.2, 13.5, 19.6, 9.8, 42.3, 22.4, 7.5, 4.3, 16.2, 19.8, 36.7, 83.5, 5.0, 16.5, 14.8, 21.2, 11.2, 44.3, 22.8, 8.5, 5.0, 13.7, 18.2
51, 2013-02-06, Away, ORL, W, W, -5, U, 184.5, 0, 0, 93.7, 97.1, 36.3, 81.2, 5.8, 18.4, 15.3, 22.9, 12.6, 42.2, 21.9, 7.8, 4.7, 14.6, 21.0, 35.0, 75.5, 8.9, 20.0, 18.2, 24.4, 9.1, 38.9, 23.9, 7.9, 4.0, 15.2, 21.4, 90.9, 101.5, 36.4, 83.8, 6.8, 21.6, 11.3, 14.9, 11.3, 42.3, 23.0, 6.4, 3.2, 13.6, 15.5, 40.7, 82.6, 7.7, 21.4, 12.4, 17.0, 10.4, 43.2, 25.3, 6.8, 5.8, 11.8, 15.4
52, 2013-02-08, Away, MIA, L, L, 3.5, O, 193, 0, 0, 92.9, 96.0, 36.2, 80.1, 5.9, 18.1, 14.6, 22.0, 11.7, 41.2, 21.8, 8.5, 4.4, 14.9, 20.3, 34.8, 76.5, 8.7, 20.0, 17.7, 23.1, 9.4, 39.6, 23.4, 7.7, 3.9, 15.2, 21.0, 102.9, 94.3, 40.0, 81.9, 5.9, 18.4, 17.0, 23.5, 10.5, 40.2, 22.2, 9.0, 4.4, 11.9, 21.3, 34.5, 77.4, 6.9, 19.9, 18.4, 23.9, 9.8, 38.8, 18.8, 7.2, 3.3, 15.6, 22.1
53, 2013-02-10, Away, NYK, W, W, 3.5, U, 192, 0, 0, 91.9, 96.5, 35.8, 79.5, 5.5, 16.7, 14.8, 21.7, 11.8, 40.8, 20.9, 8.4, 4.4, 15.3, 21.1, 34.5, 75.8, 9.0, 20.5, 18.5, 24.5, 9.6, 39.3, 23.1, 8.4, 4.1, 14.8, 21.0, 98.4, 92.4, 36.7, 80.8, 11.1, 30.3, 13.9, 18.3, 11.4, 42.6, 20.1, 6.3, 3.4, 11.8, 17.6, 35.9, 77.5, 6.7, 19.7, 13.9, 19.1, 9.1, 38.5, 18.1, 6.0, 3.0, 13.3, 18.6
54, 2013-02-11, Away, PHI, W, W, -4.5, O, 185, 0, 1, 92.4, 94.4, 36.0, 79.1, 6.1, 17.9, 14.3, 21.2, 11.9, 41.6, 21.5, 8.6, 4.3, 15.7, 21.3, 33.7, 75.4, 8.2, 20.1, 18.8, 24.9, 9.6, 39.1, 21.8, 8.8, 4.0, 14.8, 20.2, 90.7, 87.3, 39.1, 86.0, 4.2, 14.8, 8.3, 12.0, 10.5, 43.5, 24.2, 6.5, 5.1, 12.7, 17.4, 32.9, 80.5, 4.9, 17.6, 16.6, 21.6, 11.0, 43.3, 22.1, 7.3, 4.0, 13.6, 13.6
55, 2013-02-13, Home, HOU, W, L, -10.5, U, 208, 1, 0, 94.3, 94.1, 37.1, 78.3, 6.3, 18.0, 13.8, 20.8, 11.6, 41.4, 22.4, 8.9, 4.6, 15.5, 20.4, 34.2, 76.7, 8.6, 20.3, 17.1, 22.8, 10.4, 38.5, 22.7, 8.9, 3.6, 14.7, 19.7, 115.6, 103.1, 42.4, 84.0, 11.8, 28.8, 19.0, 24.7, 11.4, 44.7, 27.2, 7.3, 4.8, 13.2, 21.9, 37.3, 82.9, 8.0, 22.5, 20.5, 25.6, 10.8, 38.9, 21.1, 6.3, 6.3, 13.2, 20.8
56, 2013-02-14, Away, LAL, W, W, -4, O, 201, 0, 1, 94.9, 93.6, 36.8, 77.7, 6.9, 19.6, 14.4, 21.7, 10.7, 41.0, 22.7, 9.5, 4.8, 15.8, 20.1, 34.3, 77.4, 8.0, 20.2, 17.0, 22.9, 10.8, 39.4, 22.2, 8.9, 3.7, 15.4, 20.1, 98.6, 97.5, 37.1, 80.8, 7.5, 22.4, 16.9, 24.5, 9.1, 44.3, 23.1, 6.6, 4.6, 14.3, 16.8, 38.9, 86.7, 5.5, 16.0, 14.2, 18.9, 10.5, 43.1, 23.2, 9.3, 4.8, 12.1, 22.1
57, 2013-02-21, Home, SAS, L, L, -4, O, 200, 0, 0, 97.8, 95.4, 37.2, 78.4, 7.9, 20.9, 15.5, 23.0, 11.6, 42.0, 21.9, 9.6, 5.4, 16.0, 20.3, 35.2, 78.3, 8.3, 20.7, 16.7, 22.7, 10.9, 39.2, 22.4, 8.9, 3.5, 15.1, 20.5, 105.0, 95.5, 38.9, 78.8, 8.5, 21.6, 18.7, 22.8, 6.6, 38.2, 23.9, 9.6, 4.7, 12.6, 17.6, 37.3, 84.0, 5.9, 17.8, 15.0, 19.0, 12.2, 44.0, 20.4, 6.9, 3.5, 15.0, 19.4
58, 2013-02-23, Home, UTA, W, W, -9.5, O, 198, 0, 0, 97.2, 98.0, 36.9, 78.4, 8.1, 21.6, 15.3, 21.9, 11.5, 40.8, 22.4, 9.0, 5.1, 16.3, 20.7, 36.2, 78.0, 8.6, 20.5, 17.0, 22.8, 10.9, 38.8, 23.4, 8.7, 3.8, 15.5, 20.0, 100.6, 95.9, 38.1, 80.4, 5.5, 15.0, 18.9, 24.6, 10.9, 41.7, 22.7, 8.0, 7.1, 14.1, 22.4, 35.4, 80.1, 6.2, 18.4, 18.9, 26.4, 12.1, 41.0, 19.2, 7.7, 6.1, 14.0, 21.0
59, 2013-02-26, Home, CHA, W, W, -16, U, 197.5, 0, 0, 100.6, 97.6, 38.4, 79.0, 8.6, 21.7, 15.2, 21.2, 11.6, 41.7, 23.4, 9.3, 4.9, 16.9, 21.5, 35.9, 78.3, 7.5, 19.4, 18.3, 23.9, 11.0, 38.2, 22.9, 8.8, 3.8, 15.9, 19.6, 90.7, 101.5, 33.1, 82.2, 5.9, 18.0, 18.6, 25.8, 12.0, 42.8, 19.8, 5.8, 6.2, 12.3, 18.3, 40.4, 85.4, 5.6, 18.6, 15.1, 19.9, 11.2, 46.1, 27.2, 6.1, 6.5, 10.4, 21.6
60, 2013-02-28, Away, IND, W, W, 1.5, U, 192.5, 0, 0, 100.8, 95.4, 38.5, 78.7, 8.9, 21.8, 14.9, 21.7, 11.2, 41.9, 24.1, 9.5, 5.7, 16.4, 20.6, 35.6, 79.2, 7.0, 19.2, 17.2, 22.6, 11.1, 39.0, 22.3, 8.9, 4.0, 15.8, 19.5, 103.3, 88.1, 37.4, 81.0, 7.7, 20.0, 20.8, 28.2, 12.1, 47.7, 23.4, 8.2, 7.3, 13.7, 21.4, 32.2, 83.7, 4.7, 16.4, 19.0, 25.7, 13.0, 43.3, 16.8, 8.1, 5.6, 14.7, 24.7
61, 2013-03-01, Away, CLE, W, W, -8, U, 200, 0, 1, 101.7, 94.7, 38.7, 78.8, 8.9, 22.4, 15.4, 22.3, 11.2, 41.1, 23.8, 9.7, 5.7, 15.5, 20.8, 35.1, 78.3, 7.2, 20.5, 17.3, 22.4, 11.2, 38.6, 21.4, 8.4, 3.6, 16.6, 20.1, 106.3, 100.3, 40.2, 83.7, 6.4, 17.2, 19.5, 24.3, 11.8, 38.9, 23.8, 8.2, 4.5, 10.6, 18.3, 38.7, 79.0, 6.7, 17.5, 16.2, 21.5, 10.2, 38.3, 24.3, 5.7, 7.4, 15.4, 19.6
62, 2013-03-03, Home, OKC, L, L, -3, O, 205.5, 0, 0, 103.6, 96.0, 39.7, 78.9, 9.0, 23.1, 15.2, 22.1, 11.0, 40.2, 24.7, 9.1, 6.0, 15.1, 21.2, 35.4, 77.0, 7.1, 20.1, 18.1, 23.8, 10.9, 36.8, 21.6, 8.3, 3.3, 16.4, 20.4, 110.7, 96.6, 40.6, 80.7, 8.0, 18.6, 21.5, 26.0, 9.5, 43.0, 22.8, 8.9, 10.2, 15.5, 17.7, 37.0, 87.7, 7.7, 21.0, 14.9, 19.1, 12.3, 41.1, 21.8, 9.5, 4.8, 15.9, 21.5
63, 2013-03-06, Home, MIL, W, W, -9.5, O, 205, 0, 0, 105.1, 95.7, 40.1, 79.4, 9.2, 23.9, 15.7, 22.4, 11.2, 40.8, 24.6, 9.1, 5.7, 15.3, 21.4, 35.6, 78.2, 6.3, 19.5, 18.2, 24.0, 11.5, 37.0, 21.7, 8.4, 3.4, 16.4, 20.5, 102.7, 103.1, 39.7, 88.7, 6.4, 18.4, 16.9, 22.9, 12.3, 44.7, 24.6, 9.2, 6.7, 13.7, 19.7, 39.7, 87.3, 6.9, 19.0, 16.8, 21.8, 13.0, 47.1, 23.9, 9.0, 3.4, 16.4, 19.8
64, 2013-03-07, Away, DEN, L, L, 4, U, 214, 0, 1, 106.6, 97.0, 40.7, 80.1, 9.4, 24.0, 15.8, 22.2, 10.8, 40.7, 25.8, 9.1, 6.0, 14.9, 21.0, 36.1, 78.7, 6.9, 20.1, 17.9, 23.7, 11.0, 36.9, 23.5, 8.0, 3.2, 16.1, 20.1, 109.8, 105.7, 43.1, 84.6, 6.4, 17.8, 17.2, 25.3, 11.9, 41.2, 27.2, 11.5, 6.0, 13.4, 23.0, 38.6, 82.7, 9.0, 22.2, 19.5, 26.3, 11.9, 40.3, 23.2, 6.7, 6.4, 16.3, 20.5
65, 2013-03-10, Home, DET, W, W, -13, O, 197.5, 0, 0, 105.1, 98.7, 39.9, 81.1, 9.3, 24.3, 16.0, 21.6, 10.7, 40.0, 25.0, 8.8, 5.6, 14.7, 21.1, 36.9, 78.0, 7.1, 20.6, 17.8, 23.3, 10.1, 37.0, 24.1, 7.9, 4.2, 15.9, 20.0, 89.5, 102.0, 35.1, 81.2, 6.3, 18.7, 13.0, 19.5, 10.4, 40.2, 22.8, 7.1, 3.7, 15.1, 20.0, 38.8, 80.3, 9.4, 21.9, 15.0, 20.8, 10.3, 44.6, 26.6, 8.7, 6.2, 14.0, 18.3
66, 2013-03-13, Home, MEM, L, L, -6, U, 185, 1, 0, 107.4, 98.8, 41.2, 81.6, 9.4, 23.9, 15.6, 21.5, 10.7, 39.8, 25.9, 8.9, 5.4, 13.8, 22.0, 36.3, 76.2, 7.7, 20.5, 18.5, 25.3, 9.7, 35.7, 24.8, 7.4, 4.4, 15.2, 19.8, 93.3, 85.9, 36.1, 79.5, 4.6, 13.4, 16.5, 23.1, 12.4, 43.1, 23.7, 7.6, 6.4, 11.7, 20.0, 31.6, 76.0, 5.6, 16.2, 17.1, 22.0, 10.1, 39.4, 18.8, 6.1, 5.0, 13.4, 20.1
67, 2013-03-17, Home, NYK, W, L, -13.5, U, 193.5, 0, 0, 103.4, 98.3, 39.7, 79.9, 8.4, 23.5, 15.6, 21.1, 10.3, 38.5, 25.6, 8.5, 5.0, 13.6, 21.7, 36.2, 75.5, 7.7, 19.7, 18.2, 24.7, 9.7, 35.1, 23.8, 7.3, 4.5, 14.8, 20.6, 94.1, 95.9, 33.3, 79.0, 9.8, 29.9, 17.7, 22.7, 10.9, 40.7, 18.6, 9.4, 3.9, 14.4, 21.1, 34.9, 76.5, 8.9, 21.9, 17.2, 23.5, 9.8, 42.8, 19.2, 7.8, 4.8, 15.5, 19.2
68, 2013-03-19, Away, SAC, L, L, -8.5, O, 212, 0, 0, 103.7, 94.7, 39.9, 79.8, 8.7, 24.7, 15.2, 21.7, 10.2, 40.3, 25.5, 8.5, 5.7, 13.0, 21.3, 34.8, 76.3, 8.1, 20.6, 17.0, 23.3, 9.6, 35.6, 22.9, 7.3, 4.0, 14.0, 21.3, 112.8, 108.1, 42.3, 87.5, 10.2, 26.1, 18.0, 22.1, 9.4, 40.5, 25.2, 9.4, 3.8, 13.5, 21.9, 40.1, 83.7, 7.5, 21.5, 20.4, 26.5, 8.9, 40.3, 27.2, 7.7, 5.4, 14.3, 19.7
69, 2013-03-20, Home, PHI, W, W, -11, U, 194.5, 0, 1, 103.1, 96.9, 39.5, 80.0, 8.8, 25.3, 15.3, 21.9, 10.3, 39.4, 26.3, 8.6, 5.9, 12.7, 21.3, 35.0, 75.2, 9.4, 21.9, 17.5, 23.9, 9.2, 35.4, 22.9, 7.3, 3.5, 13.9, 21.7, 97.1, 99.0, 39.4, 84.5, 7.0, 17.0, 11.3, 16.0, 10.7, 41.3, 27.0, 8.6, 5.1, 13.0, 17.6, 38.5, 82.5, 8.7, 21.5, 13.3, 17.1, 10.9, 42.4, 26.2, 6.2, 5.4, 15.2, 15.3
70, 2013-03-23, Home, BRK, W, L, -7.5, O, 190.5, 0, 0, 102.6, 95.7, 39.5, 80.2, 8.2, 25.1, 15.4, 21.2, 10.2, 39.5, 25.3, 8.8, 5.2, 12.6, 21.2, 34.6, 75.0, 9.4, 22.3, 17.1, 23.5, 9.5, 35.4, 23.4, 7.0, 3.5, 14.2, 21.5, 99.2, 91.7, 37.6, 80.0, 7.8, 21.5, 16.2, 22.1, 12.3, 44.9, 19.8, 7.6, 4.1, 14.5, 16.5, 37.1, 79.8, 5.6, 17.8, 11.9, 16.1, 9.0, 35.3, 22.5, 8.1, 5.1, 12.8, 21.2
71, 2013-03-26, Away, DAL, L, L, -1.5, O, 202.5, 0, 0, 102.8, 96.1, 39.3, 80.1, 8.7, 25.4, 15.5, 21.5, 10.5, 40.0, 25.4, 9.1, 5.2, 13.0, 20.9, 34.8, 74.9, 9.4, 22.3, 17.1, 23.4, 9.1, 34.7, 24.3, 7.3, 3.3, 13.7, 21.4, 104.5, 99.7, 40.7, 82.1, 8.9, 21.1, 14.2, 17.9, 8.1, 41.1, 24.4, 7.5, 4.9, 13.0, 19.1, 38.5, 83.8, 6.3, 19.5, 16.4, 21.3, 10.3, 42.0, 22.5, 7.9, 3.9, 13.3, 17.9
72, 2013-03-27, Away, NOH, W, W, -5.5, O, 188, 0, 1, 102.5, 98.1, 38.8, 80.3, 9.0, 26.2, 15.9, 22.0, 10.5, 40.5, 24.7, 8.7, 4.7, 13.7, 21.3, 35.5, 75.7, 9.5, 23.0, 17.6, 23.3, 8.8, 35.7, 24.8, 8.0, 3.8, 13.6, 21.2, 92.4, 94.9, 36.2, 81.1, 6.1, 17.6, 13.9, 16.8, 14.4, 43.4, 21.0, 6.9, 5.6, 14.2, 20.1, 34.8, 73.2, 6.7, 17.6, 18.6, 23.4, 9.3, 35.4, 19.4, 8.3, 6.0, 12.4, 16.7
73, 2013-03-29, Away, SAS, L, W, 4, O, 198, 0, 0, 102.6, 96.4, 38.4, 79.4, 9.4, 26.7, 16.4, 22.6, 10.4, 39.9, 24.3, 8.7, 4.8, 12.6, 20.5, 35.2, 74.8, 9.2, 22.3, 16.8, 22.3, 8.4, 35.4, 24.4, 7.4, 3.5, 13.4, 21.5, 100.9, 100.8, 38.6, 80.7, 7.8, 19.6, 15.9, 19.8, 8.5, 40.2, 24.0, 7.5, 6.0, 14.8, 16.2, 39.5, 85.1, 7.8, 17.7, 14.0, 18.3, 11.0, 40.7, 22.3, 8.6, 6.6, 13.2, 21.1
74, 2013-03-30, Away, HOU, L, L, 1, U, 206, 1, 1, 101.1, 96.7, 37.8, 78.8, 9.0, 25.7, 16.5, 23.3, 10.7, 39.5, 23.6, 8.5, 4.3, 12.5, 21.3, 35.3, 74.3, 8.5, 20.9, 17.6, 22.9, 8.5, 35.2, 24.4, 7.1, 3.9, 13.0, 22.1, 99.3, 95.3, 34.3, 79.3, 10.4, 28.9, 20.3, 26.2, 12.1, 44.1, 20.7, 8.6, 4.5, 16.4, 20.2, 36.2, 82.7, 7.1, 19.8, 15.8, 20.3, 9.5, 40.6, 20.4, 8.9, 5.4, 14.5, 21.0
75, 2013-04-01, Home, IND, L, L, -5, O, 188, 0, 0, 100.0, 95.8, 37.3, 78.1, 9.0, 25.7, 16.4, 23.1, 10.4, 39.7, 23.0, 9.0, 4.7, 13.2, 22.2, 34.5, 74.6, 8.3, 21.0, 18.5, 24.4, 9.0, 36.2, 22.8, 7.1, 3.4, 13.9, 22.2, 99.1, 89.2, 36.4, 84.5, 6.5, 18.5, 19.8, 25.2, 14.3, 51.4, 20.3, 7.3, 6.0, 13.8, 20.0, 34.1, 84.7, 5.7, 17.6, 15.3, 21.9, 11.7, 42.3, 21.0, 7.0, 6.8, 12.3, 22.0
76, 2013-04-03, Home, PHO, W, W, -16.5, O, 201, 0, 0, 97.7, 97.0, 36.2, 78.1, 8.1, 24.5, 17.2, 23.2, 11.2, 39.8, 21.7, 8.4, 4.4, 13.7, 21.7, 35.4, 75.3, 8.2, 21.0, 18.0, 23.0, 9.0, 36.9, 23.2, 7.4, 3.4, 13.9, 22.6, 93.9, 106.0, 37.4, 86.4, 5.5, 18.7, 13.6, 19.7, 13.3, 42.2, 22.9, 8.9, 4.5, 15.5, 21.0, 39.2, 81.1, 7.0, 17.6, 20.6, 26.1, 12.3, 45.0, 23.6, 9.1, 4.2, 16.9, 17.8
77, 2013-04-07, Home, LAL, W, W, -4.5, O, 199, 0, 0, 101.8, 97.5, 38.3, 80.2, 8.4, 24.0, 16.8, 23.2, 11.2, 40.1, 23.4, 9.3, 4.5, 13.1, 21.8, 35.2, 76.2, 8.3, 21.5, 18.8, 23.4, 9.1, 37.9, 23.5, 6.9, 3.4, 14.6, 21.7, 100.4, 99.9, 36.4, 80.5, 8.5, 24.1, 19.1, 28.2, 11.6, 46.1, 23.3, 7.1, 5.3, 15.2, 16.6, 40.5, 90.2, 8.0, 22.0, 10.9, 15.4, 11.7, 43.4, 22.0, 8.5, 4.4, 11.5, 21.8
78, 2013-04-10, Home, MIN, W, W, -11.5, O, 199, 1, 0, 103.4, 99.0, 39.1, 81.1, 8.4, 23.3, 16.8, 22.2, 11.6, 40.0, 24.0, 9.4, 3.8, 12.9, 22.2, 35.6, 75.7, 7.8, 21.3, 20.0, 25.0, 9.4, 37.6, 23.9, 6.8, 3.8, 14.8, 20.4, 101.2, 99.7, 37.5, 81.1, 6.4, 16.5, 19.8, 25.9, 9.7, 39.4, 25.3, 9.9, 3.5, 13.0, 17.8, 39.3, 83.0, 7.3, 18.7, 13.8, 19.7, 12.0, 43.2, 21.9, 7.6, 6.1, 16.1, 21.5
79, 2013-04-12, Away, NOH, W, L, -9, U, 192, 0, 0, 104.4, 96.9, 39.9, 80.8, 8.6, 22.8, 16.0, 21.2, 11.5, 41.1, 24.4, 9.2, 4.5, 13.2, 21.7, 35.4, 77.4, 7.0, 20.8, 19.1, 23.8, 9.9, 37.7, 23.7, 7.2, 4.1, 14.2, 19.3, 96.4, 98.4, 35.8, 78.2, 6.0, 17.2, 18.8, 22.9, 12.1, 41.2, 20.5, 6.8, 5.3, 14.6, 22.1, 36.5, 76.2, 8.4, 21.1, 17.0, 21.7, 8.7, 35.7, 22.1, 8.7, 5.4, 13.1, 20.9
80, 2013-04-13, Away, MEM, W, W, 2, U, 182.5, 1, 1, 103.9, 99.0, 39.3, 80.8, 8.7, 23.4, 16.6, 22.1, 11.7, 40.8, 24.8, 8.5, 4.7, 13.0, 22.5, 36.0, 77.8, 7.0, 20.7, 20.0, 26.0, 10.8, 38.8, 23.6, 6.9, 3.8, 13.5, 19.7, 93.2, 88.7, 35.2, 76.9, 4.2, 12.8, 18.6, 24.1, 9.4, 40.4, 19.8, 8.7, 5.2, 11.0, 20.7, 32.2, 75.8, 6.9, 23.0, 17.4, 23.4, 9.9, 39.2, 18.6, 6.3, 4.2, 14.7, 21.9
81, 2013-04-16, Home, POR, W, W, -15.5, U, 203, 0, 0, 102.9, 98.2, 39.3, 80.9, 8.4, 22.4, 15.9, 21.5, 11.7, 41.2, 24.7, 8.3, 4.9, 12.2, 22.2, 36.0, 78.7, 6.7, 19.5, 19.5, 25.6, 11.0, 39.8, 22.8, 6.6, 4.1, 13.0, 19.6, 95.8, 109.6, 36.1, 80.8, 7.5, 22.6, 16.1, 21.3, 9.2, 36.0, 22.9, 5.2, 2.2, 14.1, 19.5, 42.2, 81.5, 6.9, 19.7, 18.3, 23.5, 10.5, 42.7, 24.1, 9.0, 5.6, 12.0, 18.7
82, 2013-04-17, Away, SAC, W, L, -6.5, O, 205.5, 0, 1, 102.0, 95.0, 39.2, 80.3, 8.1, 21.8, 15.5, 20.5, 12.0, 41.9, 25.8, 8.7, 4.9, 11.9, 21.0, 35.0, 77.8, 6.8, 19.3, 18.2, 24.4, 10.7, 38.9, 22.3, 6.0, 3.4, 12.9, 19.1, 103.4, 106.5, 38.9, 87.5, 8.0, 23.4, 17.6, 23.0, 12.5, 42.6, 21.6, 7.9, 3.6, 13.7, 19.3, 40.8, 84.5, 7.1, 21.6, 17.8, 23.1, 11.1, 43.2, 26.4, 8.6, 7.2, 13.2, 19.3
