21, 2012-12-10, Home, TOR, W, W, -2.5, U, 194, 0, 1948.0, 2040.0, 720.0, 1655.0, 166.0, 460.0, 342.0, 458.0, 240.0, 801.0, 386.0, 166.0, 100.0, 292.0, 407.0, 769.0, 1612.0, 138.0, 376.0, 364.0, 463.0, 207.0, 855.0, 444.0, 182.0, 89.0, 307.0, 404.0
22, 2012-12-13, Home, SAS, W, W, 7, U, 200.5, 0, 1924.0, 2008.0, 714.0, 1661.0, 157.0, 460.0, 339.0, 452.0, 241.0, 819.0, 383.0, 164.0, 98.0, 287.0, 405.0, 759.0, 1614.0, 133.0, 379.0, 357.0, 452.0, 201.0, 855.0, 436.0, 181.0, 92.0, 297.0, 395.0
23, 2012-12-16, Home, NOH, W, L, -5, O, 185.5, 0, 1930.0, 1992.0, 722.0, 1660.0, 155.0, 461.0, 331.0, 440.0, 239.0, 815.0, 385.0, 171.0, 103.0, 290.0, 399.0, 753.0, 1610.0, 134.0, 389.0, 352.0, 445.0, 200.0, 846.0, 441.0, 187.0, 84.0, 304.0, 384.0
24, 2012-12-20, Home, DEN, W, W, 6, U, 200.5, 0, 1930.0, 2001.0, 720.0, 1647.0, 156.0, 466.0, 334.0, 440.0, 243.0, 798.0, 382.0, 169.0, 103.0, 284.0, 393.0, 755.0, 1594.0, 140.0, 383.0, 351.0, 442.0, 200.0, 833.0, 443.0, 180.0, 81.0, 300.0, 383.0
25, 2012-12-22, Home, PHO, W, L, -4.5, U, 195.5, 0, 1940.0, 1980.0, 717.0, 1646.0, 165.0, 480.0, 341.0, 448.0, 232.0, 800.0, 394.0, 169.0, 107.0, 282.0, 401.0, 745.0, 1614.0, 130.0, 385.0, 360.0, 453.0, 215.0, 855.0, 434.0, 173.0, 82.0, 300.0, 388.0
26, 2012-12-23, Away, SAC, L, L, 1, O, 195.5, 1, 1946.0, 1970.0, 718.0, 1640.0, 165.0, 480.0, 345.0, 446.0, 234.0, 814.0, 396.0, 164.0, 107.0, 290.0, 391.0, 744.0, 1626.0, 132.0, 391.0, 350.0, 439.0, 216.0, 843.0, 440.0, 176.0, 80.0, 297.0, 384.0
27, 2012-12-26, Home, SAC, W, W, -7.5, O, 198.5, 0, 1933.0, 1966.0, 713.0, 1636.0, 162.0, 482.0, 345.0, 444.0, 237.0, 818.0, 397.0, 161.0, 107.0, 292.0, 385.0, 749.0, 1637.0, 134.0, 392.0, 334.0, 419.0, 216.0, 844.0, 451.0, 177.0, 77.0, 290.0, 382.0
28, 2012-12-28, Away, LAL, L, L, 9, U, 205.5, 0, 1955.0, 1962.0, 727.0, 1640.0, 162.0, 480.0, 339.0, 438.0, 238.0, 824.0, 413.0, 153.0, 105.0, 289.0, 383.0, 749.0, 1644.0, 136.0, 398.0, 328.0, 413.0, 222.0, 838.0, 459.0, 171.0, 76.0, 284.0, 378.0
29, 2012-12-29, Home, PHI, W, W, -3, U, 190, 1, 1939.0, 1980.0, 728.0, 1655.0, 151.0, 472.0, 332.0, 432.0, 240.0, 824.0, 417.0, 151.0, 105.0, 283.0, 388.0, 753.0, 1653.0, 142.0, 411.0, 332.0, 422.0, 228.0, 857.0, 469.0, 168.0, 79.0, 282.0, 373.0
30, 2013-01-01, Away, NYK, W, W, 9.5, O, 196, 0, 1909.0, 1948.0, 718.0, 1645.0, 149.0, 470.0, 324.0, 419.0, 236.0, 826.0, 415.0, 155.0, 103.0, 279.0, 378.0, 748.0, 1650.0, 137.0, 403.0, 315.0, 402.0, 226.0, 855.0, 464.0, 164.0, 79.0, 277.0, 358.0
31, 2013-01-02, Away, TOR, L, L, 4, U, 192, 1, 1912.0, 1954.0, 720.0, 1647.0, 151.0, 481.0, 321.0, 417.0, 239.0, 839.0, 422.0, 153.0, 102.0, 279.0, 383.0, 747.0, 1659.0, 143.0, 424.0, 317.0, 408.0, 233.0, 857.0, 457.0, 164.0, 78.0, 268.0, 357.0
32, 2013-01-04, Away, MEM, W, W, 8, U, 182, 0, 1904.0, 1942.0, 720.0, 1640.0, 150.0, 484.0, 314.0, 407.0, 235.0, 843.0, 427.0, 150.0, 102.0, 277.0, 380.0, 742.0, 1659.0, 144.0, 430.0, 314.0, 407.0, 233.0, 858.0, 469.0, 164.0, 77.0, 266.0, 359.0
33, 2013-01-05, Away, MIN, W, W, 6.5, O, 190.5, 1, 1887.0, 1931.0, 711.0, 1643.0, 149.0, 486.0, 316.0, 404.0, 242.0, 851.0, 425.0, 152.0, 103.0, 280.0, 368.0, 742.0, 1662.0, 143.0, 417.0, 304.0, 388.0, 232.0, 856.0, 467.0, 164.0, 84.0, 266.0, 356.0
34, 2013-01-07, Home, ORL, W, L, -6.5, O, 192, 0, 1904.0, 1930.0, 714.0, 1651.0, 158.0, 493.0, 318.0, 404.0, 244.0, 856.0, 425.0, 147.0, 105.0, 277.0, 371.0, 741.0, 1661.0, 143.0, 416.0, 305.0, 385.0, 234.0, 860.0, 463.0, 160.0, 83.0, 267.0, 358.0
35, 2013-01-10, Home, MIA, W, W, 3.5, U, 194.5, 0, 1928.0, 1941.0, 726.0, 1660.0, 160.0, 498.0, 316.0, 397.0, 238.0, 858.0, 436.0, 143.0, 100.0, 275.0, 361.0, 745.0, 1674.0, 145.0, 431.0, 306.0, 381.0, 228.0, 849.0, 472.0, 158.0, 82.0, 261.0, 357.0
36, 2013-01-11, Away, GSW, L, W, 8, O, 198.5, 1, 1938.0, 1947.0, 726.0, 1654.0, 159.0, 494.0, 327.0, 409.0, 231.0, 858.0, 440.0, 143.0, 99.0, 278.0, 356.0, 749.0, 1680.0, 146.0, 438.0, 303.0, 382.0, 228.0, 852.0, 474.0, 160.0, 86.0, 262.0, 359.0
37, 2013-01-13, Home, OKC, L, P, 4, U, 201.5, 0, 1957.0, 1954.0, 737.0, 1677.0, 171.0, 522.0, 312.0, 391.0, 238.0, 873.0, 446.0, 136.0, 98.0, 270.0, 351.0, 754.0, 1693.0, 146.0, 437.0, 300.0, 380.0, 231.0, 863.0, 482.0, 154.0, 87.0, 254.0, 348.0
38, 2013-01-15, Away, DEN, L, W, 9, O, 202, 0, 1922.0, 1924.0, 722.0, 1669.0, 168.0, 518.0, 310.0, 388.0, 238.0, 874.0, 438.0, 132.0, 95.0, 268.0, 348.0, 743.0, 1665.0, 139.0, 425.0, 299.0, 380.0, 222.0, 858.0, 470.0, 154.0, 86.0, 253.0, 346.0
39, 2013-01-16, Home, CLE, L, L, -6, U, 197.5, 1, 1915.0, 1927.0, 721.0, 1665.0, 164.0, 510.0, 309.0, 385.0, 234.0, 872.0, 435.0, 129.0, 95.0, 273.0, 348.0, 749.0, 1676.0, 135.0, 423.0, 294.0, 377.0, 224.0, 856.0, 473.0, 160.0, 82.0, 248.0, 350.0
40, 2013-01-19, Home, MIL, L, L, -4.5, O, 196, 0, 1911.0, 1921.0, 718.0, 1665.0, 167.0, 517.0, 308.0, 389.0, 240.0, 889.0, 436.0, 130.0, 99.0, 282.0, 358.0, 745.0, 1679.0, 130.0, 414.0, 301.0, 390.0, 221.0, 850.0, 469.0, 165.0, 79.0, 243.0, 354.0
41, 2013-01-21, Home, WAS, L, L, -6.5, U, 195.5, 0, 1935.0, 1932.0, 723.0, 1671.0, 167.0, 524.0, 322.0, 403.0, 237.0, 888.0, 439.0, 134.0, 97.0, 283.0, 360.0, 748.0, 1681.0, 127.0, 413.0, 309.0, 400.0, 222.0, 849.0, 473.0, 163.0, 79.0, 247.0, 360.0
42, 2013-01-23, Home, IND, W, W, -1, U, 181.5, 0, 1938.0, 1956.0, 724.0, 1663.0, 174.0, 528.0, 316.0, 399.0, 236.0, 882.0, 448.0, 131.0, 97.0, 289.0, 359.0, 761.0, 1691.0, 132.0, 411.0, 302.0, 396.0, 224.0, 848.0, 483.0, 164.0, 75.0, 248.0, 358.0
43, 2013-01-26, Home, LAC, W, W, 1, O, 191, 0, 1940.0, 1946.0, 728.0, 1653.0, 169.0, 512.0, 315.0, 399.0, 234.0, 884.0, 458.0, 124.0, 96.0, 290.0, 357.0, 758.0, 1699.0, 132.0, 415.0, 298.0, 388.0, 227.0, 844.0, 476.0, 164.0, 75.0, 242.0, 367.0
44, 2013-01-27, Away, LAC, L, L, 8.5, U, 192.5, 1, 1946.0, 1952.0, 726.0, 1648.0, 169.0, 508.0, 325.0, 408.0, 229.0, 880.0, 456.0, 125.0, 89.0, 294.0, 364.0, 762.0, 1700.0, 128.0, 411.0, 300.0, 390.0, 226.0, 842.0, 480.0, 165.0, 78.0, 243.0, 374.0
45, 2013-01-29, Home, DAL, W, L, -3, O, 201.5, 0, 1928.0, 1955.0, 722.0, 1622.0, 158.0, 487.0, 326.0, 411.0, 226.0, 869.0, 459.0, 129.0, 86.0, 302.0, 356.0, 766.0, 1684.0, 134.0, 406.0, 289.0, 375.0, 217.0, 820.0, 493.0, 168.0, 74.0, 246.0, 377.0
46, 2013-02-01, Away, UTA, L, L, 5, U, 195, 0, 1938.0, 1966.0, 728.0, 1639.0, 161.0, 495.0, 321.0, 406.0, 230.0, 870.0, 462.0, 132.0, 87.0, 295.0, 358.0, 768.0, 1679.0, 137.0, 402.0, 293.0, 379.0, 216.0, 828.0, 498.0, 164.0, 75.0, 252.0, 380.0
47, 2013-02-02, Home, UTA, W, W, -4, O, 191.5, 1, 1919.0, 1944.0, 720.0, 1633.0, 161.0, 491.0, 318.0, 405.0, 227.0, 869.0, 453.0, 127.0, 90.0, 293.0, 363.0, 758.0, 1679.0, 132.0, 398.0, 296.0, 385.0, 219.0, 838.0, 486.0, 161.0, 80.0, 251.0, 383.0
48, 2013-02-04, Away, MIN, W, W, 4, O, 193, 0, 1915.0, 1952.0, 714.0, 1621.0, 165.0, 488.0, 322.0, 413.0, 220.0, 865.0, 447.0, 124.0, 92.0, 292.0, 363.0, 762.0, 1683.0, 131.0, 393.0, 297.0, 385.0, 217.0, 840.0, 482.0, 162.0, 79.0, 245.0, 387.0
49, 2013-02-06, Away, DAL, L, L, 5.5, O, 201, 0, 1928.0, 1946.0, 719.0, 1604.0, 169.0, 487.0, 321.0, 413.0, 215.0, 860.0, 446.0, 122.0, 95.0, 311.0, 364.0, 762.0, 1682.0, 127.0, 382.0, 295.0, 376.0, 211.0, 817.0, 476.0, 171.0, 74.0, 246.0, 392.0
50, 2013-02-08, Away, HOU, L, L, 7.5, O, 210.5, 0, 1938.0, 1966.0, 721.0, 1612.0, 171.0, 494.0, 325.0, 416.0, 216.0, 863.0, 447.0, 120.0, 90.0, 306.0, 370.0, 767.0, 1683.0, 133.0, 385.0, 299.0, 384.0, 208.0, 818.0, 479.0, 171.0, 74.0, 241.0, 394.0
51, 2013-02-10, Away, ORL, L, L, -3, O, 196.5, 0, 1936.0, 1984.0, 720.0, 1619.0, 168.0, 487.0, 328.0, 418.0, 218.0, 856.0, 446.0, 118.0, 94.0, 301.0, 360.0, 778.0, 1678.0, 135.0, 374.0, 293.0, 376.0, 202.0, 820.0, 488.0, 167.0, 81.0, 241.0, 394.0
52, 2013-02-12, Away, MIA, L, L, 11, O, 198.5, 0, 1961.0, 1992.0, 731.0, 1632.0, 174.0, 492.0, 325.0, 414.0, 214.0, 858.0, 458.0, 118.0, 95.0, 297.0, 355.0, 784.0, 1694.0, 132.0, 366.0, 292.0, 377.0, 212.0, 834.0, 488.0, 160.0, 82.0, 240.0, 390.0
53, 2013-02-13, Away, NOH, L, L, 5, U, 192.5, 1, 1979.0, 2025.0, 737.0, 1624.0, 172.0, 489.0, 333.0, 419.0, 205.0, 842.0, 451.0, 112.0, 90.0, 296.0, 359.0, 795.0, 1687.0, 138.0, 380.0, 297.0, 386.0, 206.0, 821.0, 497.0, 159.0, 80.0, 235.0, 393.0
54, 2013-02-19, Home, PHO, L, L, -6, O, 193, 0, 1940.0, 2027.0, 724.0, 1612.0, 158.0, 482.0, 334.0, 419.0, 200.0, 838.0, 448.0, 113.0, 91.0, 299.0, 349.0, 798.0, 1683.0, 138.0, 376.0, 293.0, 386.0, 202.0, 821.0, 501.0, 160.0, 78.0, 228.0, 393.0
55, 2013-02-22, Away, LAL, L, W, 9.5, O, 203.5, 0, 1913.0, 2010.0, 709.0, 1598.0, 156.0, 478.0, 339.0, 427.0, 201.0, 831.0, 432.0, 114.0, 88.0, 304.0, 350.0, 793.0, 1672.0, 130.0, 359.0, 294.0, 388.0, 210.0, 836.0, 496.0, 164.0, 76.0, 235.0, 397.0
56, 2013-02-24, Home, BOS, W, W, -2, U, 192, 0, 1928.0, 2031.0, 725.0, 1612.0, 155.0, 471.0, 323.0, 409.0, 197.0, 828.0, 439.0, 113.0, 88.0, 304.0, 363.0, 798.0, 1680.0, 130.0, 358.0, 305.0, 402.0, 214.0, 838.0, 494.0, 163.0, 75.0, 234.0, 390.0
57, 2013-02-27, Home, DEN, L, P, 2, O, 210.5, 0, 1923.0, 2014.0, 725.0, 1599.0, 147.0, 449.0, 326.0, 409.0, 191.0, 823.0, 442.0, 112.0, 87.0, 307.0, 365.0, 793.0, 1679.0, 126.0, 356.0, 302.0, 399.0, 212.0, 827.0, 482.0, 162.0, 72.0, 232.0, 392.0
58, 2013-03-02, Home, MIN, W, W, -8, O, 197, 0, 1949.0, 2038.0, 732.0, 1598.0, 151.0, 453.0, 334.0, 418.0, 192.0, 820.0, 451.0, 118.0, 85.0, 314.0, 371.0, 806.0, 1695.0, 123.0, 347.0, 303.0, 408.0, 219.0, 826.0, 491.0, 172.0, 75.0, 232.0, 397.0
59, 2013-03-04, Home, CHA, W, W, -13, O, 196.5, 0, 1947.0, 2017.0, 734.0, 1600.0, 150.0, 446.0, 329.0, 417.0, 200.0, 829.0, 458.0, 117.0, 85.0, 309.0, 381.0, 793.0, 1683.0, 115.0, 334.0, 316.0, 425.0, 222.0, 834.0, 479.0, 168.0, 78.0, 230.0, 391.0
60, 2013-03-06, Away, MEM, L, W, 7.5, U, 186.5, 0, 1981.0, 2029.0, 752.0, 1603.0, 153.0, 441.0, 324.0, 408.0, 196.0, 816.0, 468.0, 114.0, 87.0, 301.0, 372.0, 806.0, 1697.0, 112.0, 327.0, 305.0, 411.0, 233.0, 838.0, 484.0, 162.0, 76.0, 230.0, 391.0
61, 2013-03-08, Away, SAS, W, W, 11.5, O, 202, 0, 1962.0, 2010.0, 749.0, 1598.0, 151.0, 433.0, 313.0, 404.0, 195.0, 808.0, 468.0, 112.0, 87.0, 291.0, 365.0, 805.0, 1696.0, 110.0, 321.0, 290.0, 397.0, 239.0, 847.0, 478.0, 155.0, 78.0, 225.0, 391.0
62, 2013-03-10, Away, NOH, L, L, -3.5, U, 196, 0, 2003.0, 2018.0, 765.0, 1603.0, 157.0, 430.0, 316.0, 407.0, 193.0, 804.0, 470.0, 115.0, 90.0, 288.0, 365.0, 810.0, 1696.0, 108.0, 321.0, 290.0, 395.0, 235.0, 832.0, 477.0, 154.0, 80.0, 222.0, 390.0
63, 2013-03-12, Home, MEM, L, L, 1.5, O, 186, 0, 1999.0, 2036.0, 758.0, 1601.0, 166.0, 444.0, 317.0, 407.0, 192.0, 792.0, 461.0, 119.0, 87.0, 284.0, 358.0, 820.0, 1702.0, 113.0, 318.0, 283.0, 387.0, 244.0, 846.0, 486.0, 155.0, 82.0, 222.0, 381.0
64, 2013-03-14, Home, NYK, W, W, -6, O, 193, 0, 1995.0, 2038.0, 755.0, 1605.0, 160.0, 435.0, 325.0, 415.0, 197.0, 806.0, 455.0, 115.0, 92.0, 286.0, 362.0, 819.0, 1697.0, 109.0, 313.0, 291.0, 401.0, 238.0, 842.0, 492.0, 159.0, 85.0, 218.0, 383.0
65, 2013-03-16, Home, DET, W, W, -10, O, 199.5, 0, 2017.0, 2032.0, 766.0, 1617.0, 167.0, 448.0, 318.0, 407.0, 197.0, 811.0, 451.0, 114.0, 94.0, 281.0, 365.0, 813.0, 1697.0, 110.0, 321.0, 296.0, 409.0, 241.0, 845.0, 479.0, 161.0, 85.0, 218.0, 381.0
66, 2013-03-18, Away, PHI, L, P, 1, O, 194.5, 0, 2023.0, 2029.0, 768.0, 1617.0, 164.0, 439.0, 323.0, 408.0, 194.0, 810.0, 452.0, 112.0, 93.0, 276.0, 371.0, 811.0, 1689.0, 107.0, 323.0, 300.0, 418.0, 238.0, 838.0, 467.0, 160.0, 86.0, 215.0, 382.0
67, 2013-03-19, Away, MIL, L, L, 5.5, U, 207, 1, 2046.0, 2044.0, 777.0, 1628.0, 169.0, 447.0, 323.0, 406.0, 194.0, 816.0, 463.0, 111.0, 91.0, 274.0, 363.0, 819.0, 1694.0, 108.0, 324.0, 298.0, 414.0, 237.0, 834.0, 479.0, 160.0, 87.0, 215.0, 376.0
68, 2013-03-21, Away, CHI, W, W, 6, P, 188, 0, 2036.0, 2047.0, 775.0, 1636.0, 172.0, 455.0, 314.0, 391.0, 197.0, 807.0, 462.0, 115.0, 86.0, 275.0, 360.0, 822.0, 1691.0, 109.0, 324.0, 294.0, 411.0, 242.0, 840.0, 484.0, 159.0, 93.0, 222.0, 366.0
69, 2013-03-22, Away, ATL, W, W, 7.5, U, 201.5, 1, 2035.0, 2038.0, 775.0, 1650.0, 175.0, 458.0, 310.0, 385.0, 197.0, 813.0, 458.0, 114.0, 83.0, 261.0, 352.0, 821.0, 1695.0, 110.0, 325.0, 286.0, 403.0, 241.0, 852.0, 491.0, 154.0, 95.0, 218.0, 362.0
70, 2013-03-24, Away, OKC, L, L, 11, U, 207, 0, 2040.0, 2026.0, 780.0, 1653.0, 175.0, 446.0, 305.0, 382.0, 200.0, 819.0, 460.0, 116.0, 84.0, 264.0, 348.0, 817.0, 1692.0, 107.0, 329.0, 285.0, 400.0, 236.0, 847.0, 496.0, 157.0, 98.0, 221.0, 360.0
71, 2013-03-27, Home, BRK, L, L, -3.5, O, 195.5, 0, 2020.0, 2011.0, 772.0, 1644.0, 177.0, 446.0, 299.0, 375.0, 192.0, 813.0, 461.0, 119.0, 85.0, 270.0, 352.0, 813.0, 1695.0, 99.0, 314.0, 286.0, 402.0, 238.0, 851.0, 492.0, 164.0, 94.0, 221.0, 355.0
72, 2013-03-29, Home, UTA, L, L, -1.5, O, 197, 0, 2009.0, 2012.0, 766.0, 1643.0, 175.0, 437.0, 302.0, 384.0, 200.0, 815.0, 452.0, 116.0, 87.0, 270.0, 362.0, 812.0, 1697.0, 99.0, 319.0, 289.0, 409.0, 240.0, 855.0, 482.0, 167.0, 92.0, 220.0, 359.0
73, 2013-03-30, Away, GSW, L, L, 9.5, O, 202.5, 1, 2000.0, 2000.0, 760.0, 1637.0, 173.0, 426.0, 307.0, 396.0, 202.0, 825.0, 459.0, 116.0, 88.0, 272.0, 362.0, 812.0, 1709.0, 95.0, 319.0, 281.0, 400.0, 243.0, 865.0, 485.0, 170.0, 89.0, 221.0, 361.0
74, 2013-04-01, Away, UTA, L, W, 10.5, O, 199.5, 0, 2035.0, 2026.0, 769.0, 1649.0, 179.0, 432.0, 318.0, 412.0, 207.0, 828.0, 463.0, 118.0, 80.0, 266.0, 368.0, 818.0, 1709.0, 99.0, 327.0, 291.0, 409.0, 239.0, 865.0, 481.0, 169.0, 91.0, 225.0, 372.0
75, 2013-04-03, Home, MEM, L, L, 7.5, U, 189, 0, 2039.0, 2036.0, 775.0, 1636.0, 186.0, 435.0, 303.0, 397.0, 198.0, 821.0, 470.0, 113.0, 81.0, 268.0, 370.0, 822.0, 1710.0, 105.0, 336.0, 287.0, 407.0, 235.0, 846.0, 477.0, 168.0, 92.0, 214.0, 361.0
76, 2013-04-05, Home, HOU, L, L, 5.5, O, 210, 0, 2008.0, 2019.0, 762.0, 1622.0, 182.0, 444.0, 302.0, 395.0, 199.0, 809.0, 466.0, 109.0, 81.0, 270.0, 364.0, 816.0, 1692.0, 103.0, 330.0, 284.0, 401.0, 230.0, 836.0, 486.0, 170.0, 91.0, 210.0, 365.0
77, 2013-04-07, Home, DAL, L, L, 3.5, U, 206.5, 0, 2014.0, 2049.0, 765.0, 1634.0, 177.0, 443.0, 307.0, 400.0, 202.0, 806.0, 468.0, 113.0, 81.0, 267.0, 369.0, 819.0, 1683.0, 113.0, 345.0, 298.0, 421.0, 234.0, 844.0, 494.0, 169.0, 93.0, 213.0, 365.0
78, 2013-04-10, Home, LAL, L, L, 6.5, O, 202, 0, 1996.0, 2034.0, 764.0, 1629.0, 171.0, 440.0, 297.0, 389.0, 195.0, 806.0, 465.0, 112.0, 80.0, 262.0, 361.0, 816.0, 1686.0, 113.0, 344.0, 289.0, 402.0, 234.0, 850.0, 493.0, 162.0, 94.0, 210.0, 352.0
79, 2013-04-12, Home, OKC, L, L, 9.5, U, 206, 0, 1993.0, 2053.0, 758.0, 1624.0, 176.0, 446.0, 301.0, 387.0, 187.0, 782.0, 457.0, 118.0, 73.0, 259.0, 355.0, 825.0, 1672.0, 118.0, 351.0, 285.0, 390.0, 226.0, 842.0, 493.0, 161.0, 98.0, 217.0, 352.0
80, 2013-04-14, Away, DEN, L, W, 15, O, 208.5, 0, 1961.0, 2054.0, 745.0, 1630.0, 170.0, 442.0, 301.0, 388.0, 186.0, 777.0, 448.0, 119.0, 65.0, 259.0, 354.0, 820.0, 1652.0, 126.0, 363.0, 288.0, 393.0, 212.0, 838.0, 488.0, 164.0, 105.0, 222.0, 353.0
81, 2013-04-16, Away, LAC, L, L, 15.5, U, 203, 0, 1985.0, 2081.0, 752.0, 1636.0, 176.0, 454.0, 305.0, 386.0, 191.0, 776.0, 455.0, 118.0, 64.0, 271.0, 357.0, 825.0, 1646.0, 130.0, 373.0, 301.0, 402.0, 205.0, 825.0, 498.0, 174.0, 106.0, 234.0, 353.0
82, 2013-04-17, Home, GSW, L, L, 8.5, U, 208, 1, 1926.0, 2068.0, 729.0, 1623.0, 170.0, 454.0, 298.0, 380.0, 188.0, 771.0, 446.0, 116.0, 58.0, 275.0, 356.0, 818.0, 1641.0, 131.0, 381.0, 301.0, 402.0, 212.0, 847.0, 506.0, 179.0, 107.0, 236.0, 348.0
