5, 2012-11-11, Away, LAC, L, L, 6.5, U, 195, 0, 0, 96.0, 96.25, 38.25, 84.0, 7.75, 23.5, 11.75, 16.25, 10.75, 40.25, 21.75, 9.0, 3.25, 13.25, 19.25, 35.75, 80.5, 8.0, 25.0, 16.75, 19.0, 12.25, 43.0, 22.25, 7.5, 5.0, 17.5, 18.75, 105.0, 99.0, 39.0, 76.0, 7.0, 19.0, 20.0, 25.5, 8.75, 40.25, 23.5, 8.75, 7.25, 17.25, 24.0, 35.75, 81.0, 8.25, 22.0, 19.25, 28.75, 12.25, 37.75, 22.5, 9.0, 3.0, 15.75, 21.25
6, 2012-11-12, Away, POR, W, W, 2.5, U, 193.5, 0, 1, 89.5, 91.25, 35.75, 80.75, 8.25, 24.25, 9.75, 16.0, 11.5, 41.5, 21.0, 6.75, 4.5, 15.5, 15.75, 35.75, 78.5, 7.25, 21.25, 12.5, 13.75, 8.5, 38.0, 22.0, 8.5, 6.0, 15.5, 19.75, 96.25, 103.5, 37.25, 87.5, 8.0, 22.0, 13.75, 19.75, 13.5, 42.25, 20.75, 10.0, 5.0, 14.25, 19.0, 40.75, 80.25, 6.25, 19.25, 15.75, 21.75, 8.5, 43.25, 22.0, 10.5, 4.25, 15.25, 18.25
7, 2012-11-14, Away, GSW, L, L, 1, U, 192.5, 0, 0, 87.25, 89.25, 34.25, 79.75, 8.0, 22.5, 10.75, 16.5, 10.0, 42.25, 21.0, 7.25, 5.25, 17.0, 16.25, 35.0, 81.5, 6.5, 21.5, 12.75, 14.75, 10.75, 40.5, 19.0, 10.75, 5.25, 15.5, 19.25, 94.0, 99.5, 35.25, 86.0, 6.75, 22.25, 16.75, 23.5, 10.0, 45.75, 21.0, 8.0, 3.5, 15.25, 22.5, 38.0, 92.5, 7.0, 25.75, 16.5, 24.75, 15.0, 51.25, 21.25, 8.0, 5.25, 15.0, 21.5
8, 2012-11-16, Away, SAC, W, W, -2, O, 188.5, 0, 0, 87.0, 90.75, 33.25, 77.5, 8.0, 22.75, 12.5, 18.0, 7.0, 36.75, 20.25, 8.0, 5.5, 15.75, 17.0, 34.5, 78.0, 5.75, 19.5, 16.0, 18.75, 10.5, 41.25, 20.25, 10.0, 3.75, 17.5, 21.25, 91.75, 101.5, 36.0, 85.0, 4.5, 16.5, 15.25, 20.75, 13.25, 39.25, 18.0, 9.0, 3.75, 12.0, 20.75, 35.5, 74.5, 8.75, 23.0, 21.75, 27.25, 11.5, 43.75, 23.25, 6.75, 6.75, 17.25, 17.5
9, 2012-11-19, Home, ORL, W, L, -10.5, U, 186, 1, 0, 92.75, 91.0, 35.25, 76.25, 7.75, 20.25, 14.5, 20.75, 7.75, 38.25, 21.25, 9.0, 5.5, 16.25, 16.5, 35.0, 80.25, 6.0, 19.0, 15.0, 18.25, 11.0, 41.5, 21.0, 10.75, 3.25, 17.5, 21.25, 89.75, 96.0, 35.75, 82.0, 4.25, 14.25, 14.0, 18.25, 10.5, 42.0, 23.75, 5.5, 3.25, 15.0, 17.5, 38.0, 81.0, 6.25, 18.5, 13.75, 19.75, 8.5, 39.0, 19.5, 8.0, 4.75, 12.0, 17.5
10, 2012-11-21, Home, WAS, W, L, -9.5, O, 185.5, 0, 0, 94.0, 86.75, 36.25, 80.5, 6.75, 20.25, 14.75, 20.0, 8.0, 40.0, 20.75, 11.25, 4.25, 14.0, 18.0, 33.25, 80.25, 5.25, 17.75, 15.0, 19.75, 11.75, 45.75, 20.0, 9.25, 3.0, 19.0, 20.5, 85.5, 94.5, 31.5, 84.25, 6.75, 22.75, 15.75, 21.5, 14.25, 41.0, 18.25, 8.25, 5.5, 14.5, 23.75, 33.75, 77.0, 2.75, 13.0, 24.25, 30.25, 15.25, 49.0, 18.75, 6.5, 6.75, 15.5, 18.75
11, 2012-11-23, Away, CHA, W, W, -3.5, O, 190.5, 0, 0, 95.5, 90.0, 37.5, 83.75, 7.25, 22.0, 13.25, 19.75, 9.0, 39.0, 23.25, 10.75, 4.5, 13.25, 18.75, 35.25, 81.75, 5.5, 17.0, 14.0, 19.25, 12.5, 48.5, 21.25, 8.0, 3.0, 19.0, 22.5, 94.0, 94.0, 35.5, 84.25, 3.5, 14.75, 19.5, 25.0, 11.0, 42.5, 18.75, 8.0, 7.75, 14.75, 21.5, 35.75, 83.5, 4.5, 18.0, 18.0, 25.5, 12.25, 43.0, 21.5, 6.75, 9.5, 14.75, 22.25
12, 2012-11-24, Home, LAC, W, W, 2, O, 188.5, 1, 1, 98.75, 89.75, 39.5, 83.75, 8.25, 21.75, 11.5, 18.75, 9.5, 42.0, 25.25, 9.5, 7.25, 15.5, 18.75, 34.75, 84.75, 6.25, 18.0, 14.0, 19.5, 11.75, 46.5, 19.75, 10.25, 5.0, 16.5, 20.75, 95.0, 92.5, 36.5, 81.25, 4.25, 16.25, 17.75, 26.0, 15.25, 45.75, 17.0, 10.25, 7.25, 15.25, 22.25, 32.25, 80.75, 6.0, 17.5, 22.0, 27.0, 14.25, 41.5, 18.25, 8.0, 3.75, 15.5, 21.25
13, 2012-11-28, Home, CHA, W, L, -9, U, 193, 0, 0, 96.75, 89.0, 38.5, 83.5, 8.0, 22.25, 11.75, 18.5, 9.0, 41.25, 25.75, 8.75, 6.5, 16.25, 19.75, 33.0, 82.25, 6.25, 17.75, 16.75, 22.25, 11.0, 46.5, 18.25, 10.75, 5.75, 16.5, 20.75, 91.5, 104.5, 31.0, 82.75, 7.25, 22.75, 22.25, 28.0, 8.0, 37.5, 17.5, 11.0, 6.75, 13.25, 22.0, 38.25, 82.25, 9.75, 24.75, 18.25, 24.0, 10.75, 46.0, 26.0, 6.25, 8.75, 17.0, 23.0
14, 2012-11-30, Home, CLE, L, L, -8.5, O, 189, 0, 0, 100.0, 93.75, 39.0, 83.75, 9.75, 24.0, 12.25, 19.0, 10.0, 40.25, 28.25, 8.0, 7.75, 15.25, 19.75, 32.75, 80.75, 8.75, 21.25, 19.5, 24.5, 10.5, 44.0, 18.5, 10.75, 6.25, 15.75, 21.25, 92.0, 98.25, 33.25, 81.5, 7.0, 22.0, 18.5, 25.0, 13.75, 39.0, 18.25, 9.0, 2.5, 14.25, 24.25, 36.5, 74.75, 7.5, 17.0, 17.75, 23.25, 9.5, 36.75, 20.0, 7.0, 5.25, 16.25, 22.25
15, 2012-12-05, Home, DEN, W, W, -2, O, 199.5, 0, 0, 102.5, 97.0, 38.5, 80.25, 10.5, 22.75, 15.0, 21.75, 10.0, 38.0, 27.0, 8.0, 7.75, 15.0, 18.0, 33.5, 79.75, 9.5, 22.0, 20.5, 24.0, 10.25, 41.75, 18.75, 10.75, 5.5, 15.25, 20.75, 106.0, 110.75, 39.5, 82.0, 7.25, 18.5, 19.75, 30.25, 14.75, 42.25, 23.5, 8.5, 5.0, 16.0, 20.25, 42.25, 84.25, 10.5, 25.25, 15.75, 20.75, 11.5, 39.25, 25.0, 9.75, 6.5, 14.75, 26.0
16, 2012-12-07, Home, WAS, W, P, -9, O, 191.5, 0, 0, 104.25, 100.25, 38.5, 84.5, 9.75, 22.75, 17.5, 23.0, 13.0, 39.5, 25.75, 9.75, 5.25, 13.25, 18.25, 35.25, 78.75, 9.25, 20.75, 20.5, 23.75, 11.25, 42.75, 20.5, 9.25, 4.25, 17.0, 23.25, 92.0, 102.25, 35.25, 79.5, 5.25, 15.75, 16.25, 21.5, 11.0, 42.0, 18.5, 7.25, 2.75, 13.25, 16.25, 39.75, 84.0, 10.75, 27.75, 12.0, 17.25, 10.75, 40.75, 24.25, 6.75, 2.75, 11.5, 18.75
17, 2012-12-08, Away, MEM, W, W, 7, U, 189, 1, 1, 104.25, 100.75, 39.25, 87.0, 10.5, 25.0, 15.25, 21.25, 14.75, 41.5, 25.0, 10.25, 5.0, 12.25, 18.5, 36.25, 79.75, 9.0, 20.0, 19.25, 22.5, 11.25, 41.5, 21.25, 7.5, 4.5, 16.25, 22.0, 97.25, 91.0, 36.5, 85.25, 5.0, 15.75, 19.25, 24.0, 13.75, 46.75, 20.25, 10.25, 6.0, 16.5, 21.25, 35.0, 79.5, 6.25, 18.75, 14.75, 19.5, 9.5, 38.75, 20.0, 10.0, 5.75, 16.5, 21.0
18, 2012-12-10, Away, MIA, L, L, 6.5, U, 198, 0, 0, 104.0, 98.75, 38.75, 83.75, 9.25, 21.25, 17.25, 23.75, 14.5, 41.5, 23.0, 10.5, 3.5, 13.5, 18.0, 37.0, 80.0, 7.5, 18.0, 17.25, 21.25, 11.75, 40.25, 20.5, 8.0, 4.0, 16.25, 21.5, 100.25, 99.0, 38.25, 78.0, 7.0, 18.75, 16.75, 21.75, 7.25, 38.5, 21.75, 9.25, 4.0, 13.0, 21.0, 36.75, 80.75, 9.75, 27.25, 15.75, 22.0, 9.25, 40.5, 21.75, 6.75, 3.5, 13.0, 19.25
19, 2012-12-12, Away, ORL, W, W, -5, U, 189.5, 0, 0, 99.25, 95.75, 37.25, 83.0, 8.5, 23.25, 16.25, 20.75, 14.0, 42.5, 20.75, 9.5, 2.5, 14.0, 17.5, 36.5, 75.5, 7.25, 17.5, 15.5, 21.25, 7.75, 36.0, 21.0, 8.5, 4.0, 15.25, 19.75, 90.75, 90.5, 36.0, 81.5, 4.5, 17.0, 14.25, 18.0, 9.75, 43.25, 23.0, 6.75, 3.5, 15.25, 19.5, 34.25, 78.75, 4.25, 17.0, 17.75, 22.75, 8.0, 40.25, 20.5, 8.25, 4.5, 13.75, 18.5
20, 2012-12-13, Home, CHA, W, W, -10, O, 191, 1, 1, 93.75, 89.75, 35.5, 79.25, 8.0, 23.25, 14.75, 20.0, 11.25, 41.5, 18.75, 9.0, 2.75, 14.0, 15.5, 34.75, 76.0, 7.25, 18.75, 13.0, 17.75, 7.5, 35.75, 19.25, 8.25, 3.75, 14.0, 17.0, 96.25, 111.0, 34.75, 81.25, 5.75, 17.5, 21.0, 29.75, 11.25, 39.5, 18.75, 6.25, 7.0, 12.25, 20.75, 40.75, 88.25, 10.5, 22.75, 19.0, 23.75, 15.75, 49.5, 28.0, 6.75, 8.5, 12.0, 20.25
21, 2012-12-15, Home, GSW, L, L, -6.5, O, 196.5, 1, 0, 96.0, 88.5, 36.0, 76.75, 9.0, 24.0, 15.0, 21.0, 9.25, 40.0, 20.0, 9.25, 3.25, 13.75, 14.25, 34.25, 76.0, 7.0, 20.0, 13.0, 17.75, 7.75, 35.5, 19.25, 8.25, 3.0, 14.75, 17.25, 96.75, 96.75, 36.25, 84.75, 8.25, 21.5, 16.0, 18.75, 12.75, 48.25, 22.25, 6.75, 3.25, 15.0, 17.75, 36.75, 84.0, 8.5, 23.5, 14.75, 20.25, 9.5, 41.75, 22.0, 7.75, 7.0, 13.75, 17.0
22, 2012-12-18, Away, WAS, W, L, -7, O, 187, 0, 0, 96.0, 96.5, 35.25, 78.5, 8.5, 26.25, 17.0, 23.75, 8.25, 40.25, 20.25, 8.25, 3.25, 13.0, 14.0, 38.25, 81.5, 8.0, 22.0, 12.0, 15.25, 7.5, 39.0, 23.5, 8.75, 2.5, 13.5, 18.75, 84.5, 93.25, 31.25, 81.5, 6.75, 21.25, 15.25, 19.5, 10.75, 45.75, 16.75, 6.75, 4.5, 16.75, 21.0, 34.25, 79.25, 7.25, 24.0, 17.5, 25.25, 10.5, 47.25, 19.0, 8.25, 6.25, 14.5, 20.5
23, 2012-12-19, Home, OKC, L, L, 5.5, U, 200, 0, 1, 98.0, 95.0, 35.75, 79.25, 8.5, 25.25, 18.0, 27.25, 8.5, 44.5, 21.25, 8.75, 5.25, 13.25, 15.0, 37.5, 88.5, 7.25, 21.25, 12.75, 15.25, 10.75, 43.25, 24.75, 8.75, 3.5, 13.25, 20.25, 104.0, 94.25, 36.75, 78.75, 5.75, 17.25, 24.75, 28.5, 11.5, 43.75, 21.5, 8.0, 6.5, 12.25, 19.75, 35.25, 79.75, 7.0, 19.5, 16.75, 20.25, 9.5, 35.75, 18.5, 7.75, 5.0, 11.75, 21.0
24, 2012-12-21, Away, PHI, L, L, -2, U, 188, 0, 0, 99.5, 100.0, 36.0, 82.75, 9.25, 25.75, 18.25, 27.5, 10.0, 44.75, 22.5, 8.75, 5.25, 12.5, 17.0, 38.75, 89.25, 7.75, 22.0, 14.75, 17.5, 11.5, 46.5, 25.5, 8.5, 5.75, 13.25, 20.75, 96.5, 109.5, 38.25, 84.75, 8.0, 22.25, 12.0, 16.5, 11.75, 38.0, 21.75, 5.75, 4.0, 13.25, 19.75, 38.75, 76.0, 9.25, 21.5, 22.75, 29.0, 9.5, 41.25, 22.25, 7.5, 5.25, 12.75, 15.75
25, 2012-12-22, Home, CHI, W, W, -4, U, 184.5, 1, 1, 91.25, 102.25, 33.0, 83.75, 8.0, 24.75, 17.25, 24.75, 11.5, 43.75, 20.5, 8.5, 5.25, 13.5, 17.25, 41.25, 91.0, 8.25, 21.5, 11.5, 14.25, 13.25, 50.0, 27.75, 9.25, 6.5, 12.75, 19.0, 91.0, 89.25, 33.75, 76.75, 4.25, 12.0, 19.25, 24.0, 10.25, 41.5, 21.25, 7.75, 5.25, 14.25, 19.5, 33.0, 81.75, 6.5, 16.5, 16.75, 21.25, 13.25, 41.75, 15.75, 8.5, 4.5, 13.75, 20.0
26, 2012-12-26, Home, DET, W, L, -7.5, O, 187, 0, 0, 91.0, 92.25, 34.75, 82.0, 8.5, 23.0, 13.0, 18.25, 12.0, 43.75, 21.25, 8.75, 5.5, 14.75, 15.75, 37.0, 85.25, 7.0, 19.0, 11.25, 14.25, 12.25, 44.25, 24.75, 9.25, 6.5, 13.75, 16.25, 90.75, 85.0, 34.5, 83.25, 7.0, 18.75, 14.75, 22.5, 16.25, 48.5, 19.0, 4.75, 6.25, 13.5, 19.75, 31.75, 78.0, 5.25, 21.0, 16.25, 21.0, 10.75, 41.0, 20.0, 6.25, 4.5, 10.0, 19.25
27, 2012-12-28, Away, CLE, W, W, -5, O, 189.5, 0, 0, 97.5, 98.25, 37.75, 87.0, 9.0, 25.25, 13.0, 17.5, 11.75, 43.25, 25.0, 9.0, 4.75, 13.5, 15.25, 40.0, 88.75, 9.0, 21.25, 9.25, 12.5, 13.75, 47.5, 23.0, 8.0, 6.0, 14.75, 16.0, 90.25, 92.0, 34.25, 84.5, 6.25, 19.5, 15.5, 21.5, 10.5, 39.25, 17.75, 6.75, 3.5, 11.75, 21.5, 35.5, 74.25, 5.5, 17.75, 15.5, 22.25, 8.5, 42.75, 21.5, 6.75, 6.25, 16.25, 20.25
28, 2012-12-29, Home, IND, W, W, -2.5, O, 182, 1, 1, 100.0, 96.75, 38.25, 83.0, 10.0, 25.25, 13.5, 17.25, 10.25, 43.0, 26.5, 8.25, 6.0, 14.25, 14.25, 40.0, 89.25, 8.75, 20.25, 8.0, 11.0, 13.0, 44.5, 22.75, 8.75, 4.0, 13.75, 16.0, 95.25, 84.75, 36.75, 78.5, 6.5, 16.25, 15.25, 22.5, 11.5, 43.25, 21.0, 6.75, 6.25, 15.25, 22.5, 33.75, 82.5, 3.25, 14.0, 14.0, 18.5, 11.75, 40.75, 19.0, 5.75, 6.0, 13.5, 23.75
29, 2012-12-31, Away, HOU, L, L, 5, O, 206, 0, 0, 107.25, 97.0, 41.5, 83.25, 10.25, 24.0, 14.0, 17.75, 9.5, 42.75, 28.0, 8.5, 5.75, 14.0, 16.25, 38.5, 87.75, 8.0, 19.25, 12.0, 14.75, 12.0, 42.25, 20.0, 8.0, 4.5, 13.25, 17.0, 104.25, 106.75, 39.25, 83.0, 9.0, 28.25, 16.75, 23.0, 8.75, 41.75, 22.25, 9.75, 2.5, 18.5, 20.25, 39.5, 84.5, 9.5, 25.0, 18.25, 21.0, 8.75, 42.0, 20.75, 11.5, 5.25, 16.25, 17.5
30, 2013-01-01, Away, NOH, W, W, -2, U, 185, 0, 1, 110.25, 109.0, 42.75, 86.5, 11.5, 25.0, 13.25, 17.0, 7.5, 40.5, 28.0, 8.25, 6.25, 13.5, 18.0, 41.75, 89.75, 10.75, 23.0, 14.75, 18.25, 11.5, 44.5, 22.5, 8.0, 5.0, 11.75, 16.25, 91.75, 93.5, 35.75, 80.5, 5.5, 15.0, 14.75, 18.5, 11.75, 41.75, 21.0, 6.75, 8.0, 12.75, 21.0, 36.25, 80.0, 6.0, 20.25, 15.0, 20.75, 11.25, 41.25, 24.0, 7.0, 7.0, 12.25, 19.25
31, 2013-01-04, Away, DET, L, L, -1.5, U, 190.5, 0, 0, 102.5, 100.75, 41.5, 82.75, 11.0, 22.25, 8.5, 11.25, 7.75, 38.5, 26.75, 7.25, 6.5, 12.25, 16.25, 38.75, 83.0, 9.75, 21.25, 13.5, 17.5, 9.75, 40.75, 22.25, 7.5, 5.0, 10.75, 14.75, 106.75, 104.0, 42.25, 85.0, 10.0, 21.0, 12.25, 17.25, 14.25, 47.75, 20.0, 5.75, 5.0, 16.0, 17.75, 39.25, 84.5, 9.75, 27.75, 15.75, 21.25, 11.0, 38.0, 22.75, 8.5, 4.75, 12.25, 18.0
32, 2013-01-05, Home, BOS, L, L, -5.5, U, 187, 1, 1, 98.0, 98.5, 39.75, 82.0, 10.25, 23.5, 8.25, 12.25, 7.25, 37.25, 26.5, 7.0, 4.75, 13.0, 17.5, 38.5, 82.75, 8.5, 19.75, 13.0, 19.25, 11.5, 44.75, 22.0, 6.75, 6.25, 11.25, 15.0, 89.0, 96.75, 34.75, 83.0, 6.0, 18.75, 13.5, 18.5, 9.5, 37.25, 21.75, 8.5, 3.75, 12.25, 22.0, 35.75, 77.75, 8.5, 18.5, 16.75, 22.75, 9.75, 44.25, 21.5, 8.0, 7.0, 15.5, 18.75
33, 2013-01-08, Away, MIN, L, L, 1, O, 188.5, 0, 0, 91.0, 95.75, 35.75, 79.0, 10.25, 25.75, 9.25, 13.5, 6.75, 37.25, 24.5, 7.0, 5.25, 13.5, 16.5, 38.75, 84.0, 8.0, 20.0, 10.25, 16.75, 12.75, 46.75, 23.75, 8.0, 5.75, 11.75, 15.0, 98.25, 103.0, 37.25, 86.75, 4.5, 16.75, 19.25, 26.0, 15.75, 49.0, 21.75, 4.0, 6.5, 11.75, 15.5, 41.25, 89.0, 7.0, 18.75, 13.5, 19.0, 12.0, 43.25, 25.75, 7.0, 9.0, 9.0, 24.25
34, 2013-01-09, Away, CLE, L, L, -4, U, 193.5, 0, 1, 90.75, 92.0, 34.5, 75.75, 9.75, 25.5, 12.0, 17.0, 8.25, 39.25, 23.75, 6.75, 5.25, 13.75, 18.25, 37.5, 84.75, 6.0, 16.5, 11.0, 17.75, 15.0, 47.5, 23.5, 7.75, 5.25, 11.75, 16.25, 99.0, 107.75, 35.5, 83.5, 6.5, 18.5, 21.5, 26.0, 12.25, 41.25, 20.25, 7.5, 5.5, 13.75, 22.75, 39.0, 82.75, 8.25, 20.25, 21.5, 27.75, 12.75, 44.75, 26.0, 8.5, 5.5, 15.25, 21.75
35, 2013-01-11, Home, UTA, W, W, -4.5, O, 193, 0, 0, 87.75, 95.25, 33.5, 76.0, 9.25, 25.5, 11.5, 16.25, 8.75, 41.0, 21.0, 6.0, 5.25, 15.75, 19.75, 37.75, 84.5, 6.5, 17.25, 13.25, 19.75, 14.5, 47.0, 24.75, 9.5, 4.75, 11.0, 15.25, 97.5, 96.5, 35.75, 81.75, 7.5, 18.75, 18.5, 25.25, 10.75, 41.75, 24.25, 10.5, 7.0, 13.75, 22.0, 37.5, 80.0, 4.5, 13.25, 17.0, 23.0, 9.75, 43.25, 22.25, 6.0, 7.25, 16.0, 21.5
36, 2013-01-12, Away, WAS, L, L, -3, U, 189.5, 0, 1, 92.5, 97.75, 35.75, 75.25, 9.0, 23.0, 12.0, 17.0, 8.25, 39.75, 20.5, 6.75, 5.5, 14.75, 19.25, 38.0, 82.25, 7.75, 18.5, 14.0, 19.25, 12.0, 41.75, 27.5, 9.75, 3.5, 11.75, 16.5, 91.5, 100.5, 36.25, 85.5, 7.0, 17.5, 12.0, 18.25, 9.5, 41.5, 22.75, 8.5, 4.25, 14.25, 21.5, 35.5, 82.0, 6.75, 21.5, 22.75, 28.25, 11.5, 49.0, 20.0, 7.75, 5.75, 14.0, 17.0
37, 2013-01-14, Away, CHI, L, L, 4.5, U, 183, 0, 0, 93.0, 98.75, 36.25, 77.75, 8.25, 21.75, 12.25, 18.5, 7.75, 40.25, 21.75, 6.75, 5.5, 14.25, 19.5, 37.25, 80.75, 7.5, 17.25, 16.75, 23.0, 11.0, 43.5, 25.0, 9.25, 3.5, 13.0, 19.5, 100.75, 98.5, 38.5, 83.25, 5.25, 11.5, 18.5, 24.75, 14.0, 43.25, 25.25, 8.25, 5.75, 15.75, 20.0, 36.25, 81.25, 8.5, 18.0, 17.5, 23.0, 12.25, 41.5, 20.0, 8.75, 8.5, 15.25, 22.5
38, 2013-01-16, Home, BRK, W, W, -3, O, 187.5, 1, 0, 81.75, 96.0, 32.75, 79.0, 6.25, 19.75, 10.0, 15.75, 8.0, 39.0, 20.25, 6.75, 5.5, 14.0, 19.75, 35.5, 78.75, 7.0, 17.0, 18.0, 24.75, 11.5, 47.5, 22.25, 8.5, 6.0, 14.0, 19.5, 104.5, 90.0, 36.75, 80.0, 7.5, 18.0, 23.5, 28.25, 13.5, 43.75, 20.0, 8.0, 2.75, 10.75, 16.5, 36.0, 80.75, 6.75, 17.0, 11.25, 15.25, 10.5, 37.75, 20.75, 4.75, 4.5, 13.25, 22.0
39, 2013-01-18, Away, BRK, L, W, 6.5, U, 190, 0, 0, 88.25, 95.0, 34.75, 77.5, 6.5, 19.5, 12.25, 18.75, 9.25, 37.75, 23.75, 7.75, 4.25, 14.75, 20.0, 35.5, 80.25, 5.0, 17.75, 19.0, 24.0, 13.0, 45.5, 20.25, 8.25, 5.75, 14.75, 21.0, 101.0, 95.0, 36.0, 81.0, 6.0, 18.5, 23.0, 27.0, 14.25, 40.5, 17.5, 8.0, 2.75, 10.25, 17.5, 37.75, 80.5, 7.0, 18.0, 12.5, 17.0, 12.75, 40.0, 23.0, 6.0, 4.25, 14.0, 22.5
40, 2013-01-19, Home, SAS, L, L, 3.5, U, 194, 1, 1, 84.75, 94.75, 33.5, 79.5, 6.5, 20.0, 11.25, 16.5, 9.5, 38.25, 23.25, 6.75, 3.75, 15.25, 22.0, 34.0, 79.75, 5.25, 19.25, 21.5, 28.75, 14.0, 48.75, 17.5, 8.0, 5.25, 15.25, 21.0, 100.5, 89.75, 40.0, 78.0, 8.0, 21.5, 12.5, 15.75, 6.25, 39.25, 27.0, 6.75, 7.5, 14.5, 18.5, 34.5, 81.75, 3.0, 13.25, 17.75, 21.5, 9.0, 36.75, 19.0, 7.5, 3.5, 12.25, 17.0
41, 2013-01-21, Home, MIN, W, P, -8, O, 184.5, 0, 0, 87.25, 96.0, 34.75, 81.25, 6.75, 19.25, 11.0, 15.75, 11.25, 41.25, 22.5, 5.25, 3.25, 15.0, 20.5, 35.25, 81.5, 6.75, 22.5, 18.75, 24.75, 12.25, 45.75, 18.5, 7.75, 5.25, 13.0, 18.0, 88.75, 97.0, 32.0, 80.5, 4.25, 17.25, 20.5, 27.0, 14.0, 40.5, 18.75, 7.25, 4.0, 14.25, 15.25, 37.75, 78.0, 6.75, 19.5, 14.75, 19.5, 10.75, 41.75, 24.0, 8.5, 5.25, 16.0, 22.75
42, 2013-01-23, Away, CHA, W, W, -2.5, O, 191, 0, 0, 98.75, 95.75, 39.0, 78.5, 8.75, 19.75, 12.0, 18.5, 10.25, 39.5, 26.75, 6.75, 3.0, 17.0, 20.25, 36.0, 80.25, 6.5, 22.5, 17.25, 23.0, 11.0, 38.5, 20.0, 9.25, 3.5, 14.0, 19.25, 92.25, 100.0, 31.75, 76.0, 4.5, 12.75, 24.25, 32.5, 8.25, 38.0, 16.5, 6.5, 7.0, 11.0, 23.0, 34.75, 80.25, 8.5, 25.0, 22.0, 27.75, 12.25, 45.5, 22.25, 5.25, 4.25, 13.5, 25.5
43, 2013-01-25, Home, BOS, W, W, -5.5, O, 185, 1, 0, 97.5, 95.0, 38.5, 80.75, 9.75, 20.75, 10.75, 17.25, 9.5, 40.5, 26.25, 6.5, 4.0, 17.0, 21.25, 34.5, 77.5, 7.0, 19.75, 19.0, 26.0, 9.25, 39.5, 20.25, 9.75, 5.0, 15.25, 18.25, 90.75, 96.75, 33.5, 83.5, 4.25, 16.0, 19.5, 25.75, 11.25, 44.5, 19.75, 8.5, 4.5, 14.25, 25.5, 35.25, 79.5, 6.0, 18.5, 20.25, 26.25, 9.75, 45.25, 21.25, 6.75, 5.0, 16.0, 22.5
44, 2013-01-27, Away, NYK, L, W, 5.5, O, 194, 1, 0, 106.0, 99.25, 40.25, 84.25, 10.5, 24.5, 15.0, 22.75, 11.25, 44.0, 28.5, 7.5, 4.75, 16.25, 20.0, 37.5, 82.25, 6.5, 18.0, 17.75, 21.5, 9.0, 39.5, 22.75, 9.75, 4.75, 16.0, 20.25, 89.0, 89.5, 31.75, 80.0, 7.25, 26.75, 18.25, 22.75, 10.75, 44.25, 15.0, 8.25, 4.0, 11.75, 20.5, 33.75, 76.0, 6.75, 19.5, 15.25, 23.0, 8.5, 42.0, 19.75, 5.5, 4.0, 14.25, 22.0
45, 2013-01-30, Home, TOR, W, L, -7, U, 196.5, 0, 0, 108.75, 101.25, 41.25, 79.25, 11.0, 25.0, 15.25, 22.25, 9.75, 39.0, 28.75, 8.75, 4.75, 17.25, 21.75, 37.0, 78.75, 8.5, 18.75, 18.75, 23.0, 9.25, 36.25, 23.0, 9.25, 4.5, 17.5, 20.75, 103.25, 107.75, 40.25, 83.75, 7.25, 20.75, 15.5, 19.5, 9.0, 35.5, 25.25, 6.0, 4.0, 10.75, 22.75, 40.75, 81.75, 7.25, 16.5, 19.0, 25.0, 12.25, 45.5, 20.5, 5.75, 4.75, 13.5, 18.5
46, 2013-02-02, Home, CHI, L, L, -7, U, 182, 1, 0, 106.0, 100.25, 40.0, 80.25, 11.0, 27.5, 15.0, 21.5, 8.75, 40.0, 27.25, 8.5, 5.5, 16.0, 20.5, 36.25, 81.5, 9.5, 20.75, 18.25, 22.25, 10.5, 41.75, 21.0, 7.75, 4.25, 17.5, 20.0, 89.75, 88.0, 35.75, 79.5, 4.0, 15.0, 14.25, 18.0, 12.0, 40.75, 22.75, 7.25, 7.0, 12.75, 18.75, 34.75, 79.25, 5.0, 11.75, 13.5, 19.75, 11.5, 41.0, 17.0, 4.75, 4.5, 12.75, 17.75
47, 2013-02-05, Away, IND, L, L, 6, O, 184, 1, 0, 99.0, 100.5, 37.0, 78.25, 9.5, 26.0, 15.5, 22.25, 8.5, 40.0, 23.75, 7.5, 5.75, 15.5, 18.0, 38.0, 85.75, 10.0, 22.0, 14.5, 18.25, 12.25, 44.75, 23.0, 8.0, 3.5, 14.75, 19.75, 103.0, 92.75, 38.25, 77.5, 7.75, 17.0, 18.75, 24.0, 13.0, 45.0, 22.5, 6.25, 5.0, 15.75, 21.5, 35.25, 81.0, 4.75, 15.5, 17.5, 25.75, 10.75, 36.25, 18.25, 8.0, 6.5, 12.0, 21.75
48, 2013-02-06, Home, MEM, W, W, 2, O, 182, 1, 1, 94.0, 101.25, 35.5, 75.0, 8.5, 22.25, 14.5, 20.25, 6.75, 37.5, 22.5, 6.25, 5.0, 16.5, 21.0, 36.5, 81.25, 11.0, 23.5, 17.25, 23.25, 11.0, 42.0, 23.0, 7.75, 5.25, 12.5, 18.75, 91.75, 94.5, 36.25, 82.75, 4.5, 13.5, 14.75, 18.0, 14.0, 41.5, 20.5, 8.5, 3.0, 16.0, 17.5, 39.0, 77.75, 4.5, 13.25, 12.0, 14.75, 7.0, 35.25, 22.0, 8.5, 4.25, 15.25, 18.5
49, 2013-02-08, Home, NOH, L, L, -5, O, 193, 0, 0, 93.75, 97.75, 35.25, 77.25, 8.5, 22.5, 14.75, 21.0, 6.5, 41.5, 24.25, 5.5, 5.75, 15.0, 19.75, 36.25, 84.25, 8.25, 19.75, 17.0, 23.0, 11.75, 45.0, 24.5, 7.75, 5.5, 11.0, 19.25, 94.0, 104.0, 35.5, 73.75, 4.75, 15.75, 18.25, 24.75, 8.25, 35.0, 20.0, 7.75, 6.5, 16.75, 23.5, 39.5, 76.75, 4.25, 16.0, 20.75, 28.0, 10.0, 39.0, 25.5, 9.0, 5.0, 13.75, 22.0
50, 2013-02-11, Away, DAL, W, W, 5.5, O, 204.5, 0, 0, 95.5, 102.5, 35.0, 77.0, 9.25, 22.0, 16.25, 22.25, 7.0, 40.75, 25.25, 5.0, 5.25, 15.0, 19.0, 39.25, 84.5, 8.25, 18.25, 15.75, 21.75, 10.75, 43.0, 26.5, 7.25, 5.5, 10.0, 19.5, 105.25, 100.25, 38.75, 84.5, 8.0, 19.25, 19.75, 25.5, 8.75, 45.25, 23.25, 7.75, 7.5, 11.75, 18.75, 37.25, 87.25, 7.5, 21.5, 18.25, 23.75, 11.0, 47.0, 19.25, 7.5, 4.25, 11.25, 21.5
51, 2013-02-13, Away, ORL, W, W, -2.5, U, 200, 0, 0, 102.75, 104.5, 37.25, 76.5, 10.0, 23.75, 18.25, 24.25, 6.0, 41.5, 27.5, 6.0, 4.0, 16.0, 21.0, 39.25, 83.5, 8.5, 18.5, 17.5, 23.5, 8.25, 39.0, 26.25, 6.5, 5.0, 11.0, 21.0, 88.75, 96.75, 37.25, 86.5, 5.0, 17.0, 9.25, 13.25, 12.5, 46.25, 25.0, 4.75, 4.25, 14.75, 16.75, 37.5, 81.0, 6.5, 19.75, 15.25, 20.0, 8.0, 41.0, 24.25, 9.5, 4.75, 11.25, 13.5
52, 2013-02-20, Home, MIA, L, L, 5.5, U, 196, 0, 0, 104.0, 95.0, 38.5, 79.25, 10.5, 27.0, 16.5, 23.0, 9.0, 45.25, 29.0, 6.25, 4.0, 14.25, 15.75, 38.75, 85.25, 6.5, 15.75, 11.0, 15.75, 8.75, 40.0, 23.75, 6.5, 3.5, 11.75, 19.75, 111.25, 97.5, 41.0, 77.5, 10.0, 22.75, 19.25, 23.75, 10.25, 38.0, 21.5, 10.0, 5.25, 11.75, 24.5, 35.0, 73.25, 6.25, 16.25, 21.25, 24.75, 6.25, 31.0, 17.5, 6.5, 3.75, 15.5, 20.5
53, 2013-02-22, Home, SAC, W, W, -8, O, 205, 0, 0, 100.75, 97.75, 38.0, 78.75, 9.75, 27.5, 15.0, 21.25, 8.75, 44.25, 29.0, 6.75, 3.25, 15.75, 16.75, 38.5, 83.75, 7.75, 18.5, 13.0, 18.0, 7.75, 38.75, 22.5, 7.75, 2.75, 12.5, 18.75, 105.0, 112.5, 36.75, 85.75, 7.0, 19.25, 24.5, 29.0, 12.25, 42.0, 20.0, 9.25, 2.0, 13.75, 22.5, 40.75, 82.75, 9.75, 27.5, 21.25, 25.5, 10.75, 44.75, 25.5, 8.0, 7.25, 15.75, 22.75
54, 2013-02-23, Away, MIL, W, W, 4.5, P, 205, 0, 1, 106.25, 97.0, 41.5, 83.25, 9.5, 28.25, 13.75, 20.25, 10.0, 47.25, 29.75, 6.5, 4.0, 13.0, 19.25, 36.75, 84.25, 8.5, 20.0, 15.0, 19.75, 8.5, 39.25, 22.5, 7.5, 2.0, 13.0, 18.5, 97.25, 101.0, 38.5, 88.5, 5.5, 18.75, 14.75, 23.0, 13.0, 43.75, 22.25, 7.75, 8.5, 11.75, 20.75, 38.25, 81.5, 6.75, 17.5, 17.75, 22.5, 11.0, 45.0, 23.75, 7.0, 4.5, 14.75, 19.5
55, 2013-02-25, Away, DET, W, W, -3.5, O, 195, 0, 0, 105.75, 97.25, 41.25, 86.75, 10.75, 28.75, 12.5, 18.0, 10.5, 45.5, 30.0, 7.25, 4.5, 11.25, 18.25, 37.5, 84.25, 7.25, 17.75, 15.0, 19.75, 10.75, 44.5, 23.25, 7.25, 1.75, 14.5, 17.0, 87.5, 102.0, 33.25, 80.5, 5.5, 17.5, 15.5, 23.5, 9.75, 37.75, 20.75, 7.0, 4.75, 13.75, 22.25, 39.0, 79.25, 8.0, 17.5, 16.0, 23.25, 10.5, 46.25, 26.0, 8.75, 7.0, 14.5, 22.0
56, 2013-02-27, Away, UTA, W, W, 4.5, U, 197.5, 0, 0, 107.25, 104.0, 41.0, 83.5, 11.75, 28.5, 13.5, 18.25, 8.25, 41.25, 29.75, 8.25, 4.75, 12.25, 19.25, 39.25, 84.75, 7.25, 17.75, 18.25, 23.0, 11.5, 44.5, 25.0, 7.5, 1.5, 15.0, 16.25, 103.25, 102.75, 37.75, 84.25, 5.25, 16.0, 22.5, 27.5, 12.0, 42.75, 22.75, 7.25, 7.25, 13.5, 21.25, 37.25, 83.0, 7.0, 21.5, 21.25, 26.5, 11.25, 43.5, 19.0, 7.5, 3.25, 13.75, 22.25
57, 2013-03-01, Away, PHO, L, L, -4, U, 194.5, 0, 0, 110.25, 101.0, 41.5, 85.0, 11.25, 26.25, 16.0, 20.75, 9.0, 40.25, 28.5, 8.75, 5.5, 9.75, 19.25, 39.25, 86.0, 5.75, 15.75, 16.75, 22.5, 14.0, 48.0, 23.5, 6.0, 2.5, 15.5, 18.25, 91.0, 98.5, 36.5, 87.75, 3.75, 13.25, 14.25, 22.75, 14.25, 48.0, 24.75, 7.5, 6.5, 17.0, 25.25, 35.5, 80.5, 6.5, 18.75, 21.0, 29.5, 8.75, 44.25, 21.5, 10.25, 5.0, 15.5, 21.0
58, 2013-03-03, Away, LAL, L, W, 5.5, U, 206.5, 0, 0, 101.5, 97.0, 37.0, 80.25, 10.25, 25.25, 17.25, 21.5, 8.5, 39.75, 25.5, 9.25, 4.75, 13.25, 17.75, 38.75, 84.25, 5.25, 15.75, 14.25, 19.25, 12.25, 46.0, 21.5, 7.5, 2.75, 16.0, 18.0, 109.5, 104.75, 40.25, 79.5, 10.75, 23.5, 18.25, 29.25, 10.0, 44.25, 21.5, 7.0, 4.5, 15.25, 16.75, 42.75, 87.5, 7.0, 19.25, 12.25, 18.25, 9.5, 41.25, 25.0, 10.5, 4.0, 11.75, 23.75
59, 2013-03-04, Away, DEN, L, L, 9.5, U, 212, 0, 1, 100.25, 96.25, 37.5, 78.0, 8.75, 23.75, 16.5, 21.75, 6.75, 38.5, 27.25, 10.0, 5.75, 14.0, 18.5, 38.0, 81.5, 6.75, 18.0, 13.5, 18.75, 9.75, 42.25, 19.75, 7.75, 2.5, 17.0, 19.25, 112.0, 104.75, 45.25, 88.25, 5.5, 18.0, 16.0, 24.25, 11.75, 42.25, 28.75, 13.5, 7.5, 13.75, 25.0, 38.5, 82.0, 6.75, 18.75, 21.0, 30.5, 10.75, 40.5, 22.0, 7.5, 7.75, 17.75, 19.75
60, 2013-03-06, Home, PHI, W, W, -8.5, O, 190, 1, 0, 93.75, 96.5, 36.5, 80.5, 7.0, 21.5, 13.75, 18.5, 7.25, 38.0, 24.5, 8.5, 6.75, 14.5, 17.25, 39.25, 82.0, 7.25, 18.25, 10.75, 15.5, 10.25, 44.0, 21.0, 8.25, 3.75, 17.0, 19.5, 93.5, 97.25, 37.75, 88.75, 6.75, 17.25, 11.25, 17.0, 12.75, 45.5, 22.25, 9.0, 4.75, 14.5, 19.75, 36.0, 83.0, 7.5, 18.5, 17.75, 22.25, 12.75, 46.75, 24.5, 7.25, 7.5, 17.0, 15.5
61, 2013-03-08, Away, BOS, L, L, 4, O, 188.5, 0, 0, 95.0, 97.75, 37.75, 81.0, 8.5, 23.25, 11.0, 16.25, 7.0, 38.0, 25.75, 7.75, 6.75, 15.75, 16.5, 39.25, 82.75, 7.75, 18.75, 11.5, 15.0, 10.25, 44.25, 24.25, 9.0, 3.0, 17.25, 17.5, 99.0, 93.75, 38.25, 81.75, 7.75, 19.5, 14.75, 18.25, 7.75, 44.25, 23.75, 7.5, 5.75, 16.0, 19.75, 36.0, 92.5, 6.0, 22.0, 15.75, 19.5, 15.75, 48.25, 19.0, 8.75, 5.25, 13.0, 18.5
62, 2013-03-09, Home, BRK, L, L, -3.5, U, 191.5, 1, 1, 98.75, 101.5, 40.0, 84.75, 8.75, 24.25, 10.0, 15.0, 7.5, 37.5, 28.5, 7.25, 6.0, 14.25, 16.0, 40.25, 82.0, 7.75, 18.25, 13.25, 17.0, 9.0, 43.5, 26.0, 9.0, 3.0, 16.75, 17.5, 92.25, 87.5, 33.5, 74.5, 9.25, 23.0, 16.0, 23.0, 10.25, 47.0, 18.5, 7.75, 4.25, 20.5, 17.75, 35.25, 81.25, 5.5, 17.75, 11.5, 15.0, 7.75, 34.5, 20.5, 10.5, 6.0, 13.75, 22.75
63, 2013-03-12, Away, MIA, L, L, 9.5, U, 197.5, 0, 0, 94.25, 100.0, 37.75, 83.5, 8.0, 23.25, 10.75, 15.25, 10.0, 39.5, 25.0, 4.75, 4.5, 15.0, 16.25, 39.75, 83.25, 6.75, 18.75, 13.75, 18.0, 9.5, 43.5, 25.75, 9.75, 4.25, 13.75, 16.5, 100.25, 90.25, 37.5, 73.75, 6.5, 21.0, 18.75, 23.5, 7.5, 37.0, 21.25, 10.5, 6.0, 16.0, 17.5, 34.0, 79.25, 7.75, 24.0, 14.5, 18.0, 10.5, 37.5, 21.25, 10.5, 2.5, 16.5, 22.75
64, 2013-03-13, Home, LAL, W, W, 3.5, U, 204, 1, 1, 92.5, 98.5, 37.0, 80.75, 7.5, 22.75, 11.0, 16.0, 10.0, 41.5, 24.75, 6.5, 2.75, 16.75, 19.75, 37.0, 82.25, 7.0, 20.0, 17.5, 23.25, 10.0, 42.75, 25.0, 10.75, 3.75, 13.0, 15.25, 105.5, 99.0, 37.5, 82.0, 9.75, 29.5, 20.75, 31.5, 11.5, 43.5, 22.5, 8.0, 6.25, 11.75, 15.75, 39.0, 90.75, 7.75, 23.5, 13.25, 16.25, 13.25, 46.25, 22.75, 6.5, 5.5, 15.25, 25.5
65, 2013-03-15, Home, PHO, W, W, -9, O, 192.5, 0, 0, 89.75, 97.5, 35.5, 80.5, 6.75, 22.25, 12.0, 17.0, 10.5, 45.0, 23.25, 5.5, 2.0, 16.25, 19.75, 36.75, 83.75, 7.5, 23.0, 16.5, 22.0, 9.25, 42.0, 21.75, 10.25, 3.5, 11.5, 16.75, 98.25, 111.25, 37.25, 84.25, 6.75, 20.5, 17.0, 23.5, 11.5, 39.25, 24.0, 11.5, 5.5, 16.75, 19.5, 41.25, 82.5, 11.25, 25.25, 17.5, 23.5, 11.5, 42.0, 25.75, 10.0, 4.0, 17.5, 18.25
66, 2013-03-17, Away, BRK, W, W, 4, O, 189, 0, 0, 91.0, 94.25, 35.75, 79.5, 7.5, 21.25, 12.0, 16.75, 10.0, 45.0, 22.0, 7.25, 2.25, 17.75, 20.25, 35.5, 84.0, 5.75, 22.75, 17.5, 24.75, 11.5, 44.75, 21.0, 10.5, 3.25, 13.75, 18.5, 98.25, 90.5, 37.0, 81.25, 7.25, 21.25, 17.0, 25.5, 14.25, 46.5, 19.75, 6.75, 3.75, 11.75, 16.75, 36.0, 80.25, 5.25, 16.5, 13.25, 18.75, 11.75, 38.5, 23.0, 6.0, 5.75, 11.75, 22.0
67, 2013-03-18, Home, DAL, L, L, -4, O, 203, 1, 1, 97.25, 94.25, 38.75, 81.25, 8.25, 22.0, 11.5, 16.0, 9.0, 43.5, 24.5, 10.0, 3.0, 16.25, 20.25, 35.5, 84.75, 6.25, 22.75, 17.0, 23.25, 13.5, 46.5, 20.25, 9.25, 2.0, 15.5, 18.25, 100.75, 98.25, 39.25, 82.5, 8.75, 22.5, 13.5, 16.0, 6.25, 39.0, 21.75, 8.75, 5.75, 12.5, 20.25, 38.25, 82.75, 6.25, 17.75, 15.5, 20.5, 9.25, 44.0, 24.0, 8.75, 5.0, 14.5, 15.25
68, 2013-03-20, Home, MIL, W, W, -6, U, 205.5, 1, 0, 105.25, 101.5, 41.0, 80.5, 9.0, 21.75, 14.25, 19.75, 7.75, 40.5, 26.25, 9.0, 3.25, 14.5, 17.75, 39.5, 86.5, 8.0, 23.25, 14.5, 19.25, 12.5, 45.0, 21.75, 7.5, 1.75, 15.0, 19.75, 101.0, 104.25, 38.5, 87.75, 9.0, 22.25, 15.0, 18.0, 14.5, 45.25, 23.75, 7.0, 4.75, 12.25, 15.75, 41.75, 85.25, 8.25, 19.5, 12.5, 18.5, 11.25, 43.25, 23.5, 7.75, 2.5, 13.25, 16.25
69, 2013-03-22, Home, POR, L, L, -7.5, U, 201.5, 1, 0, 105.75, 101.0, 41.25, 80.5, 9.0, 20.75, 14.25, 18.75, 7.75, 39.25, 27.25, 10.5, 4.25, 15.5, 17.25, 39.75, 88.25, 8.0, 20.75, 13.5, 18.0, 13.5, 45.25, 22.5, 7.75, 3.5, 15.5, 18.75, 101.5, 98.25, 39.0, 85.75, 10.5, 23.5, 13.0, 15.25, 11.25, 44.0, 23.5, 5.25, 4.0, 13.25, 16.0, 41.0, 84.5, 5.75, 16.5, 10.5, 15.25, 9.75, 40.0, 27.25, 7.5, 5.75, 11.25, 16.25
70, 2013-03-24, Away, MIL, W, W, 2.5, O, 202.5, 0, 0, 102.25, 103.5, 40.25, 80.25, 7.75, 21.0, 14.0, 18.75, 7.25, 39.25, 27.25, 9.0, 4.75, 13.25, 16.0, 41.25, 90.25, 9.75, 20.5, 11.25, 14.25, 13.25, 45.75, 23.0, 7.25, 3.5, 11.75, 16.75, 96.25, 101.0, 37.5, 94.25, 8.0, 21.0, 13.25, 18.0, 16.5, 46.75, 22.75, 6.25, 6.25, 10.75, 15.75, 39.75, 83.5, 7.25, 19.25, 14.25, 18.75, 11.0, 46.75, 23.5, 7.25, 5.5, 14.75, 17.5
71, 2013-03-25, Away, IND, L, W, 6.5, O, 184.5, 0, 1, 102.0, 105.0, 39.0, 78.75, 8.25, 22.25, 15.75, 20.75, 6.75, 39.0, 26.75, 7.75, 4.5, 13.75, 14.0, 42.75, 91.75, 9.0, 20.0, 10.5, 14.75, 13.75, 45.75, 25.25, 7.0, 4.5, 11.5, 17.5, 98.0, 82.0, 35.25, 83.0, 5.5, 17.75, 22.0, 26.75, 12.5, 54.75, 20.75, 6.5, 7.75, 12.5, 19.25, 32.25, 90.5, 3.75, 17.25, 13.75, 21.5, 15.0, 46.25, 17.75, 5.25, 6.25, 9.75, 21.5
72, 2013-03-27, Away, TOR, W, W, -2.5, O, 194, 0, 0, 97.25, 98.25, 37.5, 80.0, 8.0, 22.25, 14.25, 19.75, 8.0, 40.75, 24.75, 8.75, 5.75, 14.0, 14.5, 40.0, 90.5, 7.75, 20.25, 10.5, 15.0, 15.0, 48.25, 21.5, 7.0, 5.25, 13.5, 16.75, 92.5, 106.0, 36.0, 83.0, 5.5, 24.25, 15.0, 17.5, 14.75, 41.0, 16.25, 6.25, 3.5, 15.5, 22.75, 38.25, 73.0, 8.75, 19.75, 20.75, 29.0, 8.75, 38.0, 22.0, 10.0, 4.25, 12.0, 21.0
73, 2013-03-29, Away, BOS, L, L, 2.5, O, 193.5, 0, 0, 99.5, 97.75, 38.0, 80.5, 8.5, 23.0, 15.0, 20.5, 7.75, 39.0, 25.0, 9.75, 4.25, 12.75, 16.0, 39.5, 85.25, 6.75, 19.75, 12.0, 17.25, 13.5, 47.25, 21.5, 7.25, 3.5, 15.75, 17.0, 94.5, 101.5, 33.75, 74.0, 6.25, 17.75, 20.75, 26.25, 6.5, 38.0, 21.25, 7.25, 6.0, 15.5, 19.5, 39.5, 88.0, 6.25, 18.75, 16.25, 21.0, 13.25, 44.75, 22.25, 9.25, 4.5, 12.0, 21.75
74, 2013-03-30, Home, ORL, W, L, -11, U, 202.5, 1, 1, 103.0, 101.25, 38.75, 81.75, 8.75, 22.0, 16.75, 22.5, 8.75, 38.75, 25.25, 9.25, 3.25, 13.25, 16.25, 40.5, 84.25, 7.0, 21.0, 13.25, 18.5, 13.25, 44.5, 22.25, 7.25, 5.25, 16.5, 18.0, 97.0, 102.75, 39.0, 87.0, 6.5, 18.5, 12.5, 17.0, 10.25, 40.5, 25.25, 8.0, 6.0, 11.25, 21.5, 36.25, 81.0, 7.5, 22.25, 22.75, 30.5, 12.5, 47.75, 22.25, 6.0, 6.75, 12.0, 14.5
75, 2013-04-01, Home, CLE, W, L, -10.5, U, 201.5, 1, 0, 101.25, 98.5, 37.5, 81.75, 7.75, 20.75, 18.5, 25.0, 9.25, 40.5, 22.75, 9.25, 3.75, 14.0, 19.25, 38.5, 83.0, 6.75, 19.0, 14.75, 20.75, 12.75, 45.25, 18.75, 8.25, 5.0, 17.0, 20.0, 87.25, 104.5, 36.0, 85.0, 5.5, 18.25, 9.75, 14.0, 8.25, 37.25, 21.0, 7.75, 5.0, 13.75, 21.0, 40.0, 78.25, 8.5, 20.5, 16.0, 23.5, 9.0, 44.75, 25.5, 7.5, 5.25, 15.0, 16.25
76, 2013-04-03, Home, NYK, L, L, -1.5, U, 195, 1, 0, 103.25, 97.0, 37.75, 82.0, 8.25, 23.0, 19.5, 25.25, 9.25, 40.25, 24.75, 8.5, 2.75, 12.75, 19.25, 38.75, 82.25, 5.5, 16.25, 14.0, 20.75, 11.0, 44.0, 21.5, 8.75, 3.75, 15.5, 21.75, 107.25, 95.5, 37.0, 73.5, 12.5, 26.0, 20.75, 25.75, 8.75, 33.25, 18.0, 8.0, 2.5, 12.0, 24.75, 32.25, 69.25, 7.75, 23.0, 23.25, 29.0, 9.0, 34.25, 15.5, 5.75, 2.75, 15.5, 22.75
77, 2013-04-05, Home, PHI, L, L, -6, U, 192.5, 0, 0, 97.0, 98.75, 35.75, 78.25, 8.0, 24.25, 17.5, 25.0, 9.0, 39.0, 23.5, 7.5, 3.25, 13.75, 16.5, 40.0, 82.0, 6.25, 17.5, 12.5, 18.75, 10.5, 43.0, 20.5, 8.5, 3.5, 13.5, 22.25, 95.0, 89.75, 38.75, 85.5, 6.0, 16.5, 11.5, 15.5, 13.0, 42.75, 24.5, 7.25, 2.75, 12.25, 16.75, 36.75, 83.0, 4.0, 16.0, 12.25, 16.75, 11.5, 42.25, 21.5, 7.75, 4.25, 13.25, 14.75
78, 2013-04-06, Away, SAS, L, W, 10.5, O, 192.5, 0, 1, 92.75, 94.5, 34.25, 74.5, 7.25, 23.5, 17.0, 25.75, 8.0, 39.25, 22.25, 7.25, 3.75, 13.5, 17.5, 38.0, 81.25, 5.75, 15.75, 12.75, 19.5, 11.0, 45.75, 20.25, 8.5, 2.25, 13.25, 22.0, 90.5, 91.0, 36.0, 81.75, 8.25, 24.25, 10.25, 14.25, 10.75, 46.5, 23.5, 7.25, 4.75, 13.25, 13.5, 35.5, 80.5, 8.0, 19.0, 12.0, 15.25, 7.75, 41.75, 20.75, 8.75, 8.25, 11.25, 15.5
79, 2013-04-10, Away, PHI, W, W, -3.5, O, 191, 1, 0, 92.75, 97.25, 34.5, 75.75, 7.0, 21.25, 16.75, 24.25, 8.0, 37.75, 23.5, 7.5, 2.75, 12.5, 17.25, 38.5, 79.5, 5.5, 16.25, 14.75, 20.0, 9.0, 44.75, 23.25, 7.25, 4.25, 12.75, 21.0, 88.5, 97.0, 33.25, 84.0, 6.5, 16.5, 15.5, 20.0, 12.5, 42.5, 17.0, 8.0, 2.25, 10.5, 16.5, 37.75, 82.5, 7.0, 19.0, 14.5, 20.0, 13.5, 51.5, 21.5, 7.0, 4.75, 12.0, 16.0
80, 2013-04-12, Home, MIL, W, L, -7.5, O, 203.5, 0, 0, 98.25, 99.0, 37.5, 78.25, 6.75, 19.25, 16.5, 22.5, 7.75, 39.5, 25.5, 7.5, 2.5, 12.25, 17.25, 37.5, 81.25, 6.5, 18.5, 17.5, 21.75, 10.0, 44.0, 21.25, 6.25, 4.0, 13.0, 19.25, 92.25, 97.75, 34.25, 82.0, 8.75, 25.5, 15.0, 21.75, 9.25, 43.25, 22.0, 9.0, 6.75, 14.75, 17.25, 40.0, 92.25, 7.75, 24.0, 10.0, 12.25, 13.0, 49.0, 21.0, 8.25, 3.0, 14.5, 17.75
81, 2013-04-16, Home, TOR, L, L, -5, O, 196, 0, 0, 105.0, 101.25, 40.25, 83.0, 6.0, 17.75, 18.5, 24.0, 8.0, 42.25, 26.5, 9.25, 3.25, 12.75, 18.0, 37.0, 85.0, 9.0, 21.25, 18.25, 22.75, 11.25, 46.5, 24.0, 8.0, 5.0, 14.75, 19.0, 93.5, 93.25, 34.25, 77.25, 4.5, 12.75, 20.5, 25.25, 8.0, 38.5, 20.25, 7.25, 3.75, 12.25, 18.5, 35.25, 80.75, 8.25, 21.0, 14.5, 20.5, 10.5, 39.25, 24.0, 7.0, 5.0, 12.0, 21.75
82, 2013-04-17, Away, NYK, L, L, 5, U, 194, 0, 1, 106.5, 104.25, 40.5, 86.75, 7.0, 20.5, 18.5, 23.0, 10.0, 42.5, 26.25, 10.0, 2.5, 12.5, 18.0, 37.75, 84.5, 9.25, 24.0, 19.5, 23.5, 11.0, 46.25, 24.0, 7.75, 6.5, 16.5, 19.25, 99.25, 98.75, 37.75, 86.0, 11.25, 31.5, 12.5, 15.75, 8.5, 38.25, 18.75, 7.25, 3.25, 10.0, 22.0, 36.0, 76.25, 7.75, 23.75, 19.0, 25.25, 10.75, 45.25, 23.75, 6.0, 5.0, 14.75, 17.75
