3, 2012-11-07, Home, IND, W, L, -4, U, 192, 0, 0, 103.0, 102.0, 40.5, 84.0, 7.5, 23.5, 14.5, 18.5, 9.5, 37.0, 21.5, 12.0, 2.5, 11.5, 23.0, 35.5, 80.5, 8.5, 26.0, 22.5, 25.5, 15.0, 47.5, 24.5, 6.0, 5.5, 20.5, 19.5, 92.5, 99.5, 33.0, 89.0, 5.0, 21.0, 21.5, 24.5, 19.0, 57.5, 13.5, 6.5, 10.5, 20.0, 18.0, 39.0, 94.5, 8.0, 20.0, 13.5, 16.5, 13.5, 46.0, 22.0, 13.0, 7.5, 12.0, 21.5
4, 2012-11-09, Home, MIA, L, L, 4.5, U, 197.5, 0, 0, 96.5, 90.5, 39.5, 85.0, 7.5, 23.5, 10.0, 16.0, 14.5, 44.5, 22.0, 10.0, 2.0, 13.5, 17.5, 34.0, 78.0, 8.5, 24.0, 14.0, 15.5, 9.0, 39.0, 22.5, 7.0, 8.0, 17.5, 17.5, 113.5, 86.0, 43.5, 81.5, 12.5, 25.0, 14.0, 17.5, 7.5, 44.5, 29.0, 7.5, 4.5, 13.5, 20.0, 32.5, 84.0, 5.0, 21.0, 16.0, 23.0, 11.5, 39.0, 17.0, 9.0, 4.0, 15.0, 17.0
5, 2012-11-11, Away, LAC, L, L, 6.5, U, 195, 0, 0, 89.0, 90.5, 36.0, 84.0, 8.0, 23.5, 9.0, 14.0, 12.0, 43.5, 22.0, 6.0, 4.0, 15.0, 15.5, 36.0, 80.5, 7.5, 24.0, 11.0, 12.5, 9.5, 38.5, 20.0, 9.0, 4.5, 14.5, 18.0, 104.5, 87.0, 43.5, 80.0, 4.5, 15.0, 13.0, 17.0, 9.5, 45.0, 25.0, 11.0, 5.5, 14.0, 20.5, 31.0, 74.0, 7.5, 21.5, 17.5, 27.0, 7.5, 30.0, 22.0, 8.5, 4.0, 16.5, 16.5
6, 2012-11-12, Away, POR, W, W, 2.5, U, 193.5, 0, 1, 82.5, 92.0, 32.0, 76.5, 9.0, 25.0, 9.5, 16.0, 8.5, 38.5, 20.0, 3.5, 7.0, 17.5, 14.0, 37.5, 79.0, 6.0, 18.5, 11.0, 12.0, 8.0, 37.0, 21.5, 10.0, 4.0, 13.5, 22.0, 99.5, 107.5, 37.0, 82.0, 8.5, 21.0, 17.0, 24.5, 10.5, 34.0, 21.0, 12.0, 4.5, 14.0, 22.5, 40.5, 73.5, 5.0, 15.5, 21.5, 28.0, 8.0, 40.0, 20.0, 9.0, 4.0, 17.0, 21.0
7, 2012-11-14, Away, GSW, L, L, 1, U, 192.5, 0, 0, 85.5, 88.0, 32.5, 75.5, 8.0, 21.5, 12.5, 19.0, 8.0, 41.0, 20.0, 8.5, 6.5, 19.0, 17.0, 34.0, 82.5, 5.5, 19.0, 14.5, 17.0, 12.0, 42.5, 18.0, 12.5, 6.0, 16.5, 20.5, 89.0, 104.0, 34.0, 94.0, 8.0, 25.0, 13.0, 21.5, 13.0, 50.5, 17.5, 8.0, 4.0, 16.0, 25.5, 39.5, 101.5, 6.5, 26.0, 18.5, 27.5, 19.5, 61.5, 26.0, 9.0, 7.5, 15.5, 17.5
8, 2012-11-16, Away, SAC, W, W, -2, O, 188.5, 0, 0, 91.5, 89.5, 34.5, 78.5, 7.0, 20.5, 15.5, 20.0, 5.5, 35.0, 20.5, 12.5, 4.0, 14.0, 20.0, 31.5, 77.0, 5.5, 20.5, 21.0, 25.5, 13.0, 45.5, 19.0, 10.0, 3.5, 21.5, 20.5, 88.0, 103.0, 36.0, 83.5, 4.0, 17.0, 12.0, 16.5, 12.0, 36.0, 19.5, 8.5, 4.5, 12.0, 22.0, 35.5, 76.5, 11.0, 26.0, 21.0, 26.0, 14.5, 47.0, 21.5, 7.5, 6.0, 16.0, 15.5
9, 2012-11-19, Home, ORL, W, L, -10.5, U, 186, 1, 0, 100.0, 94.0, 38.0, 77.0, 7.5, 19.0, 16.5, 22.5, 7.5, 35.5, 22.5, 9.5, 4.5, 13.5, 16.0, 36.0, 78.0, 6.5, 19.0, 15.5, 19.5, 10.0, 40.5, 24.0, 9.0, 0.5, 18.5, 22.0, 98.0, 101.5, 38.0, 84.5, 5.5, 15.0, 16.5, 19.0, 11.0, 42.0, 22.5, 4.5, 2.0, 14.5, 19.5, 41.0, 81.0, 4.5, 13.0, 15.0, 21.5, 8.0, 35.0, 21.5, 8.0, 5.0, 12.0, 19.5
10, 2012-11-21, Home, WAS, W, L, -9.5, O, 185.5, 0, 0, 96.5, 84.0, 38.0, 82.5, 6.5, 20.0, 14.0, 20.0, 10.5, 45.0, 21.0, 10.0, 4.5, 14.0, 16.0, 35.0, 83.5, 5.0, 15.0, 9.0, 14.0, 10.5, 46.0, 21.0, 8.5, 2.5, 16.5, 20.5, 82.5, 89.5, 31.0, 86.0, 4.5, 16.5, 16.0, 21.5, 15.0, 40.0, 15.5, 10.0, 4.0, 12.5, 23.5, 32.5, 76.0, 2.5, 14.0, 22.0, 28.0, 17.0, 53.0, 19.0, 6.0, 8.0, 18.5, 20.0
11, 2012-11-23, Away, CHA, W, W, -3.5, O, 190.5, 0, 0, 91.0, 86.0, 37.0, 90.5, 7.0, 25.0, 10.0, 17.0, 10.5, 42.5, 24.0, 12.0, 4.5, 13.0, 21.5, 34.5, 85.5, 4.5, 15.0, 12.5, 19.0, 15.0, 56.5, 18.5, 7.0, 5.5, 19.5, 23.0, 100.0, 97.5, 36.0, 84.0, 3.0, 15.0, 25.0, 29.0, 10.0, 40.5, 21.5, 7.0, 7.0, 14.0, 17.5, 40.5, 86.5, 5.5, 19.5, 11.0, 15.5, 9.0, 37.5, 24.5, 5.0, 10.0, 14.0, 26.0
12, 2012-11-24, Home, LAC, W, W, 2, O, 188.5, 1, 1, 101.0, 95.5, 41.0, 85.0, 10.0, 23.5, 9.0, 17.5, 8.5, 39.0, 29.5, 9.0, 10.0, 17.0, 21.5, 34.5, 86.0, 7.5, 21.0, 19.0, 25.0, 13.0, 47.0, 18.5, 12.0, 7.5, 16.5, 21.0, 93.5, 101.5, 34.5, 82.5, 5.5, 18.5, 19.0, 27.5, 17.0, 45.0, 17.0, 12.0, 6.0, 16.0, 24.5, 35.0, 76.0, 8.0, 18.0, 23.5, 29.0, 11.5, 39.5, 19.5, 9.0, 4.0, 17.0, 23.0
13, 2012-11-28, Home, CHA, W, L, -9, U, 193, 0, 0, 102.5, 92.0, 40.0, 76.5, 9.0, 19.5, 13.5, 20.0, 7.5, 40.0, 27.5, 5.5, 8.5, 19.5, 18.0, 31.5, 79.0, 8.0, 20.5, 21.0, 25.5, 7.0, 36.5, 18.0, 14.5, 6.0, 13.5, 18.5, 88.5, 110.0, 28.5, 81.0, 9.0, 25.0, 22.5, 29.0, 8.0, 38.5, 16.0, 10.5, 4.5, 14.0, 26.0, 37.0, 85.5, 9.5, 27.0, 26.5, 31.0, 13.5, 53.5, 26.0, 7.0, 6.0, 16.5, 24.5
14, 2012-11-30, Home, CLE, L, L, -8.5, O, 189, 0, 0, 99.0, 92.0, 37.0, 82.5, 9.5, 24.5, 15.5, 20.5, 11.5, 41.5, 27.0, 7.0, 5.5, 13.5, 18.0, 31.0, 75.5, 10.0, 21.5, 20.0, 24.0, 8.0, 41.0, 18.5, 9.5, 5.0, 15.0, 21.5, 78.0, 87.5, 30.5, 80.0, 3.0, 15.5, 14.0, 18.5, 14.0, 43.0, 16.5, 9.5, 4.5, 17.0, 22.0, 35.0, 75.0, 5.0, 14.0, 12.5, 18.0, 8.5, 36.0, 19.0, 9.0, 6.5, 14.5, 17.0
15, 2012-12-05, Home, DEN, W, W, -2, O, 199.5, 0, 0, 102.5, 102.0, 37.0, 84.0, 12.0, 26.0, 16.5, 23.5, 12.5, 36.0, 26.5, 10.5, 7.0, 10.5, 18.0, 35.5, 80.5, 11.0, 23.5, 20.0, 22.5, 13.5, 47.0, 19.5, 7.0, 5.0, 17.0, 23.0, 108.0, 116.0, 40.0, 85.5, 7.0, 19.5, 21.0, 32.5, 18.0, 45.5, 23.5, 9.5, 4.0, 16.0, 19.5, 44.5, 86.5, 13.0, 30.5, 14.0, 18.0, 12.0, 41.5, 26.0, 10.0, 7.5, 15.5, 26.0
16, 2012-12-07, Home, WAS, W, P, -9, O, 191.5, 0, 0, 109.5, 108.5, 40.0, 86.5, 10.0, 21.0, 19.5, 25.5, 14.5, 37.5, 24.5, 12.5, 5.0, 13.0, 18.5, 39.5, 82.0, 8.5, 20.0, 21.0, 23.5, 14.5, 44.5, 22.5, 9.0, 3.5, 19.0, 25.0, 96.0, 104.5, 36.5, 78.5, 6.0, 18.5, 17.0, 25.0, 10.5, 43.0, 21.0, 6.0, 3.5, 13.5, 14.0, 42.0, 85.0, 10.0, 28.5, 10.5, 15.5, 7.5, 37.5, 25.5, 6.5, 1.5, 10.0, 20.0
17, 2012-12-08, Away, MEM, W, W, 7, U, 189, 1, 1, 106.0, 99.5, 41.5, 90.0, 9.0, 24.0, 14.0, 19.0, 17.0, 47.0, 23.5, 10.0, 3.0, 14.0, 19.0, 37.0, 79.0, 7.0, 16.5, 18.5, 22.5, 9.0, 36.0, 23.0, 8.0, 4.0, 15.5, 21.0, 102.0, 93.5, 38.0, 78.5, 6.0, 18.0, 20.0, 26.5, 13.0, 48.0, 18.0, 10.0, 7.5, 17.5, 19.5, 37.0, 78.5, 7.0, 15.0, 12.5, 17.0, 7.0, 30.5, 22.0, 10.5, 6.5, 14.0, 21.0
18, 2012-12-10, Away, MIA, L, L, 6.5, U, 198, 0, 0, 98.5, 89.0, 37.5, 81.0, 8.5, 21.5, 15.0, 22.0, 14.5, 45.5, 21.5, 8.5, 2.0, 14.0, 17.5, 34.5, 78.0, 6.5, 16.0, 13.5, 19.0, 9.0, 36.0, 18.5, 7.0, 4.5, 13.5, 18.0, 99.0, 101.0, 36.0, 72.5, 6.5, 13.5, 20.5, 26.0, 4.5, 38.0, 20.0, 9.5, 5.5, 15.0, 19.5, 38.0, 84.5, 13.0, 31.0, 12.0, 16.0, 10.0, 40.0, 18.0, 7.0, 3.5, 12.0, 21.0
19, 2012-12-12, Away, ORL, W, W, -5, U, 189.5, 0, 0, 92.5, 92.0, 33.0, 76.0, 8.0, 22.5, 18.5, 22.5, 11.0, 38.0, 18.0, 9.0, 2.0, 14.0, 16.0, 36.0, 72.0, 7.5, 18.5, 12.5, 20.0, 6.5, 36.0, 19.0, 9.0, 4.0, 15.0, 18.5, 90.0, 90.5, 35.0, 78.5, 4.5, 15.0, 15.5, 19.5, 7.5, 42.0, 24.0, 6.5, 1.5, 17.0, 19.5, 34.0, 78.5, 4.5, 20.5, 18.0, 23.0, 7.5, 40.0, 21.0, 7.5, 4.5, 15.0, 19.0
20, 2012-12-13, Home, CHA, W, W, -10, O, 191, 1, 1, 89.0, 90.5, 33.5, 77.5, 7.5, 25.0, 14.5, 18.0, 8.0, 37.5, 16.0, 9.5, 3.5, 14.0, 13.5, 35.0, 74.0, 8.0, 21.5, 12.5, 16.5, 6.0, 35.5, 20.0, 9.5, 3.0, 14.5, 16.0, 95.0, 102.0, 33.0, 82.5, 7.0, 21.0, 22.0, 28.0, 12.0, 41.5, 19.5, 5.0, 7.5, 13.5, 22.0, 37.5, 84.5, 8.5, 21.5, 18.5, 24.0, 15.5, 47.0, 27.0, 7.5, 7.5, 13.5, 21.0
21, 2012-12-15, Home, GSW, L, L, -6.5, O, 196.5, 1, 0, 99.5, 85.0, 39.0, 77.5, 10.0, 25.5, 11.5, 19.5, 7.5, 42.0, 22.0, 9.5, 4.5, 13.5, 12.5, 32.5, 80.0, 6.5, 21.5, 13.5, 15.5, 9.0, 35.0, 19.5, 7.5, 2.0, 14.5, 16.0, 91.0, 97.0, 36.0, 87.0, 8.0, 22.0, 11.0, 12.5, 12.0, 45.0, 19.5, 7.0, 2.0, 12.5, 14.5, 39.5, 83.0, 8.0, 21.5, 10.0, 13.0, 9.5, 45.5, 22.0, 7.0, 7.0, 16.0, 14.0
22, 2012-12-18, Away, WAS, W, L, -7, O, 187, 0, 0, 103.0, 102.5, 37.0, 79.5, 9.5, 27.5, 19.5, 29.5, 8.5, 43.0, 24.5, 7.0, 3.0, 12.0, 14.5, 41.5, 89.0, 8.0, 22.5, 11.5, 14.0, 9.0, 42.5, 27.0, 8.0, 2.0, 12.5, 21.5, 84.0, 102.0, 31.5, 77.5, 7.5, 20.5, 13.5, 17.5, 11.5, 44.0, 17.5, 7.0, 2.0, 20.0, 21.0, 38.5, 80.5, 8.0, 28.0, 17.0, 24.5, 12.0, 44.0, 21.5, 9.5, 4.0, 12.5, 17.5
23, 2012-12-19, Home, OKC, L, L, 5.5, U, 200, 0, 1, 96.5, 105.0, 32.5, 81.0, 7.0, 25.0, 24.5, 35.0, 9.5, 47.0, 20.5, 8.0, 6.0, 13.0, 17.5, 42.5, 97.0, 8.0, 21.0, 12.0, 15.0, 12.5, 51.5, 30.0, 10.0, 5.0, 12.0, 24.5, 110.0, 98.0, 39.5, 84.0, 6.5, 17.5, 24.5, 26.0, 14.5, 46.0, 25.5, 9.5, 6.5, 15.0, 22.5, 35.0, 77.0, 6.5, 19.5, 21.5, 26.0, 8.0, 33.0, 20.5, 10.0, 4.5, 15.0, 19.0
24, 2012-12-21, Away, PHI, L, L, -2, U, 188, 0, 0, 96.0, 97.5, 35.0, 86.0, 9.0, 24.0, 17.0, 25.5, 11.5, 46.5, 20.5, 10.5, 7.5, 13.0, 19.5, 36.0, 89.5, 7.5, 21.5, 18.0, 21.0, 14.0, 50.5, 24.0, 9.0, 9.5, 14.0, 20.0, 101.5, 116.0, 38.5, 87.5, 9.5, 26.0, 15.0, 19.5, 14.0, 39.5, 22.0, 6.0, 2.5, 12.0, 21.0, 40.5, 73.5, 7.5, 19.0, 27.5, 32.5, 6.5, 38.0, 24.0, 6.5, 3.5, 10.5, 16.5
25, 2012-12-22, Home, CHI, W, W, -4, U, 184.5, 1, 1, 86.0, 99.5, 33.5, 86.5, 9.0, 24.5, 10.0, 14.5, 13.5, 40.5, 20.5, 9.0, 4.5, 14.0, 17.0, 40.0, 85.0, 8.5, 22.0, 11.0, 13.5, 14.0, 48.5, 25.5, 8.5, 8.0, 13.5, 13.5, 105.0, 97.5, 37.0, 78.5, 6.5, 13.5, 24.5, 28.5, 12.0, 47.0, 25.0, 5.5, 7.0, 14.0, 20.0, 36.5, 86.0, 6.5, 18.0, 18.0, 22.0, 10.5, 37.5, 16.0, 9.0, 2.5, 9.5, 21.5
26, 2012-12-26, Home, DET, W, L, -7.5, O, 187, 0, 0, 86.0, 87.0, 34.5, 78.0, 8.0, 22.0, 9.0, 11.0, 12.5, 41.0, 22.0, 7.0, 3.5, 16.5, 12.0, 38.0, 81.0, 6.5, 16.5, 4.5, 7.5, 10.5, 38.0, 25.5, 9.5, 3.5, 13.5, 12.5, 98.0, 77.5, 37.0, 89.0, 9.0, 21.5, 15.0, 20.5, 17.5, 58.0, 23.0, 5.5, 8.0, 14.5, 21.5, 28.5, 81.0, 3.0, 16.5, 17.5, 22.5, 11.0, 44.5, 17.5, 5.5, 3.5, 11.5, 19.0
27, 2012-12-28, Away, CLE, W, W, -5, O, 189.5, 0, 0, 109.0, 97.0, 42.0, 87.5, 9.0, 26.0, 16.0, 20.5, 10.0, 46.0, 29.5, 9.0, 5.0, 13.0, 13.5, 40.0, 92.5, 9.5, 20.5, 7.5, 11.5, 13.5, 46.5, 20.5, 7.5, 4.0, 16.0, 18.5, 90.5, 83.0, 34.5, 85.0, 7.5, 22.0, 14.0, 19.5, 11.5, 43.0, 18.0, 8.0, 3.0, 11.0, 21.0, 33.0, 77.5, 4.0, 19.0, 13.0, 18.5, 10.5, 46.0, 19.5, 4.5, 6.5, 17.0, 18.0
28, 2012-12-29, Home, IND, W, W, -2.5, O, 182, 1, 1, 114.0, 106.5, 42.0, 88.0, 12.0, 28.5, 18.0, 23.5, 8.0, 45.0, 31.0, 9.5, 8.5, 12.0, 16.5, 42.0, 97.5, 11.0, 24.0, 11.5, 14.5, 15.5, 51.0, 20.0, 8.0, 4.5, 14.0, 19.5, 89.0, 83.0, 33.5, 77.0, 6.0, 16.5, 16.0, 23.5, 14.5, 46.0, 19.5, 5.5, 6.0, 14.5, 21.5, 35.5, 82.0, 3.0, 12.5, 9.0, 11.5, 12.5, 39.5, 19.0, 7.5, 6.0, 11.5, 25.0
29, 2012-12-31, Away, HOU, L, L, 5, O, 206, 0, 0, 105.5, 97.0, 41.0, 79.0, 11.5, 22.0, 12.0, 15.0, 9.0, 39.5, 26.5, 8.0, 6.5, 15.0, 19.0, 37.0, 83.0, 6.5, 18.0, 16.5, 18.0, 10.5, 38.0, 19.5, 8.5, 5.0, 10.5, 15.5, 105.0, 123.0, 39.0, 84.5, 9.5, 31.0, 17.5, 26.5, 9.0, 37.5, 22.5, 12.0, 1.5, 24.0, 20.5, 44.5, 85.5, 12.5, 26.0, 21.5, 23.5, 8.0, 43.5, 21.5, 15.0, 7.0, 20.0, 19.5
30, 2013-01-01, Away, NOH, W, W, -2, U, 185, 0, 1, 106.5, 111.5, 43.5, 85.0, 11.0, 21.5, 8.5, 10.5, 7.0, 36.0, 25.0, 7.0, 4.0, 15.0, 19.5, 41.5, 82.0, 10.5, 22.0, 18.0, 22.0, 7.5, 38.0, 25.0, 8.0, 5.5, 9.5, 13.0, 97.5, 99.5, 36.0, 82.0, 8.0, 18.5, 17.5, 23.5, 12.0, 44.5, 23.5, 6.0, 7.5, 15.5, 21.5, 38.0, 82.0, 4.5, 17.0, 19.0, 26.0, 10.5, 41.5, 25.5, 9.0, 6.5, 11.0, 19.5
31, 2013-01-04, Away, DET, L, L, -1.5, U, 190.5, 0, 0, 99.5, 104.5, 42.0, 86.5, 10.5, 22.5, 5.0, 7.5, 6.5, 37.5, 27.0, 6.5, 6.5, 9.5, 13.5, 40.5, 83.0, 13.0, 24.5, 10.5, 17.0, 9.0, 43.5, 25.0, 6.5, 5.0, 11.0, 14.0, 99.5, 95.5, 39.0, 78.5, 7.0, 19.0, 14.5, 18.5, 14.5, 45.5, 17.5, 6.0, 6.5, 16.5, 14.0, 36.0, 81.5, 9.5, 24.5, 14.0, 19.0, 13.0, 35.0, 19.0, 8.5, 4.0, 12.5, 19.0
32, 2013-01-05, Home, BOS, L, L, -5.5, U, 187, 1, 1, 89.5, 85.5, 36.0, 79.0, 9.5, 25.5, 8.0, 14.0, 7.5, 38.5, 28.0, 7.0, 5.5, 11.0, 15.5, 35.5, 83.5, 6.5, 17.5, 8.0, 16.5, 15.5, 51.5, 19.0, 5.5, 7.0, 13.0, 17.0, 88.5, 84.0, 36.0, 80.0, 6.0, 15.5, 10.5, 17.0, 7.5, 38.0, 22.0, 8.5, 4.5, 12.0, 25.0, 30.5, 78.0, 6.0, 17.5, 17.0, 25.0, 12.0, 43.0, 18.5, 8.0, 5.0, 15.5, 16.0
33, 2013-01-08, Away, MIN, L, L, 1, O, 188.5, 0, 0, 82.5, 87.0, 29.5, 71.5, 10.0, 29.0, 13.5, 19.5, 7.0, 37.0, 22.0, 7.5, 4.0, 17.5, 19.5, 37.0, 85.0, 3.0, 15.5, 10.0, 16.5, 16.5, 50.0, 22.5, 9.5, 6.5, 12.5, 16.0, 99.0, 99.5, 37.5, 87.0, 5.5, 16.0, 18.5, 24.0, 18.0, 52.0, 21.5, 4.0, 5.5, 13.0, 15.0, 38.5, 86.0, 11.0, 23.0, 11.5, 16.5, 11.0, 39.0, 24.5, 7.0, 9.5, 10.0, 24.0
34, 2013-01-09, Away, CLE, L, L, -4, U, 193.5, 0, 1, 92.0, 98.5, 33.0, 72.5, 10.0, 25.5, 16.0, 20.0, 9.0, 40.0, 19.5, 6.5, 5.0, 16.5, 21.0, 39.5, 86.0, 5.5, 15.5, 14.0, 19.0, 14.5, 43.5, 28.0, 10.0, 3.5, 10.5, 15.5, 98.0, 115.0, 34.5, 84.5, 7.0, 18.5, 22.0, 25.5, 14.0, 37.5, 19.5, 9.5, 4.0, 14.5, 24.5, 40.5, 80.5, 11.0, 24.0, 23.0, 30.0, 14.0, 45.0, 28.5, 10.5, 6.5, 18.5, 22.0
35, 2013-01-11, Home, UTA, W, W, -4.5, O, 193, 0, 0, 93.0, 103.5, 37.5, 80.5, 8.5, 22.0, 9.5, 13.0, 10.5, 45.0, 20.0, 4.5, 6.5, 14.0, 20.0, 38.5, 84.0, 10.0, 19.0, 16.5, 23.0, 12.5, 44.0, 27.0, 9.5, 3.0, 9.5, 14.5, 106.0, 98.0, 37.5, 80.0, 10.0, 20.5, 21.0, 28.5, 10.0, 44.0, 25.0, 7.5, 9.5, 13.0, 22.0, 38.5, 84.5, 5.0, 13.5, 16.0, 21.0, 9.5, 42.5, 23.0, 6.0, 6.0, 12.5, 23.0
36, 2013-01-12, Away, WAS, L, L, -3, U, 189.5, 0, 1, 93.0, 97.0, 38.5, 78.0, 8.0, 20.5, 8.0, 14.0, 7.5, 39.5, 21.5, 7.0, 6.0, 13.0, 17.5, 36.5, 78.5, 10.0, 21.5, 14.0, 19.5, 9.5, 40.0, 27.0, 9.5, 3.5, 13.0, 17.5, 86.0, 99.0, 33.5, 84.0, 8.0, 19.5, 11.0, 16.0, 11.5, 42.0, 20.0, 6.0, 3.5, 11.0, 17.5, 36.0, 81.0, 7.0, 23.0, 20.0, 23.0, 11.5, 47.0, 20.5, 7.0, 6.5, 10.0, 13.0
37, 2013-01-14, Away, CHI, L, L, 4.5, U, 183, 0, 0, 93.0, 94.0, 35.0, 75.0, 8.0, 21.5, 15.0, 24.0, 5.0, 35.5, 23.5, 9.0, 4.5, 14.5, 19.0, 36.0, 77.5, 5.0, 15.5, 17.0, 23.0, 9.5, 43.0, 23.0, 9.0, 4.0, 16.5, 24.5, 94.5, 99.0, 35.5, 78.0, 3.5, 11.0, 20.0, 27.5, 12.0, 40.5, 22.0, 7.0, 6.0, 14.0, 20.5, 36.5, 81.5, 8.5, 18.0, 17.5, 24.0, 13.5, 43.5, 20.0, 8.0, 7.0, 14.5, 24.0
38, 2013-01-16, Home, BRK, W, W, -3, O, 187.5, 1, 0, 70.5, 95.0, 27.0, 80.0, 4.5, 19.0, 12.0, 17.5, 8.5, 38.5, 19.0, 6.5, 5.0, 15.0, 22.0, 34.5, 79.0, 4.0, 12.5, 22.0, 30.0, 13.5, 55.0, 17.5, 7.5, 8.5, 15.0, 21.5, 105.0, 96.0, 36.5, 81.0, 7.0, 17.5, 25.0, 29.5, 13.0, 40.5, 20.5, 6.5, 3.5, 8.5, 18.0, 37.5, 82.5, 6.5, 18.5, 14.5, 17.5, 11.0, 40.0, 19.5, 5.5, 5.0, 11.0, 21.0
39, 2013-01-18, Away, BRK, L, W, 6.5, U, 190, 0, 0, 83.5, 96.0, 34.5, 80.0, 5.0, 17.5, 9.5, 13.5, 13.5, 40.0, 24.0, 6.5, 4.0, 15.0, 21.0, 35.0, 83.0, 5.0, 20.0, 21.0, 25.0, 16.5, 48.0, 17.5, 7.5, 7.5, 13.0, 17.5, 104.0, 107.5, 38.5, 84.0, 6.0, 23.5, 21.0, 22.5, 14.0, 35.5, 19.5, 9.0, 3.0, 9.5, 20.0, 42.5, 80.0, 7.5, 17.0, 15.0, 20.0, 14.5, 41.0, 27.0, 5.5, 1.5, 14.5, 19.5
40, 2013-01-19, Home, SAS, L, L, 3.5, U, 194, 1, 1, 99.0, 94.5, 40.0, 79.0, 8.5, 21.0, 10.5, 15.5, 10.5, 38.0, 27.5, 7.0, 2.5, 15.5, 22.0, 33.5, 80.5, 6.5, 26.0, 21.0, 27.5, 14.5, 42.5, 17.5, 8.5, 2.0, 15.5, 20.5, 99.0, 85.0, 40.0, 78.0, 7.0, 20.0, 12.0, 15.0, 5.5, 39.5, 26.0, 4.5, 6.5, 11.5, 17.0, 32.5, 76.5, 2.5, 12.5, 17.5, 21.0, 6.5, 37.0, 17.0, 4.0, 2.5, 11.0, 18.5
41, 2013-01-21, Home, MIN, W, P, -8, O, 184.5, 0, 0, 91.0, 96.0, 35.0, 82.5, 8.5, 21.0, 12.5, 18.0, 9.0, 42.5, 21.0, 4.0, 2.5, 15.0, 20.0, 35.5, 80.0, 8.5, 25.0, 16.5, 24.5, 8.0, 43.5, 19.5, 8.0, 3.0, 13.0, 18.5, 84.5, 84.5, 30.0, 74.0, 3.5, 16.5, 21.0, 28.0, 11.0, 39.0, 16.5, 6.5, 4.5, 14.5, 18.0, 30.0, 77.5, 6.5, 22.0, 18.0, 25.5, 16.0, 45.5, 16.0, 9.0, 3.5, 19.0, 24.5
42, 2013-01-23, Away, CHA, W, W, -2.5, O, 191, 0, 0, 98.5, 97.0, 38.0, 78.0, 9.0, 18.5, 13.5, 21.5, 10.0, 41.0, 26.0, 6.5, 3.5, 18.5, 18.5, 38.5, 80.0, 6.5, 19.0, 13.5, 18.5, 7.5, 34.5, 22.5, 10.0, 5.0, 12.5, 18.0, 93.5, 98.5, 32.5, 76.5, 5.5, 15.0, 23.0, 31.0, 9.0, 39.0, 18.5, 6.5, 9.0, 11.5, 22.5, 33.0, 77.5, 7.5, 23.5, 25.0, 31.0, 10.5, 43.0, 22.0, 6.5, 2.5, 12.0, 25.0
43, 2013-01-25, Home, BOS, W, W, -5.5, O, 185, 1, 0, 104.0, 94.0, 42.0, 79.0, 11.0, 20.5, 9.0, 16.5, 10.0, 38.5, 31.5, 9.0, 5.5, 19.0, 22.5, 33.5, 75.0, 5.5, 14.5, 21.5, 27.5, 10.5, 35.5, 21.0, 11.5, 7.0, 17.5, 18.0, 88.0, 92.0, 31.5, 80.0, 5.0, 17.5, 20.0, 25.0, 11.5, 47.0, 21.0, 5.5, 5.5, 14.0, 20.5, 34.5, 82.5, 5.0, 20.0, 18.0, 21.0, 9.5, 44.0, 20.0, 7.0, 6.0, 11.5, 22.5
44, 2013-01-27, Away, NYK, L, W, 5.5, O, 194, 1, 0, 113.5, 101.5, 42.5, 90.5, 12.0, 30.5, 16.5, 24.0, 12.5, 47.0, 31.0, 8.5, 6.0, 14.0, 21.5, 36.5, 84.5, 6.5, 17.0, 22.0, 24.5, 10.5, 44.5, 23.0, 9.5, 4.5, 19.5, 22.5, 84.5, 91.5, 30.0, 82.0, 6.0, 27.5, 18.5, 21.5, 13.0, 48.0, 14.5, 6.5, 4.5, 13.0, 20.0, 34.5, 75.5, 4.5, 18.5, 18.0, 25.0, 5.5, 40.0, 17.0, 6.0, 4.0, 11.5, 22.5
45, 2013-01-30, Home, TOR, W, L, -7, U, 196.5, 0, 0, 113.5, 108.5, 40.5, 79.5, 11.0, 29.5, 21.5, 28.0, 9.5, 39.5, 26.0, 8.5, 4.0, 15.5, 21.0, 40.5, 82.5, 11.5, 23.0, 16.0, 18.5, 8.0, 37.0, 25.0, 7.0, 2.0, 17.5, 23.5, 100.0, 106.5, 39.0, 84.5, 5.5, 18.0, 16.5, 20.5, 11.0, 38.0, 25.0, 6.5, 4.0, 12.5, 20.5, 41.5, 82.0, 6.0, 13.0, 17.5, 21.0, 11.5, 44.0, 17.0, 6.0, 6.0, 14.0, 20.5
46, 2013-02-02, Home, CHI, L, L, -7, U, 182, 1, 0, 98.5, 99.0, 37.5, 70.0, 10.0, 24.5, 13.5, 19.0, 5.0, 33.0, 23.5, 8.5, 5.0, 18.0, 19.5, 36.0, 78.5, 12.5, 24.5, 14.5, 20.0, 10.5, 39.0, 19.0, 6.0, 4.0, 15.5, 17.5, 96.5, 90.5, 39.5, 84.5, 2.5, 13.5, 15.0, 17.5, 13.0, 37.0, 25.0, 9.5, 4.0, 12.0, 19.5, 36.5, 78.5, 5.5, 12.5, 12.0, 19.5, 13.0, 40.5, 18.0, 5.0, 5.5, 16.0, 18.5
47, 2013-02-05, Away, IND, L, L, 6, O, 184, 1, 0, 84.5, 92.5, 33.5, 77.0, 8.0, 22.5, 9.5, 16.5, 7.5, 40.5, 21.5, 6.5, 7.5, 15.5, 15.0, 35.5, 89.0, 8.5, 21.0, 13.0, 18.0, 16.5, 52.5, 21.0, 9.0, 5.0, 12.0, 16.0, 106.5, 95.0, 39.0, 72.0, 6.5, 15.5, 22.0, 29.0, 10.5, 40.5, 22.0, 5.5, 5.5, 14.0, 20.5, 36.0, 79.0, 4.5, 15.0, 18.5, 23.0, 9.0, 30.0, 19.5, 7.0, 6.0, 10.5, 23.5
48, 2013-02-06, Home, MEM, W, W, 2, O, 182, 1, 1, 89.5, 103.5, 33.5, 80.0, 7.0, 20.0, 15.5, 21.5, 8.5, 42.0, 21.5, 4.0, 5.0, 15.0, 22.5, 37.0, 84.0, 9.5, 22.5, 20.0, 26.5, 11.5, 45.0, 27.0, 9.5, 6.5, 9.5, 20.0, 87.5, 86.0, 35.5, 80.0, 2.0, 8.0, 14.5, 17.0, 13.0, 40.0, 18.5, 8.0, 3.0, 17.0, 16.0, 35.5, 78.0, 4.5, 15.0, 10.5, 12.5, 9.0, 35.5, 19.0, 10.5, 1.0, 18.0, 21.0
49, 2013-02-08, Home, NOH, L, L, -5, O, 193, 0, 0, 103.0, 103.0, 37.0, 77.5, 9.0, 22.5, 20.0, 25.5, 5.5, 42.5, 27.0, 4.5, 4.0, 14.5, 24.5, 37.0, 79.5, 8.0, 18.5, 21.0, 28.0, 7.0, 37.5, 28.0, 6.5, 6.0, 10.0, 22.5, 89.5, 99.5, 33.5, 72.5, 3.5, 14.0, 19.0, 25.0, 9.0, 30.5, 19.5, 11.0, 5.5, 17.0, 21.0, 40.0, 77.5, 3.0, 15.0, 16.5, 22.0, 13.0, 42.0, 24.5, 8.0, 4.5, 17.0, 22.0
50, 2013-02-11, Away, DAL, W, W, 5.5, O, 204.5, 0, 0, 101.5, 101.5, 36.5, 74.0, 11.5, 24.0, 17.0, 23.0, 5.5, 39.5, 29.0, 6.0, 5.5, 15.0, 15.5, 41.5, 85.0, 7.0, 14.0, 11.5, 17.0, 10.0, 41.0, 26.0, 5.0, 4.5, 10.5, 19.0, 110.5, 95.0, 39.5, 81.5, 10.5, 20.0, 21.0, 28.5, 8.5, 45.0, 23.5, 7.0, 4.5, 9.0, 19.5, 35.0, 86.5, 8.0, 23.0, 17.0, 21.5, 12.0, 47.0, 16.0, 5.0, 1.0, 10.5, 23.0
51, 2013-02-13, Away, ORL, W, W, -2.5, U, 200, 0, 0, 102.5, 106.0, 37.5, 75.5, 11.0, 25.0, 16.5, 23.0, 6.5, 40.5, 28.0, 7.5, 4.0, 17.5, 17.5, 41.5, 87.5, 9.0, 18.5, 14.0, 19.0, 9.5, 40.5, 24.5, 6.5, 4.0, 12.0, 19.5, 109.0, 111.5, 46.0, 89.5, 6.5, 18.0, 10.5, 15.5, 13.0, 44.5, 32.0, 4.0, 5.0, 14.5, 21.0, 40.5, 81.5, 8.5, 20.5, 22.0, 26.5, 6.0, 35.0, 27.0, 7.0, 3.0, 10.0, 14.0
52, 2013-02-20, Home, MIA, L, L, 5.5, U, 196, 0, 0, 106.5, 88.5, 40.5, 84.5, 9.5, 30.0, 16.0, 23.0, 12.5, 51.0, 29.0, 6.5, 2.5, 13.5, 16.0, 36.0, 85.5, 6.0, 17.5, 10.5, 14.5, 7.5, 39.0, 21.5, 8.0, 2.5, 13.0, 20.5, 113.5, 102.0, 42.0, 81.0, 9.5, 24.0, 20.0, 24.5, 11.5, 39.0, 22.5, 9.5, 5.5, 11.5, 25.0, 35.5, 73.0, 5.5, 18.5, 25.5, 27.0, 4.5, 30.0, 15.5, 4.0, 3.5, 15.0, 20.5
53, 2013-02-22, Home, SAC, W, W, -8, O, 205, 0, 0, 99.0, 89.5, 38.5, 82.0, 8.5, 30.0, 13.5, 19.5, 11.0, 48.0, 30.0, 6.0, 2.5, 14.0, 16.0, 35.5, 80.0, 6.5, 18.5, 12.0, 17.0, 6.0, 37.0, 20.5, 9.0, 1.5, 13.0, 18.0, 101.0, 115.5, 33.5, 85.0, 6.5, 20.5, 27.5, 32.5, 11.0, 43.0, 19.0, 8.0, 2.0, 14.0, 22.5, 39.0, 83.5, 11.5, 32.0, 26.0, 30.5, 11.0, 48.5, 26.0, 10.5, 9.0, 14.5, 24.0
54, 2013-02-23, Away, MIL, W, W, 4.5, P, 205, 0, 1, 106.0, 105.5, 42.5, 82.0, 9.5, 26.5, 11.5, 17.5, 7.5, 43.5, 30.5, 6.5, 5.5, 12.5, 22.5, 37.5, 83.0, 11.0, 22.5, 19.5, 25.0, 9.5, 39.5, 23.5, 7.0, 1.5, 13.0, 16.5, 102.5, 105.0, 40.5, 85.5, 6.5, 17.0, 15.0, 24.5, 9.5, 45.5, 22.5, 4.5, 9.5, 12.5, 22.5, 38.5, 88.0, 9.5, 22.5, 18.5, 24.5, 13.0, 46.0, 24.0, 8.0, 5.0, 13.0, 20.0
55, 2013-02-25, Away, DET, W, W, -3.5, O, 195, 0, 0, 112.5, 105.0, 44.0, 91.5, 13.0, 27.5, 11.5, 16.5, 10.0, 43.0, 30.0, 8.5, 6.5, 8.5, 20.5, 39.5, 88.5, 8.0, 17.0, 18.0, 22.5, 15.5, 52.0, 26.0, 5.5, 2.0, 16.0, 16.0, 77.0, 102.0, 27.5, 79.5, 2.5, 16.5, 19.5, 30.5, 12.5, 40.0, 14.5, 8.5, 3.5, 15.0, 24.0, 37.5, 74.0, 9.0, 18.0, 18.0, 26.0, 7.0, 47.5, 25.0, 9.0, 6.0, 17.0, 25.0
56, 2013-02-27, Away, UTA, W, W, 4.5, U, 197.5, 0, 0, 108.5, 102.5, 39.5, 85.0, 14.0, 30.5, 15.5, 19.0, 9.0, 39.0, 29.0, 10.0, 4.0, 12.0, 16.0, 41.0, 86.5, 3.5, 13.0, 17.0, 21.0, 13.5, 49.5, 26.5, 8.0, 1.5, 17.0, 16.0, 100.5, 108.5, 37.0, 86.0, 4.5, 16.0, 22.0, 26.0, 13.5, 41.5, 24.0, 7.0, 6.0, 14.5, 20.0, 40.5, 82.0, 9.0, 23.5, 18.5, 22.0, 9.0, 41.5, 20.5, 8.5, 3.5, 16.0, 24.0
57, 2013-03-01, Away, PHO, L, L, -4, U, 194.5, 0, 0, 108.0, 97.0, 39.0, 78.5, 9.5, 25.0, 20.5, 25.0, 8.0, 37.5, 27.0, 9.0, 4.5, 11.0, 18.0, 39.0, 83.5, 3.5, 14.5, 15.5, 22.5, 12.5, 44.0, 21.0, 6.5, 3.0, 15.0, 20.5, 94.5, 92.0, 40.5, 93.0, 4.0, 12.5, 9.5, 17.5, 16.0, 52.5, 24.5, 5.5, 7.5, 17.5, 27.5, 33.0, 85.5, 5.5, 18.0, 20.5, 30.0, 11.0, 48.0, 22.5, 11.5, 4.5, 16.5, 19.0
58, 2013-03-03, Away, LAL, L, W, 5.5, U, 206.5, 0, 0, 94.5, 91.5, 34.5, 75.5, 6.5, 20.0, 19.0, 24.0, 8.0, 40.5, 22.0, 8.5, 5.5, 14.5, 19.5, 36.5, 82.0, 7.0, 18.5, 11.5, 17.5, 11.0, 42.5, 16.5, 7.0, 4.0, 15.0, 20.0, 112.0, 106.5, 43.5, 80.5, 12.0, 25.5, 13.0, 26.0, 10.5, 42.5, 25.5, 6.5, 5.5, 14.5, 18.5, 43.0, 84.5, 6.0, 19.5, 14.5, 21.0, 9.5, 39.5, 28.0, 11.0, 6.5, 10.5, 22.0
59, 2013-03-04, Away, DEN, L, L, 9.5, U, 212, 0, 1, 92.5, 95.5, 36.0, 77.5, 8.0, 22.5, 12.5, 18.5, 5.5, 39.5, 27.5, 11.0, 7.0, 17.0, 19.0, 37.0, 79.5, 10.0, 21.5, 11.5, 15.0, 7.0, 40.5, 18.5, 9.0, 2.0, 19.0, 18.0, 108.0, 106.0, 44.0, 91.0, 5.0, 17.5, 15.0, 24.0, 11.5, 42.5, 27.5, 15.0, 6.5, 14.5, 23.5, 37.0, 84.0, 8.5, 22.5, 23.5, 30.5, 11.5, 44.5, 22.5, 8.0, 8.0, 19.0, 21.0
60, 2013-03-06, Home, PHI, W, W, -8.5, O, 190, 1, 0, 93.0, 101.5, 38.5, 85.5, 7.5, 23.0, 8.5, 13.0, 6.5, 35.5, 27.0, 8.5, 8.0, 14.5, 15.0, 42.0, 82.0, 7.5, 18.0, 10.0, 13.5, 9.5, 45.5, 25.5, 9.5, 3.5, 19.0, 19.0, 94.0, 99.5, 37.0, 92.5, 5.5, 20.0, 14.5, 19.0, 14.0, 43.5, 22.0, 11.0, 3.0, 11.5, 18.5, 38.0, 81.5, 8.5, 17.0, 15.0, 18.5, 12.5, 49.5, 28.5, 4.5, 6.0, 19.0, 18.0
61, 2013-03-08, Away, BOS, L, L, 4, O, 188.5, 0, 0, 97.5, 100.0, 39.5, 84.5, 9.0, 24.0, 9.5, 14.0, 8.5, 36.5, 24.0, 4.5, 6.5, 14.5, 14.0, 41.5, 86.0, 5.5, 16.0, 11.5, 15.0, 13.5, 48.0, 30.0, 9.0, 4.0, 15.5, 17.0, 96.0, 91.0, 38.0, 83.0, 9.0, 18.0, 11.0, 12.5, 10.5, 48.0, 26.0, 8.0, 6.5, 17.5, 17.5, 36.5, 94.0, 5.5, 24.0, 12.5, 16.0, 17.5, 47.5, 18.0, 11.5, 7.0, 14.0, 15.5
62, 2013-03-09, Home, BRK, L, L, -3.5, U, 191.5, 1, 1, 104.5, 101.5, 41.5, 84.0, 10.0, 25.5, 11.5, 17.0, 8.5, 39.5, 30.0, 6.0, 4.0, 14.0, 17.0, 38.5, 82.0, 8.0, 18.5, 16.5, 20.5, 8.5, 41.5, 26.5, 8.5, 2.5, 14.5, 16.0, 97.0, 78.0, 33.0, 74.0, 12.5, 27.0, 18.5, 27.5, 12.0, 55.0, 18.5, 5.5, 6.0, 21.0, 17.5, 32.0, 87.0, 3.5, 17.5, 10.5, 16.0, 10.0, 36.5, 19.5, 9.0, 5.5, 11.5, 24.5
63, 2013-03-12, Away, MIA, L, L, 9.5, U, 197.5, 0, 0, 91.0, 100.0, 36.0, 82.5, 7.0, 22.5, 12.0, 16.5, 11.5, 42.5, 26.0, 5.0, 2.5, 15.5, 18.5, 38.0, 80.5, 8.0, 21.5, 16.0, 21.0, 5.5, 39.0, 21.5, 10.5, 4.5, 12.0, 16.0, 103.5, 92.0, 40.0, 73.5, 7.5, 17.5, 16.0, 22.0, 7.0, 33.5, 21.5, 10.0, 6.0, 13.5, 19.0, 31.5, 70.0, 10.0, 24.0, 19.0, 22.5, 6.0, 33.0, 18.0, 9.0, 2.0, 15.5, 21.5
64, 2013-03-13, Home, LAL, W, W, 3.5, U, 204, 1, 1, 80.5, 95.5, 32.5, 77.5, 5.0, 20.0, 10.5, 15.0, 11.5, 43.5, 19.5, 7.0, 1.5, 19.5, 22.5, 35.5, 82.5, 6.0, 21.5, 18.5, 26.0, 11.5, 44.0, 23.5, 13.0, 5.0, 11.5, 14.5, 98.0, 89.0, 36.5, 79.5, 7.0, 25.5, 18.0, 30.5, 13.0, 45.5, 20.5, 6.5, 7.0, 11.5, 16.0, 35.0, 91.0, 7.0, 24.0, 12.0, 14.5, 15.5, 45.0, 17.5, 6.5, 4.0, 13.5, 26.0
65, 2013-03-15, Home, PHO, W, W, -9, O, 192.5, 0, 0, 88.5, 95.0, 35.0, 78.5, 6.5, 22.0, 12.0, 17.5, 9.5, 47.5, 20.5, 6.0, 1.5, 17.0, 21.0, 35.5, 87.0, 7.0, 24.5, 17.0, 23.0, 13.0, 45.0, 22.0, 10.0, 2.5, 11.0, 17.5, 87.0, 109.5, 34.5, 82.5, 6.0, 20.5, 12.0, 16.0, 8.5, 36.0, 22.5, 12.0, 6.0, 19.0, 20.5, 41.5, 81.0, 6.5, 16.5, 20.0, 27.5, 12.5, 45.5, 25.5, 11.0, 3.5, 18.0, 14.0
66, 2013-03-17, Away, BRK, W, W, 4, O, 189, 0, 0, 101.5, 93.0, 39.0, 81.5, 10.0, 22.5, 13.5, 18.5, 8.5, 46.5, 24.5, 7.5, 3.0, 16.0, 18.0, 35.5, 85.5, 5.5, 24.0, 16.5, 23.5, 11.5, 45.5, 18.5, 8.0, 1.5, 16.0, 22.5, 102.5, 102.0, 40.0, 80.5, 5.5, 17.5, 17.0, 23.5, 15.0, 41.0, 22.5, 5.5, 3.5, 10.0, 16.5, 40.0, 77.0, 6.5, 15.5, 15.5, 21.0, 10.0, 33.0, 27.0, 5.5, 6.5, 9.5, 20.0
67, 2013-03-18, Home, DAL, L, L, -4, O, 203, 1, 1, 106.0, 93.5, 42.5, 84.0, 10.0, 22.0, 11.0, 14.5, 8.5, 39.5, 28.5, 14.0, 4.5, 15.5, 19.5, 35.5, 82.5, 5.5, 21.0, 17.0, 23.5, 14.0, 48.0, 18.5, 8.5, 1.5, 20.0, 19.0, 98.5, 96.5, 39.5, 82.5, 8.0, 21.0, 11.5, 13.5, 8.0, 40.0, 21.5, 10.0, 4.0, 15.0, 19.5, 36.5, 79.0, 6.0, 18.5, 17.5, 24.0, 9.5, 42.5, 17.5, 10.0, 5.0, 17.0, 14.5
68, 2013-03-20, Home, MIL, W, W, -6, U, 205.5, 1, 0, 109.0, 110.0, 43.0, 79.5, 8.0, 21.0, 15.0, 21.0, 7.0, 34.5, 28.0, 10.5, 3.5, 13.0, 17.5, 43.5, 87.5, 10.5, 22.5, 12.5, 15.0, 13.5, 44.5, 25.0, 7.0, 2.0, 14.0, 17.0, 108.5, 102.0, 41.0, 88.5, 10.5, 23.0, 16.0, 19.5, 14.0, 44.5, 27.0, 7.0, 5.5, 12.5, 12.5, 41.5, 88.0, 9.0, 23.5, 10.0, 14.0, 12.0, 42.0, 22.5, 8.0, 2.5, 14.5, 17.5
69, 2013-03-22, Home, POR, L, L, -7.5, U, 201.5, 1, 0, 105.5, 108.5, 40.0, 77.0, 8.0, 19.5, 17.5, 23.0, 7.0, 39.0, 26.0, 7.0, 4.0, 15.5, 15.0, 44.0, 94.0, 10.5, 20.5, 10.0, 12.5, 13.0, 42.5, 26.5, 7.0, 5.5, 11.0, 18.5, 97.0, 95.5, 38.5, 83.5, 11.5, 23.5, 8.5, 11.5, 10.5, 42.5, 21.5, 5.0, 3.0, 15.5, 15.0, 40.5, 88.0, 6.5, 16.5, 8.0, 12.0, 12.0, 42.0, 29.5, 8.0, 6.0, 9.5, 14.0
70, 2013-03-24, Away, MIL, W, W, 2.5, O, 202.5, 0, 0, 95.5, 97.0, 37.5, 81.0, 7.5, 21.0, 13.0, 16.5, 7.5, 44.0, 26.5, 7.5, 6.0, 13.5, 14.5, 39.0, 93.0, 9.0, 18.5, 10.0, 13.5, 13.0, 47.0, 21.0, 7.5, 5.0, 9.5, 16.5, 84.0, 100.0, 34.0, 100.0, 5.5, 19.0, 10.5, 16.5, 19.0, 49.0, 18.5, 5.5, 7.0, 9.0, 19.0, 38.0, 79.0, 5.5, 15.0, 18.5, 23.5, 10.0, 51.5, 24.5, 6.5, 8.5, 15.0, 17.5
71, 2013-03-25, Away, IND, L, W, 6.5, O, 184.5, 0, 1, 98.5, 101.5, 38.0, 80.5, 8.5, 25.0, 14.0, 18.5, 6.5, 39.0, 27.5, 8.5, 5.0, 12.0, 13.0, 41.5, 89.5, 7.5, 19.5, 11.0, 17.0, 14.5, 49.0, 24.0, 7.0, 3.5, 12.0, 16.5, 93.0, 82.5, 34.0, 78.5, 4.0, 13.0, 21.0, 27.0, 10.0, 49.5, 18.0, 7.0, 8.0, 10.5, 20.0, 33.0, 91.0, 3.0, 15.0, 13.5, 22.0, 17.0, 49.0, 19.0, 4.0, 5.5, 9.0, 21.5
72, 2013-03-27, Away, TOR, W, W, -2.5, O, 194, 0, 0, 99.0, 99.5, 37.5, 79.0, 8.5, 23.5, 15.5, 23.0, 8.5, 37.5, 23.0, 10.0, 5.5, 14.5, 14.5, 41.0, 88.0, 6.5, 22.0, 11.0, 16.5, 17.0, 49.5, 22.0, 6.5, 5.5, 17.5, 17.0, 89.0, 104.5, 35.0, 77.5, 7.5, 27.5, 11.5, 16.0, 10.0, 34.0, 16.0, 6.5, 1.5, 15.0, 21.5, 39.5, 75.0, 8.5, 20.5, 17.0, 23.5, 10.0, 42.0, 18.0, 11.0, 4.0, 12.0, 22.0
73, 2013-03-29, Away, BOS, L, L, 2.5, O, 193.5, 0, 0, 100.5, 94.0, 38.0, 80.5, 8.5, 21.0, 16.0, 22.5, 9.0, 39.0, 22.5, 11.0, 3.5, 13.5, 19.0, 37.5, 81.0, 6.0, 20.0, 13.0, 17.5, 12.5, 45.5, 19.0, 7.5, 3.5, 19.5, 17.5, 89.0, 96.0, 32.5, 72.5, 5.5, 17.0, 18.5, 25.0, 4.5, 38.5, 23.5, 8.0, 5.0, 17.0, 15.5, 38.5, 88.0, 7.5, 22.5, 11.5, 16.0, 12.0, 43.5, 18.5, 11.0, 4.5, 13.0, 23.0
74, 2013-03-30, Home, ORL, W, L, -11, U, 202.5, 1, 1, 107.0, 103.0, 40.0, 84.5, 9.0, 20.5, 18.0, 22.0, 9.0, 40.0, 27.5, 8.5, 1.0, 12.0, 18.0, 40.0, 80.5, 7.5, 20.0, 15.5, 20.5, 9.5, 39.5, 22.5, 8.0, 5.0, 15.5, 19.0, 102.5, 103.0, 40.5, 85.0, 6.0, 17.0, 15.5, 20.0, 10.0, 37.5, 28.0, 6.5, 6.5, 9.5, 21.0, 37.0, 83.0, 5.0, 20.0, 24.0, 30.0, 14.5, 49.0, 20.5, 4.5, 5.0, 11.5, 15.0
75, 2013-04-01, Home, CLE, W, L, -10.5, U, 201.5, 1, 0, 102.0, 103.0, 37.0, 83.0, 7.0, 20.5, 21.0, 27.5, 9.5, 42.0, 23.0, 7.5, 4.0, 14.5, 19.5, 39.5, 85.0, 7.5, 18.0, 16.5, 24.0, 13.0, 45.0, 18.5, 9.0, 6.5, 14.5, 22.5, 89.5, 104.5, 37.5, 84.0, 5.5, 18.0, 9.0, 13.5, 7.0, 35.5, 22.0, 6.0, 5.5, 11.5, 19.0, 41.0, 80.0, 9.5, 19.5, 13.0, 19.5, 10.5, 44.0, 24.5, 6.0, 5.5, 11.5, 16.0
76, 2013-04-03, Home, NYK, L, L, -1.5, U, 195, 1, 0, 99.5, 91.0, 35.5, 79.5, 7.5, 25.5, 21.0, 28.5, 9.5, 40.5, 22.0, 8.5, 4.5, 13.5, 20.5, 37.5, 84.0, 3.5, 12.5, 12.5, 21.0, 12.5, 48.5, 20.5, 9.5, 2.5, 15.5, 24.5, 105.0, 89.5, 36.0, 71.5, 14.0, 27.0, 19.0, 25.5, 8.0, 32.5, 20.0, 7.5, 2.0, 12.0, 23.5, 31.0, 67.0, 7.5, 22.5, 20.0, 25.0, 8.0, 34.5, 15.0, 5.0, 3.0, 14.5, 20.5
77, 2013-04-05, Home, PHI, L, L, -6, U, 192.5, 0, 0, 92.0, 94.5, 34.5, 73.5, 9.0, 28.0, 14.0, 22.5, 8.5, 36.0, 24.0, 7.5, 2.5, 13.0, 13.5, 40.5, 79.0, 5.0, 17.0, 8.5, 13.5, 8.0, 41.0, 22.5, 8.0, 0.5, 12.5, 22.0, 91.5, 90.0, 35.5, 83.5, 4.5, 16.0, 16.0, 21.5, 13.0, 40.0, 22.0, 9.5, 1.0, 12.5, 20.0, 36.5, 78.5, 3.0, 11.0, 14.0, 19.5, 10.5, 42.5, 22.0, 8.0, 4.0, 14.5, 17.5
78, 2013-04-06, Away, SAS, L, W, 10.5, O, 192.5, 0, 1, 86.0, 98.0, 33.0, 69.5, 7.0, 21.5, 13.0, 23.0, 6.5, 38.0, 22.5, 6.0, 3.0, 13.5, 14.5, 38.5, 78.5, 8.0, 19.0, 13.0, 18.0, 9.5, 43.0, 20.0, 7.5, 2.0, 11.0, 19.5, 93.0, 92.0, 36.5, 86.5, 9.0, 25.0, 11.0, 15.0, 11.5, 48.5, 23.5, 7.0, 4.5, 12.5, 9.0, 36.5, 86.0, 9.0, 20.5, 10.0, 11.0, 9.0, 47.0, 22.5, 9.5, 10.0, 12.5, 16.5
79, 2013-04-10, Away, PHI, W, W, -3.5, O, 191, 1, 0, 93.5, 100.0, 34.5, 78.0, 5.0, 14.5, 19.5, 26.0, 7.5, 39.5, 23.0, 7.5, 3.0, 12.0, 21.0, 36.5, 80.0, 6.0, 15.5, 21.0, 26.5, 10.0, 48.5, 24.0, 6.5, 8.0, 13.0, 20.0, 85.0, 105.0, 31.5, 81.0, 6.5, 17.0, 15.5, 20.0, 10.0, 37.5, 14.0, 6.0, 2.0, 8.0, 15.5, 41.0, 88.0, 9.5, 22.5, 13.5, 18.5, 17.5, 57.5, 20.5, 6.0, 5.0, 9.5, 16.0
80, 2013-04-12, Home, MIL, W, L, -7.5, O, 203.5, 0, 0, 110.5, 100.0, 42.0, 87.0, 6.5, 17.0, 20.0, 22.0, 9.0, 41.0, 28.5, 9.0, 2.0, 11.0, 20.0, 36.5, 84.0, 5.0, 18.0, 22.0, 25.5, 10.5, 45.0, 22.5, 5.0, 6.0, 15.0, 19.0, 93.0, 103.5, 36.0, 88.0, 8.5, 26.5, 12.5, 20.0, 10.0, 46.5, 22.5, 10.0, 6.5, 15.5, 15.5, 44.5, 98.5, 8.0, 25.0, 6.5, 9.0, 16.0, 55.5, 24.5, 9.0, 3.0, 16.5, 16.0
81, 2013-04-16, Home, TOR, L, L, -5, O, 196, 0, 0, 116.5, 102.5, 46.0, 88.0, 7.0, 21.0, 17.5, 22.0, 8.5, 45.0, 30.0, 11.0, 3.5, 13.5, 15.0, 37.5, 90.0, 12.0, 27.0, 15.5, 19.0, 12.5, 44.5, 24.0, 9.5, 2.0, 16.5, 18.0, 95.0, 87.5, 35.0, 77.0, 4.0, 11.5, 21.0, 27.0, 10.5, 43.0, 20.5, 7.0, 4.0, 12.5, 16.0, 34.0, 80.5, 8.5, 24.0, 11.0, 16.5, 10.0, 38.5, 22.5, 7.0, 3.0, 11.5, 22.0
82, 2013-04-17, Away, NYK, L, L, 5, U, 194, 0, 1, 102.5, 108.5, 39.0, 86.5, 7.5, 24.0, 17.0, 24.0, 11.0, 44.0, 24.0, 11.0, 3.0, 14.0, 16.0, 39.0, 85.0, 13.5, 30.0, 17.0, 21.5, 11.5, 47.5, 25.5, 10.5, 7.0, 18.0, 19.5, 92.5, 93.0, 34.5, 80.5, 12.5, 34.0, 11.0, 12.0, 5.5, 28.5, 21.0, 8.0, 1.5, 9.5, 19.5, 35.5, 69.5, 7.5, 23.0, 14.5, 20.0, 8.5, 41.0, 27.5, 5.0, 4.5, 18.5, 17.0
