21, 2013-12-07, Home, DEN, L, L, 6.5, U, 208, 1, 2068.0, 2211.0, 795.0, 1777.0, 148.0, 457.0, 330.0, 472.0, 242.0, 928.0, 455.0, 174.0, 94.0, 356.0, 410.0, 833.0, 1788.0, 202.0, 547.0, 343.0, 469.0, 224.0, 901.0, 548.0, 196.0, 143.0, 321.0, 408.0
22, 2013-12-09, Home, LAC, L, L, 9.5, U, 208.5, 0, 2046.0, 2204.0, 792.0, 1785.0, 143.0, 452.0, 319.0, 462.0, 245.0, 926.0, 450.0, 162.0, 97.0, 351.0, 413.0, 826.0, 1786.0, 193.0, 529.0, 359.0, 490.0, 237.0, 922.0, 539.0, 197.0, 147.0, 313.0, 400.0
23, 2013-12-11, Away, MIN, L, W, 12.5, U, 210.5, 0, 2020.0, 2196.0, 777.0, 1783.0, 140.0, 450.0, 326.0, 467.0, 250.0, 930.0, 450.0, 161.0, 91.0, 348.0, 422.0, 820.0, 1774.0, 189.0, 530.0, 367.0, 502.0, 231.0, 925.0, 536.0, 193.0, 145.0, 308.0, 406.0
24, 2013-12-13, Away, TOR, L, L, 7, O, 202, 0, 2012.0, 2198.0, 774.0, 1771.0, 138.0, 448.0, 326.0, 463.0, 245.0, 928.0, 448.0, 160.0, 92.0, 359.0, 429.0, 815.0, 1777.0, 193.0, 536.0, 375.0, 512.0, 231.0, 919.0, 531.0, 194.0, 142.0, 303.0, 407.0
25, 2013-12-14, Home, POR, L, L, 10.5, O, 211.5, 1, 2022.0, 2196.0, 780.0, 1767.0, 142.0, 446.0, 320.0, 447.0, 243.0, 918.0, 448.0, 158.0, 94.0, 352.0, 429.0, 813.0, 1767.0, 188.0, 523.0, 382.0, 516.0, 228.0, 912.0, 527.0, 184.0, 140.0, 296.0, 402.0
26, 2013-12-16, Away, BRK, L, L, 8.5, O, 206.5, 0, 2025.0, 2219.0, 780.0, 1771.0, 145.0, 443.0, 320.0, 447.0, 241.0, 901.0, 448.0, 162.0, 96.0, 346.0, 429.0, 822.0, 1762.0, 191.0, 527.0, 384.0, 520.0, 233.0, 918.0, 536.0, 183.0, 143.0, 303.0, 398.0
27, 2013-12-20, Home, BRK, W, W, 5.5, O, 211.5, 0, 2025.0, 2270.0, 777.0, 1777.0, 146.0, 452.0, 325.0, 458.0, 237.0, 893.0, 444.0, 171.0, 88.0, 348.0, 435.0, 839.0, 1750.0, 203.0, 536.0, 389.0, 532.0, 219.0, 917.0, 549.0, 184.0, 141.0, 310.0, 406.0
28, 2013-12-21, Away, MIL, L, L, 2.5, O, 203, 1, 2021.0, 2263.0, 781.0, 1778.0, 144.0, 454.0, 315.0, 450.0, 240.0, 898.0, 456.0, 169.0, 87.0, 346.0, 434.0, 835.0, 1733.0, 205.0, 538.0, 388.0, 533.0, 210.0, 903.0, 557.0, 184.0, 136.0, 308.0, 403.0
29, 2013-12-28, Away, PHO, L, L, 10.5, P, 216, 0, 2042.0, 2270.0, 785.0, 1789.0, 149.0, 458.0, 323.0, 456.0, 246.0, 902.0, 462.0, 171.0, 79.0, 348.0, 444.0, 834.0, 1726.0, 199.0, 535.0, 403.0, 547.0, 208.0, 896.0, 551.0, 184.0, 143.0, 309.0, 408.0
30, 2013-12-29, Away, LAL, W, W, 7, U, 218.5, 1, 2020.0, 2268.0, 779.0, 1781.0, 149.0, 462.0, 313.0, 444.0, 246.0, 901.0, 452.0, 171.0, 74.0, 355.0, 445.0, 835.0, 1725.0, 193.0, 527.0, 405.0, 545.0, 210.0, 903.0, 541.0, 185.0, 139.0, 309.0, 402.0
31, 2014-01-01, Away, DEN, W, W, 9, O, 213.5, 0, 2028.0, 2259.0, 778.0, 1790.0, 150.0, 467.0, 322.0, 454.0, 254.0, 911.0, 455.0, 178.0, 76.0, 349.0, 450.0, 827.0, 1728.0, 195.0, 541.0, 410.0, 548.0, 222.0, 915.0, 536.0, 183.0, 142.0, 314.0, 399.0
32, 2014-01-02, Away, SAC, W, W, 8.5, U, 220, 1, 2044.0, 2226.0, 786.0, 1799.0, 153.0, 471.0, 319.0, 451.0, 258.0, 926.0, 462.0, 180.0, 79.0, 349.0, 454.0, 811.0, 1733.0, 187.0, 538.0, 417.0, 556.0, 227.0, 920.0, 529.0, 179.0, 133.0, 315.0, 402.0
33, 2014-01-04, Away, POR, W, W, 12.5, U, 223.5, 0, 2063.0, 2233.0, 790.0, 1790.0, 152.0, 469.0, 331.0, 460.0, 253.0, 920.0, 461.0, 180.0, 86.0, 349.0, 463.0, 812.0, 1738.0, 185.0, 532.0, 424.0, 567.0, 233.0, 918.0, 517.0, 175.0, 129.0, 317.0, 409.0
34, 2014-01-06, Home, MIN, L, L, 7, P, 221, 0, 2066.0, 2224.0, 796.0, 1802.0, 149.0, 463.0, 325.0, 453.0, 250.0, 913.0, 459.0, 187.0, 85.0, 343.0, 465.0, 812.0, 1751.0, 174.0, 525.0, 426.0, 569.0, 243.0, 936.0, 519.0, 175.0, 129.0, 325.0, 406.0
35, 2014-01-07, Away, CLE, L, L, 5.5, U, 207.5, 1, 2046.0, 2243.0, 789.0, 1803.0, 150.0, 461.0, 318.0, 440.0, 244.0, 903.0, 451.0, 188.0, 87.0, 339.0, 461.0, 817.0, 1758.0, 182.0, 522.0, 427.0, 568.0, 247.0, 957.0, 513.0, 179.0, 131.0, 322.0, 397.0
36, 2014-01-10, Home, DET, L, L, 2, O, 216.5, 0, 2041.0, 2248.0, 788.0, 1787.0, 150.0, 455.0, 315.0, 435.0, 229.0, 887.0, 461.0, 182.0, 87.0, 335.0, 452.0, 826.0, 1771.0, 190.0, 532.0, 406.0, 548.0, 253.0, 965.0, 522.0, 179.0, 129.0, 321.0, 403.0
37, 2014-01-11, Home, NYK, L, L, 5, U, 206.5, 1, 2051.0, 2257.0, 791.0, 1797.0, 151.0, 457.0, 318.0, 438.0, 233.0, 889.0, 462.0, 186.0, 86.0, 336.0, 456.0, 823.0, 1783.0, 197.0, 543.0, 414.0, 560.0, 271.0, 982.0, 524.0, 181.0, 137.0, 322.0, 406.0
38, 2014-01-15, Home, CHA, W, W, -2, U, 207.5, 0, 2038.0, 2238.0, 785.0, 1783.0, 144.0, 445.0, 324.0, 438.0, 224.0, 878.0, 456.0, 187.0, 84.0, 333.0, 457.0, 811.0, 1772.0, 195.0, 541.0, 421.0, 569.0, 271.0, 981.0, 520.0, 179.0, 130.0, 323.0, 405.0
39, 2014-01-17, Home, MIA, L, L, 10.5, U, 212.5, 0, 2033.0, 2215.0, 786.0, 1772.0, 143.0, 437.0, 318.0, 439.0, 225.0, 887.0, 457.0, 178.0, 80.0, 337.0, 452.0, 805.0, 1771.0, 190.0, 533.0, 415.0, 556.0, 263.0, 966.0, 519.0, 177.0, 129.0, 313.0, 405.0
40, 2014-01-18, Away, CHI, L, L, 8.5, U, 197, 1, 1993.0, 2191.0, 771.0, 1760.0, 134.0, 428.0, 317.0, 443.0, 224.0, 876.0, 453.0, 179.0, 80.0, 337.0, 443.0, 796.0, 1757.0, 192.0, 530.0, 407.0, 544.0, 267.0, 970.0, 521.0, 177.0, 138.0, 312.0, 403.0
41, 2014-01-20, Away, WAS, L, W, 10, U, 208.5, 0, 1983.0, 2189.0, 768.0, 1765.0, 130.0, 420.0, 317.0, 442.0, 229.0, 868.0, 449.0, 184.0, 81.0, 339.0, 443.0, 794.0, 1748.0, 194.0, 529.0, 407.0, 539.0, 266.0, 974.0, 519.0, 178.0, 141.0, 319.0, 403.0
42, 2014-01-22, Away, NYK, W, W, 8.5, O, 205.5, 0, 1990.0, 2193.0, 765.0, 1765.0, 131.0, 422.0, 329.0, 459.0, 226.0, 874.0, 445.0, 188.0, 80.0, 339.0, 444.0, 796.0, 1749.0, 192.0, 525.0, 409.0, 540.0, 256.0, 975.0, 523.0, 175.0, 149.0, 324.0, 414.0
43, 2014-01-24, Home, TOR, L, L, 6.5, U, 204, 0, 2017.0, 2205.0, 774.0, 1761.0, 137.0, 415.0, 332.0, 464.0, 229.0, 878.0, 447.0, 189.0, 84.0, 337.0, 442.0, 798.0, 1749.0, 202.0, 531.0, 407.0, 535.0, 255.0, 965.0, 527.0, 172.0, 157.0, 325.0, 416.0
44, 2014-01-25, Home, OKC, L, L, 9, U, 208, 1, 2013.0, 2203.0, 773.0, 1776.0, 134.0, 415.0, 333.0, 466.0, 234.0, 883.0, 448.0, 190.0, 79.0, 321.0, 435.0, 801.0, 1737.0, 203.0, 531.0, 398.0, 528.0, 251.0, 973.0, 532.0, 167.0, 161.0, 327.0, 423.0
45, 2014-01-27, Home, PHO, L, L, 5, O, 213.5, 0, 2004.0, 2198.0, 770.0, 1782.0, 129.0, 419.0, 335.0, 472.0, 241.0, 885.0, 451.0, 198.0, 78.0, 319.0, 439.0, 802.0, 1731.0, 197.0, 527.0, 397.0, 529.0, 250.0, 970.0, 531.0, 169.0, 164.0, 332.0, 425.0
46, 2014-01-29, Away, BOS, W, W, 4, U, 203.5, 0, 2012.0, 2183.0, 771.0, 1782.0, 128.0, 424.0, 342.0, 472.0, 246.0, 889.0, 448.0, 200.0, 76.0, 326.0, 451.0, 793.0, 1718.0, 185.0, 510.0, 412.0, 544.0, 248.0, 966.0, 515.0, 171.0, 168.0, 333.0, 434.0
47, 2014-01-31, Home, ATL, L, L, 5, O, 213, 0, 2013.0, 2147.0, 771.0, 1778.0, 127.0, 415.0, 344.0, 477.0, 245.0, 890.0, 453.0, 194.0, 79.0, 317.0, 451.0, 778.0, 1727.0, 171.0, 494.0, 420.0, 548.0, 262.0, 983.0, 500.0, 169.0, 173.0, 330.0, 435.0
48, 2014-02-01, Away, DET, L, L, 10, U, 215, 1, 1991.0, 2152.0, 752.0, 1765.0, 124.0, 408.0, 363.0, 499.0, 246.0, 887.0, 436.0, 196.0, 81.0, 319.0, 455.0, 781.0, 1731.0, 164.0, 477.0, 426.0, 552.0, 266.0, 993.0, 500.0, 174.0, 172.0, 332.0, 439.0
49, 2014-02-03, Away, BRK, L, W, 9, P, 210, 0, 1981.0, 2149.0, 752.0, 1761.0, 119.0, 406.0, 358.0, 500.0, 242.0, 887.0, 428.0, 202.0, 82.0, 321.0, 461.0, 779.0, 1741.0, 164.0, 477.0, 427.0, 567.0, 280.0, 1008.0, 500.0, 177.0, 171.0, 335.0, 439.0
50, 2014-02-05, Home, BOS, L, L, 3.5, O, 205.5, 0, 1982.0, 2142.0, 752.0, 1737.0, 116.0, 397.0, 362.0, 506.0, 235.0, 876.0, 429.0, 194.0, 82.0, 326.0, 465.0, 767.0, 1718.0, 165.0, 469.0, 443.0, 583.0, 270.0, 981.0, 501.0, 183.0, 166.0, 329.0, 442.0
51, 2014-02-07, Home, LAL, L, L, -4, U, 220, 0, 1979.0, 2152.0, 755.0, 1736.0, 117.0, 394.0, 352.0, 493.0, 231.0, 874.0, 432.0, 188.0, 81.0, 331.0, 465.0, 777.0, 1718.0, 161.0, 451.0, 437.0, 582.0, 264.0, 974.0, 508.0, 188.0, 166.0, 322.0, 441.0
52, 2014-02-09, Away, LAC, L, L, 15.5, U, 219.5, 0, 1963.0, 2162.0, 749.0, 1731.0, 123.0, 403.0, 342.0, 482.0, 229.0, 871.0, 432.0, 186.0, 78.0, 336.0, 458.0, 786.0, 1716.0, 164.0, 444.0, 426.0, 567.0, 256.0, 966.0, 519.0, 195.0, 167.0, 322.0, 428.0
53, 2014-02-10, Away, GSW, L, L, 15, U, 213.5, 1, 1928.0, 2181.0, 734.0, 1741.0, 121.0, 412.0, 339.0, 476.0, 236.0, 868.0, 425.0, 189.0, 71.0, 341.0, 443.0, 801.0, 1722.0, 166.0, 449.0, 413.0, 547.0, 251.0, 974.0, 538.0, 203.0, 169.0, 322.0, 421.0
54, 2014-02-12, Away, UTA, L, W, 7.5, O, 201, 0, 1907.0, 2205.0, 727.0, 1743.0, 119.0, 415.0, 334.0, 469.0, 237.0, 863.0, 422.0, 187.0, 70.0, 344.0, 439.0, 808.0, 1711.0, 175.0, 456.0, 414.0, 547.0, 245.0, 975.0, 536.0, 205.0, 171.0, 322.0, 421.0
55, 2014-02-18, Home, CLE, L, L, 4, U, 211.5, 0, 1912.0, 2184.0, 726.0, 1743.0, 119.0, 416.0, 341.0, 476.0, 240.0, 863.0, 414.0, 187.0, 69.0, 338.0, 441.0, 799.0, 1698.0, 162.0, 446.0, 424.0, 556.0, 242.0, 967.0, 523.0, 202.0, 172.0, 321.0, 426.0
56, 2014-02-21, Home, DAL, L, W, 13.5, O, 211.5, 0, 1904.0, 2187.0, 723.0, 1744.0, 120.0, 419.0, 338.0, 476.0, 250.0, 869.0, 410.0, 184.0, 65.0, 345.0, 447.0, 795.0, 1696.0, 155.0, 436.0, 442.0, 571.0, 249.0, 970.0, 522.0, 204.0, 165.0, 323.0, 420.0
57, 2014-02-24, Home, MIL, L, L, 3, O, 210.5, 0, 1912.0, 2197.0, 724.0, 1743.0, 117.0, 420.0, 347.0, 488.0, 251.0, 861.0, 409.0, 187.0, 62.0, 344.0, 449.0, 803.0, 1679.0, 153.0, 429.0, 438.0, 563.0, 232.0, 956.0, 537.0, 201.0, 158.0, 328.0, 425.0
58, 2014-02-26, Home, ORL, L, L, 4, U, 215, 0, 1930.0, 2225.0, 731.0, 1753.0, 120.0, 425.0, 348.0, 490.0, 253.0, 851.0, 415.0, 196.0, 65.0, 346.0, 451.0, 812.0, 1681.0, 159.0, 431.0, 442.0, 569.0, 242.0, 964.0, 543.0, 197.0, 162.0, 338.0, 426.0
59, 2014-03-01, Home, WAS, L, L, 11.5, O, 214.5, 0, 1925.0, 2234.0, 724.0, 1763.0, 119.0, 432.0, 358.0, 498.0, 255.0, 843.0, 408.0, 196.0, 68.0, 330.0, 447.0, 816.0, 1687.0, 163.0, 429.0, 439.0, 559.0, 244.0, 977.0, 541.0, 193.0, 166.0, 335.0, 427.0
60, 2014-03-02, Away, ORL, L, L, 10.5, U, 211.5, 1, 1942.0, 2255.0, 731.0, 1763.0, 122.0, 434.0, 358.0, 493.0, 245.0, 838.0, 414.0, 196.0, 69.0, 329.0, 453.0, 823.0, 1696.0, 167.0, 432.0, 442.0, 567.0, 244.0, 983.0, 544.0, 192.0, 160.0, 334.0, 427.0
61, 2014-03-04, Away, OKC, L, L, 21, U, 219, 0, 1945.0, 2244.0, 729.0, 1752.0, 125.0, 439.0, 362.0, 499.0, 242.0, 841.0, 413.0, 194.0, 69.0, 331.0, 455.0, 818.0, 1697.0, 162.0, 425.0, 446.0, 574.0, 244.0, 978.0, 534.0, 194.0, 156.0, 331.0, 432.0
62, 2014-03-08, Home, UTA, L, L, 7, U, 206.5, 0, 1938.0, 2262.0, 724.0, 1758.0, 131.0, 451.0, 359.0, 494.0, 247.0, 835.0, 418.0, 199.0, 66.0, 335.0, 458.0, 824.0, 1689.0, 164.0, 427.0, 450.0, 582.0, 243.0, 982.0, 540.0, 201.0, 154.0, 337.0, 426.0
63, 2014-03-10, Away, NYK, L, W, 15.5, O, 215.5, 0, 1920.0, 2260.0, 718.0, 1746.0, 127.0, 459.0, 357.0, 490.0, 235.0, 814.0, 412.0, 204.0, 67.0, 339.0, 455.0, 824.0, 1687.0, 159.0, 417.0, 453.0, 586.0, 248.0, 985.0, 541.0, 203.0, 146.0, 343.0, 426.0
64, 2014-03-12, Home, SAC, L, L, 9.5, U, 216, 0, 1935.0, 2279.0, 723.0, 1741.0, 127.0, 459.0, 362.0, 499.0, 239.0, 814.0, 415.0, 205.0, 66.0, 347.0, 462.0, 828.0, 1684.0, 164.0, 429.0, 459.0, 598.0, 245.0, 967.0, 533.0, 209.0, 146.0, 341.0, 428.0
65, 2014-03-14, Home, IND, L, W, 16, U, 205, 0, 1942.0, 2291.0, 722.0, 1735.0, 131.0, 455.0, 367.0, 500.0, 231.0, 808.0, 413.0, 197.0, 66.0, 352.0, 471.0, 822.0, 1682.0, 167.0, 426.0, 480.0, 623.0, 248.0, 971.0, 531.0, 211.0, 139.0, 342.0, 432.0
66, 2014-03-15, Home, MEM, L, L, 13.5, U, 201, 1, 1923.0, 2268.0, 717.0, 1738.0, 131.0, 461.0, 358.0, 492.0, 226.0, 805.0, 415.0, 199.0, 65.0, 341.0, 464.0, 818.0, 1669.0, 167.0, 427.0, 465.0, 610.0, 239.0, 972.0, 533.0, 207.0, 139.0, 344.0, 426.0
67, 2014-03-17, Away, IND, L, W, 19, U, 203.5, 0, 1905.0, 2277.0, 711.0, 1735.0, 130.0, 463.0, 353.0, 486.0, 233.0, 807.0, 405.0, 203.0, 65.0, 353.0, 464.0, 824.0, 1652.0, 164.0, 423.0, 465.0, 612.0, 228.0, 954.0, 540.0, 212.0, 136.0, 349.0, 429.0
68, 2014-03-19, Home, CHI, L, W, 13, O, 195, 0, 1896.0, 2251.0, 714.0, 1729.0, 133.0, 464.0, 335.0, 469.0, 231.0, 806.0, 407.0, 196.0, 67.0, 352.0, 472.0, 810.0, 1644.0, 162.0, 425.0, 469.0, 616.0, 235.0, 960.0, 517.0, 206.0, 136.0, 346.0, 424.0
69, 2014-03-21, Home, NYK, L, W, 12, U, 210, 0, 1894.0, 2240.0, 713.0, 1721.0, 139.0, 467.0, 329.0, 465.0, 227.0, 800.0, 412.0, 197.0, 71.0, 344.0, 465.0, 805.0, 1635.0, 163.0, 415.0, 467.0, 603.0, 226.0, 954.0, 516.0, 198.0, 136.0, 345.0, 423.0
70, 2014-03-22, Away, CHI, L, W, 16, U, 193, 1, 1884.0, 2225.0, 710.0, 1741.0, 141.0, 488.0, 323.0, 458.0, 238.0, 815.0, 412.0, 201.0, 69.0, 329.0, 459.0, 807.0, 1645.0, 160.0, 419.0, 451.0, 589.0, 230.0, 971.0, 520.0, 189.0, 132.0, 343.0, 416.0
71, 2014-03-24, Away, SAS, L, L, 20, U, 210, 0, 1857.0, 2202.0, 698.0, 1734.0, 135.0, 487.0, 326.0, 460.0, 244.0, 816.0, 396.0, 197.0, 70.0, 324.0, 458.0, 797.0, 1631.0, 157.0, 414.0, 451.0, 587.0, 229.0, 967.0, 516.0, 186.0, 133.0, 345.0, 417.0
72, 2014-03-27, Away, HOU, L, L, 19.5, O, 214, 0, 1850.0, 2203.0, 697.0, 1735.0, 131.0, 488.0, 325.0, 461.0, 244.0, 803.0, 395.0, 202.0, 71.0, 315.0, 455.0, 796.0, 1621.0, 162.0, 423.0, 449.0, 583.0, 228.0, 974.0, 513.0, 181.0, 128.0, 348.0, 419.0
73, 2014-03-29, Home, DET, W, W, 6, O, 210.5, 0, 1870.0, 2200.0, 705.0, 1725.0, 142.0, 496.0, 318.0, 458.0, 238.0, 798.0, 402.0, 196.0, 72.0, 319.0, 465.0, 790.0, 1622.0, 162.0, 421.0, 458.0, 600.0, 234.0, 972.0, 507.0, 182.0, 125.0, 346.0, 421.0
74, 2014-03-31, Away, ATL, L, W, 12, U, 210, 0, 1913.0, 2175.0, 720.0, 1727.0, 152.0, 500.0, 321.0, 460.0, 244.0, 806.0, 416.0, 200.0, 78.0, 316.0, 469.0, 780.0, 1619.0, 156.0, 413.0, 459.0, 602.0, 236.0, 956.0, 503.0, 181.0, 120.0, 346.0, 421.0
75, 2014-04-02, Home, CHA, L, L, 8.5, O, 205.5, 0, 1908.0, 2173.0, 719.0, 1724.0, 155.0, 511.0, 315.0, 457.0, 243.0, 806.0, 423.0, 202.0, 79.0, 320.0, 472.0, 779.0, 1616.0, 160.0, 428.0, 455.0, 600.0, 238.0, 960.0, 513.0, 181.0, 113.0, 350.0, 419.0
76, 2014-04-04, Away, BOS, W, W, 9, O, 208.5, 0, 1916.0, 2182.0, 723.0, 1720.0, 154.0, 507.0, 316.0, 456.0, 232.0, 794.0, 427.0, 201.0, 79.0, 314.0, 472.0, 781.0, 1608.0, 166.0, 432.0, 454.0, 602.0, 226.0, 946.0, 517.0, 175.0, 115.0, 339.0, 415.0
77, 2014-04-05, Home, BRK, L, W, 11, U, 207, 1, 1915.0, 2160.0, 720.0, 1703.0, 155.0, 501.0, 320.0, 461.0, 227.0, 794.0, 426.0, 198.0, 83.0, 311.0, 472.0, 771.0, 1618.0, 166.0, 442.0, 452.0, 598.0, 237.0, 947.0, 501.0, 170.0, 113.0, 338.0, 418.0
78, 2014-04-09, Away, TOR, L, W, 13.5, O, 207.5, 0, 1906.0, 2135.0, 713.0, 1694.0, 157.0, 500.0, 323.0, 465.0, 225.0, 806.0, 425.0, 188.0, 80.0, 307.0, 476.0, 764.0, 1614.0, 160.0, 443.0, 447.0, 592.0, 225.0, 941.0, 498.0, 169.0, 110.0, 327.0, 417.0
79, 2014-04-11, Away, MEM, L, L, 14.5, O, 201.5, 0, 1930.0, 2159.0, 725.0, 1692.0, 160.0, 499.0, 320.0, 458.0, 225.0, 800.0, 429.0, 184.0, 79.0, 307.0, 483.0, 766.0, 1602.0, 163.0, 450.0, 464.0, 613.0, 225.0, 921.0, 500.0, 165.0, 107.0, 324.0, 412.0
80, 2014-04-12, Away, CHA, L, W, 12, O, 206, 1, 1922.0, 2154.0, 726.0, 1696.0, 161.0, 495.0, 309.0, 443.0, 224.0, 796.0, 423.0, 187.0, 77.0, 300.0, 485.0, 765.0, 1594.0, 156.0, 437.0, 468.0, 617.0, 223.0, 926.0, 495.0, 161.0, 109.0, 324.0, 402.0
81, 2014-04-14, Home, BOS, W, W, 2.5, O, 212.5, 0, 1946.0, 2173.0, 735.0, 1703.0, 161.0, 496.0, 315.0, 451.0, 222.0, 791.0, 425.0, 188.0, 73.0, 290.0, 493.0, 769.0, 1583.0, 162.0, 443.0, 473.0, 631.0, 221.0, 920.0, 501.0, 152.0, 112.0, 325.0, 404.0
82, 2014-04-16, Away, MIA, W, W, 5.5, U, 207, 0, 1967.0, 2156.0, 746.0, 1688.0, 154.0, 478.0, 321.0, 463.0, 218.0, 795.0, 430.0, 185.0, 81.0, 287.0, 486.0, 766.0, 1593.0, 164.0, 447.0, 460.0, 614.0, 224.0, 903.0, 496.0, 148.0, 106.0, 320.0, 405.0
