16, 2014-11-30, Away, NYK, W, W, -3.5, U, 188.5, 0, 0, 97.0, 97.53, 34.47, 74.33, 9.2, 23.53, 18.87, 24.8, 7.87, 36.67, 20.87, 8.27, 3.53, 13.53, 20.6, 36.13, 76.6, 8.07, 23.27, 17.2, 24.33, 9.4, 39.93, 20.47, 8.0, 4.53, 14.0, 21.0, 95.13, 100.33, 36.8, 80.53, 7.6, 19.27, 13.93, 18.27, 10.33, 39.27, 20.67, 5.93, 3.67, 14.33, 24.4, 35.2, 78.93, 9.53, 23.53, 20.4, 27.2, 12.0, 42.4, 20.8, 8.27, 3.0, 13.67, 20.47
17, 2014-12-01, Away, WAS, L, L, 4.5, O, 190.5, 0, 1, 95.6, 96.47, 33.87, 73.73, 9.07, 23.2, 18.8, 25.33, 7.73, 36.47, 20.87, 8.2, 3.4, 13.53, 20.8, 35.8, 77.47, 7.87, 23.6, 17.0, 24.07, 10.27, 40.87, 20.07, 7.93, 4.6, 13.87, 21.13, 97.6, 96.67, 37.6, 81.47, 5.6, 15.07, 16.8, 22.93, 10.6, 42.33, 24.4, 8.07, 4.8, 14.27, 23.2, 34.6, 80.07, 7.67, 21.6, 19.8, 25.13, 10.2, 41.53, 17.53, 7.8, 3.93, 15.33, 22.0
18, 2014-12-03, Home, ATL, L, L, -4.5, O, 199.5, 1, 0, 93.73, 97.2, 33.33, 73.0, 8.4, 23.07, 18.67, 25.4, 7.6, 36.33, 19.47, 7.47, 3.53, 13.2, 20.8, 36.07, 77.8, 8.07, 23.33, 17.0, 23.93, 10.47, 41.2, 20.13, 7.8, 4.13, 13.07, 21.27, 103.87, 101.2, 38.33, 80.8, 8.6, 24.07, 18.6, 23.13, 8.67, 39.07, 25.53, 8.47, 5.13, 13.6, 18.8, 38.33, 84.07, 8.53, 23.27, 16.0, 20.8, 11.53, 42.13, 25.67, 6.73, 4.4, 14.87, 21.67
19, 2014-12-05, Away, MIL, L, L, -1.5, U, 195.5, 0, 0, 93.4, 97.87, 33.4, 72.6, 8.2, 22.53, 18.4, 25.0, 7.13, 35.47, 19.67, 7.73, 3.47, 13.33, 20.47, 36.27, 77.47, 8.6, 23.93, 16.73, 22.87, 10.2, 41.33, 21.07, 7.87, 3.87, 13.47, 21.0, 99.4, 100.93, 37.87, 82.33, 6.2, 18.87, 17.47, 22.6, 11.2, 41.07, 23.2, 9.27, 3.87, 15.0, 22.4, 37.47, 82.8, 8.6, 23.2, 17.4, 24.8, 12.33, 42.73, 22.27, 7.73, 4.8, 16.0, 21.13
20, 2014-12-07, Away, MEM, L, L, 7.5, U, 191.5, 0, 0, 93.0, 97.93, 33.33, 72.2, 7.87, 21.87, 18.47, 25.0, 6.47, 34.53, 20.0, 8.33, 3.53, 13.53, 20.53, 36.53, 77.53, 8.07, 22.53, 16.8, 22.8, 10.4, 41.8, 21.0, 8.07, 3.73, 14.0, 21.0, 102.53, 96.13, 38.73, 81.67, 5.4, 14.73, 19.67, 25.2, 10.73, 41.87, 22.73, 8.0, 4.07, 12.47, 18.73, 36.6, 82.2, 8.2, 23.2, 14.73, 19.93, 11.47, 40.8, 19.13, 7.27, 5.27, 14.13, 21.4
21, 2014-12-09, Away, PHO, W, W, 4.5, U, 202.5, 1, 0, 92.87, 98.4, 33.93, 72.4, 7.93, 21.47, 17.07, 23.47, 6.73, 34.13, 20.13, 8.6, 3.4, 13.73, 19.67, 37.07, 76.93, 8.27, 22.2, 16.0, 21.6, 10.0, 41.07, 21.07, 8.27, 3.4, 14.0, 20.33, 106.93, 104.2, 39.87, 86.47, 10.33, 26.93, 16.87, 20.4, 10.6, 42.53, 22.13, 8.6, 3.93, 14.93, 23.27, 37.67, 83.67, 7.0, 21.0, 21.87, 28.8, 12.27, 45.27, 19.8, 8.07, 3.93, 16.07, 21.33
22, 2014-12-10, Away, DEN, L, L, 6, U, 202.5, 0, 1, 92.93, 98.73, 34.07, 72.53, 8.2, 21.73, 16.6, 23.13, 6.93, 33.73, 20.07, 9.0, 3.53, 13.53, 19.33, 37.2, 76.27, 9.13, 23.47, 15.2, 20.67, 9.53, 40.27, 21.8, 8.13, 3.6, 14.4, 20.53, 105.27, 104.87, 39.0, 87.2, 8.87, 26.4, 18.4, 25.0, 12.73, 45.2, 21.47, 8.13, 4.2, 13.67, 23.13, 37.87, 83.4, 8.27, 23.33, 20.87, 26.87, 10.27, 42.53, 21.53, 6.93, 5.93, 13.47, 20.47
23, 2014-12-12, Away, UTA, W, W, 1.5, O, 190, 0, 0, 91.4, 99.13, 33.27, 72.93, 8.07, 21.67, 16.8, 23.2, 7.6, 34.0, 19.2, 8.6, 3.73, 13.33, 19.13, 37.4, 76.4, 9.07, 23.07, 15.27, 20.87, 9.67, 40.87, 21.73, 8.07, 3.4, 14.2, 20.73, 94.73, 101.53, 36.0, 78.6, 6.0, 18.4, 16.73, 23.87, 10.73, 40.27, 20.53, 6.93, 5.53, 14.0, 19.0, 39.4, 81.6, 7.53, 19.53, 15.2, 20.27, 10.4, 40.27, 19.27, 8.13, 4.53, 11.67, 20.4
24, 2014-12-14, Home, CHI, L, L, 7, U, 194, 0, 0, 93.07, 100.07, 33.73, 73.2, 7.93, 21.67, 17.67, 24.07, 7.67, 34.47, 19.27, 8.27, 3.6, 13.33, 19.0, 37.67, 76.2, 9.07, 23.2, 15.67, 21.33, 9.4, 40.27, 21.93, 8.0, 3.47, 13.93, 20.8, 102.8, 100.0, 37.27, 82.73, 7.07, 20.87, 21.2, 27.8, 11.53, 46.33, 22.4, 6.4, 5.27, 14.07, 19.8, 37.87, 85.73, 7.0, 18.4, 17.27, 22.8, 10.53, 41.8, 21.07, 7.07, 4.87, 12.4, 22.93
25, 2014-12-16, Away, BRK, W, W, 6, U, 187, 0, 0, 91.2, 98.67, 33.27, 73.6, 7.53, 21.73, 17.13, 23.6, 8.2, 35.0, 18.27, 8.47, 3.73, 13.27, 19.13, 37.07, 75.93, 8.93, 22.53, 15.6, 21.2, 9.73, 40.8, 21.13, 7.6, 3.67, 14.33, 20.67, 92.6, 97.4, 35.2, 82.4, 6.13, 19.93, 16.07, 21.4, 10.33, 43.0, 20.87, 6.87, 3.87, 14.0, 19.87, 35.93, 83.07, 9.07, 26.07, 16.47, 22.33, 12.2, 45.8, 22.27, 7.87, 5.6, 13.73, 20.13
26, 2014-12-17, Home, UTA, L, L, -3.5, O, 189.5, 1, 1, 91.93, 98.67, 33.47, 73.53, 7.4, 21.67, 17.6, 23.87, 8.27, 35.07, 18.33, 8.4, 3.47, 13.33, 19.33, 36.73, 76.13, 9.13, 23.2, 16.07, 21.6, 10.13, 40.6, 21.73, 7.47, 3.73, 14.4, 20.8, 95.07, 102.53, 35.87, 79.6, 5.8, 18.0, 17.53, 24.6, 11.93, 41.6, 19.0, 6.6, 5.4, 14.2, 18.93, 39.87, 80.73, 7.47, 19.93, 15.33, 20.8, 9.93, 39.4, 19.87, 8.33, 5.4, 12.13, 20.4
27, 2014-12-19, Home, WAS, L, W, 6, O, 189, 0, 0, 91.4, 100.13, 33.2, 73.4, 7.07, 21.0, 17.93, 24.73, 8.13, 34.4, 17.73, 8.67, 3.33, 13.13, 19.33, 37.13, 75.87, 9.47, 23.33, 16.4, 21.47, 9.8, 40.8, 22.07, 7.07, 3.73, 14.8, 21.27, 102.4, 96.6, 40.07, 84.0, 7.33, 16.93, 14.93, 20.0, 11.4, 44.8, 26.6, 7.6, 5.8, 14.93, 22.07, 34.47, 81.87, 6.6, 20.27, 21.07, 27.53, 10.07, 40.47, 16.8, 9.47, 4.8, 13.53, 19.73
28, 2014-12-21, Home, BOS, W, W, 3, U, 198.5, 0, 0, 92.07, 99.8, 33.87, 73.93, 7.27, 20.53, 17.07, 23.93, 8.07, 34.67, 18.47, 8.47, 3.33, 13.33, 20.13, 36.87, 76.0, 8.8, 22.2, 17.27, 22.53, 10.4, 40.87, 21.6, 7.07, 3.93, 14.53, 21.0, 103.33, 101.87, 40.07, 88.33, 7.67, 22.27, 15.53, 20.87, 10.33, 45.0, 25.53, 8.8, 4.27, 14.93, 20.93, 39.0, 89.13, 7.0, 19.87, 16.87, 21.53, 11.27, 45.07, 22.8, 7.47, 5.33, 14.87, 18.2
29, 2014-12-23, Home, PHI, L, L, -7.5, U, 192, 0, 0, 92.13, 99.27, 33.87, 74.4, 6.87, 20.2, 17.53, 24.47, 8.0, 35.0, 18.53, 8.6, 3.2, 12.8, 19.73, 36.73, 76.33, 9.0, 22.67, 16.8, 21.73, 10.13, 40.73, 21.87, 6.8, 4.07, 14.6, 20.87, 93.47, 102.07, 34.13, 81.2, 7.27, 24.27, 17.93, 25.27, 11.6, 43.0, 21.33, 10.13, 5.47, 18.27, 22.47, 37.73, 83.93, 7.87, 24.4, 18.73, 24.8, 11.73, 45.87, 24.6, 10.33, 4.33, 16.27, 20.87
30, 2014-12-25, Home, CLE, W, W, 6, U, 196, 0, 0, 91.67, 99.13, 33.87, 75.33, 6.67, 20.4, 17.27, 24.4, 8.73, 35.2, 18.13, 9.0, 3.27, 13.07, 19.93, 36.47, 76.2, 8.87, 22.53, 17.33, 22.47, 10.73, 41.33, 21.4, 7.07, 4.73, 14.93, 20.93, 105.13, 97.07, 39.07, 80.33, 7.93, 21.87, 19.07, 25.4, 10.6, 40.4, 24.53, 7.27, 4.27, 12.53, 18.47, 38.4, 83.07, 7.0, 21.0, 13.27, 17.6, 10.67, 39.07, 24.73, 6.53, 4.73, 12.93, 20.8
31, 2014-12-27, Home, MEM, L, L, 3.5, O, 189.5, 1, 0, 91.93, 97.6, 34.33, 75.27, 6.47, 20.27, 16.8, 23.73, 8.73, 35.4, 18.87, 9.07, 3.2, 13.2, 20.2, 35.73, 76.0, 8.4, 22.4, 17.73, 23.13, 11.13, 40.8, 21.07, 7.2, 4.4, 15.2, 20.33, 104.47, 102.6, 40.67, 86.93, 5.67, 17.07, 17.47, 22.73, 9.93, 42.47, 24.27, 7.87, 4.8, 10.93, 19.8, 38.6, 85.67, 9.8, 24.73, 15.6, 21.67, 12.47, 45.87, 21.6, 6.13, 6.67, 13.8, 20.4
32, 2014-12-29, Home, ORL, L, L, -5.5, O, 189.5, 0, 0, 92.53, 99.2, 34.8, 75.27, 6.4, 20.07, 16.53, 23.07, 8.53, 34.87, 18.73, 9.2, 3.4, 13.13, 20.6, 35.93, 75.0, 8.67, 21.87, 18.67, 24.27, 10.4, 39.6, 21.6, 7.47, 4.53, 15.27, 20.33, 93.07, 97.07, 36.6, 79.93, 7.47, 19.67, 12.4, 17.2, 8.13, 39.33, 19.8, 7.13, 4.07, 13.4, 20.33, 36.47, 81.0, 7.47, 22.87, 16.67, 21.67, 9.4, 42.27, 23.4, 7.0, 4.93, 12.93, 16.53
33, 2014-12-31, Away, IND, L, L, 4, O, 189.5, 0, 0, 93.53, 98.87, 34.8, 74.67, 6.73, 19.53, 17.2, 23.73, 8.47, 35.07, 19.13, 9.47, 3.47, 13.33, 20.27, 36.07, 75.33, 8.73, 22.27, 18.0, 23.53, 10.47, 39.07, 21.07, 7.6, 4.47, 15.4, 20.47, 95.8, 97.53, 37.47, 85.87, 6.47, 19.47, 14.4, 19.47, 9.2, 44.07, 22.47, 6.8, 4.53, 13.27, 22.53, 35.87, 83.53, 6.53, 19.93, 19.27, 25.93, 10.07, 45.73, 19.4, 7.6, 4.67, 12.67, 19.33
34, 2015-01-03, Away, HOU, L, L, 6.5, U, 198, 1, 0, 93.07, 98.47, 34.93, 75.53, 6.67, 19.53, 16.53, 22.8, 8.73, 35.47, 18.8, 9.13, 3.67, 12.87, 20.27, 35.73, 75.67, 8.6, 21.8, 18.4, 24.0, 10.87, 39.67, 20.93, 7.27, 4.67, 15.0, 20.07, 103.73, 102.73, 37.4, 86.6, 11.13, 33.33, 17.8, 25.2, 12.8, 45.67, 20.2, 9.47, 4.33, 16.93, 22.93, 38.2, 85.13, 7.27, 21.73, 19.07, 24.53, 10.67, 42.33, 22.73, 9.07, 6.0, 15.87, 21.27
35, 2015-01-04, Home, BRK, W, W, 2.5, U, 195, 0, 1, 92.67, 98.87, 34.93, 75.53, 6.47, 19.47, 16.33, 22.67, 9.07, 36.33, 18.73, 8.47, 3.67, 13.07, 20.0, 35.87, 76.6, 8.87, 22.8, 18.27, 24.13, 11.2, 39.87, 20.93, 7.4, 4.53, 14.47, 19.53, 95.0, 97.47, 36.0, 80.0, 7.07, 21.13, 15.93, 22.73, 9.4, 41.33, 22.0, 7.8, 4.2, 14.07, 19.27, 36.33, 81.53, 9.27, 24.0, 15.53, 22.07, 11.0, 44.53, 22.67, 7.93, 4.87, 13.93, 20.2
36, 2015-01-08, Away, POR, L, L, 8.5, U, 196, 0, 0, 92.73, 97.6, 34.4, 74.67, 6.47, 19.33, 17.47, 24.0, 8.93, 37.13, 18.73, 8.33, 4.13, 13.27, 20.53, 35.27, 77.47, 8.8, 23.53, 18.27, 24.27, 11.4, 39.87, 20.53, 7.53, 4.67, 14.4, 20.13, 104.53, 98.27, 39.8, 88.33, 11.27, 28.67, 13.67, 16.93, 10.73, 45.73, 21.73, 7.27, 5.4, 14.27, 19.6, 37.87, 89.07, 5.33, 18.53, 17.2, 22.67, 12.8, 47.4, 18.73, 8.4, 3.13, 12.93, 17.87
37, 2015-01-11, Away, LAC, W, W, 10, U, 199, 1, 0, 91.4, 97.73, 33.47, 74.47, 6.07, 19.13, 18.4, 25.2, 9.0, 37.67, 18.07, 7.8, 4.33, 13.13, 20.47, 35.47, 78.67, 8.2, 23.0, 18.6, 24.67, 11.73, 40.73, 20.2, 7.4, 4.73, 13.4, 20.2, 107.47, 100.2, 38.73, 83.73, 10.73, 27.2, 19.27, 26.6, 10.2, 43.67, 26.0, 8.67, 4.8, 11.8, 19.33, 38.0, 82.4, 8.87, 23.73, 15.33, 22.8, 10.07, 42.4, 26.0, 6.73, 2.27, 13.93, 21.13
38, 2015-01-13, Away, LAL, W, W, -2.5, U, 197.5, 0, 0, 92.87, 96.93, 34.07, 74.4, 6.0, 19.07, 18.73, 25.4, 8.93, 37.93, 18.73, 8.27, 4.27, 13.27, 20.47, 35.2, 78.0, 8.27, 23.2, 18.27, 24.07, 11.0, 39.2, 19.93, 7.2, 4.6, 13.6, 20.6, 99.4, 103.53, 36.87, 84.93, 8.27, 21.6, 17.4, 23.2, 10.73, 44.6, 21.4, 7.27, 4.93, 12.53, 21.07, 38.47, 84.6, 8.33, 22.2, 18.27, 24.8, 10.6, 44.47, 22.67, 7.33, 4.6, 12.2, 18.73
39, 2015-01-14, Away, GSW, L, P, 15, U, 201, 1, 1, 91.4, 95.6, 33.87, 74.8, 5.67, 18.8, 18.0, 24.33, 9.07, 39.07, 19.0, 8.33, 4.8, 13.87, 20.47, 34.87, 79.0, 8.0, 22.87, 17.87, 23.8, 11.07, 39.33, 20.2, 7.6, 4.4, 13.67, 20.33, 112.87, 102.0, 42.73, 87.47, 10.8, 27.67, 16.6, 21.13, 9.53, 43.2, 28.2, 10.07, 6.4, 13.4, 19.4, 38.27, 87.93, 7.73, 24.2, 17.73, 24.33, 12.27, 45.6, 20.47, 8.73, 3.87, 15.67, 18.4
40, 2015-01-16, Away, SAC, W, W, 3, U, 191, 0, 0, 92.33, 96.33, 34.0, 74.2, 5.8, 18.53, 18.53, 24.93, 8.93, 39.13, 19.47, 7.8, 4.73, 14.13, 20.27, 35.2, 79.67, 8.27, 23.6, 17.67, 23.67, 11.2, 38.8, 20.73, 7.67, 4.2, 13.27, 20.53, 103.53, 107.13, 38.47, 83.8, 6.27, 18.13, 20.33, 26.6, 11.13, 45.0, 20.47, 7.2, 4.4, 15.73, 20.07, 40.53, 87.87, 8.47, 24.47, 17.6, 23.33, 11.6, 43.07, 23.2, 8.73, 6.47, 13.47, 22.87
41, 2015-01-20, Home, OKC, L, L, 7.5, U, 200.5, 0, 0, 92.33, 95.8, 34.13, 74.33, 5.73, 18.07, 18.33, 24.6, 8.87, 38.93, 19.87, 7.8, 5.0, 13.53, 19.73, 35.33, 79.53, 8.2, 22.8, 16.93, 22.47, 10.87, 38.67, 20.4, 7.27, 4.13, 13.13, 20.13, 107.73, 106.87, 40.33, 89.07, 8.13, 23.33, 18.93, 25.67, 13.07, 48.8, 21.47, 7.93, 5.8, 14.27, 21.4, 39.47, 87.33, 10.47, 25.6, 17.47, 22.67, 9.8, 42.6, 24.27, 8.4, 4.27, 13.67, 20.27
42, 2015-01-21, Away, CHO, L, W, 6, U, 184, 0, 1, 92.27, 95.07, 34.47, 74.2, 6.0, 18.4, 17.33, 23.2, 8.6, 39.27, 20.53, 7.4, 5.13, 14.07, 19.2, 35.73, 81.27, 7.67, 22.87, 15.93, 21.53, 11.27, 38.93, 19.87, 7.73, 4.0, 12.67, 19.93, 96.13, 92.33, 35.27, 84.8, 5.87, 19.33, 19.73, 26.47, 11.2, 47.53, 18.8, 6.2, 5.93, 12.33, 18.87, 34.8, 84.67, 6.93, 22.73, 15.8, 20.6, 8.47, 42.27, 19.47, 6.93, 6.8, 12.67, 22.87
43, 2015-01-23, Home, IND, W, L, -3.5, U, 184, 0, 0, 90.47, 93.27, 33.73, 74.8, 5.73, 18.33, 17.27, 22.93, 8.93, 39.73, 20.0, 7.4, 5.47, 13.53, 18.87, 34.93, 81.33, 7.73, 23.2, 15.67, 21.33, 11.73, 40.27, 19.53, 7.53, 4.33, 13.0, 19.87, 97.27, 99.47, 35.93, 83.47, 6.6, 20.4, 18.8, 23.8, 10.67, 45.27, 22.0, 6.8, 4.4, 14.73, 21.0, 36.0, 84.13, 8.47, 23.8, 19.0, 24.6, 10.33, 42.4, 21.47, 8.27, 5.4, 12.47, 21.53
44, 2015-01-25, Away, CHI, W, W, 7.5, U, 184, 0, 0, 89.73, 93.47, 33.67, 74.6, 5.6, 18.07, 16.8, 22.2, 8.8, 39.6, 20.13, 7.33, 5.27, 14.07, 19.6, 34.87, 81.0, 7.53, 22.67, 16.2, 21.87, 11.33, 39.93, 19.0, 7.73, 4.27, 13.2, 20.13, 99.47, 100.33, 35.8, 84.47, 7.87, 21.13, 20.0, 25.27, 13.2, 44.93, 20.87, 7.47, 7.87, 12.67, 17.27, 39.53, 85.73, 6.2, 17.13, 15.07, 19.73, 11.2, 43.4, 23.07, 7.47, 6.27, 12.87, 21.93
45, 2015-01-27, Home, MIL, L, L, -2, O, 187, 0, 0, 90.33, 93.0, 34.0, 74.87, 5.13, 17.2, 17.2, 22.53, 8.73, 40.6, 20.53, 7.07, 5.73, 13.4, 19.33, 34.73, 81.67, 7.67, 23.0, 15.87, 21.33, 11.33, 40.0, 19.27, 7.2, 4.2, 12.73, 19.87, 95.67, 88.93, 37.4, 81.53, 7.4, 19.0, 13.47, 17.73, 10.73, 43.4, 25.33, 10.47, 5.93, 16.47, 21.4, 32.2, 81.8, 6.87, 24.4, 17.67, 22.2, 12.87, 44.53, 20.67, 8.6, 4.6, 17.27, 17.93
46, 2015-01-30, Home, DAL, L, L, 7.5, U, 191, 0, 0, 90.4, 94.2, 33.87, 74.27, 5.13, 17.13, 17.53, 23.13, 8.27, 39.93, 20.07, 6.87, 5.6, 13.47, 19.13, 35.2, 81.6, 7.87, 22.33, 15.93, 21.13, 10.87, 39.8, 19.87, 7.13, 4.13, 12.53, 20.33, 102.27, 99.33, 38.93, 85.13, 9.13, 25.2, 15.27, 19.93, 9.6, 41.6, 22.4, 8.07, 4.47, 11.87, 19.47, 37.6, 84.47, 7.33, 22.4, 16.8, 22.13, 11.47, 46.4, 23.0, 7.27, 3.6, 14.53, 20.47
47, 2015-02-01, Away, BOS, W, W, 3.5, U, 185.5, 0, 0, 88.87, 93.53, 33.33, 75.33, 5.33, 17.73, 16.87, 22.4, 8.93, 41.2, 20.07, 6.6, 5.53, 13.67, 18.53, 35.2, 82.2, 8.27, 23.2, 14.87, 20.0, 11.13, 40.93, 20.0, 7.13, 4.07, 12.33, 19.73, 97.8, 102.07, 37.87, 87.8, 7.8, 22.73, 14.27, 19.0, 11.0, 42.93, 22.47, 7.47, 4.27, 13.0, 21.67, 36.93, 84.27, 8.07, 23.07, 20.13, 25.2, 12.33, 46.33, 21.6, 7.47, 6.8, 13.4, 17.27
48, 2015-02-03, Away, DET, L, L, 4, O, 184, 0, 0, 87.67, 91.73, 33.27, 76.27, 5.13, 18.2, 16.0, 21.13, 9.2, 41.87, 20.07, 6.47, 5.93, 13.8, 18.73, 34.47, 82.47, 7.8, 22.8, 15.0, 20.33, 11.13, 41.33, 20.2, 7.0, 4.13, 12.27, 19.33, 100.73, 101.2, 36.67, 86.27, 9.13, 27.47, 18.27, 24.13, 13.93, 46.4, 22.47, 8.8, 4.47, 13.67, 16.73, 39.93, 85.0, 8.0, 23.67, 13.33, 17.27, 10.0, 43.6, 25.53, 7.47, 4.8, 14.33, 19.73
49, 2015-02-04, Away, MIN, L, W, 2, O, 188.5, 0, 1, 87.4, 91.87, 33.07, 76.07, 5.2, 18.07, 16.07, 21.47, 9.2, 41.8, 20.27, 6.2, 5.8, 13.6, 18.07, 34.93, 83.07, 7.73, 22.93, 14.27, 19.53, 11.33, 41.73, 20.47, 7.2, 4.2, 12.0, 19.27, 94.73, 102.73, 35.67, 82.4, 5.33, 16.2, 18.07, 21.8, 11.33, 41.07, 21.47, 7.33, 3.33, 14.33, 16.87, 40.73, 84.07, 8.07, 22.87, 13.2, 18.13, 10.67, 41.73, 22.2, 9.27, 5.87, 13.47, 18.8
50, 2015-02-06, Away, SAS, L, L, 12.5, U, 186, 0, 0, 88.87, 91.0, 33.67, 76.87, 5.4, 18.0, 16.13, 21.4, 9.67, 42.73, 20.13, 6.53, 5.8, 13.4, 18.4, 34.67, 82.33, 7.27, 21.6, 14.4, 19.47, 10.4, 40.67, 20.87, 7.0, 4.33, 11.87, 19.67, 98.87, 94.73, 36.8, 83.93, 8.8, 24.33, 16.47, 21.6, 9.8, 42.67, 24.53, 7.6, 5.07, 12.6, 18.6, 36.4, 82.0, 5.6, 16.8, 16.33, 21.53, 9.8, 43.33, 21.47, 7.27, 5.6, 13.0, 19.33
51, 2015-02-09, Home, NYK, W, W, -4.5, O, 181.5, 0, 0, 88.67, 91.93, 34.0, 77.73, 5.4, 18.13, 15.27, 20.13, 9.8, 42.4, 20.27, 6.47, 5.4, 13.53, 17.73, 35.07, 82.13, 7.53, 21.93, 14.27, 19.2, 10.67, 41.0, 21.73, 7.2, 4.2, 12.2, 19.33, 90.87, 98.47, 35.47, 83.0, 8.2, 21.93, 11.73, 16.2, 10.47, 40.93, 22.53, 6.93, 4.07, 12.87, 21.0, 36.13, 78.87, 7.33, 20.07, 18.87, 25.8, 11.07, 44.6, 20.2, 7.73, 5.4, 13.93, 17.2
52, 2015-02-11, Away, CLE, L, L, 12, O, 192.5, 0, 0, 90.4, 91.67, 34.47, 77.53, 6.0, 18.67, 15.47, 20.07, 9.6, 41.93, 21.13, 6.67, 5.27, 13.73, 18.13, 34.8, 81.4, 7.47, 21.47, 14.6, 19.47, 10.4, 40.0, 21.93, 7.4, 4.33, 12.6, 19.4, 107.73, 97.27, 39.2, 83.4, 11.33, 30.2, 18.0, 24.53, 13.0, 46.67, 20.67, 7.8, 4.27, 13.73, 18.73, 36.07, 84.47, 7.47, 22.8, 17.67, 23.33, 12.6, 41.33, 22.13, 7.93, 3.8, 12.07, 20.2
53, 2015-02-20, Away, NYK, W, W, -7, O, 181.5, 0, 0, 89.67, 93.2, 34.13, 77.73, 6.2, 18.87, 15.2, 19.8, 9.4, 41.27, 20.67, 6.8, 5.2, 13.87, 18.07, 35.47, 81.6, 7.53, 21.4, 14.73, 19.53, 10.67, 41.07, 22.93, 7.73, 4.4, 12.73, 19.07, 91.13, 97.93, 35.07, 82.93, 7.73, 20.8, 13.27, 17.93, 10.6, 40.67, 22.4, 6.6, 4.53, 12.2, 21.27, 35.13, 77.73, 7.4, 20.2, 20.27, 26.93, 10.67, 43.93, 19.4, 7.2, 5.73, 13.6, 18.33
54, 2015-02-21, Home, NOP, L, L, -2, O, 194.5, 1, 1, 91.87, 94.0, 34.47, 77.8, 6.67, 19.13, 16.27, 21.13, 9.53, 41.13, 21.0, 7.13, 4.73, 14.07, 18.2, 35.87, 80.93, 7.67, 21.07, 14.6, 19.4, 10.27, 40.13, 23.47, 7.73, 4.6, 13.27, 19.87, 96.2, 97.0, 36.47, 82.4, 7.07, 18.53, 16.2, 21.0, 12.93, 44.0, 21.6, 6.07, 6.0, 12.07, 16.53, 38.07, 83.53, 7.0, 20.2, 13.87, 17.73, 10.27, 39.6, 21.2, 6.33, 5.8, 10.53, 18.6
55, 2015-02-23, Home, PHI, W, P, -11, O, 193.5, 1, 0, 92.0, 94.07, 34.67, 78.33, 6.6, 19.07, 16.07, 21.13, 9.67, 41.4, 20.73, 7.13, 4.93, 14.07, 18.47, 35.67, 81.07, 7.33, 20.53, 15.4, 20.2, 10.33, 40.47, 23.0, 7.93, 4.47, 13.2, 20.13, 89.2, 95.67, 32.07, 78.8, 8.93, 25.67, 16.13, 23.0, 11.2, 43.33, 21.2, 9.2, 6.73, 17.87, 20.27, 35.4, 81.93, 7.4, 22.07, 17.47, 22.27, 11.0, 44.27, 23.33, 9.73, 4.93, 14.93, 19.73
56, 2015-02-25, Away, ORL, W, L, -3.5, U, 199, 0, 0, 93.6, 95.73, 35.4, 78.93, 6.8, 19.33, 16.0, 21.2, 10.0, 41.87, 20.8, 6.93, 4.73, 14.53, 18.8, 36.2, 81.67, 7.73, 21.53, 15.6, 21.13, 10.53, 40.33, 23.47, 8.4, 4.93, 13.0, 20.0, 98.4, 104.67, 38.73, 83.2, 6.13, 19.6, 14.8, 19.87, 10.0, 41.0, 20.93, 8.07, 3.87, 14.87, 21.13, 39.07, 81.2, 9.2, 23.4, 17.33, 22.67, 8.93, 42.67, 26.4, 9.33, 4.87, 14.8, 18.07
57, 2015-02-27, Away, NOP, L, L, -2, O, 196, 0, 0, 94.07, 95.47, 35.4, 80.0, 6.67, 19.93, 16.6, 22.07, 10.27, 42.27, 20.6, 7.2, 4.93, 14.07, 19.33, 35.67, 80.73, 7.73, 21.27, 16.4, 22.53, 10.53, 40.87, 23.6, 7.93, 4.8, 13.47, 20.33, 97.8, 97.8, 36.53, 81.47, 7.93, 19.07, 16.8, 21.33, 12.13, 43.73, 23.07, 6.27, 6.53, 12.6, 17.67, 38.73, 85.4, 6.6, 19.73, 13.73, 18.13, 11.0, 40.27, 20.2, 6.33, 5.67, 10.67, 18.67
58, 2015-02-28, Home, ATL, L, P, 2, U, 197, 1, 1, 95.8, 97.2, 36.2, 80.0, 6.87, 20.13, 16.53, 22.13, 10.0, 41.6, 21.07, 6.93, 4.87, 14.0, 19.4, 36.47, 80.47, 7.87, 21.07, 16.4, 22.33, 9.67, 39.6, 24.07, 7.93, 4.67, 13.2, 20.53, 101.47, 97.33, 37.47, 82.53, 10.6, 28.33, 15.93, 20.13, 9.27, 41.2, 24.4, 8.13, 4.67, 13.47, 16.73, 37.27, 85.67, 8.27, 24.4, 14.53, 18.33, 12.73, 45.13, 23.33, 7.33, 5.47, 13.87, 19.73
59, 2015-03-02, Home, PHO, W, W, -1.5, O, 206, 0, 0, 95.93, 97.6, 35.93, 80.4, 7.07, 20.73, 17.0, 22.53, 10.67, 42.33, 20.87, 7.2, 5.07, 14.47, 18.8, 36.6, 80.53, 8.33, 21.73, 16.07, 22.13, 9.67, 39.6, 24.67, 8.13, 4.8, 13.2, 20.33, 100.53, 105.33, 38.47, 88.6, 8.47, 24.4, 15.13, 20.47, 11.67, 44.87, 20.2, 8.67, 5.33, 14.2, 21.47, 38.93, 87.33, 8.33, 23.13, 19.13, 25.8, 11.8, 47.67, 22.2, 7.47, 4.53, 13.67, 19.0
60, 2015-03-04, Home, LAL, W, L, -9, U, 201.5, 1, 0, 97.2, 98.53, 36.27, 80.27, 7.47, 20.8, 17.2, 23.0, 10.6, 41.73, 20.87, 7.73, 4.47, 14.73, 19.87, 36.73, 79.93, 8.33, 22.2, 16.73, 23.4, 9.67, 39.6, 24.8, 8.27, 4.27, 13.87, 21.07, 99.93, 105.2, 38.73, 89.27, 6.0, 18.73, 16.47, 22.2, 12.47, 46.53, 21.47, 7.13, 4.67, 12.27, 20.93, 39.4, 85.87, 8.4, 23.67, 18.0, 24.2, 10.73, 46.0, 24.13, 7.8, 5.13, 12.6, 19.07
61, 2015-03-06, Away, WAS, L, W, 6, O, 193, 0, 0, 97.07, 97.53, 35.87, 80.53, 7.2, 20.53, 18.13, 24.13, 11.13, 43.2, 20.6, 7.93, 4.87, 14.93, 19.33, 36.67, 81.07, 8.2, 22.33, 16.0, 22.53, 9.87, 40.13, 24.67, 8.53, 4.13, 14.0, 21.33, 94.8, 99.6, 36.27, 83.33, 5.93, 18.47, 16.33, 21.4, 11.47, 44.8, 22.4, 6.47, 4.33, 15.4, 21.47, 36.27, 82.27, 8.93, 25.0, 18.13, 25.07, 9.47, 42.4, 20.93, 8.47, 4.53, 13.0, 19.13
62, 2015-03-07, Home, SAC, W, W, -1, O, 204, 1, 1, 98.73, 97.93, 36.4, 79.93, 7.27, 20.4, 18.67, 24.73, 10.53, 42.2, 20.6, 7.87, 4.8, 14.8, 19.47, 36.93, 81.07, 7.8, 21.93, 16.27, 22.4, 9.67, 39.73, 24.67, 8.27, 4.13, 14.33, 21.87, 97.67, 104.47, 35.27, 81.07, 5.13, 15.67, 22.0, 29.2, 10.8, 44.53, 19.6, 6.27, 4.33, 16.0, 19.27, 39.73, 87.07, 8.0, 23.53, 17.0, 21.93, 10.73, 42.47, 23.27, 9.53, 5.87, 11.8, 23.0
63, 2015-03-09, Home, BOS, L, L, -2.5, U, 198.5, 1, 0, 100.8, 100.2, 37.0, 80.13, 7.47, 20.6, 19.33, 25.53, 10.13, 41.4, 20.93, 8.27, 4.73, 14.6, 19.67, 37.6, 81.53, 8.2, 22.33, 16.8, 22.8, 9.93, 40.13, 24.8, 8.27, 4.2, 14.8, 22.53, 101.07, 100.47, 37.67, 90.67, 9.93, 28.8, 15.8, 20.93, 13.33, 46.13, 23.73, 7.87, 2.67, 11.47, 20.33, 38.0, 83.27, 7.53, 23.73, 16.93, 22.8, 11.2, 47.47, 21.8, 6.6, 5.4, 14.87, 19.07
64, 2015-03-11, Home, BRK, W, W, -4, O, 200.5, 1, 0, 100.73, 99.67, 36.6, 79.8, 7.33, 20.8, 20.2, 26.27, 9.93, 41.2, 20.4, 8.53, 4.47, 14.93, 19.87, 37.4, 81.47, 8.0, 22.67, 16.87, 22.73, 10.07, 40.0, 24.13, 8.27, 4.0, 15.0, 23.07, 97.53, 101.0, 37.6, 83.87, 6.53, 18.53, 15.8, 21.33, 11.6, 42.93, 19.93, 6.07, 4.2, 13.53, 19.0, 38.13, 84.87, 8.13, 24.47, 16.6, 21.73, 12.0, 44.53, 24.27, 8.93, 4.2, 12.27, 19.8
65, 2015-03-13, Away, TOR, L, L, 5, U, 204, 0, 0, 100.93, 99.4, 36.47, 79.87, 7.27, 21.13, 20.73, 27.2, 9.67, 40.67, 20.73, 8.73, 4.47, 14.4, 20.27, 37.07, 81.53, 8.0, 23.07, 17.27, 23.53, 10.8, 40.8, 23.33, 8.13, 3.93, 15.47, 23.07, 99.07, 102.33, 36.67, 83.2, 8.53, 24.87, 17.2, 21.47, 9.93, 39.73, 19.6, 8.73, 4.4, 11.93, 19.4, 37.93, 82.4, 8.27, 24.07, 18.2, 23.8, 11.53, 45.0, 24.6, 8.13, 5.47, 14.53, 17.27
66, 2015-03-16, Home, CLE, W, W, 5.5, U, 203, 1, 0, 101.4, 99.67, 36.4, 79.8, 7.27, 21.6, 21.33, 28.2, 9.47, 41.13, 20.6, 9.0, 4.6, 14.67, 21.07, 36.67, 81.27, 8.07, 23.33, 18.27, 25.0, 10.47, 40.8, 23.0, 8.13, 4.0, 15.53, 23.33, 108.93, 98.07, 39.07, 82.73, 12.07, 31.4, 18.73, 24.0, 10.27, 43.93, 22.87, 8.07, 4.07, 13.8, 20.13, 37.47, 85.33, 7.53, 22.8, 15.6, 21.87, 12.0, 42.27, 22.93, 7.73, 4.47, 12.67, 20.87
67, 2015-03-18, Home, POR, W, W, 2.5, O, 202, 0, 0, 101.2, 99.47, 36.8, 79.93, 6.73, 21.13, 20.87, 27.73, 9.4, 41.8, 20.13, 8.93, 4.6, 14.87, 21.2, 36.27, 80.93, 8.33, 24.2, 18.6, 25.53, 10.2, 40.6, 22.67, 8.13, 3.73, 15.6, 23.27, 103.6, 98.73, 38.27, 84.4, 10.0, 27.6, 17.07, 20.53, 10.2, 46.93, 21.8, 5.47, 3.87, 13.33, 16.8, 38.73, 88.53, 7.27, 20.53, 14.0, 19.4, 10.87, 43.33, 21.67, 7.8, 3.93, 10.13, 19.07
68, 2015-03-20, Home, DEN, W, W, -7.5, U, 210, 1, 0, 102.2, 98.87, 37.6, 80.13, 6.6, 20.2, 20.4, 27.33, 9.13, 41.73, 20.13, 8.73, 4.8, 14.47, 21.13, 36.07, 81.13, 8.33, 24.27, 18.4, 25.67, 10.4, 40.73, 22.0, 7.73, 3.67, 15.6, 23.0, 100.33, 104.0, 37.67, 89.0, 9.2, 27.4, 15.8, 22.6, 12.13, 44.13, 21.93, 9.07, 4.4, 13.47, 22.27, 38.2, 84.0, 7.2, 21.47, 20.4, 26.93, 11.53, 47.53, 23.07, 7.67, 7.53, 15.47, 20.4
69, 2015-03-22, Away, OKC, L, L, 4, U, 213, 0, 0, 102.0, 99.13, 37.93, 80.27, 6.47, 19.93, 19.67, 26.27, 9.07, 41.33, 19.8, 8.47, 5.0, 14.13, 21.07, 36.2, 80.93, 8.4, 24.87, 18.33, 25.87, 10.6, 40.93, 21.53, 7.8, 3.73, 15.33, 22.6, 112.87, 108.2, 41.53, 91.13, 8.13, 22.6, 21.67, 26.67, 14.2, 50.67, 22.2, 7.27, 5.67, 14.27, 22.4, 39.27, 88.47, 9.8, 26.67, 19.87, 26.0, 11.07, 42.47, 23.33, 8.0, 4.87, 12.4, 20.93
70, 2015-03-24, Away, MIL, L, L, -2, U, 191, 0, 0, 100.93, 98.33, 37.87, 80.4, 6.33, 20.0, 18.87, 25.47, 9.07, 41.07, 19.67, 8.6, 4.93, 14.2, 20.53, 36.53, 81.4, 8.27, 24.67, 17.0, 24.67, 11.27, 41.6, 21.73, 8.0, 4.0, 15.67, 22.07, 94.13, 99.8, 36.07, 83.6, 5.73, 16.73, 16.27, 22.13, 12.13, 45.13, 21.67, 9.07, 5.4, 16.47, 21.0, 36.2, 81.27, 9.47, 23.8, 17.93, 23.67, 9.93, 43.07, 23.8, 9.93, 5.07, 16.0, 20.8
71, 2015-03-25, Away, BOS, W, W, 8.5, U, 198.5, 0, 1, 98.87, 97.07, 37.0, 79.87, 6.13, 19.87, 18.73, 25.2, 8.87, 40.33, 19.07, 8.93, 5.0, 14.33, 20.53, 36.27, 81.6, 7.67, 23.73, 16.87, 23.93, 12.0, 42.93, 21.6, 7.87, 4.07, 16.2, 22.4, 98.53, 97.73, 38.07, 89.8, 8.93, 27.13, 13.47, 18.33, 12.4, 45.33, 23.4, 7.4, 3.47, 11.87, 20.47, 36.6, 83.4, 6.8, 21.8, 17.73, 23.33, 11.2, 47.13, 20.67, 7.13, 5.13, 14.67, 18.47
72, 2015-03-27, Away, ATL, L, L, 8, U, 195.5, 0, 0, 98.87, 96.8, 37.13, 79.4, 6.33, 19.4, 18.27, 24.6, 8.87, 40.07, 19.47, 8.87, 5.07, 14.6, 20.8, 35.93, 81.0, 7.6, 23.53, 17.33, 24.33, 11.87, 42.47, 21.53, 8.13, 4.27, 16.07, 22.2, 101.0, 98.73, 37.87, 82.87, 10.6, 27.13, 14.67, 18.47, 9.0, 38.47, 24.67, 9.73, 5.0, 14.2, 17.33, 37.0, 82.13, 9.53, 27.13, 15.2, 19.67, 11.87, 44.33, 23.8, 7.73, 4.93, 17.13, 17.67
73, 2015-03-29, Home, DET, W, W, -2, O, 193, 0, 0, 97.8, 96.47, 36.53, 79.27, 6.53, 20.33, 18.2, 24.53, 9.2, 40.73, 19.4, 9.27, 5.0, 15.4, 20.6, 35.8, 80.73, 7.6, 23.67, 17.27, 24.13, 11.73, 42.53, 21.87, 8.73, 4.13, 16.47, 21.8, 98.33, 100.07, 38.07, 90.0, 7.53, 24.47, 14.67, 20.6, 13.8, 45.4, 21.93, 7.33, 5.47, 11.47, 19.07, 38.2, 83.87, 6.6, 19.6, 17.07, 20.8, 11.2, 45.87, 24.53, 6.47, 5.0, 13.33, 18.67
74, 2015-03-31, Home, SAS, L, L, 8, U, 194.5, 0, 0, 99.0, 97.07, 37.0, 79.33, 6.53, 19.8, 18.47, 25.07, 9.2, 40.67, 19.6, 8.73, 4.87, 14.53, 20.6, 36.2, 81.0, 7.47, 23.67, 17.2, 24.27, 12.07, 42.53, 21.93, 8.27, 4.13, 16.0, 21.87, 110.93, 97.0, 42.4, 85.0, 8.0, 21.33, 18.13, 22.6, 9.0, 44.0, 24.73, 9.33, 5.6, 12.07, 18.8, 37.27, 85.0, 6.53, 17.87, 15.93, 20.53, 10.33, 41.2, 20.0, 7.87, 3.47, 14.27, 20.33
75, 2015-04-02, Away, CLE, L, L, 9.5, O, 196.5, 0, 0, 96.73, 96.87, 36.27, 79.13, 6.4, 19.87, 17.8, 23.87, 9.07, 39.87, 19.07, 8.4, 4.87, 14.8, 19.93, 36.47, 80.73, 7.53, 22.8, 16.4, 22.87, 11.67, 42.2, 22.2, 8.53, 4.4, 16.0, 21.33, 107.0, 97.93, 38.73, 82.67, 12.27, 30.73, 17.27, 22.53, 10.93, 42.8, 22.47, 7.93, 3.93, 13.6, 18.47, 37.87, 82.0, 7.2, 21.8, 15.0, 20.07, 10.0, 40.07, 22.13, 7.6, 4.2, 13.2, 19.87
76, 2015-04-04, Away, DET, L, L, -4.5, O, 190, 1, 0, 95.93, 98.2, 36.27, 78.87, 6.67, 20.2, 16.73, 22.4, 8.73, 38.6, 19.67, 8.4, 4.53, 14.87, 20.47, 36.6, 80.2, 8.07, 23.93, 16.93, 23.4, 11.87, 42.27, 22.2, 8.6, 4.8, 16.0, 21.0, 96.93, 98.93, 37.53, 87.13, 7.93, 24.13, 13.93, 19.6, 12.93, 43.53, 22.13, 7.33, 5.67, 10.8, 18.07, 37.73, 82.07, 7.07, 19.87, 16.4, 20.27, 11.2, 44.93, 24.13, 6.33, 3.93, 12.73, 17.33
77, 2015-04-05, Away, IND, L, L, 6.5, O, 191.5, 0, 1, 96.0, 98.2, 36.27, 78.73, 6.33, 19.73, 17.13, 22.87, 8.93, 38.6, 19.73, 8.47, 4.87, 14.87, 20.53, 36.47, 79.6, 8.4, 24.13, 16.87, 23.73, 11.73, 41.6, 21.93, 8.6, 4.73, 16.07, 21.0, 99.67, 100.8, 36.8, 82.6, 8.87, 22.0, 17.2, 22.87, 9.13, 42.47, 21.2, 5.87, 4.53, 12.8, 23.0, 35.87, 80.93, 7.2, 19.6, 21.87, 27.6, 8.73, 43.0, 19.8, 6.93, 4.07, 12.0, 22.4
78, 2015-04-07, Home, CHO, W, L, -6.5, O, 190.5, 0, 0, 94.33, 98.4, 36.0, 78.87, 6.0, 19.47, 16.33, 21.93, 9.13, 38.8, 19.2, 8.07, 4.8, 14.93, 20.8, 36.27, 79.4, 8.67, 24.47, 17.2, 24.53, 12.27, 42.2, 21.73, 8.53, 4.93, 15.47, 20.53, 93.47, 97.87, 34.6, 86.2, 6.07, 19.33, 18.2, 23.27, 10.27, 45.27, 18.53, 6.07, 6.4, 11.07, 17.47, 37.2, 84.47, 8.33, 21.4, 15.13, 20.67, 9.47, 46.73, 22.87, 6.2, 5.13, 12.6, 20.67
79, 2015-04-09, Home, CHI, L, L, -2, U, 192.5, 1, 0, 95.33, 98.4, 36.73, 79.67, 5.93, 19.33, 15.93, 21.53, 9.33, 39.47, 19.53, 8.0, 5.07, 14.8, 20.8, 36.27, 79.67, 8.6, 24.0, 17.27, 24.8, 12.2, 42.33, 21.4, 8.6, 5.13, 15.47, 20.6, 99.6, 97.13, 36.4, 79.8, 8.47, 23.13, 18.33, 23.53, 9.27, 43.8, 22.67, 6.2, 4.2, 13.07, 18.87, 36.0, 85.0, 8.4, 23.0, 16.73, 22.07, 11.53, 43.33, 18.2, 7.87, 5.53, 11.07, 19.6
80, 2015-04-11, Home, TOR, L, L, -3.5, O, 197, 1, 0, 93.6, 97.8, 36.53, 80.13, 5.87, 19.13, 14.67, 19.47, 9.47, 39.93, 18.93, 7.2, 5.33, 15.07, 20.0, 36.47, 80.87, 8.6, 24.4, 16.27, 23.33, 12.27, 42.8, 21.53, 8.73, 5.13, 14.8, 19.73, 103.33, 100.4, 37.0, 79.67, 8.93, 23.93, 20.4, 25.53, 10.07, 42.27, 21.2, 6.27, 3.6, 12.47, 19.47, 39.27, 84.67, 7.6, 21.93, 14.27, 19.93, 10.93, 40.33, 22.47, 7.2, 4.13, 11.67, 19.67
81, 2015-04-13, Home, ORL, W, W, -6, U, 198, 0, 0, 94.4, 98.13, 36.67, 80.27, 5.93, 18.93, 15.13, 20.8, 9.93, 40.13, 18.47, 6.67, 5.53, 14.2, 20.2, 36.53, 81.13, 8.4, 23.93, 16.67, 23.73, 12.67, 43.07, 20.6, 8.4, 5.0, 14.13, 20.33, 96.13, 101.27, 38.33, 86.27, 6.33, 19.4, 13.13, 17.27, 12.67, 44.47, 22.47, 8.93, 3.93, 14.6, 19.53, 37.8, 82.87, 9.47, 24.67, 16.2, 21.6, 11.0, 43.67, 23.07, 7.67, 5.13, 14.67, 16.8
82, 2015-04-15, Away, PHI, W, W, 2, O, 192.5, 0, 0, 94.0, 98.2, 36.47, 80.73, 5.87, 18.6, 15.2, 20.87, 10.27, 40.47, 18.47, 6.27, 5.8, 14.07, 20.07, 36.87, 81.53, 8.07, 23.13, 16.4, 23.8, 12.93, 43.67, 20.4, 8.53, 5.0, 13.73, 20.47, 95.73, 101.53, 35.0, 86.73, 10.4, 29.93, 15.33, 23.0, 12.93, 42.13, 19.87, 9.07, 5.6, 14.33, 23.27, 37.4, 82.2, 6.93, 19.07, 19.8, 26.33, 12.13, 47.13, 22.4, 7.27, 6.47, 14.87, 20.27
