14, 2013-11-26, Home, LAL, W, L, -5.5, O, 198.5, 0, 0, 98.83, 100.33, 37.92, 86.67, 9.08, 23.17, 13.92, 18.92, 11.17, 42.33, 24.25, 8.92, 4.33, 14.42, 19.08, 38.67, 82.58, 8.17, 23.25, 14.83, 20.83, 10.58, 44.83, 23.83, 7.5, 4.42, 16.33, 19.25, 98.75, 99.92, 37.58, 86.25, 9.92, 25.25, 13.67, 18.92, 10.0, 44.75, 24.25, 6.83, 6.25, 14.67, 21.58, 38.33, 87.83, 6.83, 19.92, 16.42, 24.25, 11.67, 47.5, 24.58, 9.33, 4.17, 13.0, 17.33
15, 2013-11-27, Away, MIL, W, W, -2.5, O, 190, 0, 1, 100.0, 100.5, 38.33, 86.08, 8.83, 22.75, 14.5, 19.33, 10.75, 42.0, 24.42, 9.0, 4.0, 13.83, 18.92, 38.33, 81.67, 8.75, 23.67, 15.08, 20.75, 10.58, 43.83, 24.17, 7.17, 4.33, 16.08, 19.42, 90.33, 101.08, 33.67, 81.58, 7.67, 19.92, 15.33, 19.5, 11.0, 39.67, 20.58, 6.92, 4.75, 15.75, 20.92, 37.67, 80.08, 7.92, 21.83, 17.83, 25.5, 12.0, 46.83, 21.25, 8.17, 5.0, 15.0, 20.0
16, 2013-11-29, Away, IND, L, L, 10.5, U, 186, 0, 0, 100.58, 99.58, 38.5, 85.42, 8.67, 22.42, 14.92, 19.83, 9.75, 41.42, 24.83, 9.5, 4.0, 13.75, 17.5, 38.33, 82.92, 8.67, 23.5, 14.25, 19.33, 10.83, 44.83, 23.67, 7.0, 3.92, 16.58, 19.58, 98.25, 87.17, 36.33, 80.42, 6.83, 19.17, 18.75, 24.0, 10.25, 45.42, 20.0, 7.5, 7.0, 14.83, 20.25, 32.42, 83.42, 5.83, 17.83, 16.5, 21.0, 12.33, 41.83, 15.58, 7.42, 4.83, 15.25, 22.92
17, 2013-11-30, Home, ATL, W, W, -4.5, O, 190, 1, 1, 97.0, 98.83, 37.33, 83.33, 7.67, 21.17, 14.67, 19.58, 9.42, 41.17, 23.5, 9.08, 4.42, 14.25, 16.83, 38.25, 83.08, 8.92, 23.83, 13.42, 18.0, 11.08, 44.75, 23.75, 7.58, 3.75, 16.25, 19.58, 95.75, 96.42, 35.92, 78.83, 7.33, 21.33, 16.58, 21.5, 7.67, 39.75, 23.25, 7.83, 4.42, 15.25, 18.5, 36.75, 82.42, 7.83, 21.5, 15.08, 20.42, 10.17, 42.33, 21.58, 8.17, 3.75, 14.08, 19.33
18, 2013-12-02, Home, ORL, W, W, -6.5, U, 194, 0, 0, 96.67, 98.25, 37.08, 82.5, 7.83, 21.17, 14.67, 19.92, 9.33, 41.33, 23.17, 9.25, 4.5, 14.25, 16.92, 37.83, 82.5, 9.0, 23.25, 13.58, 17.75, 10.92, 43.83, 23.42, 7.25, 4.0, 15.83, 18.83, 97.67, 102.0, 36.92, 79.58, 7.42, 20.42, 16.42, 21.33, 8.75, 40.67, 22.0, 7.42, 4.17, 16.5, 19.25, 39.25, 83.67, 7.25, 20.25, 16.25, 20.08, 8.92, 40.0, 23.75, 9.08, 5.33, 13.75, 17.67
19, 2013-12-06, Home, MIL, L, L, -9.5, O, 192.5, 0, 0, 96.08, 96.08, 36.5, 81.25, 7.58, 19.83, 15.5, 20.17, 9.33, 41.42, 23.0, 9.25, 4.25, 14.67, 17.17, 36.92, 81.25, 8.75, 22.83, 13.5, 17.5, 10.33, 42.33, 22.83, 7.42, 3.67, 15.75, 19.17, 88.33, 99.58, 33.83, 82.92, 7.08, 19.58, 13.58, 17.67, 11.08, 40.58, 21.75, 6.75, 6.25, 15.83, 20.92, 37.33, 80.42, 7.42, 21.5, 17.5, 25.0, 11.83, 45.67, 21.83, 8.08, 5.17, 14.83, 18.67
20, 2013-12-09, Home, DEN, L, W, 1.5, U, 196.5, 0, 0, 96.92, 96.42, 36.5, 81.92, 7.5, 19.92, 16.42, 21.17, 9.5, 41.58, 22.83, 9.25, 4.75, 14.25, 17.67, 37.0, 81.92, 8.42, 22.33, 14.0, 18.08, 10.42, 42.83, 22.75, 7.17, 3.75, 15.75, 19.58, 104.92, 100.5, 38.92, 83.58, 8.08, 21.92, 19.0, 26.92, 12.83, 45.17, 22.33, 7.33, 5.58, 13.08, 22.08, 37.42, 86.33, 6.0, 19.0, 19.67, 25.25, 13.25, 44.42, 20.0, 5.83, 5.42, 12.75, 20.33
21, 2013-12-13, Away, ATL, L, W, 6, O, 194, 0, 0, 96.5, 95.0, 36.42, 81.75, 7.5, 20.67, 16.17, 21.0, 9.83, 41.75, 23.08, 9.17, 5.08, 14.67, 18.08, 36.25, 81.58, 8.33, 22.25, 14.17, 18.58, 11.0, 42.92, 22.0, 7.5, 3.75, 16.0, 19.75, 94.67, 98.17, 36.08, 81.75, 7.92, 21.75, 14.58, 19.08, 9.42, 40.42, 22.83, 8.25, 4.08, 14.92, 19.25, 37.83, 81.75, 7.08, 20.33, 15.42, 21.5, 9.58, 44.25, 22.5, 8.0, 4.75, 14.75, 16.83
22, 2013-12-14, Home, LAC, L, L, 4.5, O, 193.5, 0, 1, 96.75, 94.83, 36.83, 82.33, 7.33, 19.75, 15.75, 20.67, 10.25, 42.83, 23.42, 8.58, 5.08, 14.58, 18.33, 36.42, 82.25, 8.08, 22.25, 13.92, 18.75, 11.33, 42.92, 22.75, 7.33, 3.33, 15.58, 19.33, 97.92, 93.42, 35.33, 79.92, 6.83, 23.0, 20.42, 29.75, 8.83, 41.92, 21.58, 7.17, 4.17, 12.58, 20.42, 35.33, 83.25, 5.5, 18.75, 17.25, 22.75, 11.17, 45.17, 22.5, 5.5, 3.33, 14.42, 24.58
23, 2013-12-16, Away, NYK, W, W, 1.5, O, 192, 0, 0, 96.17, 95.92, 36.75, 82.0, 7.0, 19.67, 15.67, 21.08, 10.42, 42.17, 22.58, 8.25, 4.92, 14.75, 18.5, 36.58, 80.92, 8.0, 21.67, 14.75, 19.33, 10.75, 42.25, 23.17, 7.58, 3.25, 15.33, 19.58, 94.58, 96.33, 36.17, 81.0, 8.83, 24.0, 13.42, 17.0, 9.83, 37.75, 21.0, 8.58, 4.67, 11.5, 21.42, 34.33, 73.08, 8.83, 22.75, 18.83, 24.75, 8.75, 40.25, 19.0, 5.67, 3.33, 14.92, 19.17
24, 2013-12-18, Away, BRK, W, W, 4.5, O, 196.5, 0, 0, 96.5, 96.75, 36.83, 81.0, 7.25, 19.58, 15.58, 21.33, 9.67, 41.92, 21.75, 8.08, 4.75, 15.17, 19.17, 36.67, 81.08, 8.17, 22.25, 15.25, 20.17, 10.42, 42.0, 23.33, 7.92, 3.75, 14.83, 19.58, 98.33, 100.17, 35.33, 76.83, 8.25, 20.83, 19.42, 25.58, 9.5, 39.83, 21.0, 6.17, 3.58, 13.33, 20.83, 36.25, 79.33, 9.42, 22.58, 18.25, 25.08, 9.5, 40.17, 20.83, 7.0, 3.75, 12.58, 21.83
25, 2013-12-21, Away, BOS, W, W, 1.5, O, 192.5, 0, 0, 98.58, 97.67, 37.0, 81.17, 7.75, 19.83, 16.83, 22.75, 10.5, 42.92, 21.92, 8.33, 4.92, 15.33, 19.17, 36.83, 80.75, 8.5, 22.5, 15.5, 20.25, 9.75, 40.75, 23.83, 8.17, 3.5, 14.83, 19.92, 98.83, 93.75, 37.08, 79.67, 8.25, 20.83, 16.42, 21.42, 10.0, 42.0, 19.83, 5.83, 4.08, 13.33, 21.33, 34.67, 79.83, 5.83, 17.5, 18.58, 24.83, 10.5, 39.58, 19.17, 6.42, 3.75, 12.42, 17.83
26, 2013-12-27, Away, MIN, L, L, 6, O, 207.5, 0, 0, 99.25, 98.5, 37.33, 82.08, 7.83, 20.0, 16.75, 22.75, 10.58, 43.08, 22.0, 8.83, 5.17, 15.25, 19.25, 37.33, 81.17, 7.92, 21.75, 15.92, 20.5, 9.75, 40.75, 23.92, 8.0, 3.42, 15.08, 19.08, 105.75, 106.33, 37.75, 89.0, 8.08, 23.5, 22.17, 28.33, 15.33, 47.0, 22.75, 8.17, 2.25, 13.17, 16.33, 42.58, 85.58, 7.92, 22.58, 13.25, 17.58, 10.0, 42.33, 23.5, 7.67, 5.42, 15.25, 23.5
27, 2013-12-28, Home, DET, W, W, -3.5, U, 203, 1, 1, 97.75, 99.25, 36.67, 81.75, 8.0, 20.0, 16.42, 22.33, 10.5, 42.5, 21.42, 7.83, 5.08, 15.42, 20.17, 37.17, 81.33, 7.25, 20.67, 17.67, 22.58, 10.17, 41.58, 23.08, 8.5, 3.17, 14.08, 18.5, 101.42, 105.0, 40.0, 88.92, 6.92, 19.75, 14.5, 22.08, 15.08, 45.17, 19.33, 7.33, 5.83, 14.42, 20.08, 39.0, 83.92, 7.42, 21.0, 19.58, 24.5, 10.42, 43.08, 23.58, 7.92, 4.08, 13.5, 18.67
28, 2013-12-30, Away, DET, W, W, 2.5, O, 203.5, 0, 0, 98.25, 98.42, 37.17, 82.75, 7.92, 19.42, 16.0, 21.92, 11.42, 43.5, 22.0, 7.5, 5.33, 15.25, 21.08, 36.67, 80.67, 7.0, 20.33, 18.08, 23.17, 10.17, 41.08, 22.58, 8.67, 3.5, 14.08, 18.33, 100.58, 107.58, 39.75, 88.67, 6.5, 19.92, 14.58, 22.25, 14.92, 44.08, 19.75, 7.42, 5.5, 14.75, 19.92, 40.08, 83.58, 7.92, 21.08, 19.5, 24.67, 10.83, 43.25, 25.0, 8.08, 3.92, 13.83, 19.42
29, 2014-01-01, Home, DAL, L, L, -2, U, 203, 0, 0, 101.0, 98.92, 38.0, 83.17, 8.0, 19.5, 17.0, 23.08, 11.67, 43.92, 22.75, 8.0, 4.67, 15.08, 22.33, 36.5, 80.42, 6.75, 20.17, 19.17, 25.25, 10.5, 40.58, 22.5, 8.42, 3.58, 14.08, 19.08, 104.0, 102.25, 40.83, 85.58, 7.92, 21.33, 14.42, 18.33, 9.42, 39.67, 25.25, 10.5, 5.42, 12.92, 19.25, 37.83, 83.08, 8.25, 22.17, 18.33, 22.83, 12.83, 45.58, 20.75, 7.5, 3.25, 16.83, 18.5
30, 2014-01-03, Home, TOR, L, L, -3.5, U, 194, 0, 0, 98.5, 97.75, 37.58, 84.0, 7.42, 19.5, 15.92, 21.42, 12.42, 44.58, 22.17, 7.75, 4.75, 15.25, 22.42, 36.0, 80.17, 6.67, 20.75, 19.08, 25.0, 10.75, 40.92, 22.42, 8.83, 3.33, 14.0, 18.58, 101.67, 96.08, 36.92, 82.42, 8.08, 22.5, 19.75, 24.92, 10.92, 43.5, 21.75, 7.58, 4.58, 14.33, 20.5, 35.83, 82.08, 7.92, 19.75, 16.5, 21.5, 10.08, 41.75, 21.5, 8.0, 4.5, 16.58, 22.75
31, 2014-01-05, Home, GSW, L, L, 3, O, 200, 0, 0, 97.67, 99.5, 37.67, 84.75, 7.0, 19.42, 15.33, 20.42, 13.17, 44.58, 22.0, 7.92, 4.58, 15.25, 21.75, 36.83, 80.33, 7.33, 21.33, 18.5, 24.5, 10.83, 40.33, 23.67, 8.75, 3.33, 13.67, 18.25, 104.75, 97.58, 40.58, 88.5, 8.67, 25.17, 14.92, 20.67, 13.42, 50.67, 24.75, 8.5, 5.5, 17.67, 22.5, 35.42, 83.75, 7.42, 21.58, 19.33, 25.17, 8.92, 40.75, 18.67, 9.25, 4.75, 15.42, 19.0
32, 2014-01-07, Away, CHA, W, W, -1.5, U, 190.5, 0, 0, 96.92, 99.75, 38.0, 85.0, 6.83, 18.83, 14.08, 18.33, 12.83, 44.25, 22.08, 7.58, 4.17, 15.17, 21.0, 36.92, 79.75, 7.58, 21.5, 18.33, 24.0, 10.5, 40.08, 23.67, 8.92, 3.67, 13.42, 17.42, 98.25, 101.67, 37.33, 85.0, 6.75, 16.58, 16.83, 22.33, 9.08, 42.75, 20.5, 6.67, 5.08, 12.0, 18.0, 38.67, 87.0, 9.92, 25.17, 14.42, 18.83, 11.5, 47.08, 23.08, 7.25, 5.58, 13.25, 19.92
33, 2014-01-08, Away, NOP, W, W, 3.5, O, 192, 1, 1, 98.83, 100.42, 38.67, 84.67, 6.83, 18.25, 14.67, 18.83, 12.17, 44.25, 22.25, 7.33, 4.25, 14.58, 21.33, 37.0, 79.67, 7.5, 21.08, 18.92, 24.83, 9.75, 39.25, 23.67, 8.33, 3.42, 12.83, 17.17, 99.25, 104.17, 39.42, 85.25, 5.83, 16.42, 14.58, 20.0, 12.33, 43.5, 22.67, 7.75, 4.92, 13.42, 21.75, 37.42, 83.5, 7.75, 25.0, 21.58, 27.75, 13.67, 45.25, 22.17, 6.33, 5.5, 13.08, 18.92
34, 2014-01-10, Away, IND, L, L, 9, U, 185.5, 0, 0, 99.08, 100.0, 38.33, 83.0, 7.33, 18.83, 15.08, 19.5, 11.75, 43.08, 22.08, 7.5, 4.42, 14.17, 21.58, 36.75, 78.75, 7.25, 20.42, 19.25, 25.08, 9.5, 38.5, 23.33, 8.17, 4.08, 12.42, 18.0, 95.42, 86.83, 35.58, 78.75, 7.0, 20.5, 17.25, 21.75, 9.17, 44.08, 20.25, 7.75, 5.0, 14.75, 20.25, 32.42, 78.92, 5.67, 18.83, 16.33, 21.67, 9.17, 39.33, 17.58, 7.83, 4.33, 13.75, 20.25
35, 2014-01-11, Home, HOU, L, L, 2, O, 199.5, 1, 1, 96.5, 98.33, 37.17, 83.0, 7.5, 18.83, 14.67, 19.75, 11.67, 43.75, 21.42, 7.67, 4.75, 14.25, 21.5, 36.58, 79.92, 7.0, 19.75, 18.17, 24.33, 10.0, 40.75, 23.17, 7.92, 3.92, 12.83, 18.17, 101.08, 101.08, 37.0, 78.75, 7.33, 24.08, 19.75, 28.83, 10.42, 42.75, 18.83, 6.08, 4.75, 13.0, 18.0, 39.25, 86.25, 7.58, 21.33, 15.0, 20.33, 11.75, 42.42, 23.42, 8.08, 5.08, 11.83, 22.33
36, 2014-01-13, Away, CHI, W, W, 2.5, O, 180.5, 0, 0, 96.92, 99.42, 37.25, 84.92, 7.0, 18.92, 15.42, 20.92, 12.58, 44.25, 21.67, 8.25, 4.75, 13.58, 22.08, 37.0, 79.42, 6.75, 18.75, 18.67, 25.25, 10.0, 41.42, 23.25, 7.75, 3.83, 13.67, 18.58, 91.83, 90.08, 33.0, 75.83, 5.42, 15.83, 20.42, 27.33, 10.92, 43.0, 21.92, 7.75, 5.75, 15.0, 18.33, 34.58, 80.67, 5.83, 17.67, 15.08, 19.0, 10.67, 40.75, 18.58, 7.75, 6.25, 14.33, 23.0
37, 2014-01-15, Home, MIA, W, W, 5.5, O, 196, 0, 0, 96.0, 97.83, 37.33, 83.83, 6.58, 18.75, 14.75, 20.75, 11.67, 43.33, 22.17, 8.25, 4.67, 13.25, 21.67, 36.58, 79.83, 6.75, 18.75, 17.92, 24.83, 10.75, 42.33, 23.0, 7.75, 3.67, 13.92, 18.33, 106.0, 102.83, 40.33, 79.5, 8.17, 22.0, 17.17, 23.33, 7.75, 37.58, 22.83, 8.83, 2.92, 13.67, 18.17, 39.67, 80.75, 9.25, 24.0, 14.25, 19.83, 9.75, 41.83, 23.33, 7.5, 3.42, 16.0, 20.75
38, 2014-01-17, Home, CHI, W, L, -5, O, 186.5, 0, 0, 96.67, 97.67, 37.33, 82.83, 6.75, 18.83, 15.25, 21.08, 11.25, 42.83, 22.67, 8.0, 4.67, 13.33, 21.67, 36.17, 79.58, 7.0, 19.17, 18.33, 24.75, 10.58, 41.92, 22.75, 7.83, 3.58, 13.92, 18.75, 94.08, 91.0, 34.25, 78.83, 6.08, 16.92, 19.5, 25.67, 11.92, 45.33, 22.75, 7.83, 5.83, 15.08, 19.0, 35.0, 81.75, 5.5, 18.25, 15.5, 20.17, 10.58, 41.75, 18.58, 7.58, 6.08, 14.42, 22.67
39, 2014-01-18, Home, DET, L, L, -6, U, 203, 1, 1, 96.5, 95.42, 37.5, 82.5, 6.58, 18.0, 14.92, 20.75, 11.17, 42.92, 23.42, 8.5, 5.25, 13.67, 21.0, 35.58, 78.83, 7.33, 19.92, 16.92, 22.92, 10.0, 41.08, 23.08, 7.67, 3.83, 14.83, 19.0, 97.0, 106.5, 37.58, 87.42, 5.83, 19.42, 16.0, 25.0, 15.58, 46.42, 21.83, 7.75, 6.08, 15.17, 20.08, 40.08, 85.58, 8.17, 22.17, 18.17, 23.5, 12.0, 45.5, 25.92, 8.17, 4.67, 14.25, 20.75
40, 2014-01-20, Home, PHI, W, L, -10, U, 208.5, 0, 0, 95.83, 97.25, 37.0, 81.67, 6.5, 18.17, 15.33, 21.75, 10.33, 42.0, 22.42, 8.25, 4.92, 13.83, 21.5, 36.33, 79.17, 7.25, 19.92, 17.33, 24.08, 10.0, 41.58, 22.83, 7.67, 3.67, 14.17, 19.5, 98.58, 106.08, 37.83, 88.08, 5.83, 20.25, 17.08, 24.25, 11.75, 44.67, 21.25, 10.17, 4.75, 16.67, 22.33, 38.67, 88.92, 8.42, 25.42, 20.33, 26.83, 14.75, 51.17, 24.67, 8.75, 8.5, 16.75, 21.33
41, 2014-01-22, Home, BOS, L, L, -9.5, O, 191.5, 1, 0, 95.92, 97.25, 36.83, 82.17, 6.33, 18.08, 15.92, 22.42, 10.42, 42.92, 22.42, 7.75, 5.75, 13.92, 21.58, 36.42, 79.67, 7.08, 19.75, 17.33, 23.75, 9.17, 41.67, 21.92, 7.58, 3.75, 13.92, 19.58, 94.58, 103.25, 35.92, 88.5, 5.17, 19.08, 17.58, 22.75, 14.83, 45.92, 21.42, 7.42, 4.83, 13.0, 24.08, 37.08, 80.58, 8.0, 20.5, 21.08, 28.67, 11.67, 44.58, 25.0, 6.08, 4.92, 13.92, 19.25
42, 2014-01-24, Away, PHO, W, W, 3.5, U, 207.5, 0, 0, 98.67, 99.42, 37.58, 82.67, 6.5, 17.92, 17.0, 23.83, 10.17, 43.25, 22.92, 7.83, 5.58, 13.92, 21.75, 37.33, 80.58, 7.83, 20.58, 16.92, 23.75, 8.58, 41.5, 22.17, 7.83, 4.17, 14.17, 20.42, 106.42, 101.75, 40.0, 90.0, 9.17, 25.92, 17.25, 23.17, 13.08, 44.42, 19.33, 8.83, 4.25, 11.5, 21.5, 38.67, 83.75, 6.42, 18.67, 18.0, 24.67, 12.08, 48.08, 20.58, 5.08, 4.83, 15.75, 20.75
43, 2014-01-25, Away, UTA, L, L, 2, O, 195.5, 0, 1, 99.75, 98.92, 38.0, 83.0, 6.67, 18.25, 17.08, 24.33, 10.42, 43.42, 23.17, 8.33, 6.0, 13.92, 22.58, 36.83, 79.92, 7.5, 20.58, 17.75, 24.75, 8.5, 41.25, 21.33, 7.83, 4.08, 14.92, 20.75, 99.08, 100.25, 37.67, 80.58, 7.42, 19.42, 16.33, 21.33, 8.58, 41.92, 21.58, 7.0, 4.75, 13.67, 20.67, 37.75, 81.75, 6.33, 20.08, 18.42, 24.83, 9.25, 41.25, 21.33, 8.08, 3.58, 11.58, 20.0
44, 2014-01-28, Away, GSW, W, W, 8, U, 206, 0, 0, 100.17, 98.25, 38.17, 83.42, 6.75, 18.25, 17.08, 24.5, 10.83, 43.83, 22.83, 8.17, 5.83, 13.58, 22.67, 36.42, 79.58, 7.58, 20.75, 17.83, 24.92, 8.5, 40.92, 20.75, 7.58, 3.58, 14.83, 20.67, 107.08, 103.08, 40.17, 85.92, 9.75, 26.33, 17.0, 22.5, 10.5, 44.0, 23.58, 7.83, 4.5, 14.33, 21.83, 38.08, 83.42, 7.25, 20.08, 19.67, 25.08, 11.0, 43.67, 20.42, 8.75, 4.42, 14.67, 20.42
45, 2014-01-29, Away, LAC, L, W, 8, O, 206, 0, 1, 99.42, 98.42, 37.67, 83.83, 7.17, 18.67, 16.92, 24.5, 11.17, 44.67, 22.83, 8.42, 5.5, 14.5, 22.42, 36.33, 80.25, 7.67, 21.33, 18.08, 24.83, 8.67, 41.67, 20.75, 8.33, 4.0, 15.33, 20.92, 109.33, 101.17, 39.17, 81.5, 9.67, 25.08, 21.33, 28.17, 10.17, 42.0, 24.58, 7.92, 4.92, 12.17, 21.0, 37.92, 85.25, 6.58, 19.67, 18.75, 24.5, 13.67, 44.5, 23.33, 5.58, 2.83, 13.5, 23.0
46, 2014-02-01, Home, OKC, W, W, 5, U, 201, 1, 0, 99.5, 99.58, 38.25, 84.5, 6.58, 18.75, 16.42, 23.75, 10.58, 43.83, 23.42, 8.75, 5.42, 14.83, 22.67, 36.42, 79.83, 7.83, 21.5, 18.92, 26.08, 8.67, 42.17, 20.58, 8.08, 3.5, 16.08, 20.25, 107.5, 96.33, 41.25, 81.75, 8.5, 20.67, 16.5, 21.92, 12.5, 43.0, 21.5, 8.92, 6.0, 15.25, 20.33, 36.17, 80.17, 8.42, 23.83, 15.58, 21.58, 11.58, 37.25, 21.42, 8.08, 3.17, 15.58, 19.25
47, 2014-02-03, Home, POR, W, W, 1, U, 208, 0, 0, 102.0, 98.58, 39.5, 85.17, 6.83, 19.58, 16.17, 22.58, 10.58, 44.0, 24.67, 8.83, 5.0, 14.5, 22.08, 35.92, 79.42, 7.67, 22.42, 19.08, 25.67, 8.67, 40.92, 20.08, 7.92, 3.83, 16.58, 19.92, 106.33, 104.08, 39.58, 88.67, 7.33, 21.75, 19.83, 24.17, 12.92, 46.17, 23.58, 5.5, 4.42, 11.75, 18.25, 40.08, 86.92, 8.25, 20.5, 15.67, 20.5, 10.5, 42.33, 22.17, 5.92, 3.75, 11.5, 20.83
48, 2014-02-05, Home, SAS, L, L, 2, O, 193.5, 0, 0, 101.42, 96.58, 39.25, 84.25, 7.0, 19.42, 15.92, 21.83, 9.58, 43.33, 24.5, 8.75, 5.0, 14.08, 20.75, 35.83, 80.08, 7.42, 22.5, 17.5, 23.17, 8.5, 41.08, 20.17, 7.58, 4.0, 16.33, 19.25, 100.67, 96.75, 38.5, 77.08, 7.42, 18.08, 16.25, 21.17, 7.25, 39.58, 23.75, 6.67, 6.33, 14.33, 19.42, 37.17, 83.0, 5.83, 15.08, 16.58, 22.42, 10.75, 41.67, 19.67, 7.83, 5.17, 11.67, 20.83
49, 2014-02-07, Home, CLE, L, L, -9.5, O, 198, 0, 0, 102.75, 99.67, 39.67, 86.42, 6.83, 19.25, 16.58, 22.17, 10.0, 44.08, 24.0, 8.83, 5.08, 14.33, 20.83, 37.0, 81.67, 7.42, 23.08, 18.25, 23.67, 8.25, 42.0, 20.58, 7.58, 4.5, 16.58, 19.75, 98.5, 106.5, 36.33, 86.92, 6.75, 21.08, 19.08, 26.0, 14.75, 42.67, 22.0, 8.25, 2.83, 11.5, 21.33, 39.5, 80.17, 10.08, 26.5, 17.42, 22.5, 8.92, 42.0, 26.33, 5.92, 6.25, 13.17, 20.83
50, 2014-02-09, Home, SAC, W, W, -5, U, 205, 0, 0, 102.67, 101.17, 39.83, 87.25, 6.92, 19.08, 16.08, 21.92, 10.33, 43.5, 23.92, 9.17, 4.92, 14.42, 21.17, 37.25, 81.08, 7.33, 22.25, 19.33, 25.0, 8.67, 42.83, 20.42, 7.67, 4.58, 17.08, 20.08, 101.17, 103.5, 36.33, 82.58, 6.25, 19.08, 22.25, 28.58, 13.25, 44.83, 18.17, 6.0, 4.5, 14.08, 25.0, 36.92, 81.75, 6.83, 21.17, 22.83, 32.08, 12.17, 42.58, 23.08, 8.92, 5.33, 12.0, 23.08
51, 2014-02-11, Away, MEM, L, W, 4.5, U, 181.5, 0, 0, 102.42, 100.42, 39.33, 87.25, 7.08, 19.92, 16.67, 22.67, 10.5, 43.67, 23.33, 9.17, 4.92, 14.25, 21.25, 36.75, 81.58, 6.75, 21.17, 20.17, 26.0, 9.5, 44.08, 19.83, 7.75, 4.42, 17.33, 20.42, 91.25, 88.83, 36.92, 80.08, 4.92, 14.08, 12.5, 16.67, 10.33, 41.0, 21.08, 7.83, 5.42, 13.0, 18.75, 34.0, 79.67, 7.25, 21.0, 13.58, 18.33, 9.92, 39.42, 19.17, 6.33, 4.17, 14.08, 17.25
52, 2014-02-12, Away, HOU, L, W, 8.5, O, 204.5, 0, 1, 101.67, 99.42, 39.08, 87.08, 7.0, 20.17, 16.5, 21.92, 10.42, 43.5, 22.67, 9.25, 5.42, 13.75, 20.75, 36.17, 80.67, 6.5, 20.5, 20.58, 25.67, 9.33, 43.75, 19.75, 7.92, 4.5, 17.58, 20.0, 105.75, 99.58, 38.25, 80.83, 9.75, 26.92, 19.5, 27.92, 10.92, 43.75, 21.83, 7.42, 4.67, 14.67, 19.25, 38.25, 86.08, 7.25, 22.58, 15.83, 20.67, 12.33, 41.67, 21.5, 7.17, 5.25, 14.33, 23.92
53, 2014-02-18, Home, TOR, L, L, -2.5, U, 196.5, 0, 0, 102.08, 100.58, 39.67, 88.17, 7.92, 21.33, 14.83, 20.33, 10.58, 42.0, 22.92, 10.0, 4.67, 13.17, 21.08, 35.92, 78.67, 7.0, 20.83, 21.75, 27.0, 9.75, 44.33, 20.0, 7.58, 4.83, 18.5, 19.5, 102.67, 98.17, 36.67, 82.92, 9.17, 24.58, 20.17, 25.92, 12.42, 43.75, 23.5, 6.58, 3.42, 12.5, 22.92, 35.25, 79.0, 7.0, 19.08, 20.67, 26.58, 9.67, 39.92, 20.5, 7.5, 3.25, 13.42, 21.33
54, 2014-02-19, Away, ATL, W, W, 1, O, 203, 1, 1, 100.58, 99.75, 39.33, 87.08, 7.67, 20.75, 14.25, 19.83, 10.92, 41.17, 22.75, 9.83, 4.58, 13.0, 20.75, 36.0, 77.42, 6.33, 19.33, 21.42, 26.33, 9.5, 43.25, 20.33, 7.08, 4.58, 18.25, 19.75, 98.67, 100.75, 37.0, 80.75, 9.0, 22.67, 15.67, 20.58, 8.83, 40.17, 25.67, 9.75, 4.0, 15.67, 18.25, 38.58, 84.17, 7.42, 19.5, 16.17, 21.0, 11.67, 43.5, 22.92, 8.33, 4.92, 15.17, 18.25
55, 2014-02-22, Home, NOP, W, L, -6.5, U, 195.5, 1, 0, 101.67, 99.92, 39.92, 87.33, 8.25, 21.42, 13.58, 18.83, 10.08, 40.92, 23.42, 9.25, 4.42, 12.42, 20.67, 35.92, 77.58, 6.25, 18.83, 21.83, 26.75, 9.17, 43.92, 20.42, 6.83, 4.42, 17.83, 18.67, 93.75, 94.0, 36.5, 80.0, 5.67, 15.42, 15.08, 20.25, 10.25, 41.42, 19.67, 7.08, 7.33, 12.42, 23.67, 34.25, 77.83, 6.17, 19.67, 19.33, 26.42, 9.42, 39.58, 20.83, 6.67, 5.42, 12.67, 18.08
56, 2014-02-23, Away, CLE, W, W, -1.5, U, 195.5, 0, 1, 101.08, 99.0, 39.67, 85.92, 7.92, 20.92, 13.83, 19.5, 9.67, 40.5, 23.75, 9.25, 4.75, 13.08, 20.42, 35.67, 77.58, 5.92, 17.92, 21.75, 26.67, 9.17, 43.67, 20.67, 7.17, 4.58, 18.17, 19.33, 99.67, 102.17, 36.0, 84.92, 7.08, 21.17, 20.58, 27.67, 13.92, 44.42, 22.17, 7.92, 3.17, 13.08, 21.75, 38.17, 82.17, 8.08, 23.0, 17.75, 23.83, 10.33, 42.83, 24.0, 6.67, 5.42, 13.33, 21.58
57, 2014-02-25, Home, ORL, W, P, -9, O, 195, 0, 0, 101.75, 98.83, 40.25, 86.42, 7.75, 20.75, 13.5, 19.08, 9.92, 39.83, 24.25, 9.0, 4.67, 12.0, 20.58, 35.67, 77.42, 5.5, 17.5, 22.0, 26.92, 9.83, 44.0, 20.33, 6.33, 4.25, 17.58, 19.0, 97.08, 100.25, 37.25, 85.0, 6.33, 16.42, 16.25, 20.67, 9.92, 41.08, 22.0, 8.5, 4.33, 11.17, 18.5, 37.42, 81.83, 8.83, 22.17, 16.58, 22.58, 9.67, 44.0, 22.33, 6.25, 5.08, 13.75, 18.58
58, 2014-02-27, Away, TOR, W, W, 4.5, O, 197.5, 0, 0, 102.75, 98.5, 40.0, 85.75, 8.33, 20.25, 14.42, 20.0, 10.17, 39.83, 23.67, 8.83, 4.5, 11.67, 19.67, 36.25, 78.5, 5.67, 18.33, 20.33, 24.58, 10.42, 44.17, 20.58, 6.33, 4.25, 17.42, 19.83, 101.0, 95.58, 37.0, 82.42, 7.83, 22.75, 19.17, 24.25, 11.17, 40.5, 23.08, 6.67, 4.17, 12.17, 24.08, 34.67, 78.92, 5.75, 16.83, 20.5, 27.25, 11.67, 41.42, 21.08, 7.0, 4.0, 14.0, 22.0
59, 2014-03-01, Away, PHI, W, W, -11.5, O, 214.5, 0, 0, 105.92, 102.5, 40.83, 87.33, 8.08, 20.08, 16.17, 22.33, 11.0, 41.0, 23.17, 8.92, 4.92, 12.0, 20.83, 37.42, 80.33, 6.33, 18.83, 21.33, 26.17, 10.42, 44.5, 21.42, 6.83, 4.25, 17.08, 21.25, 96.5, 116.0, 35.92, 87.83, 6.42, 22.75, 18.25, 25.0, 12.08, 41.25, 19.83, 9.83, 3.33, 17.25, 22.42, 42.42, 86.0, 8.42, 21.25, 22.75, 29.0, 12.5, 49.75, 28.25, 10.42, 7.25, 16.83, 20.5
60, 2014-03-03, Home, MEM, L, L, 2, O, 191, 0, 0, 107.75, 103.58, 41.5, 87.75, 8.5, 20.83, 16.25, 22.83, 11.58, 41.42, 24.08, 9.08, 5.17, 12.83, 21.58, 37.5, 80.58, 6.33, 19.08, 22.25, 27.83, 10.58, 44.08, 21.33, 7.5, 4.08, 17.58, 21.83, 93.92, 93.83, 37.58, 80.58, 4.83, 14.42, 13.92, 18.25, 9.33, 38.83, 22.08, 8.33, 5.5, 12.83, 19.75, 35.0, 79.08, 7.83, 21.0, 16.0, 22.17, 10.17, 39.83, 19.5, 6.58, 5.83, 13.75, 17.33
61, 2014-03-05, Home, UTA, W, W, -8, U, 198.5, 0, 0, 106.58, 102.33, 41.08, 86.08, 8.83, 21.08, 15.58, 21.92, 11.17, 40.17, 24.0, 8.58, 4.83, 12.67, 21.92, 37.08, 79.0, 6.08, 17.83, 22.08, 27.5, 10.25, 42.83, 21.0, 7.5, 3.67, 17.0, 21.33, 95.83, 99.17, 36.08, 79.67, 7.5, 20.67, 16.17, 22.0, 10.17, 41.17, 20.33, 6.83, 5.0, 13.0, 20.5, 37.25, 81.5, 6.92, 18.17, 17.75, 22.83, 10.75, 41.75, 21.42, 6.92, 4.58, 11.17, 19.17
62, 2014-03-08, Away, MIL, W, L, -8, O, 203.5, 1, 0, 105.83, 100.33, 41.17, 85.75, 8.42, 20.67, 15.08, 20.83, 10.92, 40.75, 23.92, 8.42, 4.58, 12.58, 21.67, 36.67, 79.08, 6.25, 18.5, 20.75, 26.58, 10.08, 42.25, 21.0, 7.25, 3.92, 16.58, 20.67, 101.42, 104.17, 37.75, 81.58, 7.58, 18.92, 18.33, 24.0, 12.58, 41.67, 23.0, 5.25, 4.33, 13.75, 21.0, 39.5, 81.58, 7.58, 19.75, 17.58, 23.58, 11.5, 40.0, 23.42, 8.42, 5.25, 12.83, 20.75
63, 2014-03-10, Away, MIA, L, L, 8, U, 205, 1, 0, 107.58, 102.25, 41.92, 85.83, 9.0, 21.25, 14.75, 20.92, 11.0, 40.5, 24.33, 8.17, 4.5, 12.75, 21.92, 37.5, 79.5, 6.42, 18.92, 20.83, 26.58, 10.08, 41.67, 20.75, 7.25, 4.0, 16.25, 20.75, 103.17, 97.17, 38.75, 77.08, 8.0, 21.75, 17.67, 22.92, 7.83, 36.92, 21.08, 9.5, 4.58, 12.67, 19.83, 35.75, 80.67, 7.42, 22.17, 18.25, 23.58, 12.42, 43.0, 21.5, 7.33, 2.92, 14.25, 19.5
64, 2014-03-12, Home, CHA, L, L, -5.5, U, 199, 0, 0, 107.67, 102.83, 42.08, 87.08, 9.42, 21.83, 14.08, 20.0, 12.33, 41.92, 25.17, 7.75, 4.17, 13.17, 21.42, 38.08, 80.33, 7.0, 19.58, 19.67, 25.08, 10.08, 41.08, 21.58, 7.0, 4.33, 15.67, 20.08, 98.92, 99.58, 36.33, 81.75, 7.25, 20.75, 19.0, 25.5, 9.17, 40.83, 21.83, 6.17, 5.42, 11.0, 18.25, 37.92, 83.33, 8.08, 20.83, 15.67, 20.75, 9.08, 42.08, 19.67, 5.25, 4.58, 12.42, 21.25
65, 2014-03-14, Away, ORL, W, L, -5, O, 200.5, 0, 0, 105.42, 101.58, 41.33, 85.83, 8.83, 21.25, 13.92, 19.42, 12.0, 42.08, 24.17, 6.83, 4.25, 13.58, 20.58, 38.42, 81.5, 6.58, 19.25, 18.17, 23.0, 9.75, 40.5, 21.17, 7.08, 4.0, 14.5, 19.42, 101.67, 106.33, 40.33, 88.5, 6.75, 19.17, 14.25, 18.25, 10.33, 42.42, 22.58, 8.5, 4.42, 11.92, 23.0, 38.67, 82.33, 8.33, 22.17, 20.67, 27.67, 10.17, 44.75, 22.67, 6.17, 4.83, 14.33, 17.33
66, 2014-03-15, Home, BRK, W, W, 2.5, U, 196, 0, 1, 106.42, 101.42, 41.17, 86.58, 9.33, 21.92, 14.75, 20.08, 11.58, 43.08, 24.42, 6.58, 4.33, 13.17, 20.17, 38.5, 83.42, 6.58, 20.0, 17.83, 22.58, 10.33, 41.92, 21.25, 6.83, 4.08, 14.42, 19.33, 98.5, 95.92, 35.58, 77.83, 9.0, 25.17, 18.33, 23.83, 7.75, 34.33, 20.25, 11.67, 3.25, 13.42, 20.92, 35.17, 76.5, 7.0, 20.67, 18.58, 24.17, 11.83, 44.58, 18.58, 7.42, 3.83, 18.5, 20.0
67, 2014-03-18, Away, SAC, L, L, -1.5, O, 201, 0, 0, 105.33, 101.17, 40.33, 85.58, 8.92, 22.08, 15.75, 21.25, 11.75, 42.92, 23.67, 6.42, 4.5, 13.42, 19.42, 38.58, 83.25, 7.0, 20.42, 17.0, 21.92, 10.42, 41.67, 21.25, 7.0, 4.17, 14.17, 20.5, 101.0, 103.92, 36.5, 81.25, 4.58, 16.42, 23.42, 32.25, 13.33, 46.58, 17.58, 7.67, 4.25, 16.67, 22.67, 36.5, 79.58, 9.25, 21.92, 21.67, 28.0, 7.5, 37.25, 23.58, 7.75, 5.5, 12.92, 26.0
68, 2014-03-20, Away, POR, L, L, 5.5, O, 206, 0, 0, 106.75, 103.17, 40.67, 87.0, 9.58, 23.25, 15.83, 21.58, 11.92, 42.83, 24.08, 6.83, 4.08, 13.25, 20.83, 39.0, 83.75, 7.0, 20.83, 18.17, 23.5, 11.08, 43.25, 21.08, 6.92, 4.08, 14.58, 21.08, 106.42, 101.67, 37.5, 85.75, 9.75, 28.0, 21.67, 26.67, 12.58, 48.08, 21.33, 5.42, 5.25, 14.75, 21.17, 38.5, 88.42, 6.58, 20.5, 18.08, 24.58, 11.67, 44.5, 20.92, 8.42, 3.58, 12.33, 22.75
69, 2014-03-21, Away, LAL, W, W, -5, O, 218.5, 0, 1, 107.33, 105.92, 40.42, 86.5, 9.92, 23.83, 16.58, 22.17, 11.92, 42.42, 24.0, 6.67, 4.25, 13.75, 21.0, 39.92, 84.0, 8.0, 22.25, 18.08, 23.42, 10.92, 42.58, 22.5, 7.17, 4.0, 14.33, 21.58, 107.58, 121.25, 39.75, 86.83, 10.5, 24.75, 17.58, 24.25, 8.25, 37.83, 25.67, 8.58, 6.67, 15.08, 19.83, 46.67, 93.25, 9.83, 23.67, 18.08, 24.33, 14.33, 52.17, 29.25, 10.08, 5.25, 15.17, 21.08
70, 2014-03-23, Away, DEN, L, L, 1.5, U, 214.5, 0, 0, 107.5, 106.0, 40.42, 87.08, 9.92, 24.58, 16.75, 22.25, 11.92, 43.08, 23.75, 6.75, 4.67, 14.33, 21.58, 39.92, 84.42, 7.92, 21.75, 18.25, 24.17, 10.58, 42.5, 23.17, 7.75, 4.17, 14.67, 21.25, 111.25, 111.08, 41.0, 86.75, 9.33, 25.08, 19.92, 27.75, 11.0, 44.83, 25.5, 8.17, 4.67, 15.83, 23.42, 40.92, 87.25, 8.33, 22.75, 20.92, 26.0, 10.83, 43.08, 23.33, 8.92, 5.17, 14.83, 22.25
71, 2014-03-26, Home, PHO, L, L, 1.5, U, 208, 0, 0, 104.83, 104.0, 39.58, 85.17, 9.92, 24.0, 15.75, 20.67, 11.42, 42.17, 23.58, 6.58, 4.67, 15.17, 20.58, 39.5, 83.67, 7.83, 21.5, 17.17, 22.67, 10.5, 41.5, 22.92, 8.17, 4.25, 14.5, 20.0, 106.33, 105.17, 38.83, 80.58, 9.5, 24.58, 19.17, 26.25, 10.33, 41.83, 19.25, 8.42, 3.17, 16.33, 23.33, 38.67, 82.83, 7.67, 21.08, 20.17, 26.58, 10.5, 40.42, 22.42, 8.58, 3.25, 15.25, 23.0
72, 2014-03-28, Home, IND, W, W, 1.5, U, 186.5, 0, 0, 102.42, 103.67, 38.92, 84.5, 9.42, 23.42, 15.17, 20.08, 11.0, 41.42, 22.58, 6.33, 4.25, 15.0, 19.58, 39.42, 82.92, 8.58, 22.0, 16.25, 21.0, 10.25, 41.42, 22.92, 7.92, 4.17, 14.25, 19.5, 90.17, 93.5, 33.08, 76.83, 6.17, 17.25, 17.83, 22.5, 9.83, 43.5, 18.5, 5.5, 4.83, 15.08, 21.42, 34.5, 81.08, 6.75, 19.33, 17.75, 23.17, 10.17, 40.67, 19.75, 7.67, 5.25, 11.75, 22.17
73, 2014-03-29, Home, ATL, W, L, -6, U, 198.5, 0, 1, 101.33, 101.0, 38.5, 85.0, 9.25, 23.75, 15.08, 19.75, 11.33, 42.17, 22.75, 6.5, 4.42, 14.58, 19.5, 38.17, 82.92, 8.25, 22.0, 16.42, 21.33, 10.75, 42.25, 21.83, 7.67, 4.58, 14.58, 19.33, 98.75, 102.58, 35.75, 81.08, 9.67, 28.42, 17.58, 22.17, 8.08, 37.67, 23.25, 7.92, 3.25, 14.83, 20.42, 37.83, 80.75, 7.75, 22.0, 19.17, 24.33, 10.58, 44.08, 23.33, 8.92, 3.83, 14.92, 21.75
74, 2014-03-31, Away, CHA, L, L, 3, U, 195, 0, 0, 101.08, 101.5, 38.08, 84.83, 9.25, 23.67, 15.67, 21.0, 11.58, 42.42, 21.83, 6.67, 4.67, 14.67, 19.67, 38.08, 83.08, 8.33, 22.67, 17.0, 21.83, 10.58, 42.42, 21.83, 7.83, 4.33, 14.5, 19.92, 101.25, 98.92, 39.25, 85.58, 7.5, 21.83, 15.25, 18.92, 10.83, 43.5, 22.67, 5.58, 6.0, 10.83, 18.25, 37.67, 83.75, 8.58, 22.92, 15.0, 21.0, 9.92, 41.75, 20.75, 5.75, 4.17, 11.67, 19.17
75, 2014-04-02, Home, BOS, W, W, -8.5, O, 199.5, 0, 0, 99.42, 100.92, 37.67, 84.75, 8.75, 22.75, 15.33, 20.17, 11.42, 42.58, 21.92, 6.67, 4.33, 14.5, 19.67, 37.67, 82.33, 8.25, 23.08, 17.33, 22.33, 10.42, 42.92, 22.08, 7.58, 4.42, 14.17, 19.5, 96.33, 103.17, 36.5, 86.0, 8.25, 23.92, 15.08, 19.08, 13.5, 41.58, 22.75, 6.83, 3.25, 12.67, 20.42, 39.25, 80.5, 6.33, 18.92, 18.33, 22.58, 10.0, 42.17, 22.42, 7.33, 4.83, 13.17, 17.92
76, 2014-04-04, Away, NYK, W, W, 5, U, 195.5, 0, 0, 101.75, 100.33, 38.42, 83.33, 8.58, 21.75, 16.33, 21.17, 10.17, 41.83, 22.33, 7.08, 4.42, 14.75, 20.5, 37.0, 82.42, 7.67, 23.33, 18.67, 24.08, 10.5, 42.58, 21.58, 7.75, 3.92, 14.5, 20.42, 101.75, 97.17, 37.25, 77.67, 9.25, 24.08, 18.0, 23.08, 9.42, 39.25, 19.58, 7.17, 4.17, 11.5, 21.33, 35.58, 79.0, 8.83, 24.17, 17.17, 23.17, 12.0, 40.25, 18.0, 6.33, 2.58, 12.5, 20.58
77, 2014-04-05, Home, CHI, L, L, -2.5, U, 184, 1, 1, 102.17, 99.58, 38.67, 83.0, 8.25, 21.25, 16.58, 21.67, 10.5, 42.17, 22.5, 7.42, 4.08, 14.83, 19.92, 36.67, 82.25, 8.42, 24.42, 17.83, 22.92, 10.42, 41.75, 22.42, 8.08, 3.75, 15.0, 20.67, 94.42, 89.08, 34.33, 79.83, 6.67, 18.08, 19.08, 23.83, 10.17, 41.67, 23.92, 8.17, 5.58, 11.67, 19.75, 32.25, 78.58, 6.25, 19.83, 18.33, 24.5, 11.92, 44.0, 18.25, 6.5, 5.5, 14.25, 20.5
78, 2014-04-09, Home, CHA, L, L, -5.5, U, 191, 0, 0, 99.92, 99.17, 38.5, 82.67, 7.67, 20.67, 15.25, 20.25, 10.75, 41.17, 21.83, 7.5, 4.08, 14.83, 20.33, 36.0, 80.75, 8.58, 24.25, 18.58, 23.83, 10.58, 41.67, 22.25, 8.17, 3.58, 14.67, 19.83, 102.67, 96.83, 38.83, 85.33, 7.75, 21.58, 17.25, 21.67, 11.58, 46.5, 23.83, 5.0, 5.58, 10.83, 18.08, 36.58, 84.33, 8.5, 22.0, 15.17, 20.67, 9.92, 41.0, 21.83, 6.08, 4.42, 11.25, 19.83
79, 2014-04-11, Away, ORL, W, W, -7.5, U, 194, 0, 0, 98.83, 99.17, 38.58, 83.08, 7.08, 19.75, 14.58, 19.83, 10.42, 41.67, 22.0, 7.75, 4.25, 14.75, 20.42, 36.08, 82.5, 8.58, 24.58, 18.42, 23.25, 10.83, 42.75, 22.5, 8.17, 3.5, 14.58, 19.17, 96.33, 100.83, 37.0, 81.5, 6.92, 18.42, 15.42, 20.75, 11.17, 43.17, 21.92, 6.83, 4.58, 16.17, 20.75, 37.0, 82.0, 7.92, 21.83, 18.92, 23.67, 9.33, 40.17, 21.17, 7.33, 4.33, 13.08, 17.0
80, 2014-04-12, Home, MIL, W, W, -11, U, 204.5, 1, 1, 97.58, 96.58, 38.17, 82.33, 6.33, 19.0, 14.92, 20.08, 10.58, 41.92, 21.67, 7.42, 4.42, 14.5, 19.33, 35.42, 81.67, 8.42, 24.67, 17.33, 21.92, 10.33, 41.5, 22.75, 8.25, 3.75, 14.25, 19.33, 100.17, 107.83, 37.92, 81.33, 4.33, 14.0, 20.0, 27.75, 12.08, 41.33, 22.08, 6.0, 4.58, 13.67, 21.75, 39.67, 84.08, 8.42, 24.17, 20.08, 25.58, 11.67, 41.92, 23.17, 7.42, 4.33, 12.17, 21.75
81, 2014-04-14, Home, MIA, W, W, -5.5, O, 190, 0, 0, 97.67, 94.5, 38.33, 81.83, 6.0, 18.58, 15.0, 20.25, 10.0, 41.33, 21.67, 7.58, 4.42, 14.33, 19.5, 34.67, 80.58, 7.67, 22.42, 17.5, 22.67, 10.5, 41.42, 21.75, 8.25, 3.92, 15.17, 19.17, 96.5, 89.33, 35.92, 74.25, 8.25, 23.33, 16.42, 22.42, 8.92, 39.83, 19.5, 8.33, 4.33, 13.25, 18.0, 33.67, 77.17, 8.17, 24.0, 13.83, 18.5, 9.75, 38.17, 19.25, 7.75, 3.25, 13.75, 20.08
82, 2014-04-16, Away, BOS, W, W, -8, O, 197.5, 0, 0, 97.42, 93.33, 38.67, 81.08, 6.33, 18.92, 13.75, 19.08, 9.92, 41.17, 22.92, 7.58, 4.08, 14.17, 19.25, 34.08, 79.67, 7.67, 23.08, 17.5, 22.08, 10.0, 40.33, 21.0, 8.17, 3.75, 14.42, 18.58, 100.0, 106.92, 37.5, 83.08, 9.25, 26.0, 15.75, 19.5, 11.08, 38.42, 22.75, 7.5, 3.33, 14.5, 20.92, 40.08, 79.5, 7.08, 18.67, 19.67, 25.58, 9.17, 40.0, 25.0, 7.83, 3.92, 13.5, 18.42
