4, 2014-11-04, Away, CHI, L, W, 10, U, 189, 0, 277.0, 314.0, 107.0, 237.0, 17.0, 46.0, 46.0, 69.0, 28.0, 129.0, 62.0, 12.0, 17.0, 50.0, 85.0, 113.0, 264.0, 15.0, 51.0, 73.0, 105.0, 47.0, 149.0, 55.0, 24.0, 21.0, 28.0, 63.0
5, 2014-11-05, Away, PHI, W, L, -2.5, U, 195.5, 1, 283.0, 311.0, 113.0, 241.0, 19.0, 49.0, 38.0, 62.0, 26.0, 121.0, 66.0, 13.0, 14.0, 43.0, 82.0, 107.0, 238.0, 18.0, 49.0, 79.0, 101.0, 31.0, 131.0, 58.0, 20.0, 13.0, 31.0, 64.0
6, 2014-11-07, Home, MIN, W, W, 4, O, 203.5, 0, 276.0, 295.0, 115.0, 257.0, 16.0, 54.0, 30.0, 50.0, 37.0, 139.0, 60.0, 20.0, 16.0, 49.0, 79.0, 101.0, 235.0, 19.0, 61.0, 74.0, 98.0, 31.0, 132.0, 58.0, 22.0, 25.0, 39.0, 57.0
7, 2014-11-09, Away, BRK, L, W, 8.5, O, 198.5, 0, 293.0, 290.0, 123.0, 267.0, 14.0, 44.0, 33.0, 45.0, 40.0, 151.0, 54.0, 22.0, 15.0, 56.0, 69.0, 108.0, 245.0, 19.0, 58.0, 55.0, 75.0, 25.0, 120.0, 69.0, 27.0, 28.0, 44.0, 58.0
8, 2014-11-11, Away, TOR, L, W, 10.5, O, 198, 0, 299.0, 296.0, 124.0, 254.0, 16.0, 45.0, 35.0, 47.0, 31.0, 134.0, 58.0, 23.0, 11.0, 62.0, 71.0, 113.0, 253.0, 16.0, 57.0, 54.0, 71.0, 29.0, 121.0, 69.0, 31.0, 24.0, 46.0, 61.0
9, 2014-11-12, Away, NYK, W, W, 6.5, O, 191, 1, 308.0, 311.0, 124.0, 247.0, 25.0, 50.0, 35.0, 51.0, 23.0, 122.0, 70.0, 20.0, 13.0, 54.0, 75.0, 115.0, 253.0, 17.0, 53.0, 64.0, 78.0, 28.0, 123.0, 63.0, 28.0, 13.0, 38.0, 60.0
10, 2014-11-14, Home, MIL, W, W, -2.5, U, 194, 0, 293.0, 303.0, 111.0, 226.0, 26.0, 52.0, 45.0, 64.0, 15.0, 107.0, 71.0, 19.0, 8.0, 43.0, 67.0, 112.0, 246.0, 21.0, 58.0, 58.0, 67.0, 30.0, 125.0, 56.0, 21.0, 12.0, 33.0, 65.0
11, 2014-11-15, Away, WAS, L, W, 9, U, 194.5, 1, 298.0, 284.0, 107.0, 231.0, 28.0, 61.0, 56.0, 75.0, 20.0, 121.0, 68.0, 19.0, 9.0, 41.0, 58.0, 108.0, 243.0, 19.0, 63.0, 49.0, 58.0, 21.0, 118.0, 52.0, 19.0, 11.0, 35.0, 69.0
12, 2014-11-17, Away, DET, W, W, 4.5, O, 193, 0, 291.0, 278.0, 105.0, 228.0, 23.0, 53.0, 58.0, 77.0, 23.0, 122.0, 56.0, 16.0, 6.0, 40.0, 55.0, 115.0, 250.0, 13.0, 52.0, 35.0, 44.0, 25.0, 118.0, 67.0, 15.0, 18.0, 34.0, 68.0
13, 2014-11-19, Home, LAC, L, L, 5, U, 205.5, 0, 301.0, 276.0, 113.0, 237.0, 30.0, 67.0, 45.0, 60.0, 25.0, 124.0, 69.0, 21.0, 7.0, 41.0, 57.0, 110.0, 244.0, 16.0, 53.0, 40.0, 54.0, 24.0, 119.0, 67.0, 18.0, 16.0, 41.0, 60.0
14, 2014-11-21, Away, CHO, W, W, 4, O, 191, 0, 290.0, 305.0, 112.0, 243.0, 28.0, 67.0, 38.0, 51.0, 26.0, 127.0, 68.0, 19.0, 5.0, 39.0, 59.0, 119.0, 248.0, 26.0, 55.0, 41.0, 56.0, 21.0, 120.0, 72.0, 18.0, 21.0, 32.0, 54.0
15, 2014-11-22, Home, MIA, L, L, 1.5, U, 191.5, 1, 302.0, 307.0, 114.0, 247.0, 25.0, 66.0, 49.0, 65.0, 23.0, 130.0, 66.0, 16.0, 8.0, 32.0, 53.0, 119.0, 255.0, 30.0, 65.0, 39.0, 55.0, 22.0, 125.0, 63.0, 17.0, 20.0, 28.0, 64.0
16, 2014-11-24, Away, CLE, L, L, 11, U, 200, 0, 287.0, 313.0, 108.0, 246.0, 15.0, 56.0, 56.0, 77.0, 35.0, 135.0, 51.0, 17.0, 8.0, 35.0, 52.0, 124.0, 246.0, 31.0, 67.0, 34.0, 49.0, 19.0, 117.0, 63.0, 19.0, 21.0, 30.0, 65.0
17, 2014-11-26, Home, GSW, L, L, 8, O, 203, 0, 271.0, 305.0, 103.0, 240.0, 12.0, 49.0, 53.0, 74.0, 37.0, 127.0, 44.0, 17.0, 10.0, 39.0, 52.0, 121.0, 243.0, 25.0, 62.0, 38.0, 55.0, 29.0, 122.0, 69.0, 25.0, 21.0, 35.0, 69.0
18, 2014-11-28, Away, IND, L, L, 4.5, U, 191, 0, 262.0, 316.0, 100.0, 245.0, 14.0, 53.0, 48.0, 66.0, 43.0, 130.0, 53.0, 23.0, 6.0, 45.0, 55.0, 123.0, 237.0, 30.0, 68.0, 40.0, 59.0, 27.0, 124.0, 77.0, 28.0, 20.0, 43.0, 62.0
19, 2014-11-30, Away, PHO, W, W, 9, U, 204.5, 0, 253.0, 315.0, 96.0, 237.0, 18.0, 55.0, 43.0, 55.0, 27.0, 118.0, 51.0, 20.0, 9.0, 49.0, 52.0, 127.0, 260.0, 22.0, 58.0, 39.0, 55.0, 37.0, 144.0, 85.0, 28.0, 18.0, 38.0, 59.0
20, 2014-12-02, Away, GSW, L, W, 14.5, U, 201.5, 0, 272.0, 299.0, 102.0, 233.0, 18.0, 53.0, 50.0, 65.0, 24.0, 125.0, 51.0, 23.0, 9.0, 54.0, 57.0, 119.0, 264.0, 23.0, 68.0, 38.0, 51.0, 36.0, 143.0, 77.0, 19.0, 12.0, 45.0, 54.0
21, 2014-12-03, Away, LAC, L, L, 15, U, 202, 1, 273.0, 286.0, 105.0, 233.0, 18.0, 50.0, 45.0, 55.0, 20.0, 119.0, 49.0, 26.0, 11.0, 51.0, 56.0, 113.0, 261.0, 19.0, 69.0, 41.0, 50.0, 41.0, 145.0, 72.0, 20.0, 11.0, 45.0, 50.0
22, 2014-12-05, Away, UTA, W, W, 5, U, 191.5, 0, 276.0, 302.0, 107.0, 242.0, 18.0, 52.0, 44.0, 64.0, 24.0, 121.0, 54.0, 30.0, 8.0, 49.0, 63.0, 114.0, 245.0, 27.0, 84.0, 47.0, 61.0, 30.0, 136.0, 79.0, 24.0, 14.0, 51.0, 50.0
23, 2014-12-06, Away, SAC, W, W, 6, O, 196, 1, 281.0, 305.0, 109.0, 240.0, 20.0, 54.0, 43.0, 59.0, 23.0, 112.0, 55.0, 28.0, 8.0, 35.0, 61.0, 116.0, 239.0, 28.0, 74.0, 45.0, 64.0, 32.0, 134.0, 80.0, 23.0, 17.0, 43.0, 53.0
24, 2014-12-10, Home, WAS, L, W, 5.5, U, 195.5, 0, 289.0, 303.0, 112.0, 236.0, 23.0, 63.0, 42.0, 59.0, 25.0, 112.0, 62.0, 21.0, 10.0, 34.0, 69.0, 113.0, 236.0, 24.0, 62.0, 53.0, 74.0, 28.0, 120.0, 77.0, 20.0, 14.0, 39.0, 54.0
25, 2014-12-12, Away, ATL, L, W, 9, U, 195.5, 0, 292.0, 280.0, 117.0, 241.0, 23.0, 58.0, 35.0, 43.0, 27.0, 117.0, 54.0, 17.0, 15.0, 26.0, 57.0, 112.0, 239.0, 17.0, 43.0, 39.0, 58.0, 30.0, 117.0, 71.0, 14.0, 13.0, 31.0, 50.0
26, 2014-12-13, Home, ATL, W, W, 3, O, 194.5, 1, 275.0, 274.0, 110.0, 244.0, 25.0, 67.0, 30.0, 39.0, 27.0, 125.0, 53.0, 14.0, 16.0, 36.0, 64.0, 105.0, 238.0, 18.0, 56.0, 46.0, 64.0, 22.0, 118.0, 72.0, 22.0, 10.0, 32.0, 41.0
27, 2014-12-15, Away, TOR, L, L, 6.5, U, 198, 0, 270.0, 277.0, 105.0, 235.0, 26.0, 62.0, 34.0, 46.0, 24.0, 121.0, 53.0, 16.0, 17.0, 41.0, 54.0, 105.0, 243.0, 22.0, 68.0, 45.0, 60.0, 22.0, 124.0, 74.0, 21.0, 12.0, 31.0, 44.0
28, 2014-12-17, Away, BOS, L, L, 3.5, O, 200, 0, 263.0, 281.0, 103.0, 225.0, 23.0, 62.0, 34.0, 45.0, 22.0, 118.0, 53.0, 14.0, 17.0, 52.0, 61.0, 101.0, 245.0, 28.0, 86.0, 51.0, 66.0, 26.0, 122.0, 73.0, 24.0, 11.0, 33.0, 45.0
29, 2014-12-19, Home, UTA, L, L, -4, O, 193, 0, 274.0, 303.0, 110.0, 233.0, 19.0, 55.0, 35.0, 44.0, 23.0, 108.0, 56.0, 19.0, 14.0, 46.0, 50.0, 116.0, 247.0, 26.0, 76.0, 45.0, 57.0, 28.0, 122.0, 74.0, 21.0, 16.0, 35.0, 49.0
30, 2014-12-21, Home, PHI, L, L, -9, U, 193.5, 0, 268.0, 305.0, 110.0, 242.0, 21.0, 56.0, 27.0, 35.0, 25.0, 106.0, 58.0, 19.0, 10.0, 43.0, 57.0, 120.0, 236.0, 22.0, 60.0, 43.0, 57.0, 26.0, 123.0, 74.0, 21.0, 17.0, 40.0, 44.0
31, 2014-12-23, Home, BOS, W, W, -2, U, 198, 0, 274.0, 306.0, 109.0, 252.0, 24.0, 64.0, 32.0, 47.0, 32.0, 113.0, 66.0, 25.0, 9.0, 38.0, 60.0, 118.0, 235.0, 17.0, 53.0, 53.0, 67.0, 29.0, 136.0, 69.0, 21.0, 19.0, 48.0, 49.0
32, 2014-12-26, Home, CLE, L, L, 3.5, U, 196, 0, 282.0, 292.0, 111.0, 250.0, 26.0, 63.0, 34.0, 55.0, 29.0, 122.0, 72.0, 24.0, 12.0, 40.0, 65.0, 107.0, 240.0, 17.0, 57.0, 61.0, 78.0, 31.0, 139.0, 66.0, 22.0, 15.0, 46.0, 54.0
33, 2014-12-27, Away, CHO, W, W, 6, O, 188.5, 1, 277.0, 289.0, 110.0, 240.0, 23.0, 62.0, 34.0, 55.0, 25.0, 124.0, 69.0, 26.0, 14.0, 44.0, 68.0, 101.0, 247.0, 21.0, 76.0, 66.0, 80.0, 32.0, 134.0, 61.0, 28.0, 15.0, 40.0, 54.0
34, 2014-12-29, Away, MIA, W, W, 5.5, O, 189.5, 0, 291.0, 287.0, 113.0, 239.0, 24.0, 59.0, 41.0, 59.0, 17.0, 121.0, 70.0, 21.0, 12.0, 36.0, 64.0, 102.0, 251.0, 23.0, 77.0, 60.0, 73.0, 26.0, 123.0, 59.0, 22.0, 17.0, 31.0, 54.0
35, 2014-12-30, Home, DET, L, L, 1.5, U, 197.5, 1, 293.0, 293.0, 115.0, 233.0, 28.0, 66.0, 35.0, 49.0, 18.0, 110.0, 68.0, 23.0, 10.0, 36.0, 68.0, 102.0, 229.0, 23.0, 68.0, 66.0, 84.0, 23.0, 114.0, 55.0, 21.0, 16.0, 33.0, 48.0
36, 2015-01-02, Home, BRK, L, W, 2.5, O, 193, 0, 290.0, 304.0, 117.0, 245.0, 23.0, 65.0, 33.0, 47.0, 20.0, 116.0, 62.0, 22.0, 9.0, 35.0, 64.0, 109.0, 235.0, 29.0, 71.0, 57.0, 87.0, 31.0, 131.0, 58.0, 20.0, 20.0, 35.0, 48.0
37, 2015-01-03, Home, CHO, L, L, -4, O, 187.5, 1, 286.0, 310.0, 116.0, 250.0, 26.0, 67.0, 28.0, 43.0, 23.0, 113.0, 62.0, 29.0, 8.0, 40.0, 64.0, 114.0, 221.0, 28.0, 67.0, 54.0, 87.0, 26.0, 135.0, 66.0, 25.0, 17.0, 47.0, 45.0
38, 2015-01-07, Away, DEN, L, W, 7, U, 201, 0, 274.0, 307.0, 108.0, 260.0, 19.0, 61.0, 39.0, 51.0, 27.0, 123.0, 59.0, 29.0, 9.0, 33.0, 63.0, 116.0, 236.0, 25.0, 69.0, 50.0, 79.0, 36.0, 152.0, 64.0, 20.0, 18.0, 47.0, 45.0
39, 2015-01-09, Away, LAL, L, L, 1.5, U, 198.5, 0, 278.0, 291.0, 105.0, 263.0, 23.0, 63.0, 45.0, 57.0, 30.0, 123.0, 61.0, 33.0, 8.0, 32.0, 66.0, 109.0, 224.0, 18.0, 53.0, 55.0, 76.0, 26.0, 145.0, 64.0, 16.0, 13.0, 57.0, 48.0
40, 2015-01-10, Away, POR, L, W, 14, P, 195, 1, 264.0, 292.0, 98.0, 251.0, 18.0, 55.0, 50.0, 60.0, 26.0, 122.0, 58.0, 28.0, 12.0, 36.0, 75.0, 104.0, 242.0, 18.0, 54.0, 66.0, 89.0, 40.0, 160.0, 54.0, 17.0, 15.0, 47.0, 53.0
41, 2015-01-12, Away, CHI, W, W, 11.5, O, 190.5, 0, 266.0, 297.0, 102.0, 256.0, 17.0, 57.0, 45.0, 59.0, 31.0, 127.0, 62.0, 29.0, 9.0, 45.0, 73.0, 105.0, 240.0, 24.0, 64.0, 63.0, 83.0, 30.0, 150.0, 60.0, 19.0, 19.0, 53.0, 55.0
42, 2015-01-14, Home, HOU, W, W, 9.5, O, 200.5, 0, 297.0, 318.0, 115.0, 249.0, 16.0, 53.0, 51.0, 72.0, 23.0, 119.0, 69.0, 28.0, 10.0, 41.0, 74.0, 113.0, 250.0, 25.0, 74.0, 67.0, 90.0, 35.0, 146.0, 63.0, 20.0, 20.0, 46.0, 58.0
43, 2015-01-16, Home, MEM, L, L, 5, O, 193, 0, 333.0, 330.0, 129.0, 263.0, 19.0, 65.0, 56.0, 75.0, 29.0, 122.0, 72.0, 34.0, 4.0, 41.0, 66.0, 119.0, 243.0, 27.0, 79.0, 65.0, 82.0, 27.0, 124.0, 73.0, 23.0, 19.0, 54.0, 56.0
44, 2015-01-18, Home, OKC, L, L, 9, O, 213.5, 0, 337.0, 333.0, 128.0, 250.0, 25.0, 68.0, 56.0, 75.0, 17.0, 112.0, 72.0, 29.0, 8.0, 40.0, 66.0, 123.0, 254.0, 20.0, 67.0, 67.0, 85.0, 30.0, 128.0, 78.0, 25.0, 16.0, 45.0, 58.0
45, 2015-01-21, Away, DET, L, L, 8, O, 209, 0, 315.0, 346.0, 115.0, 257.0, 26.0, 73.0, 59.0, 73.0, 25.0, 111.0, 62.0, 28.0, 7.0, 48.0, 70.0, 130.0, 253.0, 21.0, 65.0, 65.0, 84.0, 29.0, 139.0, 81.0, 31.0, 16.0, 51.0, 62.0
46, 2015-01-23, Away, NYK, L, L, -3, O, 206.5, 0, 313.0, 361.0, 119.0, 264.0, 23.0, 62.0, 52.0, 63.0, 28.0, 114.0, 69.0, 23.0, 11.0, 47.0, 72.0, 137.0, 264.0, 22.0, 63.0, 65.0, 85.0, 30.0, 146.0, 90.0, 30.0, 15.0, 46.0, 60.0
47, 2015-01-25, Home, IND, L, L, 1.5, O, 204, 0, 323.0, 368.0, 127.0, 272.0, 21.0, 65.0, 48.0, 62.0, 31.0, 114.0, 74.0, 28.0, 11.0, 46.0, 69.0, 140.0, 268.0, 29.0, 74.0, 59.0, 77.0, 33.0, 148.0, 92.0, 28.0, 14.0, 49.0, 59.0
48, 2015-01-26, Away, MEM, L, W, 12, U, 204, 1, 323.0, 347.0, 130.0, 262.0, 19.0, 59.0, 44.0, 58.0, 24.0, 114.0, 78.0, 26.0, 14.0, 40.0, 61.0, 135.0, 268.0, 28.0, 69.0, 49.0, 63.0, 32.0, 141.0, 91.0, 24.0, 14.0, 43.0, 58.0
49, 2015-01-29, Home, MIL, L, L, 4, O, 204, 0, 299.0, 322.0, 119.0, 243.0, 17.0, 56.0, 44.0, 67.0, 24.0, 116.0, 63.0, 25.0, 12.0, 43.0, 62.0, 122.0, 250.0, 25.0, 63.0, 53.0, 65.0, 28.0, 135.0, 81.0, 25.0, 15.0, 43.0, 58.0
50, 2015-01-31, Home, DAL, L, L, 7, U, 209, 0, 293.0, 324.0, 112.0, 238.0, 15.0, 47.0, 54.0, 78.0, 30.0, 126.0, 50.0, 23.0, 12.0, 52.0, 61.0, 124.0, 246.0, 27.0, 63.0, 49.0, 62.0, 23.0, 124.0, 81.0, 35.0, 19.0, 44.0, 64.0
51, 2015-02-02, Away, OKC, L, W, 10.5, U, 207, 0, 287.0, 326.0, 107.0, 238.0, 17.0, 54.0, 56.0, 79.0, 38.0, 135.0, 49.0, 25.0, 10.0, 55.0, 64.0, 123.0, 237.0, 30.0, 64.0, 50.0, 66.0, 17.0, 113.0, 80.0, 36.0, 18.0, 42.0, 61.0
52, 2015-02-04, Away, SAS, L, W, 13.5, O, 201, 0, 290.0, 327.0, 108.0, 250.0, 19.0, 65.0, 55.0, 72.0, 39.0, 135.0, 58.0, 22.0, 8.0, 51.0, 63.0, 124.0, 236.0, 31.0, 66.0, 48.0, 66.0, 18.0, 114.0, 80.0, 35.0, 17.0, 40.0, 64.0
53, 2015-02-06, Home, LAL, W, W, -4.5, U, 200.5, 0, 293.0, 322.0, 113.0, 252.0, 24.0, 68.0, 43.0, 56.0, 30.0, 125.0, 71.0, 20.0, 5.0, 40.0, 61.0, 123.0, 233.0, 33.0, 73.0, 43.0, 62.0, 17.0, 117.0, 83.0, 26.0, 13.0, 36.0, 52.0
54, 2015-02-08, Home, CHI, L, W, 6.5, U, 197.5, 0, 303.0, 311.0, 123.0, 257.0, 21.0, 59.0, 36.0, 46.0, 29.0, 131.0, 76.0, 20.0, 8.0, 43.0, 50.0, 120.0, 256.0, 33.0, 78.0, 38.0, 53.0, 29.0, 124.0, 84.0, 29.0, 17.0, 38.0, 45.0
55, 2015-02-09, Away, WAS, L, L, 10.5, U, 193, 1, 303.0, 305.0, 124.0, 250.0, 24.0, 61.0, 31.0, 41.0, 28.0, 132.0, 74.0, 24.0, 11.0, 46.0, 50.0, 120.0, 258.0, 33.0, 80.0, 32.0, 45.0, 28.0, 119.0, 86.0, 30.0, 13.0, 40.0, 36.0
56, 2015-02-11, Home, NYK, W, P, -6, U, 187, 0, 280.0, 291.0, 115.0, 249.0, 18.0, 62.0, 32.0, 42.0, 31.0, 126.0, 65.0, 31.0, 16.0, 45.0, 58.0, 109.0, 251.0, 26.0, 73.0, 47.0, 58.0, 35.0, 131.0, 79.0, 30.0, 12.0, 49.0, 38.0
57, 2015-02-20, Home, NOP, W, W, 5.5, U, 192.5, 0, 266.0, 277.0, 103.0, 233.0, 17.0, 58.0, 43.0, 56.0, 28.0, 122.0, 52.0, 28.0, 19.0, 43.0, 71.0, 95.0, 227.0, 20.0, 62.0, 67.0, 81.0, 28.0, 127.0, 71.0, 25.0, 8.0, 47.0, 46.0
58, 2015-02-22, Home, PHI, W, L, -9, O, 188.5, 0, 264.0, 263.0, 108.0, 238.0, 12.0, 51.0, 36.0, 49.0, 24.0, 119.0, 53.0, 23.0, 18.0, 36.0, 71.0, 87.0, 219.0, 17.0, 59.0, 72.0, 91.0, 28.0, 132.0, 65.0, 20.0, 13.0, 43.0, 46.0
59, 2015-02-25, Home, MIA, L, W, 3.5, U, 199, 0, 287.0, 265.0, 114.0, 237.0, 14.0, 52.0, 45.0, 60.0, 28.0, 124.0, 54.0, 19.0, 14.0, 40.0, 68.0, 90.0, 220.0, 23.0, 68.0, 62.0, 81.0, 26.0, 120.0, 61.0, 21.0, 15.0, 44.0, 58.0
60, 2015-02-27, Away, ATL, L, W, 11, U, 195.5, 0, 288.0, 275.0, 116.0, 248.0, 16.0, 63.0, 40.0, 63.0, 33.0, 130.0, 58.0, 17.0, 6.0, 42.0, 70.0, 97.0, 231.0, 24.0, 84.0, 57.0, 77.0, 26.0, 123.0, 59.0, 22.0, 16.0, 44.0, 61.0
61, 2015-03-01, Home, CHO, L, L, 1.5, U, 184.5, 0, 281.0, 286.0, 108.0, 240.0, 21.0, 71.0, 44.0, 70.0, 34.0, 128.0, 58.0, 23.0, 10.0, 50.0, 66.0, 104.0, 243.0, 33.0, 96.0, 45.0, 61.0, 30.0, 125.0, 65.0, 27.0, 15.0, 51.0, 62.0
62, 2015-03-04, Home, PHO, L, L, 4.5, O, 202, 0, 261.0, 286.0, 100.0, 243.0, 21.0, 63.0, 40.0, 64.0, 32.0, 134.0, 55.0, 22.0, 11.0, 46.0, 64.0, 108.0, 245.0, 28.0, 80.0, 42.0, 58.0, 26.0, 131.0, 66.0, 24.0, 14.0, 46.0, 53.0
63, 2015-03-06, Home, SAC, W, W, 3, O, 201, 0, 271.0, 298.0, 108.0, 252.0, 20.0, 61.0, 35.0, 48.0, 29.0, 126.0, 59.0, 31.0, 15.0, 48.0, 62.0, 113.0, 240.0, 30.0, 70.0, 42.0, 53.0, 27.0, 123.0, 71.0, 26.0, 12.0, 53.0, 44.0
64, 2015-03-08, Home, BOS, W, W, 2.5, O, 197.5, 0, 302.0, 317.0, 120.0, 257.0, 24.0, 59.0, 38.0, 47.0, 27.0, 123.0, 66.0, 31.0, 13.0, 41.0, 69.0, 115.0, 244.0, 26.0, 66.0, 61.0, 79.0, 35.0, 124.0, 62.0, 21.0, 13.0, 49.0, 48.0
65, 2015-03-10, Away, IND, L, L, 8.5, O, 187.5, 0, 322.0, 317.0, 127.0, 259.0, 25.0, 66.0, 43.0, 57.0, 35.0, 135.0, 70.0, 31.0, 18.0, 45.0, 65.0, 110.0, 253.0, 33.0, 82.0, 64.0, 81.0, 46.0, 125.0, 64.0, 25.0, 12.0, 47.0, 54.0
66, 2015-03-11, Away, MIL, L, W, 8, U, 189, 1, 308.0, 330.0, 120.0, 264.0, 24.0, 63.0, 44.0, 62.0, 45.0, 138.0, 64.0, 27.0, 20.0, 35.0, 56.0, 118.0, 259.0, 42.0, 95.0, 52.0, 66.0, 48.0, 140.0, 79.0, 21.0, 14.0, 41.0, 54.0
67, 2015-03-13, Away, BOS, L, L, 5, U, 195.5, 0, 280.0, 313.0, 106.0, 264.0, 21.0, 57.0, 47.0, 63.0, 46.0, 134.0, 56.0, 31.0, 19.0, 39.0, 50.0, 119.0, 253.0, 40.0, 86.0, 35.0, 44.0, 40.0, 148.0, 91.0, 22.0, 15.0, 49.0, 55.0
68, 2015-03-15, Home, CLE, L, L, 10.5, O, 200, 0, 265.0, 310.0, 102.0, 257.0, 20.0, 55.0, 41.0, 61.0, 38.0, 128.0, 56.0, 32.0, 15.0, 43.0, 56.0, 121.0, 250.0, 35.0, 78.0, 33.0, 48.0, 32.0, 147.0, 86.0, 20.0, 16.0, 51.0, 55.0
69, 2015-03-17, Away, HOU, L, L, 11, U, 207, 0, 287.0, 315.0, 110.0, 253.0, 25.0, 57.0, 42.0, 68.0, 36.0, 127.0, 65.0, 33.0, 9.0, 46.0, 54.0, 121.0, 241.0, 36.0, 79.0, 37.0, 55.0, 24.0, 132.0, 75.0, 23.0, 17.0, 54.0, 61.0
70, 2015-03-18, Away, DAL, L, W, 12.5, O, 205.5, 1, 290.0, 325.0, 114.0, 257.0, 21.0, 61.0, 41.0, 72.0, 39.0, 134.0, 63.0, 27.0, 11.0, 42.0, 57.0, 121.0, 240.0, 39.0, 88.0, 44.0, 66.0, 25.0, 128.0, 72.0, 23.0, 16.0, 46.0, 58.0
71, 2015-03-20, Home, POR, W, W, 8.5, O, 200, 0, 304.0, 337.0, 120.0, 264.0, 24.0, 69.0, 40.0, 58.0, 40.0, 125.0, 71.0, 30.0, 12.0, 41.0, 60.0, 123.0, 234.0, 42.0, 93.0, 49.0, 70.0, 23.0, 121.0, 81.0, 23.0, 18.0, 50.0, 51.0
72, 2015-03-22, Home, DEN, L, L, 1, O, 206, 0, 307.0, 318.0, 121.0, 270.0, 20.0, 62.0, 45.0, 55.0, 41.0, 131.0, 69.0, 29.0, 12.0, 35.0, 67.0, 116.0, 238.0, 31.0, 82.0, 55.0, 75.0, 31.0, 131.0, 68.0, 18.0, 14.0, 47.0, 49.0
73, 2015-03-25, Home, ATL, L, L, 9, U, 200, 0, 313.0, 330.0, 124.0, 266.0, 18.0, 57.0, 47.0, 55.0, 40.0, 131.0, 76.0, 28.0, 10.0, 43.0, 72.0, 119.0, 250.0, 32.0, 83.0, 60.0, 78.0, 37.0, 133.0, 71.0, 22.0, 14.0, 46.0, 54.0
74, 2015-03-27, Home, DET, L, L, 2.5, O, 197.5, 0, 294.0, 318.0, 116.0, 257.0, 12.0, 45.0, 50.0, 61.0, 39.0, 132.0, 67.0, 23.0, 8.0, 42.0, 62.0, 119.0, 260.0, 29.0, 83.0, 51.0, 64.0, 41.0, 138.0, 64.0, 24.0, 16.0, 39.0, 55.0
75, 2015-04-01, Home, SAS, L, L, 10, U, 196.5, 0, 280.0, 325.0, 116.0, 245.0, 10.0, 48.0, 38.0, 45.0, 29.0, 122.0, 76.0, 17.0, 9.0, 51.0, 64.0, 123.0, 270.0, 29.0, 77.0, 50.0, 67.0, 42.0, 135.0, 73.0, 30.0, 20.0, 31.0, 48.0
76, 2015-04-03, Away, MIN, W, W, -4.5, U, 205.5, 0, 271.0, 309.0, 114.0, 253.0, 11.0, 48.0, 32.0, 37.0, 32.0, 132.0, 74.0, 17.0, 12.0, 45.0, 53.0, 116.0, 266.0, 30.0, 78.0, 47.0, 60.0, 35.0, 135.0, 63.0, 27.0, 17.0, 28.0, 38.0
77, 2015-04-04, Away, MIL, W, W, 9, U, 194, 1, 285.0, 298.0, 122.0, 267.0, 14.0, 53.0, 27.0, 34.0, 42.0, 143.0, 78.0, 22.0, 10.0, 47.0, 63.0, 106.0, 240.0, 21.0, 58.0, 65.0, 82.0, 26.0, 120.0, 57.0, 26.0, 15.0, 35.0, 38.0
78, 2015-04-08, Home, CHI, W, W, 7.5, O, 191, 0, 285.0, 277.0, 119.0, 271.0, 19.0, 59.0, 28.0, 39.0, 46.0, 148.0, 70.0, 26.0, 18.0, 43.0, 52.0, 103.0, 239.0, 19.0, 56.0, 52.0, 68.0, 28.0, 124.0, 61.0, 24.0, 15.0, 43.0, 45.0
79, 2015-04-10, Home, TOR, L, W, 5, U, 202.5, 0, 299.0, 277.0, 118.0, 260.0, 22.0, 65.0, 41.0, 54.0, 45.0, 142.0, 67.0, 27.0, 14.0, 46.0, 56.0, 102.0, 232.0, 18.0, 53.0, 55.0, 76.0, 29.0, 116.0, 66.0, 25.0, 16.0, 48.0, 52.0
80, 2015-04-11, Home, NYK, L, L, -11, U, 197, 1, 301.0, 294.0, 119.0, 257.0, 23.0, 64.0, 40.0, 47.0, 39.0, 135.0, 65.0, 26.0, 17.0, 43.0, 51.0, 112.0, 262.0, 26.0, 72.0, 44.0, 59.0, 43.0, 132.0, 73.0, 25.0, 11.0, 43.0, 50.0
81, 2015-04-13, Away, MIA, L, L, 6, U, 198, 0, 283.0, 284.0, 109.0, 255.0, 21.0, 65.0, 44.0, 52.0, 38.0, 139.0, 57.0, 29.0, 11.0, 44.0, 56.0, 104.0, 255.0, 27.0, 76.0, 49.0, 59.0, 40.0, 133.0, 69.0, 20.0, 11.0, 45.0, 49.0
82, 2015-04-15, Away, BRK, L, L, 9, U, 203, 0, 271.0, 281.0, 106.0, 258.0, 19.0, 63.0, 40.0, 56.0, 36.0, 136.0, 50.0, 31.0, 12.0, 37.0, 60.0, 109.0, 259.0, 18.0, 60.0, 45.0, 51.0, 39.0, 142.0, 65.0, 13.0, 16.0, 43.0, 52.0
