9, 2012-11-14, Away, PHI, W, W, 7.5, U, 186, 0, 91.25, 101.5, 34.0, 81.13, 5.88, 16.5, 17.38, 23.63, 11.38, 37.63, 21.5, 6.63, 6.13, 14.13, 19.5, 37.25, 81.0, 7.13, 20.25, 19.88, 25.38, 12.88, 45.13, 20.25, 8.88, 6.13, 14.88, 21.0
10, 2012-11-16, Home, ORL, L, L, -5, O, 187.5, 0, 91.0, 97.88, 34.0, 80.38, 5.5, 15.38, 17.5, 24.25, 11.63, 40.25, 22.25, 5.5, 6.5, 14.25, 20.75, 35.5, 81.63, 6.5, 18.88, 20.38, 26.5, 12.75, 44.25, 18.63, 8.63, 6.25, 12.88, 20.63
11, 2012-11-18, Home, BOS, W, W, 4, U, 188, 0, 93.13, 100.13, 34.88, 79.38, 5.25, 14.75, 18.13, 24.38, 11.13, 39.13, 22.38, 6.25, 6.38, 14.88, 20.63, 36.0, 81.25, 7.13, 19.63, 21.0, 26.88, 12.63, 43.25, 20.13, 8.75, 6.0, 13.13, 20.25
12, 2012-11-21, Away, ORL, L, L, 1.5, U, 189, 0, 96.13, 97.0, 36.25, 78.5, 5.25, 14.5, 18.38, 24.75, 10.38, 39.88, 22.88, 6.63, 5.88, 14.88, 20.88, 35.0, 80.5, 6.38, 19.0, 20.63, 26.0, 11.5, 41.25, 18.25, 8.25, 5.0, 13.38, 20.38
13, 2012-11-23, Home, TOR, W, L, -1.5, U, 192, 0, 93.25, 94.63, 35.38, 79.38, 4.88, 15.13, 17.63, 24.38, 11.0, 41.5, 21.5, 6.5, 5.0, 15.0, 20.5, 34.38, 79.38, 5.75, 17.75, 20.13, 25.5, 10.0, 41.38, 18.38, 7.5, 4.25, 13.25, 20.63
14, 2012-11-25, Away, NYK, L, L, 11, O, 190, 0, 91.75, 92.75, 35.38, 80.0, 4.38, 14.0, 16.63, 23.75, 11.63, 43.13, 20.75, 6.5, 4.5, 14.63, 20.75, 33.38, 78.88, 5.63, 18.0, 20.38, 25.63, 9.38, 40.75, 19.0, 7.25, 4.63, 13.0, 20.88
15, 2012-11-26, Home, POR, W, W, 1, O, 193, 1, 92.5, 94.75, 35.5, 78.88, 4.75, 14.13, 16.75, 23.75, 10.88, 42.75, 20.25, 6.25, 4.5, 15.13, 21.13, 33.38, 79.88, 6.75, 19.63, 21.25, 26.25, 9.63, 40.63, 19.38, 7.88, 4.63, 12.38, 20.13
16, 2012-11-28, Home, PHO, W, W, -3, U, 198, 0, 95.75, 95.38, 36.75, 78.88, 5.0, 13.5, 17.25, 24.5, 11.0, 43.0, 21.38, 6.0, 4.0, 15.13, 22.25, 33.75, 80.25, 6.38, 18.75, 21.5, 26.88, 10.75, 40.63, 19.38, 7.88, 5.38, 12.0, 21.0
17, 2012-11-30, Away, MEM, L, L, 10.5, U, 188.5, 0, 99.13, 93.5, 37.63, 78.0, 5.75, 13.38, 18.13, 25.5, 10.38, 43.5, 22.13, 6.13, 3.75, 15.25, 21.13, 33.88, 81.38, 7.0, 20.13, 18.75, 24.13, 11.25, 40.0, 19.5, 7.88, 4.5, 12.63, 21.38
18, 2012-12-01, Away, DAL, L, L, 7, U, 195, 1, 97.13, 95.25, 36.88, 77.88, 5.88, 14.5, 17.5, 24.13, 10.25, 42.13, 20.63, 6.63, 3.5, 15.88, 20.5, 35.0, 81.5, 6.88, 19.63, 18.38, 22.75, 11.25, 40.13, 20.13, 8.0, 4.63, 13.63, 21.5
19, 2012-12-03, Home, CLE, W, W, -5, U, 191.5, 0, 93.5, 93.0, 35.0, 78.25, 6.25, 16.13, 17.25, 23.88, 11.38, 44.88, 20.0, 6.5, 3.88, 16.0, 20.13, 34.25, 82.0, 7.38, 20.63, 17.13, 21.63, 11.13, 40.75, 20.25, 8.13, 5.38, 13.5, 21.63
20, 2012-12-05, Home, GSW, L, L, -1, O, 192.5, 0, 91.75, 92.5, 34.63, 79.75, 6.25, 17.0, 16.25, 23.0, 12.38, 46.13, 19.75, 6.25, 5.38, 15.38, 19.38, 34.25, 85.0, 7.25, 21.0, 16.75, 21.38, 12.75, 43.63, 21.13, 8.13, 6.0, 12.75, 21.5
21, 2012-12-07, Home, CHI, L, L, 2.5, O, 181.5, 0, 94.63, 94.25, 35.5, 79.0, 6.63, 17.5, 17.0, 24.13, 12.63, 45.63, 20.63, 6.13, 5.75, 15.75, 20.63, 34.0, 84.0, 7.75, 21.5, 18.5, 23.38, 12.75, 41.38, 21.13, 8.88, 6.25, 12.25, 21.38
22, 2012-12-08, Away, CLE, W, W, -1, O, 188, 1, 96.25, 96.5, 35.5, 78.0, 7.13, 17.63, 18.13, 24.75, 11.38, 43.38, 20.25, 6.38, 5.63, 15.0, 20.25, 35.38, 84.5, 7.63, 21.0, 18.13, 22.88, 13.25, 41.88, 21.5, 8.88, 6.0, 11.88, 21.0
23, 2012-12-10, Away, PHI, L, L, 5.5, O, 186.5, 0, 96.75, 93.5, 35.25, 77.63, 7.13, 17.0, 19.13, 26.13, 11.38, 43.0, 19.88, 6.25, 5.75, 13.75, 20.25, 35.5, 86.0, 6.25, 20.25, 16.25, 21.13, 14.5, 43.0, 20.88, 7.63, 6.5, 12.25, 22.0
24, 2012-12-11, Home, DEN, L, L, 4.5, U, 203.5, 1, 95.38, 93.88, 34.0, 77.75, 6.63, 17.38, 20.75, 27.5, 11.63, 42.13, 18.88, 6.38, 5.75, 13.38, 19.63, 36.5, 85.63, 6.0, 19.25, 14.88, 20.13, 14.0, 43.38, 20.88, 7.38, 6.25, 12.25, 22.13
25, 2012-12-14, Away, BRK, L, W, 8, O, 190, 0, 92.5, 96.88, 33.25, 78.38, 5.75, 17.0, 20.25, 27.0, 12.38, 43.13, 17.63, 6.25, 6.38, 13.88, 20.75, 37.63, 85.38, 6.0, 18.75, 15.63, 21.88, 13.25, 43.13, 22.25, 7.75, 7.13, 11.0, 21.63
26, 2012-12-15, Home, IND, L, L, 2, U, 183, 1, 95.88, 99.0, 34.63, 81.75, 5.88, 17.0, 20.75, 27.75, 13.25, 44.13, 18.38, 6.0, 6.25, 12.5, 20.88, 38.63, 86.38, 6.75, 20.5, 15.0, 21.25, 13.13, 43.63, 22.25, 7.38, 7.5, 10.88, 21.88
27, 2012-12-17, Home, LAC, L, L, 6.5, U, 192, 0, 95.88, 98.5, 35.0, 81.5, 5.63, 16.0, 20.25, 27.38, 12.75, 42.75, 18.63, 5.75, 5.88, 11.88, 21.0, 38.25, 83.75, 6.25, 20.38, 15.75, 22.25, 12.13, 42.75, 21.88, 7.38, 7.5, 10.88, 22.25
28, 2012-12-19, Away, TOR, L, L, 2.5, O, 186, 0, 94.25, 99.63, 34.13, 79.88, 6.0, 16.25, 20.0, 27.38, 11.88, 40.88, 17.88, 5.5, 5.13, 12.38, 21.13, 38.63, 81.63, 6.5, 20.63, 15.88, 22.25, 11.13, 41.38, 21.88, 7.63, 7.5, 10.88, 21.63
29, 2012-12-21, Home, WAS, W, W, -6.5, U, 185, 0, 93.5, 98.75, 34.13, 80.5, 5.63, 15.13, 19.63, 27.25, 12.75, 40.88, 17.0, 5.5, 4.75, 11.5, 20.25, 38.75, 81.25, 6.63, 21.25, 14.63, 20.75, 11.13, 41.13, 22.13, 7.13, 7.38, 10.38, 21.88
30, 2012-12-22, Away, WAS, W, W, -1, P, 183, 1, 93.0, 93.75, 34.38, 83.0, 5.88, 16.38, 18.38, 26.0, 14.13, 44.63, 18.25, 5.25, 6.25, 12.0, 20.13, 36.88, 81.63, 6.25, 21.0, 13.75, 19.75, 11.0, 41.75, 21.13, 6.88, 7.38, 10.88, 21.88
31, 2012-12-26, Away, ATL, L, W, 7.5, O, 187, 0, 92.0, 92.5, 34.5, 84.63, 5.75, 16.88, 17.25, 24.38, 15.25, 47.5, 18.88, 5.5, 6.0, 13.0, 20.5, 35.63, 79.88, 6.0, 20.25, 15.25, 21.63, 9.75, 41.38, 21.25, 7.38, 6.75, 10.5, 20.75
32, 2012-12-28, Home, MIA, W, W, 6, O, 189.5, 0, 94.75, 95.25, 36.5, 88.13, 6.88, 18.0, 14.88, 22.13, 16.13, 50.25, 19.25, 5.25, 6.0, 13.5, 20.88, 35.88, 81.88, 6.88, 23.0, 16.63, 22.63, 9.13, 41.63, 22.75, 7.75, 6.63, 10.38, 19.88
33, 2012-12-30, Home, MIL, W, L, -2.5, U, 191.5, 0, 96.63, 95.0, 37.63, 87.25, 7.75, 18.75, 13.63, 20.38, 15.25, 48.63, 20.0, 5.0, 5.0, 13.25, 19.88, 36.13, 81.5, 7.25, 24.5, 15.5, 20.38, 9.5, 41.38, 22.25, 7.25, 5.75, 11.0, 19.5
34, 2013-01-01, Home, SAC, W, L, -6.5, O, 195, 0, 95.5, 93.38, 37.5, 85.13, 7.88, 19.0, 12.63, 19.0, 15.0, 47.75, 19.38, 5.0, 5.13, 13.88, 18.88, 35.38, 79.5, 7.25, 24.13, 15.38, 20.5, 9.5, 40.13, 22.13, 7.13, 5.38, 11.13, 18.75
35, 2013-01-04, Home, ATL, W, W, 1.5, U, 190.5, 0, 98.75, 94.5, 38.38, 84.13, 8.5, 19.88, 13.5, 19.88, 15.25, 48.13, 19.5, 5.25, 5.63, 14.75, 18.75, 35.5, 81.25, 7.5, 24.38, 16.0, 21.13, 10.88, 39.5, 21.38, 7.38, 4.63, 11.13, 18.63
36, 2013-01-06, Home, CHA, L, L, -8, O, 194, 0, 99.88, 94.0, 39.13, 85.88, 8.0, 19.25, 13.63, 20.13, 16.38, 50.88, 19.88, 5.75, 5.88, 14.5, 18.75, 35.0, 80.88, 8.13, 25.25, 15.88, 21.5, 10.13, 39.0, 22.25, 7.13, 4.5, 11.88, 19.25
37, 2013-01-11, Away, MIL, W, W, 5.5, U, 197, 0, 101.13, 95.38, 39.75, 85.38, 8.63, 21.0, 13.0, 18.75, 15.38, 50.88, 20.75, 5.88, 7.0, 16.0, 19.75, 35.63, 83.38, 7.25, 23.25, 16.88, 22.38, 11.38, 40.5, 20.75, 8.13, 4.38, 12.5, 18.75
38, 2013-01-12, Home, UTA, L, L, -2.5, U, 192.5, 1, 101.5, 97.75, 39.88, 85.38, 8.38, 20.75, 13.38, 19.25, 15.13, 50.0, 20.75, 6.38, 6.38, 16.0, 19.13, 36.63, 84.13, 7.13, 23.75, 17.38, 23.13, 11.5, 40.75, 20.88, 8.38, 5.38, 12.5, 18.63
39, 2013-01-17, Home, NYK, L, L, 5.5, U, 195, 0, 100.38, 98.13, 39.63, 82.5, 8.13, 20.38, 13.0, 19.38, 13.63, 46.75, 20.63, 6.63, 6.75, 16.0, 18.75, 37.5, 83.38, 7.25, 22.38, 15.88, 21.38, 11.38, 39.38, 21.0, 9.0, 5.38, 13.13, 19.13
40, 2013-01-20, Home, BOS, W, W, 2, O, 184, 0, 96.38, 95.13, 38.0, 78.75, 7.13, 19.13, 13.25, 20.25, 12.38, 43.5, 20.75, 6.88, 6.63, 15.75, 18.5, 35.88, 80.13, 7.25, 22.13, 16.13, 21.38, 11.63, 39.0, 18.75, 8.75, 5.25, 13.88, 19.63
41, 2013-01-22, Home, ORL, W, W, -4.5, P, 195, 0, 95.63, 93.75, 37.13, 79.25, 6.75, 19.13, 14.63, 22.0, 13.0, 45.0, 20.75, 7.25, 7.25, 16.5, 18.88, 35.13, 80.88, 6.63, 20.38, 16.88, 22.5, 11.75, 39.88, 19.25, 9.63, 5.13, 14.38, 21.75
42, 2013-01-23, Away, CHI, L, W, 6.5, U, 182, 1, 96.75, 93.25, 37.5, 80.38, 6.88, 19.75, 14.88, 22.75, 13.0, 45.88, 21.63, 7.63, 7.25, 15.5, 18.88, 35.38, 81.75, 6.38, 20.0, 16.13, 21.38, 11.25, 40.88, 20.25, 9.25, 4.75, 14.5, 22.0
43, 2013-01-25, Away, MIA, L, L, 9.5, O, 192, 0, 94.13, 91.75, 36.88, 81.25, 6.38, 18.88, 14.0, 21.75, 13.0, 45.0, 21.75, 7.5, 6.75, 14.88, 19.75, 34.75, 79.88, 5.63, 18.5, 16.63, 22.0, 11.0, 41.63, 20.5, 8.63, 5.0, 14.63, 21.75
44, 2013-01-27, Away, ORL, W, W, 2, O, 194.5, 0, 94.5, 95.0, 36.75, 79.63, 6.5, 18.5, 14.5, 22.0, 12.38, 42.38, 20.88, 7.63, 5.88, 15.5, 19.88, 36.25, 80.13, 5.0, 17.0, 17.5, 22.38, 11.38, 41.38, 20.25, 9.25, 5.0, 14.0, 21.38
45, 2013-01-29, Home, MIL, L, L, 1.5, O, 199.5, 0, 94.88, 94.25, 36.75, 79.5, 6.88, 18.13, 14.5, 21.88, 11.5, 41.5, 21.25, 8.0, 5.38, 14.25, 18.25, 36.25, 79.88, 5.88, 18.25, 15.88, 20.75, 11.25, 42.13, 21.75, 8.75, 4.63, 14.5, 21.5
46, 2013-01-30, Away, IND, L, L, 8.5, U, 180.5, 1, 93.25, 98.0, 36.13, 78.75, 6.13, 16.75, 14.88, 22.25, 12.38, 41.5, 20.5, 7.88, 4.88, 15.25, 19.13, 37.5, 80.75, 7.13, 19.13, 15.88, 21.13, 12.25, 42.13, 23.25, 9.63, 4.13, 14.25, 21.75
47, 2013-02-01, Home, CLE, W, W, -4.5, O, 199.5, 0, 92.25, 99.0, 35.88, 81.63, 5.75, 17.0, 14.75, 23.0, 13.5, 43.0, 19.25, 7.75, 5.38, 14.75, 18.5, 37.5, 82.0, 7.38, 19.63, 16.63, 21.5, 13.0, 45.13, 23.5, 9.13, 4.25, 14.38, 21.25
48, 2013-02-03, Home, LAL, L, W, 3, U, 201.5, 0, 96.0, 98.63, 37.13, 82.13, 5.5, 16.63, 16.25, 25.63, 13.75, 44.63, 19.88, 7.88, 6.25, 14.25, 18.5, 37.75, 84.0, 6.75, 18.25, 16.38, 20.88, 13.38, 44.88, 23.75, 8.63, 4.38, 14.25, 22.63
49, 2013-02-04, Away, NYK, L, L, 10, U, 199.5, 1, 95.25, 99.88, 37.75, 83.88, 5.0, 16.0, 14.75, 23.63, 13.5, 44.25, 20.13, 8.0, 6.38, 13.5, 17.88, 38.5, 84.0, 7.0, 18.88, 15.88, 20.5, 12.88, 44.75, 24.0, 8.13, 4.25, 13.75, 20.38
50, 2013-02-06, Home, BRK, L, L, -2, U, 190, 0, 92.75, 101.0, 37.25, 83.75, 4.5, 14.75, 13.75, 22.5, 13.63, 42.88, 19.13, 8.25, 6.38, 14.0, 17.88, 38.25, 83.38, 7.75, 20.63, 16.75, 21.5, 13.88, 45.38, 23.38, 8.38, 4.25, 14.0, 19.88
51, 2013-02-08, Home, SAS, W, W, 5, O, 197.5, 0, 93.75, 102.0, 37.5, 83.88, 4.38, 15.25, 14.38, 23.38, 13.75, 43.38, 20.13, 8.38, 6.75, 14.25, 18.75, 38.63, 84.75, 8.13, 20.88, 16.63, 21.38, 14.0, 45.75, 23.5, 8.5, 4.25, 13.88, 20.0
52, 2013-02-09, Away, MIL, W, W, 7.5, U, 205.5, 1, 97.63, 101.88, 39.0, 86.0, 5.13, 16.5, 14.5, 23.0, 14.13, 45.13, 22.0, 7.88, 7.0, 13.5, 19.0, 37.88, 85.25, 8.75, 21.75, 17.38, 22.25, 14.0, 45.38, 23.0, 8.0, 4.88, 13.25, 19.88
53, 2013-02-11, Home, NOH, L, L, -6, U, 193.5, 0, 97.75, 101.63, 39.13, 86.5, 4.75, 15.75, 14.75, 23.13, 14.63, 46.25, 22.0, 8.25, 6.38, 14.5, 19.75, 37.13, 84.75, 8.38, 21.0, 19.0, 23.75, 13.25, 44.25, 22.13, 8.38, 5.5, 13.0, 19.0
54, 2013-02-13, Home, WAS, W, W, -2, U, 190.5, 0, 97.25, 100.13, 38.5, 86.13, 5.13, 16.75, 15.13, 23.75, 13.75, 45.0, 22.38, 9.0, 6.25, 13.63, 19.25, 36.5, 82.88, 8.25, 20.75, 18.88, 22.75, 11.88, 44.38, 21.88, 7.63, 5.75, 13.5, 19.5
55, 2013-02-19, Home, MEM, L, L, 3, O, 186.5, 0, 99.38, 98.5, 38.88, 85.0, 5.88, 16.75, 15.75, 23.5, 13.5, 45.5, 23.38, 9.25, 5.5, 14.13, 19.63, 36.25, 81.5, 7.75, 20.38, 18.25, 22.88, 10.63, 41.38, 21.75, 7.5, 5.63, 13.5, 19.5
56, 2013-02-20, Away, CHA, W, W, -3.5, O, 195.5, 1, 96.13, 99.25, 38.0, 84.88, 6.5, 17.5, 13.63, 19.38, 12.63, 43.0, 23.5, 9.13, 4.63, 14.75, 19.25, 37.5, 80.5, 7.38, 19.0, 16.88, 22.13, 10.5, 41.63, 23.0, 8.63, 5.75, 13.63, 17.88
57, 2013-02-22, Away, IND, L, L, 9.5, O, 190, 0, 97.13, 99.38, 37.88, 83.5, 6.88, 17.88, 14.5, 20.38, 12.38, 42.38, 23.5, 8.38, 4.63, 14.13, 19.88, 37.13, 81.25, 8.0, 19.63, 17.13, 22.0, 11.63, 42.25, 23.13, 7.88, 6.5, 12.88, 18.25
58, 2013-02-23, Home, IND, L, L, 5, U, 188, 1, 96.75, 101.25, 36.75, 82.5, 6.88, 18.63, 16.38, 23.5, 12.13, 42.13, 23.5, 8.13, 4.63, 14.63, 21.5, 37.75, 80.5, 7.5, 17.13, 18.25, 24.13, 10.38, 42.38, 24.0, 8.38, 7.0, 12.75, 19.38
59, 2013-02-25, Home, ATL, L, L, 3.5, O, 195, 0, 94.5, 100.88, 35.5, 81.75, 6.75, 18.25, 16.75, 23.88, 11.63, 41.88, 21.75, 8.38, 4.0, 14.63, 20.63, 37.75, 79.63, 7.75, 17.88, 17.63, 23.38, 9.75, 42.63, 23.88, 8.63, 7.13, 13.63, 20.13
60, 2013-02-27, Away, WAS, W, W, 6.5, P, 191, 0, 92.5, 101.5, 34.88, 81.13, 5.88, 17.25, 16.88, 24.13, 11.0, 40.88, 21.63, 8.75, 3.63, 15.25, 20.38, 38.13, 79.38, 8.25, 19.0, 17.0, 22.63, 9.63, 43.13, 25.25, 8.88, 6.5, 14.38, 20.13
61, 2013-03-01, Away, NOH, L, L, 3.5, O, 194, 0, 91.38, 100.88, 34.63, 79.75, 6.0, 17.0, 16.13, 23.75, 10.25, 39.63, 22.88, 8.63, 3.88, 14.75, 19.75, 38.88, 79.13, 8.38, 19.25, 14.75, 20.38, 9.25, 42.75, 26.25, 8.38, 6.13, 14.63, 20.25
62, 2013-03-03, Away, SAS, L, L, 13, U, 199.5, 0, 92.5, 100.25, 35.88, 79.38, 6.25, 17.0, 14.5, 21.63, 9.88, 39.5, 23.5, 7.75, 3.88, 14.88, 20.38, 38.13, 78.88, 8.0, 19.13, 16.0, 22.5, 10.25, 42.5, 25.13, 8.13, 5.75, 14.25, 19.13
63, 2013-03-06, Home, NYK, L, L, 5.5, U, 195, 0, 89.88, 103.88, 35.0, 80.25, 5.88, 17.13, 14.0, 20.75, 9.75, 39.25, 23.25, 7.0, 3.5, 15.13, 20.75, 39.5, 81.25, 8.75, 20.25, 16.13, 22.25, 10.63, 44.63, 26.75, 8.75, 6.5, 13.5, 19.13
64, 2013-03-08, Home, DAL, L, W, 4, O, 199, 0, 88.13, 101.63, 34.25, 79.25, 5.63, 17.13, 14.0, 20.75, 10.0, 40.13, 22.63, 7.13, 3.75, 15.63, 20.25, 37.75, 80.63, 10.0, 23.5, 16.13, 21.63, 10.88, 45.13, 26.0, 8.38, 6.25, 14.0, 18.5
65, 2013-03-10, Away, LAC, L, L, 13, O, 197.5, 0, 87.38, 102.0, 34.13, 81.13, 5.75, 18.75, 13.38, 20.25, 11.25, 41.38, 21.75, 7.5, 3.13, 15.75, 19.88, 38.38, 79.25, 10.0, 23.13, 15.25, 20.88, 9.38, 44.5, 26.5, 8.75, 5.75, 14.5, 18.13
66, 2013-03-11, Away, UTA, L, L, 11, U, 195, 1, 89.25, 103.88, 34.25, 78.88, 6.75, 19.25, 14.0, 20.88, 10.5, 39.75, 23.0, 7.13, 3.0, 15.5, 19.25, 39.5, 80.13, 10.5, 24.88, 14.38, 19.88, 9.63, 43.0, 27.5, 9.13, 5.5, 13.88, 18.5
67, 2013-03-13, Away, GSW, L, W, 11.5, O, 200, 0, 91.5, 105.5, 35.25, 79.25, 7.38, 20.0, 13.63, 20.13, 10.0, 38.63, 23.0, 6.63, 3.38, 14.63, 18.38, 40.5, 80.88, 10.25, 24.13, 14.25, 19.38, 9.75, 42.88, 28.13, 8.75, 5.88, 12.75, 17.13
68, 2013-03-16, Away, POR, L, L, 10, O, 199.5, 0, 90.75, 104.38, 35.13, 79.88, 7.63, 20.38, 12.88, 19.13, 10.5, 38.25, 23.13, 6.38, 3.25, 13.63, 18.88, 40.63, 80.0, 9.5, 22.25, 13.63, 19.5, 10.13, 43.5, 27.63, 8.13, 6.5, 12.75, 17.0
69, 2013-03-18, Home, BRK, L, L, 4.5, O, 191, 0, 91.38, 106.5, 35.25, 80.38, 7.13, 20.63, 13.75, 20.13, 10.75, 37.88, 21.13, 6.0, 3.13, 13.25, 19.75, 40.75, 80.25, 9.38, 22.25, 15.63, 21.25, 10.5, 44.25, 27.38, 7.88, 6.5, 12.0, 17.63
70, 2013-03-22, Away, MIA, L, W, 15.5, U, 198, 0, 89.75, 108.88, 34.63, 80.38, 6.38, 20.5, 14.13, 20.0, 10.63, 37.0, 20.38, 6.0, 3.25, 13.38, 19.75, 42.0, 80.5, 9.63, 22.38, 15.25, 20.25, 9.88, 43.5, 27.88, 8.38, 6.63, 11.75, 17.75
71, 2013-03-23, Away, CHA, W, W, 1, U, 199, 1, 91.5, 107.5, 35.38, 80.0, 6.5, 20.88, 14.25, 20.0, 11.25, 37.13, 20.88, 6.63, 3.75, 13.75, 19.88, 41.13, 77.88, 9.5, 21.75, 15.75, 21.0, 9.38, 41.5, 26.13, 8.75, 6.25, 12.63, 17.25
72, 2013-03-26, Home, MIN, L, L, 1.5, U, 195.5, 0, 93.38, 108.0, 35.88, 80.63, 6.88, 21.63, 14.75, 20.5, 11.25, 37.63, 21.88, 6.63, 3.38, 13.13, 20.38, 41.25, 77.88, 8.38, 19.5, 17.13, 22.25, 8.5, 40.63, 25.0, 8.63, 6.75, 11.88, 17.0
73, 2013-03-29, Home, TOR, L, L, -1.5, U, 195.5, 0, 91.25, 108.38, 35.0, 78.5, 6.63, 20.38, 14.63, 19.75, 10.38, 35.75, 21.75, 6.75, 3.5, 13.75, 19.38, 41.38, 78.0, 8.75, 20.0, 16.88, 21.38, 9.0, 40.63, 24.63, 9.13, 6.5, 12.0, 16.88
74, 2013-03-31, Away, CHI, L, W, 8.5, O, 186.5, 0, 89.38, 104.63, 35.13, 80.0, 5.88, 19.75, 13.25, 17.38, 10.63, 36.5, 21.75, 6.63, 3.5, 13.63, 18.38, 40.63, 78.25, 7.5, 18.13, 15.88, 19.38, 9.5, 41.5, 23.13, 8.38, 6.75, 12.13, 15.38
75, 2013-04-01, Away, TOR, W, W, 7, O, 195, 1, 89.88, 103.63, 35.38, 79.0, 5.88, 19.25, 13.25, 17.88, 10.88, 38.38, 22.75, 6.63, 3.5, 14.75, 19.38, 39.13, 77.63, 7.75, 19.0, 17.63, 22.5, 9.38, 40.25, 22.25, 9.0, 6.13, 11.88, 15.88
76, 2013-04-03, Away, BOS, L, W, 6.5, U, 197.5, 0, 91.25, 102.75, 35.75, 77.5, 6.13, 19.0, 13.63, 18.75, 10.0, 37.25, 22.5, 6.38, 3.63, 14.63, 18.75, 39.13, 78.75, 7.75, 19.38, 16.75, 20.63, 8.75, 38.63, 21.88, 9.13, 6.0, 11.5, 16.13
77, 2013-04-06, Away, MIN, L, P, 6, O, 195, 0, 90.25, 101.0, 35.0, 79.63, 6.0, 19.88, 14.25, 19.5, 12.25, 39.63, 22.63, 6.75, 3.38, 14.88, 18.5, 38.5, 76.88, 7.75, 19.5, 16.25, 20.38, 7.75, 37.25, 21.25, 9.25, 6.63, 12.25, 16.88
78, 2013-04-07, Home, CHI, W, W, 4.5, U, 185, 1, 92.63, 99.5, 35.75, 79.25, 6.63, 19.5, 14.5, 20.25, 12.38, 40.63, 22.88, 7.25, 3.63, 16.0, 19.0, 37.38, 76.88, 7.38, 18.63, 17.38, 22.25, 8.0, 36.88, 21.5, 10.13, 6.38, 12.88, 17.25
79, 2013-04-10, Away, CLE, W, W, 2.5, O, 199, 0, 93.88, 97.25, 36.38, 78.0, 6.88, 19.0, 14.25, 20.13, 11.13, 39.75, 23.38, 6.88, 3.25, 14.88, 18.88, 36.75, 77.5, 6.75, 18.63, 17.0, 22.13, 8.5, 36.88, 21.38, 9.13, 6.25, 12.0, 17.75
80, 2013-04-12, Home, CHA, W, W, -7, O, 197, 0, 96.25, 98.88, 36.88, 78.13, 6.13, 17.75, 16.38, 23.63, 10.75, 38.88, 22.0, 6.63, 3.0, 13.63, 19.13, 37.75, 78.38, 6.63, 18.38, 16.75, 22.25, 9.25, 37.88, 22.25, 8.25, 6.13, 11.75, 19.63
81, 2013-04-15, Home, PHI, W, W, -3.5, O, 193, 0, 100.13, 97.38, 38.25, 78.63, 6.75, 17.5, 16.88, 24.5, 11.25, 39.88, 23.63, 6.88, 2.88, 14.5, 20.13, 36.88, 78.25, 6.0, 18.13, 17.63, 23.38, 9.38, 36.88, 21.25, 8.25, 6.38, 12.88, 20.0
82, 2013-04-17, Away, BRK, L, W, 5, O, 196.5, 0, 103.5, 97.63, 39.5, 79.5, 7.25, 18.38, 17.25, 24.38, 11.38, 41.0, 23.38, 7.25, 2.75, 14.63, 21.13, 36.25, 78.88, 6.25, 19.25, 18.88, 24.88, 9.75, 36.5, 21.25, 8.63, 6.25, 13.13, 19.88
