20, 2014-12-07, Away, NYK, W, L, -6.5, O, 195.5, 0, 0, 103.42, 95.84, 38.79, 85.63, 9.42, 25.74, 16.42, 20.84, 11.53, 47.47, 23.89, 6.21, 5.53, 13.47, 19.47, 36.89, 85.84, 5.0, 16.79, 17.05, 22.11, 10.79, 43.16, 19.26, 7.89, 3.79, 11.58, 20.0, 94.11, 99.05, 36.42, 81.26, 7.68, 20.47, 13.58, 17.68, 11.0, 40.0, 20.79, 6.26, 3.58, 14.11, 23.95, 35.32, 79.11, 8.68, 22.58, 19.74, 26.47, 11.95, 42.11, 20.63, 7.84, 3.11, 13.53, 20.16
21, 2014-12-09, Away, DET, W, W, -7.5, U, 197.5, 0, 0, 103.26, 96.37, 38.63, 85.53, 9.37, 25.68, 16.63, 21.21, 11.68, 47.58, 23.79, 6.42, 5.16, 13.42, 19.37, 37.32, 85.74, 5.16, 16.95, 16.58, 21.47, 10.26, 42.84, 19.32, 7.74, 3.74, 11.58, 19.74, 94.0, 100.26, 34.37, 84.11, 7.84, 22.95, 17.42, 25.05, 12.47, 44.53, 19.68, 6.63, 4.37, 13.37, 19.74, 38.0, 83.42, 8.16, 22.05, 16.11, 21.05, 10.68, 45.58, 23.68, 7.63, 5.37, 12.95, 21.37
22, 2014-12-10, Away, MIN, L, L, -10, U, 206.5, 0, 1, 103.47, 95.47, 39.0, 85.58, 9.37, 25.42, 16.11, 20.63, 11.68, 48.05, 24.05, 6.37, 5.11, 13.58, 18.63, 37.32, 86.58, 5.21, 17.58, 15.63, 20.47, 10.42, 42.74, 19.79, 7.79, 3.74, 11.37, 18.89, 99.37, 110.42, 37.11, 85.42, 4.79, 14.47, 20.37, 27.53, 11.74, 40.37, 21.84, 9.26, 3.84, 14.11, 21.53, 41.68, 83.42, 8.89, 22.37, 18.16, 23.0, 10.53, 43.95, 23.68, 7.26, 5.68, 16.21, 22.95
23, 2014-12-12, Away, CHI, L, L, 2.5, O, 197, 0, 0, 103.05, 95.21, 38.68, 84.95, 9.53, 25.84, 16.16, 20.53, 11.37, 47.11, 24.05, 6.26, 5.53, 13.63, 18.95, 37.11, 86.58, 4.95, 17.21, 16.05, 21.11, 11.11, 43.53, 19.79, 7.89, 3.53, 11.42, 19.05, 102.37, 99.79, 36.79, 81.05, 7.47, 20.74, 21.32, 28.16, 10.74, 44.74, 22.68, 6.16, 5.47, 14.26, 20.16, 37.84, 85.89, 6.58, 18.0, 17.53, 23.21, 11.37, 43.0, 21.89, 7.42, 4.53, 12.37, 23.79
24, 2014-12-13, Away, IND, W, W, -5, U, 192.5, 1, 1, 103.32, 96.95, 39.0, 85.63, 9.74, 25.79, 15.58, 19.79, 11.47, 46.53, 24.0, 6.05, 5.58, 13.58, 18.79, 37.79, 86.74, 4.74, 16.89, 16.63, 21.84, 11.16, 43.84, 19.79, 7.89, 3.53, 11.05, 18.63, 94.05, 98.21, 36.05, 85.26, 7.05, 21.42, 14.89, 20.47, 11.37, 45.26, 19.63, 5.26, 4.16, 13.11, 21.05, 37.42, 81.58, 7.0, 20.05, 16.37, 22.68, 8.95, 42.89, 20.37, 7.37, 5.16, 11.89, 20.53
25, 2014-12-15, Home, SAS, W, W, -8.5, O, 194.5, 1, 0, 102.63, 96.84, 39.0, 86.32, 9.37, 25.11, 15.26, 19.42, 11.42, 46.16, 23.79, 6.37, 5.53, 13.32, 18.79, 37.84, 86.63, 4.68, 16.47, 16.47, 21.84, 11.37, 44.63, 19.89, 8.0, 3.42, 11.37, 18.68, 103.84, 94.42, 38.89, 82.42, 8.74, 22.47, 17.32, 22.16, 9.53, 43.89, 25.26, 8.16, 6.16, 13.0, 18.95, 36.16, 83.05, 6.42, 18.11, 15.68, 20.84, 9.11, 41.47, 20.89, 6.84, 4.21, 13.47, 19.84
26, 2014-12-17, Home, MIL, W, L, -10, U, 202, 0, 0, 102.95, 96.26, 39.26, 86.79, 9.21, 24.74, 15.21, 19.26, 11.53, 46.32, 23.42, 6.68, 5.47, 13.05, 18.42, 37.74, 86.47, 4.63, 16.42, 16.16, 21.42, 11.42, 44.89, 20.0, 7.84, 3.42, 11.79, 18.79, 100.79, 102.11, 38.16, 81.26, 6.32, 18.0, 18.16, 23.16, 10.63, 40.26, 22.47, 8.84, 3.47, 15.95, 22.74, 37.58, 82.47, 8.79, 24.32, 18.16, 24.95, 11.84, 41.47, 22.63, 8.89, 4.84, 15.95, 21.32
27, 2014-12-19, Away, SAS, W, W, 4.5, O, 197, 0, 0, 102.32, 96.11, 39.05, 86.11, 8.74, 24.32, 15.47, 20.05, 11.53, 46.37, 23.32, 6.53, 5.05, 13.26, 18.32, 37.79, 85.74, 4.74, 16.74, 15.79, 21.0, 10.74, 43.68, 20.11, 8.0, 3.05, 11.68, 18.95, 104.32, 96.53, 39.0, 82.79, 9.21, 22.58, 17.11, 22.53, 10.05, 45.32, 25.37, 7.68, 6.68, 13.68, 19.0, 37.11, 85.79, 6.68, 18.26, 15.63, 20.79, 9.89, 42.63, 20.79, 7.32, 4.0, 12.89, 20.37
28, 2014-12-20, Away, NOP, W, W, 5.5, U, 205.5, 0, 1, 103.74, 97.11, 39.42, 87.0, 9.0, 24.84, 15.89, 20.42, 11.53, 46.89, 22.95, 6.84, 5.11, 13.37, 18.47, 38.32, 87.53, 4.79, 16.95, 15.68, 20.95, 11.32, 44.84, 20.53, 8.16, 3.11, 11.84, 19.26, 104.26, 103.11, 40.16, 84.16, 6.84, 19.37, 17.11, 23.0, 11.11, 42.0, 21.53, 7.42, 5.63, 11.79, 20.16, 38.74, 82.32, 7.32, 19.42, 18.32, 23.68, 10.42, 40.89, 20.53, 6.84, 6.0, 12.89, 18.79
29, 2014-12-22, Away, HOU, L, L, 5, O, 198, 0, 0, 102.89, 95.79, 39.58, 87.11, 8.63, 24.42, 15.11, 19.68, 11.42, 46.84, 22.68, 7.05, 4.79, 13.32, 18.68, 37.84, 87.26, 4.53, 16.53, 15.58, 20.68, 11.58, 44.89, 20.21, 8.0, 3.32, 12.05, 18.58, 98.95, 98.37, 35.11, 84.32, 11.16, 34.58, 17.58, 24.68, 13.0, 44.95, 19.68, 8.84, 5.11, 15.74, 23.53, 36.53, 83.05, 6.47, 21.05, 18.84, 24.84, 11.21, 43.42, 21.68, 8.05, 6.05, 14.95, 21.11
30, 2014-12-23, Away, OKC, W, W, 4.5, O, 201, 0, 1, 102.79, 97.0, 39.63, 87.0, 8.58, 24.47, 14.95, 19.21, 11.0, 46.21, 22.32, 7.21, 4.89, 13.74, 19.05, 38.16, 87.16, 5.16, 17.42, 15.53, 20.84, 11.32, 44.84, 20.58, 8.37, 3.37, 12.42, 18.47, 98.63, 94.58, 37.0, 83.79, 7.11, 22.68, 17.53, 23.32, 12.42, 46.47, 19.53, 7.37, 6.89, 14.11, 23.16, 35.16, 83.37, 6.84, 23.32, 17.42, 24.53, 11.89, 43.05, 21.84, 7.58, 5.05, 13.11, 19.63
31, 2014-12-26, Home, PHI, W, W, -12.5, O, 198, 0, 0, 103.47, 97.95, 39.63, 87.79, 9.11, 25.11, 15.11, 19.26, 10.95, 46.37, 22.42, 7.16, 4.95, 13.53, 19.0, 38.58, 88.0, 5.21, 17.42, 15.58, 20.63, 11.32, 45.47, 20.79, 8.21, 3.42, 12.42, 18.74, 91.84, 100.37, 33.68, 81.26, 6.95, 23.74, 17.53, 24.68, 11.37, 42.95, 20.37, 10.32, 5.47, 17.95, 22.26, 37.11, 83.21, 7.84, 24.84, 18.32, 24.68, 11.37, 45.79, 24.05, 10.63, 4.95, 16.68, 20.68
32, 2014-12-28, Home, NYK, W, W, -11.5, U, 203.5, 1, 0, 103.95, 98.26, 39.79, 88.26, 9.58, 26.53, 14.79, 18.84, 11.11, 46.47, 22.37, 7.26, 5.11, 13.63, 19.16, 38.89, 87.89, 4.95, 17.0, 15.53, 20.89, 11.21, 45.16, 20.89, 8.42, 3.68, 12.63, 18.53, 94.63, 101.84, 36.53, 81.58, 6.74, 20.63, 14.84, 18.42, 10.79, 39.74, 20.95, 7.74, 4.47, 14.42, 22.05, 37.53, 81.53, 8.63, 23.53, 18.16, 23.79, 12.32, 42.05, 21.53, 8.26, 3.79, 13.63, 19.26
33, 2014-12-30, Home, TOR, W, W, -3.5, U, 209.5, 0, 0, 104.32, 97.79, 39.84, 88.0, 10.05, 27.42, 14.58, 18.68, 10.95, 46.11, 22.63, 7.32, 5.32, 13.37, 19.26, 38.58, 87.79, 5.05, 17.21, 15.58, 21.05, 11.37, 45.32, 21.0, 8.11, 3.68, 12.79, 18.42, 109.63, 103.42, 40.26, 86.05, 9.95, 26.74, 19.16, 24.53, 11.95, 41.84, 22.16, 6.63, 4.05, 11.11, 21.89, 38.68, 83.63, 8.0, 22.26, 18.05, 23.53, 11.42, 41.21, 23.37, 5.16, 5.58, 13.47, 21.26
34, 2015-01-03, Home, ATL, L, L, -6, O, 206, 1, 0, 103.68, 97.42, 39.53, 88.32, 10.32, 27.89, 14.32, 18.42, 10.79, 46.05, 22.16, 7.26, 5.47, 13.32, 19.16, 38.47, 88.58, 5.26, 17.95, 15.21, 20.58, 11.68, 46.37, 20.26, 8.05, 3.47, 12.79, 18.47, 101.0, 92.42, 37.26, 80.05, 9.47, 25.16, 17.0, 21.95, 7.95, 42.16, 26.37, 8.68, 4.74, 13.58, 17.68, 34.84, 83.0, 8.79, 26.74, 13.95, 19.37, 11.26, 43.42, 22.84, 7.42, 4.79, 15.32, 20.42
35, 2015-01-05, Home, LAL, W, L, -12.5, U, 209, 1, 0, 103.79, 98.37, 39.68, 88.37, 10.37, 28.21, 14.05, 18.0, 10.84, 45.74, 22.32, 7.37, 5.47, 13.84, 19.42, 38.58, 88.05, 5.32, 18.05, 15.89, 21.42, 11.68, 46.32, 19.63, 8.37, 3.47, 13.21, 18.21, 102.89, 106.42, 38.42, 87.11, 8.89, 22.21, 17.16, 22.95, 10.68, 42.84, 21.74, 7.89, 5.37, 12.11, 20.89, 40.21, 86.21, 7.84, 21.32, 18.16, 25.16, 11.53, 46.63, 24.26, 6.74, 4.32, 13.63, 19.0
36, 2015-01-08, Home, MIA, W, W, -8.5, U, 196, 0, 0, 103.74, 97.42, 39.37, 87.63, 10.53, 28.11, 14.47, 18.32, 10.58, 45.74, 22.11, 7.42, 5.37, 13.95, 19.11, 38.16, 88.26, 5.21, 18.11, 15.89, 21.11, 11.84, 46.47, 19.21, 8.26, 3.26, 13.26, 18.53, 92.16, 99.74, 34.42, 73.89, 6.16, 19.05, 17.16, 24.05, 8.32, 35.26, 18.95, 8.74, 3.89, 13.53, 20.32, 36.32, 76.32, 9.0, 22.42, 18.11, 23.58, 10.63, 39.63, 21.42, 7.74, 4.26, 14.74, 20.47
37, 2015-01-10, Home, ORL, W, L, -14, P, 195, 1, 0, 103.32, 96.89, 39.42, 88.11, 10.32, 27.79, 14.16, 17.79, 10.58, 45.53, 21.68, 7.26, 5.21, 13.37, 19.32, 37.63, 87.58, 5.26, 18.37, 16.37, 21.63, 11.79, 46.42, 18.74, 7.95, 3.42, 13.0, 18.0, 92.42, 98.42, 36.26, 80.89, 7.63, 20.26, 12.26, 16.95, 8.05, 38.84, 20.21, 7.63, 3.95, 12.84, 21.32, 36.47, 79.53, 7.53, 21.63, 17.95, 24.47, 9.63, 44.05, 22.32, 7.05, 5.16, 13.37, 16.47
38, 2015-01-11, Away, LAL, W, W, -5.5, U, 205, 0, 1, 103.21, 96.32, 39.05, 87.58, 10.58, 28.0, 14.53, 18.26, 10.68, 45.84, 21.47, 7.21, 5.37, 13.79, 19.21, 37.42, 88.16, 5.05, 18.42, 16.42, 21.68, 12.32, 46.84, 18.79, 8.05, 3.32, 13.11, 18.16, 99.21, 104.21, 37.16, 86.95, 8.26, 21.84, 16.63, 22.32, 10.79, 43.84, 20.74, 7.42, 5.05, 11.89, 20.47, 39.16, 84.68, 8.05, 21.32, 17.84, 24.68, 10.79, 46.11, 23.42, 6.95, 4.53, 13.11, 18.53
39, 2015-01-14, Home, LAC, L, L, -3.5, U, 209, 0, 0, 104.16, 96.95, 39.47, 87.74, 11.05, 28.53, 14.16, 17.95, 10.74, 45.58, 21.89, 7.0, 5.11, 13.74, 19.32, 37.42, 87.63, 5.16, 18.63, 16.95, 22.26, 12.11, 46.53, 19.32, 7.89, 3.26, 12.89, 18.32, 106.42, 101.42, 38.58, 83.68, 10.11, 26.79, 19.16, 25.89, 10.05, 42.84, 24.89, 8.16, 4.63, 12.16, 19.63, 38.26, 83.0, 9.11, 24.05, 15.79, 22.58, 10.21, 42.37, 26.58, 7.05, 2.58, 13.79, 21.47
40, 2015-01-16, Away, SAS, L, L, 4.5, O, 198, 0, 0, 103.68, 97.0, 39.42, 87.84, 10.84, 28.42, 14.0, 17.47, 10.47, 45.79, 21.95, 6.84, 5.05, 13.89, 19.37, 37.21, 88.11, 5.32, 18.84, 17.26, 22.53, 12.26, 46.89, 19.32, 8.05, 3.16, 12.58, 18.26, 103.05, 102.79, 39.21, 84.21, 8.26, 21.84, 16.37, 22.37, 9.58, 42.53, 24.53, 7.21, 5.21, 14.21, 19.89, 38.68, 85.79, 7.58, 20.63, 17.84, 23.32, 11.47, 44.95, 21.16, 8.84, 4.53, 14.05, 21.16
41, 2015-01-17, Away, MEM, L, L, 2.5, O, 197.5, 1, 1, 103.58, 98.26, 39.21, 87.32, 10.68, 28.32, 14.47, 18.11, 10.05, 45.0, 21.68, 6.95, 5.0, 14.05, 19.53, 37.63, 87.95, 5.63, 19.21, 17.37, 22.58, 12.16, 47.0, 19.89, 8.32, 3.26, 12.89, 18.79, 103.58, 102.53, 40.0, 87.37, 5.84, 17.37, 17.74, 22.89, 10.53, 43.21, 23.26, 8.58, 4.79, 12.37, 20.0, 38.21, 82.79, 9.63, 25.05, 16.47, 21.95, 9.58, 43.74, 21.58, 6.95, 6.21, 14.58, 20.89
42, 2015-01-19, Home, SAC, W, L, -9.5, U, 205.5, 0, 0, 104.42, 98.89, 39.47, 88.0, 10.84, 28.37, 14.63, 18.26, 10.26, 45.11, 21.68, 6.95, 4.74, 13.37, 19.37, 38.0, 87.74, 6.0, 19.37, 16.89, 22.11, 11.68, 46.68, 19.84, 7.84, 3.32, 12.68, 18.74, 102.53, 106.84, 37.95, 82.89, 6.37, 17.84, 20.26, 26.84, 11.32, 45.05, 20.37, 6.58, 4.0, 16.05, 20.74, 40.16, 88.16, 8.63, 25.32, 17.89, 24.11, 11.53, 42.37, 23.32, 8.89, 6.21, 12.37, 22.63
43, 2015-01-21, Away, PHO, L, W, 7.5, O, 211.5, 0, 0, 104.0, 97.79, 39.05, 88.0, 10.79, 29.0, 15.11, 19.05, 10.16, 45.0, 21.74, 7.63, 4.63, 13.53, 19.58, 37.47, 87.11, 5.95, 19.21, 16.89, 22.21, 11.53, 47.0, 19.58, 8.0, 3.42, 13.42, 19.32, 109.47, 105.47, 41.37, 86.74, 9.26, 26.63, 17.47, 22.63, 11.42, 42.95, 20.47, 9.68, 5.74, 14.42, 21.32, 39.16, 86.26, 8.11, 22.05, 19.05, 25.16, 12.68, 44.26, 21.47, 8.11, 3.58, 16.0, 20.47
44, 2015-01-22, Home, BOS, L, L, -7, U, 203.5, 0, 1, 104.95, 99.53, 39.0, 87.84, 11.21, 29.79, 15.74, 19.89, 10.11, 44.89, 21.74, 7.58, 4.58, 13.63, 19.42, 38.16, 87.32, 6.21, 19.84, 17.0, 22.63, 11.47, 47.05, 20.0, 8.16, 3.37, 13.42, 19.47, 99.26, 101.42, 38.63, 87.26, 7.47, 23.42, 14.53, 19.32, 10.89, 42.58, 24.84, 7.95, 4.32, 13.74, 21.0, 38.16, 85.42, 7.16, 20.74, 17.95, 23.11, 12.21, 44.95, 21.58, 8.37, 5.95, 14.05, 17.84
45, 2015-01-24, Home, WAS, W, W, 3.5, O, 195, 0, 0, 103.95, 99.26, 38.58, 87.84, 11.32, 30.32, 15.47, 19.74, 10.21, 44.84, 21.63, 7.58, 4.79, 13.58, 19.11, 38.21, 87.79, 6.37, 20.26, 16.47, 21.84, 11.53, 47.32, 20.21, 8.32, 3.42, 13.47, 19.37, 97.84, 97.84, 38.53, 81.11, 5.63, 15.53, 15.16, 20.47, 10.26, 43.37, 23.63, 7.05, 4.58, 14.11, 19.37, 37.42, 83.11, 7.58, 22.0, 15.42, 21.42, 8.89, 39.58, 20.16, 8.05, 4.05, 12.32, 18.84
46, 2015-01-28, Away, CLE, L, L, 2.5, U, 203, 1, 0, 103.89, 99.21, 38.26, 87.84, 11.63, 30.74, 15.74, 19.26, 9.79, 44.42, 21.47, 7.79, 4.68, 13.47, 18.84, 38.37, 88.05, 6.26, 20.05, 16.21, 21.42, 11.37, 47.79, 20.63, 8.32, 3.58, 13.42, 19.05, 99.11, 100.42, 36.21, 83.42, 9.26, 27.84, 17.42, 23.53, 12.32, 43.95, 19.79, 7.53, 3.84, 13.0, 17.58, 38.42, 83.79, 8.84, 24.53, 14.74, 20.26, 11.16, 43.21, 24.63, 7.74, 4.95, 12.32, 20.89
47, 2015-01-30, Away, ATL, L, L, 5, O, 203.5, 0, 0, 102.05, 98.16, 37.63, 86.26, 11.47, 30.53, 15.32, 18.95, 9.58, 43.42, 21.47, 7.42, 4.68, 13.16, 18.63, 37.79, 86.79, 6.63, 20.95, 15.95, 21.0, 11.21, 47.05, 20.21, 8.05, 3.42, 13.0, 18.68, 104.37, 95.05, 38.05, 80.53, 10.42, 26.11, 17.84, 22.95, 9.16, 42.0, 26.79, 9.21, 4.05, 13.37, 17.47, 35.26, 82.37, 9.0, 27.0, 15.53, 20.42, 11.16, 42.32, 22.68, 7.37, 4.84, 15.47, 20.0
48, 2015-01-31, Away, MIL, L, L, -2, U, 197.5, 0, 1, 101.26, 99.05, 37.16, 86.11, 11.58, 30.79, 15.37, 18.74, 9.53, 43.47, 21.47, 7.21, 4.68, 13.37, 18.37, 38.32, 86.74, 7.05, 21.37, 15.37, 20.68, 10.53, 46.74, 20.79, 8.32, 3.32, 12.84, 19.0, 98.0, 92.11, 38.26, 81.26, 7.79, 19.53, 13.68, 18.37, 10.05, 42.58, 25.68, 10.16, 5.63, 16.42, 22.0, 33.21, 81.42, 7.11, 23.74, 18.58, 23.79, 12.32, 43.89, 20.74, 8.32, 4.37, 16.74, 18.37
49, 2015-02-03, Home, UTA, W, L, -8.5, O, 194, 0, 0, 100.89, 98.26, 37.11, 86.79, 11.53, 31.0, 15.16, 18.74, 9.84, 43.95, 21.47, 7.32, 4.58, 13.05, 17.95, 38.11, 86.47, 6.79, 20.58, 15.26, 20.37, 10.63, 47.16, 20.79, 8.21, 3.58, 12.89, 18.84, 95.11, 93.84, 35.32, 80.79, 7.89, 22.37, 16.58, 22.21, 12.58, 45.58, 20.42, 7.84, 6.79, 14.42, 18.68, 35.21, 80.84, 7.32, 20.63, 16.11, 20.53, 9.74, 38.79, 20.58, 8.79, 4.89, 12.42, 17.79
50, 2015-02-05, Home, PHO, W, W, -5, U, 211.5, 0, 0, 100.26, 97.79, 37.0, 86.0, 11.0, 30.58, 15.26, 19.26, 10.0, 43.89, 21.26, 7.42, 4.79, 13.05, 17.95, 37.74, 85.63, 6.79, 20.26, 15.53, 20.95, 10.68, 46.53, 20.68, 8.21, 3.53, 12.84, 18.58, 108.79, 106.95, 41.63, 87.42, 8.74, 25.42, 16.79, 21.95, 10.42, 43.11, 20.68, 9.74, 5.37, 14.37, 21.74, 39.68, 86.89, 8.74, 23.21, 18.84, 25.68, 12.21, 44.74, 22.47, 7.89, 4.26, 15.47, 19.53
51, 2015-02-07, Away, DAL, L, L, 2.5, O, 207, 0, 0, 99.95, 97.47, 36.89, 86.11, 10.47, 29.95, 15.68, 19.74, 10.21, 44.37, 21.05, 7.26, 4.74, 12.79, 17.53, 37.63, 86.0, 6.95, 20.74, 15.26, 20.11, 10.79, 46.53, 20.89, 8.11, 3.26, 12.74, 18.95, 101.89, 98.32, 38.84, 85.74, 9.74, 26.74, 14.47, 19.37, 10.05, 42.53, 23.21, 8.26, 4.63, 11.84, 18.89, 36.89, 84.53, 7.79, 23.63, 16.74, 21.68, 11.74, 46.53, 22.21, 7.32, 3.79, 14.32, 20.21
52, 2015-02-08, Away, HOU, W, W, 4.5, O, 206.5, 0, 1, 99.95, 99.16, 36.84, 86.53, 10.16, 29.74, 16.11, 20.37, 10.74, 44.89, 21.0, 7.42, 4.58, 13.37, 17.84, 38.26, 86.63, 7.32, 21.21, 15.32, 20.16, 11.05, 46.84, 21.0, 8.37, 3.58, 12.95, 19.32, 106.05, 102.32, 38.89, 85.16, 11.58, 31.79, 16.68, 22.53, 11.53, 41.84, 23.63, 10.79, 4.11, 16.0, 21.0, 38.63, 84.47, 7.63, 22.84, 17.42, 23.21, 12.11, 44.32, 21.95, 9.26, 5.47, 16.84, 18.58
53, 2015-02-11, Home, LAL, W, W, -13.5, U, 196, 1, 0, 100.32, 99.21, 36.95, 85.53, 10.0, 29.37, 16.42, 20.63, 10.16, 44.26, 20.95, 7.58, 4.42, 13.21, 17.95, 37.79, 85.74, 7.79, 21.89, 15.84, 21.16, 11.16, 46.37, 21.53, 8.21, 3.53, 13.0, 19.47, 93.58, 101.53, 35.32, 84.53, 5.89, 18.53, 17.05, 22.84, 11.84, 45.42, 20.16, 6.58, 3.63, 13.32, 19.63, 38.16, 83.84, 8.79, 25.16, 16.42, 21.84, 9.58, 43.84, 22.68, 8.42, 5.16, 12.37, 18.47
54, 2015-02-20, Away, UTA, L, L, -4.5, U, 191, 0, 0, 100.05, 97.68, 36.58, 85.16, 9.84, 29.21, 17.05, 21.21, 10.37, 44.68, 21.11, 7.53, 4.32, 12.79, 17.32, 37.32, 86.21, 7.84, 21.84, 15.21, 20.11, 11.37, 46.47, 21.53, 7.95, 3.53, 12.79, 19.89, 94.79, 95.53, 35.89, 81.11, 7.68, 22.05, 15.32, 21.32, 12.42, 44.16, 20.37, 8.53, 6.42, 14.32, 19.26, 35.26, 80.11, 7.89, 20.37, 17.11, 22.0, 10.47, 39.21, 20.21, 8.84, 5.32, 12.95, 18.16
55, 2015-02-22, Home, MEM, L, L, -1.5, U, 193, 0, 0, 98.89, 97.58, 36.21, 84.58, 9.47, 29.0, 17.0, 21.11, 10.0, 44.26, 20.79, 7.42, 4.37, 13.0, 17.37, 37.32, 85.95, 8.16, 22.42, 14.79, 19.95, 11.47, 46.42, 21.42, 8.26, 3.89, 12.68, 19.95, 98.26, 92.47, 37.32, 82.68, 4.68, 15.26, 18.95, 24.05, 11.11, 45.0, 20.47, 8.84, 4.74, 13.58, 18.89, 34.58, 81.32, 7.68, 23.42, 15.63, 20.16, 10.89, 42.68, 18.16, 7.53, 4.53, 15.47, 21.32
56, 2015-02-25, Home, SAS, W, W, -2.5, O, 195, 0, 0, 98.53, 98.37, 35.84, 83.89, 9.74, 29.32, 17.11, 21.16, 9.63, 44.05, 21.05, 7.37, 4.26, 13.42, 17.05, 38.0, 86.58, 8.16, 22.16, 14.21, 19.05, 11.37, 46.53, 21.68, 8.63, 3.74, 12.53, 20.05, 97.47, 94.74, 36.79, 84.74, 8.58, 25.26, 15.32, 19.53, 10.58, 43.63, 24.37, 7.84, 5.21, 13.05, 18.95, 35.89, 81.32, 6.58, 17.42, 16.37, 21.95, 9.42, 43.63, 21.47, 7.53, 5.42, 12.89, 18.0
57, 2015-02-27, Home, OKC, W, L, -6, O, 206.5, 1, 0, 98.95, 98.53, 36.21, 84.37, 9.89, 29.32, 16.63, 20.58, 9.95, 44.16, 21.21, 7.53, 4.05, 13.05, 17.0, 38.0, 86.21, 8.42, 22.16, 14.11, 18.74, 11.0, 45.89, 21.58, 8.53, 4.0, 12.37, 19.74, 105.53, 98.84, 39.68, 88.53, 7.42, 22.58, 18.74, 23.74, 12.47, 49.26, 21.37, 7.79, 6.37, 13.42, 21.05, 37.32, 88.79, 7.89, 23.53, 16.32, 21.37, 12.05, 44.53, 21.68, 7.63, 4.37, 13.0, 19.53
58, 2015-03-01, Away, SAC, W, W, -8, O, 206, 0, 0, 99.42, 99.47, 36.11, 84.53, 9.74, 29.05, 17.47, 21.32, 10.26, 44.16, 20.79, 7.63, 4.26, 12.95, 16.79, 38.47, 86.89, 8.26, 21.74, 14.26, 18.89, 11.32, 46.0, 21.32, 8.68, 4.0, 12.26, 19.79, 96.05, 105.63, 35.0, 80.68, 4.58, 15.95, 21.47, 27.84, 11.16, 46.21, 18.79, 5.84, 3.84, 16.95, 20.42, 39.58, 87.47, 8.79, 25.79, 17.68, 23.42, 10.68, 42.0, 24.26, 10.21, 5.42, 11.53, 22.53
59, 2015-03-04, Away, LAC, W, W, 1, U, 205, 0, 0, 100.26, 99.42, 36.42, 84.32, 9.95, 28.95, 17.47, 21.32, 10.26, 43.89, 20.63, 7.63, 4.37, 13.21, 16.89, 38.58, 86.79, 8.0, 21.16, 14.26, 19.11, 11.32, 45.42, 21.53, 8.63, 4.0, 12.53, 19.58, 106.37, 100.11, 40.37, 85.74, 8.74, 25.84, 16.89, 25.68, 11.05, 45.32, 23.37, 7.89, 5.63, 11.21, 22.21, 35.21, 82.95, 8.58, 25.89, 21.11, 28.16, 11.32, 44.42, 22.63, 6.26, 4.11, 12.63, 21.0
60, 2015-03-05, Home, DAL, W, W, -3, U, 198, 0, 1, 100.37, 98.53, 36.26, 85.0, 10.05, 29.63, 17.79, 21.79, 10.68, 45.42, 20.58, 7.47, 4.26, 13.16, 17.21, 38.32, 86.89, 8.0, 21.26, 13.89, 19.16, 11.0, 45.53, 21.05, 8.32, 4.0, 12.37, 20.0, 98.63, 97.89, 37.26, 84.21, 9.11, 26.26, 15.0, 19.42, 10.58, 42.32, 20.47, 8.79, 4.74, 13.26, 18.21, 36.47, 83.47, 9.47, 25.53, 15.47, 20.63, 12.74, 46.53, 21.05, 8.0, 3.95, 15.47, 20.42
61, 2015-03-07, Away, MIN, L, L, -5, O, 198, 0, 0, 100.16, 97.11, 36.16, 84.42, 9.74, 28.89, 18.11, 22.11, 10.32, 46.26, 20.58, 7.47, 4.26, 13.63, 16.84, 38.0, 87.47, 7.68, 21.32, 13.42, 18.32, 10.74, 45.05, 20.84, 8.63, 3.95, 12.32, 19.89, 96.95, 100.58, 35.16, 81.79, 4.47, 14.53, 22.16, 27.79, 12.16, 44.05, 20.79, 7.42, 3.32, 14.05, 18.89, 39.47, 84.21, 7.58, 22.95, 14.05, 19.42, 11.74, 43.16, 22.42, 8.79, 6.11, 14.42, 22.0
62, 2015-03-11, Home, HOU, W, W, -2.5, U, 206, 0, 0, 100.95, 98.53, 36.58, 84.42, 9.89, 28.42, 17.89, 21.63, 10.32, 46.32, 20.42, 6.79, 4.26, 13.47, 16.95, 38.63, 87.95, 7.68, 21.05, 13.58, 18.37, 10.68, 44.63, 21.53, 8.58, 3.84, 11.53, 19.53, 103.74, 100.74, 37.63, 86.68, 11.26, 34.32, 17.21, 23.58, 12.05, 44.89, 24.05, 9.21, 5.53, 15.21, 21.84, 37.63, 87.42, 7.21, 24.16, 18.26, 24.05, 12.58, 47.0, 20.42, 9.0, 4.63, 15.37, 20.21
63, 2015-03-13, Home, DET, W, W, -8, O, 195.5, 0, 0, 100.53, 97.58, 36.74, 84.68, 9.74, 28.47, 17.32, 20.89, 10.63, 47.16, 20.63, 6.63, 4.16, 13.74, 16.95, 38.16, 87.89, 7.79, 21.26, 13.47, 18.32, 10.74, 44.11, 21.37, 8.63, 4.05, 11.42, 19.26, 97.79, 98.89, 36.89, 86.16, 7.16, 23.53, 16.84, 23.16, 13.37, 44.79, 20.74, 7.47, 4.74, 12.84, 18.89, 37.74, 83.42, 7.16, 21.32, 16.26, 20.42, 10.89, 43.53, 23.95, 6.58, 5.42, 13.0, 19.89
64, 2015-03-15, Away, TOR, W, W, 1.5, O, 204.5, 0, 0, 102.05, 98.05, 37.42, 84.21, 9.84, 28.11, 17.37, 20.79, 10.32, 47.05, 21.26, 6.32, 3.95, 13.74, 16.89, 38.26, 88.11, 7.79, 21.58, 13.74, 18.58, 10.79, 43.53, 21.37, 8.47, 3.89, 10.89, 19.0, 100.53, 102.47, 36.84, 83.42, 8.68, 25.53, 18.16, 22.89, 9.79, 40.21, 20.11, 8.53, 4.47, 12.26, 20.11, 38.05, 82.89, 7.89, 23.32, 18.47, 24.47, 11.21, 44.89, 24.16, 8.21, 5.42, 14.68, 18.05
65, 2015-03-16, Away, WAS, L, L, 1, O, 198, 0, 1, 102.58, 98.11, 37.95, 84.16, 9.84, 28.0, 16.84, 20.58, 10.26, 46.68, 21.53, 6.21, 4.16, 13.63, 16.95, 38.11, 87.89, 7.79, 21.74, 14.11, 19.05, 11.16, 43.58, 21.16, 8.32, 3.89, 11.05, 19.16, 95.95, 96.26, 37.0, 82.68, 6.16, 19.32, 15.79, 20.58, 10.95, 44.53, 23.16, 7.32, 4.42, 15.21, 21.79, 35.16, 80.89, 8.21, 23.84, 17.74, 24.74, 9.79, 41.58, 20.47, 7.68, 4.63, 14.11, 19.21
66, 2015-03-18, Away, MIA, L, L, -2.5, O, 202, 0, 0, 102.74, 98.42, 38.0, 84.63, 9.74, 27.84, 17.0, 20.74, 10.42, 47.16, 21.58, 6.05, 4.05, 13.74, 16.89, 38.47, 87.74, 7.37, 20.42, 14.11, 19.47, 10.74, 43.42, 21.63, 8.42, 4.05, 10.95, 19.26, 100.21, 99.74, 36.74, 79.32, 6.89, 20.26, 19.84, 26.37, 9.53, 41.11, 20.74, 8.53, 4.53, 14.58, 20.21, 36.79, 81.11, 8.32, 23.32, 17.84, 24.0, 10.26, 40.21, 23.53, 8.37, 4.0, 14.89, 22.63
67, 2015-03-20, Away, ORL, L, L, -8.5, O, 200, 0, 0, 103.0, 98.58, 38.11, 84.32, 9.68, 27.63, 17.11, 21.26, 10.63, 47.11, 21.42, 5.84, 4.0, 13.63, 16.63, 38.79, 87.89, 7.16, 19.74, 13.84, 19.05, 10.79, 43.05, 21.37, 8.16, 4.21, 10.68, 19.32, 95.89, 100.84, 37.89, 83.84, 6.95, 20.42, 13.16, 18.74, 11.0, 42.68, 20.95, 9.0, 4.58, 14.32, 20.37, 37.11, 80.89, 10.58, 26.63, 16.05, 21.58, 10.21, 42.95, 24.68, 7.89, 4.79, 15.68, 16.89
68, 2015-03-21, Away, MEM, L, L, 3, U, 192.5, 1, 1, 103.84, 99.42, 38.37, 83.84, 9.58, 27.26, 17.53, 21.58, 10.63, 47.11, 21.11, 5.47, 3.95, 13.47, 16.84, 39.11, 88.53, 7.0, 19.26, 14.21, 19.58, 11.26, 43.05, 21.37, 8.0, 3.84, 10.16, 19.47, 93.74, 94.47, 35.84, 80.89, 4.47, 13.95, 17.58, 22.79, 10.32, 42.16, 20.68, 9.74, 4.16, 14.0, 18.89, 35.89, 80.95, 7.95, 22.58, 14.74, 19.74, 9.68, 42.21, 21.05, 7.79, 5.89, 14.32, 19.26
69, 2015-03-24, Home, GSW, L, L, 7, O, 204.5, 1, 0, 102.95, 99.16, 38.21, 83.84, 9.53, 27.21, 17.0, 20.58, 10.26, 47.05, 20.95, 5.37, 3.79, 13.63, 16.68, 39.0, 88.74, 7.26, 19.53, 13.89, 19.05, 11.11, 43.26, 21.53, 8.11, 3.68, 10.16, 19.11, 107.26, 97.32, 40.32, 86.26, 11.26, 27.0, 15.37, 20.05, 10.0, 43.21, 27.21, 9.89, 6.21, 13.0, 19.53, 36.26, 84.16, 7.05, 19.68, 17.74, 22.79, 10.89, 44.16, 20.05, 7.37, 3.21, 15.95, 18.53
70, 2015-03-25, Away, UTA, W, W, 2, O, 180.5, 0, 1, 102.95, 101.0, 38.16, 83.95, 9.89, 27.37, 16.74, 20.37, 10.21, 45.89, 21.05, 5.47, 3.53, 13.42, 16.68, 39.84, 88.47, 7.58, 19.68, 13.74, 18.74, 10.84, 43.47, 22.42, 7.74, 3.84, 10.0, 18.95, 91.84, 85.89, 33.79, 77.21, 7.89, 21.53, 16.37, 24.0, 12.58, 46.63, 19.63, 8.42, 6.79, 14.68, 19.0, 32.16, 79.05, 6.84, 20.0, 14.74, 20.68, 9.95, 38.84, 18.21, 8.32, 4.58, 13.32, 19.47
71, 2015-03-27, Away, PHO, W, W, -1, U, 201, 0, 0, 102.47, 99.84, 38.0, 83.53, 9.74, 27.11, 16.74, 20.16, 9.89, 45.21, 20.79, 5.11, 3.58, 13.0, 16.53, 39.42, 87.16, 7.05, 18.63, 13.95, 19.11, 10.37, 42.84, 21.95, 7.74, 3.58, 9.68, 18.95, 99.89, 101.74, 38.0, 85.84, 7.11, 22.68, 16.79, 23.68, 12.58, 46.42, 19.58, 8.47, 4.74, 15.63, 20.47, 37.95, 86.37, 8.0, 22.42, 17.84, 23.05, 11.0, 44.32, 22.11, 8.42, 3.74, 14.53, 21.63
72, 2015-03-28, Home, DEN, W, L, -9, O, 206.5, 1, 1, 101.32, 98.95, 37.79, 84.21, 9.63, 26.95, 16.11, 19.89, 10.47, 46.0, 20.53, 4.89, 3.53, 13.11, 16.47, 39.47, 87.42, 6.68, 17.84, 13.32, 17.95, 10.16, 43.26, 21.42, 7.63, 3.58, 9.79, 18.68, 100.37, 103.05, 37.47, 87.58, 9.37, 27.32, 16.05, 23.05, 12.16, 44.0, 21.89, 9.16, 4.58, 13.89, 22.0, 38.11, 83.74, 7.26, 21.89, 19.58, 25.95, 11.63, 46.74, 22.74, 8.21, 7.53, 15.53, 20.53
73, 2015-03-30, Home, PHO, W, W, -8.5, U, 199, 1, 0, 102.26, 100.42, 38.47, 84.16, 9.53, 26.32, 15.79, 19.63, 10.11, 45.63, 20.63, 5.05, 3.53, 13.42, 16.84, 39.95, 87.37, 6.79, 18.26, 13.74, 18.53, 10.0, 42.79, 21.79, 8.05, 3.37, 9.84, 18.53, 97.32, 99.53, 37.37, 85.47, 6.68, 22.63, 15.89, 22.37, 12.0, 46.47, 19.37, 8.32, 4.26, 15.84, 20.11, 37.32, 86.05, 7.89, 22.42, 17.0, 22.16, 10.68, 44.53, 21.0, 8.26, 3.63, 14.58, 20.89
74, 2015-04-01, Home, LAC, L, L, -3, O, 209, 1, 0, 104.0, 100.11, 39.42, 84.89, 9.95, 26.58, 15.21, 19.0, 10.42, 46.16, 21.37, 5.11, 3.53, 13.47, 16.68, 40.0, 87.58, 6.42, 17.79, 13.68, 18.16, 9.74, 42.26, 21.79, 7.79, 3.11, 10.05, 18.0, 104.32, 98.79, 39.42, 83.84, 10.74, 28.32, 14.74, 22.89, 9.53, 44.37, 24.53, 7.26, 5.53, 13.05, 22.32, 35.42, 83.47, 8.0, 22.89, 19.95, 26.32, 9.89, 43.21, 22.05, 7.42, 2.89, 13.0, 20.74
75, 2015-04-03, Away, LAL, W, W, -10.5, U, 203.5, 0, 0, 105.58, 101.58, 40.05, 85.26, 9.95, 26.16, 15.53, 19.47, 10.68, 46.0, 21.42, 5.11, 3.47, 13.11, 16.89, 40.21, 87.42, 7.05, 18.79, 14.11, 18.74, 9.68, 42.05, 22.32, 7.42, 3.05, 10.05, 18.32, 96.79, 100.11, 37.79, 84.95, 5.68, 16.89, 15.53, 20.58, 11.16, 44.79, 21.84, 7.32, 4.89, 12.68, 21.37, 36.42, 81.16, 7.26, 21.95, 20.0, 27.16, 9.63, 42.47, 23.05, 8.05, 5.58, 11.53, 17.74
76, 2015-04-04, Home, NOP, W, W, -5.5, U, 193, 1, 1, 105.37, 100.63, 40.05, 85.42, 9.79, 26.16, 15.47, 19.26, 10.37, 46.42, 21.21, 5.0, 3.58, 12.84, 16.79, 39.89, 87.26, 6.89, 18.42, 13.95, 18.89, 9.47, 42.37, 21.95, 7.21, 3.11, 9.95, 18.0, 99.32, 95.63, 38.16, 80.32, 8.21, 19.89, 14.79, 20.0, 9.95, 42.79, 24.16, 5.95, 6.79, 14.26, 18.47, 37.21, 84.0, 5.89, 19.58, 15.32, 20.79, 10.79, 40.95, 20.21, 7.11, 5.47, 11.58, 18.58
77, 2015-04-06, Away, BRK, L, L, 6, U, 203.5, 0, 0, 104.53, 99.47, 39.89, 85.16, 9.58, 25.63, 15.16, 18.84, 10.68, 46.84, 21.05, 4.84, 3.53, 12.89, 16.53, 39.58, 86.79, 7.05, 18.53, 13.26, 18.26, 9.26, 41.74, 21.63, 7.37, 3.16, 9.84, 17.74, 103.0, 106.74, 39.68, 85.53, 6.53, 18.37, 17.11, 22.74, 10.53, 41.95, 21.68, 7.21, 3.58, 12.74, 17.95, 41.11, 87.95, 8.89, 23.47, 15.63, 20.79, 11.89, 44.84, 24.68, 7.63, 4.47, 12.74, 20.0
78, 2015-04-08, Home, MIN, W, W, -16.5, U, 207.5, 1, 0, 103.79, 99.84, 39.79, 85.37, 9.63, 25.74, 14.58, 18.26, 10.68, 47.21, 20.95, 4.79, 3.53, 12.63, 16.58, 39.68, 87.05, 7.21, 18.63, 13.26, 18.26, 9.53, 42.42, 21.68, 7.26, 3.32, 9.53, 17.37, 97.89, 107.74, 36.47, 80.32, 4.68, 14.21, 20.26, 25.11, 9.68, 38.74, 21.26, 7.16, 4.05, 14.58, 17.42, 42.16, 86.74, 9.47, 25.26, 13.95, 18.68, 12.53, 43.84, 25.0, 8.63, 4.37, 13.89, 20.32
79, 2015-04-09, Away, GSW, L, L, 10.5, O, 210.5, 0, 1, 104.74, 99.74, 40.21, 85.26, 9.84, 25.79, 14.47, 17.95, 10.79, 46.79, 21.26, 5.05, 3.42, 12.63, 16.68, 39.42, 86.47, 6.79, 17.58, 14.11, 18.84, 9.58, 41.58, 21.21, 7.58, 3.21, 9.63, 16.89, 108.26, 97.63, 41.16, 87.0, 10.79, 25.84, 15.16, 19.53, 10.37, 44.63, 27.95, 8.68, 6.05, 13.47, 19.58, 35.89, 84.16, 6.89, 19.0, 18.95, 24.84, 10.26, 42.47, 21.11, 8.05, 3.84, 14.37, 18.21
80, 2015-04-11, Home, UTA, L, L, -10, O, 183, 1, 0, 105.32, 101.89, 40.84, 86.11, 9.84, 25.89, 13.79, 17.26, 10.95, 46.0, 21.68, 5.0, 3.42, 12.26, 16.53, 40.21, 86.58, 7.32, 18.11, 14.16, 18.89, 9.74, 41.74, 21.74, 7.37, 3.32, 9.63, 16.68, 93.37, 88.74, 33.74, 77.16, 8.37, 23.53, 17.53, 25.16, 12.47, 44.79, 18.74, 8.16, 5.95, 14.0, 19.95, 33.21, 77.89, 7.0, 19.42, 15.32, 21.84, 9.05, 38.68, 18.37, 8.0, 3.53, 13.58, 20.63
81, 2015-04-13, Away, OKC, L, L, 8, U, 217, 1, 0, 104.89, 101.37, 40.74, 86.05, 9.42, 26.05, 14.0, 17.53, 10.95, 46.16, 21.89, 5.42, 3.47, 12.37, 16.63, 39.68, 86.26, 7.42, 18.63, 14.58, 19.47, 10.0, 41.89, 21.42, 7.47, 3.37, 10.16, 16.79, 108.16, 109.37, 40.0, 87.89, 8.79, 23.21, 19.37, 26.16, 13.84, 46.53, 20.63, 7.32, 3.79, 14.63, 22.53, 40.47, 84.11, 8.53, 23.79, 19.89, 27.53, 10.42, 40.68, 22.58, 8.37, 4.47, 12.79, 21.47
82, 2015-04-15, Away, DAL, L, L, 6.5, O, 208, 0, 0, 104.11, 101.42, 40.53, 85.58, 9.32, 25.53, 13.74, 17.26, 10.26, 44.84, 21.74, 5.21, 3.58, 12.0, 16.79, 39.74, 86.53, 7.05, 18.11, 14.89, 19.68, 10.32, 42.84, 21.05, 7.26, 3.42, 10.0, 16.95, 104.79, 108.42, 40.0, 86.37, 7.37, 21.42, 17.42, 24.37, 9.68, 41.37, 22.53, 7.63, 3.68, 13.53, 21.53, 39.79, 85.32, 9.79, 26.58, 19.05, 25.0, 11.89, 47.26, 23.58, 8.16, 4.47, 15.47, 23.79
