12, 2014-11-21, Home, CHI, W, W, -8, U, 195, 1, 0, 105.33, 95.89, 39.0, 84.33, 10.56, 26.78, 16.78, 21.33, 12.56, 48.33, 24.33, 6.0, 4.78, 14.56, 20.67, 35.89, 85.22, 5.67, 18.33, 18.44, 23.0, 11.11, 41.89, 17.0, 7.56, 4.0, 11.67, 20.0, 99.67, 96.89, 37.44, 81.11, 6.89, 18.89, 17.89, 24.67, 10.44, 42.44, 23.89, 6.11, 5.33, 13.0, 19.89, 37.33, 83.33, 6.78, 18.22, 15.44, 22.11, 11.56, 43.89, 21.56, 6.33, 4.67, 13.0, 23.22
13, 2014-11-23, Away, BOS, W, W, -4.5, U, 209.5, 0, 0, 107.0, 95.0, 39.22, 82.89, 10.78, 25.56, 17.78, 22.22, 11.33, 47.22, 25.0, 5.89, 5.11, 14.33, 20.67, 35.22, 85.44, 5.89, 18.67, 18.67, 23.78, 11.56, 42.67, 16.11, 7.33, 3.44, 11.33, 20.22, 106.33, 109.22, 41.67, 86.11, 7.89, 23.67, 15.11, 19.89, 10.78, 43.0, 27.11, 7.33, 3.78, 15.0, 20.0, 42.33, 87.33, 8.44, 20.33, 16.11, 20.11, 8.89, 39.44, 23.78, 6.0, 4.11, 12.33, 17.89
14, 2014-11-24, Away, PHI, W, L, -13, O, 198.5, 0, 1, 106.22, 95.67, 39.22, 84.11, 10.67, 24.89, 17.11, 21.11, 11.44, 48.0, 24.89, 5.89, 5.0, 14.89, 19.89, 35.89, 86.56, 5.44, 18.89, 18.44, 23.56, 11.44, 43.22, 16.0, 8.11, 3.22, 10.67, 19.78, 88.11, 106.0, 32.56, 81.56, 7.44, 25.89, 15.56, 24.44, 11.11, 40.11, 18.44, 9.56, 4.11, 18.0, 22.67, 38.44, 79.56, 8.33, 24.56, 20.78, 26.11, 9.11, 45.56, 23.22, 10.67, 5.22, 17.78, 21.22
15, 2014-11-26, Away, CHO, W, W, -5.5, O, 192, 0, 0, 106.89, 97.56, 39.67, 85.44, 10.11, 24.56, 17.44, 21.56, 12.11, 47.89, 25.44, 6.22, 4.89, 14.67, 19.67, 36.89, 85.89, 4.89, 17.22, 18.89, 24.44, 11.33, 42.67, 17.56, 8.67, 3.44, 11.0, 20.11, 92.56, 102.56, 35.56, 82.22, 6.11, 17.78, 15.33, 21.33, 9.0, 39.0, 18.56, 5.11, 3.22, 9.11, 18.0, 39.89, 82.89, 8.33, 23.44, 14.44, 18.56, 9.56, 45.0, 22.78, 4.67, 3.78, 10.89, 19.78
16, 2014-11-28, Home, MEM, L, L, -3.5, O, 194, 0, 0, 107.22, 96.56, 40.0, 86.78, 10.33, 24.78, 16.89, 21.0, 12.22, 48.67, 25.0, 6.44, 5.33, 13.78, 18.78, 37.0, 87.33, 4.89, 17.56, 17.67, 22.78, 11.56, 43.78, 18.89, 8.11, 3.56, 10.89, 20.22, 104.33, 96.22, 38.67, 82.78, 5.22, 15.0, 21.78, 26.33, 12.11, 44.0, 21.89, 7.44, 3.78, 12.33, 19.0, 36.33, 82.33, 7.78, 23.33, 15.78, 20.67, 10.67, 38.89, 19.22, 7.0, 5.33, 12.67, 21.33
17, 2014-11-30, Home, MIN, W, P, -14, U, 212.5, 0, 0, 105.33, 97.89, 39.33, 86.44, 9.44, 24.44, 17.22, 21.44, 12.11, 48.0, 24.44, 6.33, 4.78, 13.44, 18.44, 38.0, 86.56, 5.0, 17.56, 16.89, 22.33, 10.44, 42.78, 20.44, 8.33, 3.22, 10.22, 19.33, 101.67, 115.56, 37.44, 83.89, 6.0, 15.89, 20.78, 28.0, 12.22, 38.11, 21.44, 8.67, 3.56, 15.56, 20.78, 44.44, 83.67, 9.33, 20.78, 17.33, 21.33, 10.56, 40.89, 25.67, 8.11, 5.11, 15.33, 23.22
18, 2014-12-02, Away, DEN, W, L, -3, U, 211.5, 1, 0, 105.89, 97.11, 39.22, 85.67, 9.89, 25.33, 17.56, 22.44, 12.11, 48.67, 24.67, 6.56, 5.33, 14.11, 18.0, 38.44, 88.22, 4.44, 16.78, 15.78, 21.56, 11.0, 43.33, 21.33, 9.11, 3.33, 10.33, 20.11, 108.33, 102.67, 39.33, 85.67, 9.89, 27.0, 19.78, 26.67, 12.33, 45.22, 22.0, 8.0, 4.56, 13.89, 23.0, 36.0, 82.22, 7.67, 21.44, 23.0, 28.89, 10.44, 41.56, 18.67, 7.0, 4.78, 13.56, 21.89
19, 2014-12-04, Home, IND, W, L, -8.5, U, 193.5, 0, 0, 103.11, 96.0, 39.0, 85.44, 8.67, 24.11, 16.44, 21.11, 11.22, 47.67, 24.22, 6.56, 4.89, 13.89, 17.78, 38.67, 87.22, 4.33, 16.44, 14.33, 20.0, 10.11, 42.67, 21.33, 8.89, 3.33, 10.56, 19.56, 95.78, 100.44, 36.78, 83.89, 6.89, 19.56, 15.33, 22.44, 11.67, 45.33, 20.22, 5.67, 3.67, 12.56, 20.22, 38.78, 81.0, 7.56, 20.33, 15.33, 22.67, 9.11, 41.56, 18.78, 7.56, 5.44, 11.56, 20.89
20, 2014-12-07, Away, NYK, W, L, -6.5, O, 195.5, 0, 0, 102.11, 95.44, 39.0, 86.0, 7.89, 23.56, 16.22, 20.67, 10.33, 47.78, 23.56, 6.89, 5.11, 13.67, 17.78, 38.78, 87.44, 4.78, 16.33, 13.11, 19.0, 10.0, 43.56, 21.78, 8.67, 3.67, 11.44, 19.0, 90.78, 97.78, 34.44, 79.33, 7.67, 22.44, 14.22, 18.44, 11.0, 41.11, 20.22, 6.78, 3.56, 15.89, 23.0, 36.11, 82.22, 7.67, 23.89, 17.89, 24.67, 13.33, 42.89, 19.78, 9.11, 2.89, 13.89, 20.56
21, 2014-12-09, Away, DET, W, W, -7.5, U, 197.5, 0, 0, 102.22, 96.11, 38.78, 87.0, 8.22, 24.56, 16.44, 21.33, 11.0, 47.89, 23.67, 7.0, 5.22, 12.67, 17.33, 39.11, 86.78, 4.78, 16.33, 13.11, 18.44, 9.0, 43.11, 22.22, 8.11, 3.67, 11.67, 19.0, 94.11, 103.11, 34.11, 85.33, 7.22, 23.11, 18.67, 26.33, 12.67, 43.56, 21.11, 7.67, 4.56, 14.33, 19.78, 38.33, 83.56, 9.44, 23.89, 17.0, 22.11, 11.44, 47.44, 24.11, 8.11, 5.67, 14.89, 22.0
22, 2014-12-10, Away, MIN, L, L, -10, U, 206.5, 0, 1, 101.44, 96.0, 39.0, 87.56, 8.22, 25.11, 15.22, 19.78, 11.44, 48.0, 23.56, 6.56, 5.44, 12.22, 16.56, 39.56, 88.33, 4.44, 16.33, 12.44, 17.11, 9.67, 43.0, 23.22, 7.89, 3.67, 10.78, 17.89, 97.44, 110.33, 36.56, 86.0, 4.11, 13.78, 20.22, 27.78, 11.44, 39.56, 23.44, 10.22, 4.11, 14.44, 21.67, 40.78, 83.78, 8.56, 25.11, 20.22, 25.22, 11.78, 46.33, 24.56, 8.44, 5.33, 17.11, 21.44
23, 2014-12-12, Away, CHI, L, L, 2.5, O, 197, 0, 0, 100.11, 96.22, 38.33, 86.89, 8.56, 26.89, 14.89, 19.44, 11.56, 46.11, 23.56, 6.56, 6.22, 12.67, 17.89, 39.0, 86.78, 4.0, 15.11, 14.22, 19.44, 10.56, 44.11, 23.78, 8.0, 3.89, 11.89, 18.33, 104.67, 102.11, 36.56, 82.33, 7.89, 22.33, 23.67, 30.33, 11.67, 47.78, 22.33, 6.56, 5.33, 15.56, 20.0, 38.33, 88.56, 6.67, 18.44, 18.78, 23.44, 11.0, 42.22, 21.78, 8.33, 4.44, 12.0, 23.78
24, 2014-12-13, Away, IND, W, W, -5, U, 192.5, 1, 1, 99.22, 97.44, 38.22, 86.78, 9.11, 26.56, 13.67, 18.11, 10.78, 44.44, 22.44, 6.22, 6.22, 12.11, 17.67, 39.22, 87.22, 4.56, 15.89, 14.44, 19.89, 11.33, 46.11, 22.67, 7.33, 3.56, 11.56, 17.33, 95.44, 102.33, 37.11, 88.33, 6.89, 21.33, 14.33, 19.33, 10.33, 44.0, 22.78, 6.33, 3.11, 12.67, 22.33, 38.33, 81.11, 7.0, 19.56, 18.67, 25.44, 8.44, 45.67, 20.44, 7.44, 5.0, 13.11, 19.56
25, 2014-12-15, Home, SAS, W, W, -8.5, O, 194.5, 1, 0, 98.11, 96.11, 38.33, 86.56, 8.33, 25.44, 13.11, 17.22, 10.89, 44.0, 22.44, 6.78, 6.0, 12.56, 18.0, 38.44, 86.56, 4.44, 15.89, 14.78, 20.0, 11.56, 46.33, 21.22, 7.89, 3.22, 12.33, 17.11, 106.33, 98.56, 39.11, 84.0, 9.33, 23.67, 18.78, 24.11, 11.22, 44.89, 24.67, 7.89, 6.22, 13.33, 18.78, 37.56, 84.89, 7.56, 18.11, 15.89, 21.22, 10.11, 42.33, 21.0, 6.67, 3.89, 13.67, 21.89
26, 2014-12-17, Home, MIL, W, L, -10, U, 202, 0, 0, 99.11, 94.22, 38.56, 85.67, 8.22, 24.33, 13.78, 17.67, 10.44, 44.11, 22.0, 7.0, 5.56, 13.0, 18.11, 37.67, 85.89, 4.22, 15.67, 14.67, 19.56, 11.67, 45.89, 20.22, 7.67, 3.22, 13.0, 17.89, 104.33, 105.22, 38.67, 78.0, 7.22, 17.56, 19.78, 24.44, 9.0, 37.67, 23.67, 8.56, 3.33, 16.78, 22.33, 38.67, 81.67, 9.33, 27.33, 18.56, 25.22, 11.44, 39.56, 23.0, 9.78, 5.11, 15.89, 21.67
27, 2014-12-19, Away, SAS, W, W, 4.5, O, 197, 0, 0, 98.78, 94.67, 38.78, 85.78, 7.67, 23.22, 13.56, 18.11, 10.56, 43.89, 21.78, 6.56, 4.89, 12.56, 18.33, 37.44, 84.44, 4.78, 16.78, 15.0, 19.78, 11.0, 44.67, 19.33, 7.22, 2.78, 12.89, 18.11, 105.33, 102.22, 39.56, 85.67, 9.44, 23.0, 16.78, 23.44, 12.0, 45.44, 24.67, 7.44, 7.0, 13.44, 19.44, 39.22, 87.11, 7.44, 17.89, 16.33, 20.78, 10.56, 44.56, 21.44, 7.33, 3.89, 13.44, 21.44
28, 2014-12-20, Away, NOP, W, W, 5.5, U, 205.5, 0, 1, 101.44, 96.44, 39.22, 88.44, 8.56, 24.67, 14.44, 18.78, 11.78, 46.22, 20.89, 7.11, 4.89, 12.78, 18.89, 37.89, 87.56, 4.89, 16.78, 15.78, 20.56, 12.11, 46.78, 19.67, 7.22, 3.0, 13.11, 18.44, 106.56, 107.44, 41.56, 84.56, 7.0, 19.78, 16.44, 21.44, 10.89, 43.33, 22.56, 6.44, 5.56, 12.56, 17.78, 41.44, 86.67, 8.89, 22.11, 15.67, 20.67, 10.11, 39.22, 22.33, 6.89, 6.56, 10.56, 17.22
29, 2014-12-22, Away, HOU, L, L, 5, O, 198, 0, 0, 104.33, 97.11, 40.89, 89.22, 9.11, 25.11, 13.44, 17.89, 12.33, 45.89, 21.44, 7.33, 4.67, 12.89, 19.89, 37.22, 86.89, 4.67, 16.44, 18.0, 22.78, 13.11, 46.44, 19.22, 7.44, 3.11, 13.0, 17.56, 103.89, 103.0, 36.44, 86.89, 10.67, 32.89, 20.33, 27.89, 13.89, 47.78, 19.22, 8.56, 4.78, 16.56, 23.11, 38.78, 86.89, 7.0, 21.56, 18.44, 25.44, 11.56, 43.67, 23.22, 8.67, 6.0, 15.44, 21.56
30, 2014-12-23, Away, OKC, W, W, 4.5, O, 201, 0, 1, 103.44, 98.33, 40.67, 88.22, 9.11, 25.0, 13.0, 16.67, 11.11, 44.89, 21.22, 7.44, 5.0, 14.33, 20.56, 37.22, 87.78, 5.56, 18.33, 18.33, 23.44, 13.44, 47.0, 19.44, 8.33, 3.0, 13.33, 17.44, 105.78, 97.67, 39.89, 85.11, 6.33, 21.78, 19.67, 25.33, 13.22, 48.11, 20.11, 7.56, 6.78, 14.33, 20.11, 37.44, 86.11, 6.89, 22.67, 15.89, 21.33, 10.33, 39.78, 24.44, 7.78, 4.56, 12.22, 19.78
31, 2014-12-26, Home, PHI, W, W, -12.5, O, 198, 0, 0, 105.33, 101.11, 40.33, 89.0, 10.0, 26.11, 14.67, 18.44, 11.0, 44.78, 20.89, 7.67, 4.44, 14.44, 21.44, 38.56, 88.22, 5.67, 18.0, 18.33, 23.33, 13.0, 47.67, 19.11, 8.44, 3.33, 13.89, 19.67, 92.0, 99.56, 33.0, 79.67, 7.78, 25.33, 18.22, 25.11, 11.67, 43.89, 20.67, 10.44, 7.33, 19.22, 21.89, 37.44, 85.67, 8.0, 24.44, 16.67, 23.67, 12.89, 45.22, 24.22, 11.56, 4.89, 16.67, 20.44
32, 2014-12-28, Home, NYK, W, W, -11.5, U, 203.5, 1, 0, 108.89, 101.44, 41.56, 89.89, 10.89, 27.0, 14.89, 18.67, 10.78, 45.89, 21.44, 8.0, 4.22, 14.33, 21.11, 39.0, 88.22, 5.89, 18.22, 17.56, 23.33, 11.78, 46.11, 18.44, 8.44, 3.78, 13.89, 19.11, 98.67, 107.0, 37.78, 83.11, 6.0, 18.67, 17.11, 20.56, 11.56, 39.0, 21.78, 8.67, 4.89, 14.11, 21.22, 39.56, 81.44, 10.22, 23.44, 17.67, 21.89, 11.22, 40.11, 23.78, 8.33, 4.22, 14.22, 19.22
33, 2014-12-30, Home, TOR, W, W, -3.5, U, 209.5, 0, 0, 108.33, 97.44, 41.0, 89.11, 11.33, 28.33, 15.0, 18.78, 10.33, 47.11, 22.0, 8.56, 4.44, 14.44, 20.89, 37.56, 88.78, 6.11, 19.56, 16.22, 21.89, 11.89, 46.33, 18.56, 8.56, 3.56, 14.33, 19.33, 108.33, 99.11, 40.44, 86.67, 10.44, 27.44, 17.0, 23.11, 12.89, 43.22, 22.78, 6.89, 3.44, 10.33, 21.44, 36.44, 81.22, 7.22, 20.67, 19.0, 24.22, 10.67, 41.67, 21.22, 5.0, 6.67, 14.11, 20.44
34, 2015-01-03, Home, ATL, L, L, -6, O, 206, 1, 0, 109.11, 98.78, 40.78, 89.67, 12.11, 30.44, 15.44, 19.44, 10.78, 47.67, 22.0, 8.11, 4.78, 14.67, 20.44, 38.22, 90.0, 6.11, 20.33, 16.22, 21.78, 12.0, 46.33, 18.33, 8.78, 3.56, 14.0, 19.67, 101.11, 96.89, 37.11, 79.56, 9.0, 24.56, 17.89, 23.11, 8.11, 42.56, 26.0, 7.89, 5.11, 13.56, 18.11, 35.78, 85.78, 10.44, 30.0, 14.89, 20.33, 12.89, 45.22, 23.11, 8.0, 5.22, 14.33, 20.44
35, 2015-01-05, Home, LAL, W, L, -12.5, U, 209, 1, 0, 109.0, 101.0, 40.89, 90.11, 12.78, 32.11, 14.44, 18.33, 10.78, 47.44, 22.67, 7.89, 5.33, 15.44, 20.89, 38.78, 90.67, 6.33, 21.0, 17.11, 22.78, 12.11, 46.78, 18.11, 9.22, 3.67, 13.89, 19.0, 102.44, 105.22, 38.22, 84.56, 9.56, 22.67, 16.44, 22.0, 10.44, 42.89, 22.11, 7.89, 5.78, 13.44, 21.78, 39.44, 85.11, 8.11, 22.44, 18.22, 25.67, 11.78, 44.67, 22.22, 7.56, 5.33, 12.78, 18.56
36, 2015-01-08, Home, MIA, W, W, -8.5, U, 196, 0, 0, 108.33, 100.67, 40.0, 89.67, 13.22, 32.44, 15.11, 17.78, 10.11, 46.67, 21.89, 8.22, 5.44, 14.89, 20.11, 38.78, 91.89, 6.0, 20.44, 17.11, 22.56, 12.78, 48.67, 18.56, 8.89, 3.67, 13.56, 18.44, 94.33, 97.89, 35.44, 73.78, 6.33, 18.67, 17.11, 23.56, 8.22, 37.11, 19.67, 8.0, 4.67, 14.11, 21.0, 35.78, 78.78, 7.56, 21.78, 18.78, 25.44, 11.89, 38.67, 19.78, 8.67, 4.44, 13.22, 19.56
37, 2015-01-10, Home, ORL, W, L, -14, P, 195, 1, 0, 105.0, 96.67, 39.22, 88.0, 12.67, 31.56, 13.89, 16.89, 10.11, 45.78, 22.0, 7.44, 5.56, 14.11, 19.78, 37.0, 88.33, 5.44, 19.78, 17.22, 23.0, 12.0, 46.67, 17.56, 8.67, 4.0, 12.78, 17.44, 93.44, 98.78, 36.33, 82.22, 7.56, 20.11, 13.22, 18.0, 7.33, 39.56, 21.11, 8.67, 3.56, 12.44, 22.56, 35.56, 79.33, 7.67, 22.0, 20.0, 27.67, 10.22, 46.44, 19.89, 7.11, 5.44, 13.89, 16.89
38, 2015-01-11, Away, LAL, W, W, -5.5, U, 205, 0, 1, 103.78, 97.11, 37.89, 86.44, 12.78, 31.67, 15.22, 18.11, 9.67, 45.56, 21.67, 6.89, 6.11, 14.89, 18.89, 37.78, 89.11, 5.44, 20.44, 16.11, 22.11, 11.67, 46.78, 18.33, 9.0, 3.33, 12.78, 18.67, 98.56, 102.89, 37.11, 84.78, 7.78, 20.22, 16.56, 22.67, 10.67, 45.44, 20.67, 7.22, 4.78, 12.56, 21.33, 38.22, 84.56, 8.33, 22.78, 18.11, 25.11, 10.67, 44.44, 23.33, 7.89, 5.22, 11.67, 18.11
39, 2015-01-14, Home, LAC, L, L, -3.5, U, 209, 0, 0, 105.0, 95.33, 38.67, 87.56, 13.11, 32.11, 14.56, 18.0, 9.78, 46.44, 22.67, 6.44, 5.56, 13.67, 18.33, 37.22, 88.44, 4.78, 18.89, 16.11, 22.0, 11.67, 47.11, 19.11, 7.67, 3.44, 12.44, 18.67, 105.22, 95.78, 38.11, 82.0, 11.33, 29.56, 17.67, 24.0, 8.0, 43.11, 25.44, 7.33, 5.11, 12.11, 18.78, 36.33, 83.78, 8.44, 24.56, 14.67, 21.67, 11.0, 44.11, 24.33, 7.33, 2.33, 12.56, 19.89
40, 2015-01-16, Away, SAS, L, L, 4.5, O, 198, 0, 0, 102.67, 94.11, 38.33, 87.11, 11.89, 31.56, 14.11, 17.56, 10.0, 46.67, 22.67, 6.33, 5.44, 13.44, 18.11, 36.22, 87.0, 5.0, 19.33, 16.67, 22.44, 11.0, 46.11, 19.11, 7.78, 3.11, 12.0, 18.0, 99.56, 97.0, 38.44, 84.56, 8.0, 23.33, 14.67, 20.11, 9.0, 40.33, 24.0, 7.44, 5.22, 13.44, 20.56, 36.33, 81.33, 6.0, 19.44, 18.33, 24.44, 10.33, 43.89, 19.67, 8.22, 4.78, 14.89, 19.78
41, 2015-01-17, Away, MEM, L, L, 2.5, O, 197.5, 1, 1, 100.67, 96.0, 37.78, 85.56, 10.56, 28.89, 14.56, 18.22, 9.22, 44.89, 22.11, 5.89, 5.22, 13.11, 17.33, 36.89, 88.44, 5.89, 21.0, 16.33, 20.67, 11.67, 46.89, 21.11, 7.67, 2.78, 11.33, 18.44, 100.67, 98.89, 39.33, 83.89, 5.33, 16.0, 16.67, 22.22, 10.44, 43.56, 22.56, 9.11, 5.11, 15.11, 18.89, 37.22, 80.11, 8.44, 23.56, 16.0, 20.44, 7.89, 40.56, 21.11, 8.67, 5.67, 15.78, 20.67
42, 2015-01-19, Home, SAC, W, L, -9.5, U, 205.5, 0, 0, 100.33, 98.56, 37.56, 86.89, 10.22, 28.89, 15.0, 18.56, 10.11, 44.0, 21.56, 5.78, 5.0, 12.67, 18.11, 37.78, 86.67, 6.0, 19.67, 17.0, 21.67, 11.22, 47.0, 21.33, 7.44, 3.11, 11.67, 19.0, 99.89, 103.56, 37.22, 83.33, 5.0, 16.56, 20.44, 26.22, 10.89, 45.78, 18.89, 7.0, 3.89, 15.22, 19.33, 40.22, 88.22, 8.0, 24.89, 15.11, 21.22, 10.22, 42.89, 23.22, 8.44, 6.33, 12.33, 22.67
43, 2015-01-21, Away, PHO, L, W, 7.5, O, 211.5, 0, 0, 99.89, 98.22, 37.22, 86.11, 10.11, 28.89, 15.33, 19.44, 9.44, 42.22, 21.56, 7.0, 4.44, 12.56, 18.56, 37.11, 84.11, 6.0, 18.56, 18.0, 23.33, 11.0, 47.44, 21.22, 7.22, 3.44, 12.89, 19.11, 109.89, 103.67, 42.56, 86.89, 8.22, 26.0, 16.56, 21.56, 11.0, 43.44, 20.89, 11.11, 6.11, 16.44, 21.56, 39.33, 87.44, 8.33, 23.0, 16.67, 22.67, 12.67, 43.56, 23.56, 8.78, 4.0, 18.11, 19.67
44, 2015-01-22, Home, BOS, L, L, -7, U, 203.5, 0, 1, 100.56, 98.56, 36.89, 85.44, 10.11, 28.78, 16.67, 21.22, 9.33, 42.22, 21.22, 7.22, 4.11, 12.11, 18.0, 37.56, 85.0, 6.33, 19.67, 17.11, 22.56, 11.11, 47.89, 22.0, 7.44, 3.0, 12.78, 19.78, 98.0, 104.0, 38.0, 89.44, 7.67, 23.0, 14.33, 18.78, 11.78, 42.67, 24.11, 7.33, 4.22, 12.56, 22.33, 37.11, 83.78, 8.33, 22.67, 21.44, 26.33, 13.11, 46.78, 22.33, 7.33, 8.11, 13.89, 17.22
45, 2015-01-24, Home, WAS, W, W, 3.5, O, 195, 0, 0, 99.56, 98.11, 36.89, 86.11, 9.89, 29.0, 15.89, 20.67, 9.67, 42.22, 21.0, 7.33, 4.33, 12.22, 18.11, 37.78, 84.89, 6.67, 20.22, 15.89, 21.11, 11.0, 47.67, 22.33, 7.78, 3.56, 13.44, 19.67, 99.0, 95.78, 38.56, 80.22, 6.11, 17.11, 15.78, 21.22, 10.44, 46.56, 24.89, 6.67, 5.22, 15.67, 18.67, 35.67, 86.56, 8.78, 24.56, 15.67, 21.11, 10.0, 40.22, 20.78, 9.0, 3.67, 11.56, 18.56
46, 2015-01-28, Away, CLE, L, L, 2.5, U, 203, 1, 0, 100.0, 99.56, 36.33, 85.22, 10.44, 29.44, 16.89, 21.22, 8.89, 41.56, 21.33, 7.67, 3.78, 12.78, 17.33, 39.0, 85.44, 6.89, 20.33, 14.67, 19.33, 10.11, 47.56, 23.33, 8.0, 3.11, 13.78, 20.33, 108.11, 100.22, 39.56, 84.0, 10.67, 28.89, 18.33, 24.78, 12.89, 46.11, 20.0, 7.44, 4.22, 13.0, 18.67, 37.44, 84.33, 7.44, 22.0, 17.89, 24.22, 11.78, 41.56, 22.78, 6.78, 4.11, 11.22, 19.78
47, 2015-01-30, Away, ATL, L, L, 5, O, 203.5, 0, 0, 99.0, 100.33, 36.22, 85.67, 10.44, 30.0, 16.11, 20.22, 9.44, 41.11, 20.89, 7.56, 3.44, 11.44, 17.67, 38.67, 84.67, 8.22, 22.11, 14.78, 19.11, 9.78, 47.22, 22.67, 7.22, 3.22, 12.89, 19.56, 106.44, 92.67, 39.89, 80.0, 11.0, 27.33, 15.67, 19.67, 8.67, 40.0, 29.44, 8.22, 4.56, 13.0, 17.56, 34.33, 80.67, 8.22, 26.11, 15.78, 21.0, 11.44, 40.44, 22.11, 6.56, 3.78, 14.67, 19.33
48, 2015-01-31, Away, MIL, L, L, -2, U, 197.5, 0, 1, 98.22, 101.56, 36.0, 85.78, 10.22, 29.89, 16.0, 19.56, 9.78, 41.44, 20.56, 7.78, 3.78, 12.11, 17.89, 39.11, 85.0, 8.67, 22.22, 14.67, 19.44, 9.78, 46.89, 22.33, 8.33, 3.22, 12.89, 19.0, 98.67, 93.33, 38.11, 79.67, 8.11, 17.11, 14.33, 19.56, 10.44, 40.22, 26.0, 11.0, 5.33, 15.56, 22.44, 33.78, 80.22, 6.78, 22.33, 19.0, 24.89, 13.44, 43.67, 20.0, 8.22, 3.89, 17.56, 19.0
49, 2015-02-03, Home, UTA, W, L, -8.5, O, 194, 0, 0, 97.56, 101.0, 35.78, 86.0, 10.56, 30.44, 15.44, 19.33, 9.78, 41.0, 20.22, 8.44, 4.0, 12.56, 17.56, 39.11, 84.33, 8.67, 22.0, 14.11, 18.89, 10.0, 47.56, 22.56, 8.67, 3.89, 14.0, 18.67, 95.33, 95.67, 36.0, 82.33, 8.89, 24.11, 14.44, 19.67, 12.44, 44.33, 21.0, 8.11, 6.44, 14.11, 18.56, 36.33, 80.0, 7.11, 19.22, 15.89, 21.0, 9.89, 39.0, 20.11, 9.22, 5.0, 12.78, 16.33
50, 2015-02-05, Home, PHO, W, W, -5, U, 211.5, 0, 0, 98.33, 100.11, 35.67, 86.22, 10.67, 30.89, 16.33, 20.89, 10.89, 42.44, 20.0, 8.67, 4.0, 12.33, 18.11, 38.78, 83.33, 8.11, 20.22, 14.44, 19.89, 9.89, 46.67, 20.78, 8.22, 3.89, 13.78, 19.22, 105.22, 104.89, 40.89, 87.67, 8.78, 25.11, 14.67, 19.78, 10.89, 43.67, 20.89, 8.89, 5.0, 13.89, 20.67, 39.0, 85.44, 8.44, 22.22, 18.44, 25.89, 12.0, 45.11, 22.44, 7.56, 4.33, 13.89, 18.22
51, 2015-02-07, Away, DAL, L, L, 2.5, O, 207, 0, 0, 99.44, 98.44, 36.11, 85.89, 10.11, 30.33, 17.11, 21.78, 10.67, 44.33, 20.11, 8.67, 4.22, 13.11, 17.22, 38.22, 84.56, 7.89, 21.11, 14.11, 19.11, 9.89, 45.78, 20.67, 9.0, 3.67, 14.0, 19.56, 100.44, 98.22, 38.44, 84.11, 9.78, 26.44, 13.78, 18.56, 10.0, 40.78, 22.0, 9.11, 5.56, 12.67, 17.78, 36.22, 81.89, 9.22, 23.78, 16.56, 20.78, 11.89, 44.67, 21.33, 8.0, 4.0, 15.0, 20.22
52, 2015-02-08, Away, HOU, W, W, 4.5, O, 206.5, 0, 1, 99.78, 100.33, 36.33, 86.0, 10.0, 29.89, 17.11, 21.56, 11.56, 46.89, 20.44, 8.11, 4.33, 14.11, 17.22, 39.22, 87.78, 9.0, 23.78, 12.89, 17.56, 10.89, 46.0, 21.56, 9.33, 3.89, 13.33, 19.33, 105.11, 102.0, 38.0, 84.67, 11.56, 32.22, 17.56, 23.44, 10.67, 43.22, 23.44, 9.89, 4.67, 14.89, 20.78, 39.0, 87.89, 7.67, 23.89, 16.33, 22.22, 13.11, 47.22, 21.22, 8.0, 5.0, 15.44, 19.44
53, 2015-02-11, Home, LAL, W, W, -13.5, U, 196, 1, 0, 99.33, 98.11, 36.44, 84.78, 9.56, 29.56, 16.89, 21.0, 10.89, 46.33, 20.33, 8.11, 4.44, 13.78, 17.33, 37.44, 86.67, 9.44, 24.67, 13.78, 18.67, 11.33, 44.89, 21.56, 8.89, 3.89, 13.11, 19.67, 96.67, 105.33, 37.44, 89.56, 6.0, 18.44, 15.78, 21.44, 13.67, 46.22, 21.11, 6.44, 4.22, 12.67, 20.0, 40.11, 84.78, 8.67, 24.56, 16.44, 22.11, 9.44, 44.78, 23.44, 8.44, 5.22, 12.33, 19.0
54, 2015-02-20, Away, UTA, L, L, -4.5, U, 191, 0, 0, 100.78, 97.67, 36.67, 84.44, 9.67, 29.78, 17.78, 21.44, 11.11, 47.11, 21.56, 7.78, 4.33, 13.78, 17.11, 36.89, 87.33, 9.44, 24.33, 14.44, 19.11, 11.78, 45.0, 20.89, 8.44, 3.89, 12.44, 20.11, 95.33, 96.56, 37.0, 83.78, 7.56, 22.0, 13.78, 21.56, 13.44, 45.22, 19.44, 7.67, 6.11, 11.89, 20.56, 34.56, 79.11, 8.67, 22.0, 18.78, 24.67, 10.56, 40.0, 18.78, 7.44, 5.67, 11.89, 18.89
55, 2015-02-22, Home, MEM, L, L, -1.5, U, 193, 0, 0, 97.78, 97.22, 35.67, 82.78, 8.67, 28.78, 17.78, 21.67, 10.56, 46.33, 20.44, 7.44, 4.78, 13.89, 17.0, 36.56, 87.44, 10.0, 25.44, 14.11, 19.44, 13.0, 45.78, 20.22, 8.78, 4.33, 12.0, 20.33, 95.78, 88.11, 36.56, 83.22, 4.22, 14.22, 18.44, 24.0, 12.33, 45.22, 20.11, 9.33, 4.11, 12.22, 17.22, 34.33, 80.56, 6.11, 21.11, 13.33, 16.89, 10.0, 42.44, 17.67, 7.22, 4.56, 15.56, 20.67
56, 2015-02-25, Home, SAS, W, W, -2.5, O, 195, 0, 0, 97.56, 97.11, 35.44, 83.0, 9.0, 29.0, 17.67, 21.56, 10.22, 47.11, 21.11, 7.33, 4.67, 14.67, 16.44, 37.44, 87.89, 8.67, 22.33, 13.56, 18.89, 12.33, 45.56, 20.67, 9.89, 4.67, 11.78, 20.33, 96.56, 97.67, 37.33, 84.0, 8.78, 26.33, 13.11, 17.67, 10.33, 42.78, 24.89, 8.33, 4.78, 14.33, 18.56, 37.33, 82.44, 8.11, 20.11, 14.89, 20.89, 9.56, 44.22, 22.0, 8.67, 4.67, 12.89, 17.44
57, 2015-02-27, Home, OKC, W, L, -6, O, 206.5, 1, 0, 98.89, 96.0, 35.89, 82.78, 9.22, 28.56, 17.89, 22.0, 10.56, 47.0, 21.11, 7.56, 4.78, 14.22, 16.0, 37.11, 88.0, 8.33, 22.11, 13.44, 18.0, 12.67, 45.0, 20.0, 9.44, 4.78, 11.78, 20.22, 113.78, 102.44, 41.44, 90.56, 8.0, 21.78, 22.89, 27.67, 14.33, 52.33, 22.78, 7.67, 6.33, 13.67, 21.0, 38.89, 90.22, 8.33, 24.67, 16.33, 21.67, 11.33, 41.89, 21.89, 8.11, 4.78, 13.0, 21.33
58, 2015-03-01, Away, SAC, W, W, -8, O, 206, 0, 0, 101.89, 97.89, 36.56, 82.78, 9.33, 28.0, 19.44, 23.44, 10.67, 46.89, 21.22, 7.11, 4.89, 13.44, 15.89, 38.0, 89.33, 7.89, 21.33, 14.0, 18.89, 13.11, 44.67, 20.22, 8.67, 4.33, 11.11, 20.67, 94.22, 102.78, 34.78, 80.56, 4.33, 15.33, 20.33, 28.11, 11.67, 47.89, 19.78, 4.67, 5.11, 17.0, 19.33, 39.22, 88.89, 7.56, 23.56, 16.78, 22.22, 11.33, 42.89, 23.0, 9.56, 5.67, 10.33, 22.89
59, 2015-03-04, Away, LAC, W, W, 1, U, 205, 0, 0, 102.67, 97.56, 37.11, 83.56, 9.67, 28.11, 18.78, 21.89, 10.56, 46.67, 21.33, 6.78, 4.56, 13.78, 15.89, 38.0, 89.44, 7.56, 21.22, 14.0, 18.56, 12.33, 43.78, 20.89, 8.67, 4.11, 11.33, 20.11, 107.22, 97.44, 40.11, 85.78, 9.22, 27.56, 17.78, 28.44, 10.89, 48.11, 22.33, 7.67, 6.67, 11.33, 22.89, 33.89, 85.0, 8.0, 26.11, 21.67, 28.56, 11.44, 45.33, 23.11, 5.44, 4.44, 13.0, 23.0
60, 2015-03-05, Home, DAL, W, W, -3, U, 198, 0, 1, 101.56, 98.22, 36.44, 83.22, 9.67, 28.22, 19.0, 22.56, 10.22, 47.11, 21.11, 6.33, 4.22, 13.89, 16.67, 38.33, 90.33, 8.11, 22.11, 13.44, 18.67, 12.11, 44.78, 21.44, 8.11, 4.33, 10.56, 20.67, 95.44, 97.22, 35.44, 82.0, 7.89, 25.0, 16.67, 20.67, 10.11, 42.44, 18.89, 8.22, 3.67, 13.67, 18.44, 36.67, 84.44, 9.67, 26.56, 14.22, 20.11, 13.11, 47.11, 20.44, 7.67, 3.89, 15.22, 20.56
61, 2015-03-07, Away, MIN, L, L, -5, O, 198, 0, 0, 100.78, 94.22, 36.11, 82.44, 9.33, 27.11, 19.22, 22.22, 9.22, 46.89, 20.67, 5.89, 4.33, 13.22, 16.0, 37.22, 88.44, 6.78, 19.89, 13.0, 17.78, 10.56, 43.22, 21.0, 8.0, 3.89, 10.33, 20.22, 98.0, 101.89, 35.11, 85.33, 4.33, 15.78, 23.44, 30.22, 14.11, 48.0, 20.22, 7.89, 4.0, 13.78, 19.56, 39.67, 87.78, 8.11, 24.0, 14.44, 19.56, 13.33, 46.89, 23.89, 8.0, 5.56, 14.44, 24.11
62, 2015-03-11, Home, HOU, W, W, -2.5, U, 206, 0, 0, 101.22, 96.78, 36.44, 83.78, 9.89, 26.89, 18.44, 21.56, 9.78, 46.56, 20.44, 5.33, 4.11, 13.11, 16.44, 38.89, 88.78, 5.78, 16.78, 13.22, 17.44, 10.0, 43.78, 21.22, 8.0, 4.11, 9.78, 19.22, 104.56, 98.11, 38.0, 86.33, 10.67, 33.11, 17.89, 24.0, 11.67, 46.11, 24.56, 9.44, 6.11, 16.11, 20.78, 36.67, 89.67, 7.0, 25.44, 17.78, 22.33, 13.33, 47.11, 19.56, 9.78, 4.78, 15.89, 21.78
63, 2015-03-13, Home, DET, W, W, -8, O, 195.5, 0, 0, 101.56, 98.33, 37.22, 84.44, 9.89, 27.22, 17.22, 20.56, 9.89, 47.44, 20.22, 5.33, 3.78, 14.11, 17.22, 39.33, 88.56, 6.22, 18.44, 13.44, 18.78, 9.78, 42.89, 21.67, 8.89, 4.11, 9.89, 18.44, 96.78, 100.89, 37.22, 90.33, 6.78, 24.11, 15.56, 22.0, 14.67, 47.33, 20.22, 7.56, 4.89, 13.56, 20.44, 38.33, 85.33, 6.33, 20.22, 17.89, 21.78, 10.78, 45.78, 24.89, 7.22, 5.33, 13.11, 19.67
64, 2015-03-15, Away, TOR, W, W, 1.5, O, 204.5, 0, 0, 106.22, 99.11, 39.44, 85.33, 10.67, 27.11, 16.67, 20.0, 10.33, 48.11, 22.0, 5.0, 3.44, 13.78, 17.11, 39.78, 89.44, 5.89, 18.44, 13.67, 18.22, 9.56, 41.56, 22.22, 8.22, 3.56, 9.67, 17.67, 101.33, 106.44, 38.11, 85.11, 8.89, 25.89, 16.22, 20.11, 9.56, 38.11, 20.67, 7.67, 4.22, 11.67, 21.22, 39.11, 80.89, 8.67, 22.67, 19.56, 25.22, 9.78, 44.0, 25.44, 8.0, 5.11, 14.44, 17.44
65, 2015-03-16, Away, WAS, L, L, 1, O, 198, 0, 1, 108.56, 99.0, 40.78, 85.78, 10.67, 26.67, 16.33, 20.0, 10.22, 47.11, 22.33, 5.22, 3.56, 13.22, 17.11, 39.22, 88.22, 6.11, 19.44, 14.44, 19.33, 9.67, 41.33, 22.22, 7.33, 3.44, 10.67, 18.44, 94.22, 91.0, 36.78, 83.44, 6.56, 20.56, 14.11, 18.56, 10.67, 44.44, 22.44, 8.56, 4.78, 14.0, 22.11, 33.11, 78.78, 7.33, 23.11, 17.44, 25.0, 10.22, 43.11, 19.33, 6.56, 4.33, 16.22, 18.56
66, 2015-03-18, Away, MIA, L, L, -2.5, O, 202, 0, 0, 107.0, 100.11, 40.0, 86.22, 10.11, 26.89, 16.89, 20.56, 10.44, 47.44, 21.67, 4.44, 3.44, 12.89, 17.44, 39.67, 87.89, 6.0, 18.44, 14.78, 20.67, 9.22, 42.0, 22.78, 7.0, 3.33, 9.89, 18.56, 101.0, 98.33, 36.44, 78.44, 5.89, 20.33, 22.22, 29.33, 8.89, 42.0, 19.22, 10.0, 4.33, 15.22, 21.22, 35.33, 81.44, 8.44, 25.56, 19.22, 25.67, 10.78, 41.44, 20.89, 8.67, 3.22, 16.33, 23.78
67, 2015-03-20, Away, ORL, L, L, -8.5, O, 200, 0, 0, 105.78, 99.67, 40.22, 85.33, 10.11, 26.89, 15.22, 19.44, 10.56, 47.67, 21.89, 4.0, 3.22, 13.56, 17.56, 39.78, 87.11, 6.33, 18.0, 13.78, 19.78, 8.67, 40.67, 22.44, 7.22, 3.67, 9.56, 18.0, 99.0, 107.11, 38.78, 86.67, 7.67, 21.11, 13.78, 19.56, 12.56, 43.11, 21.89, 10.33, 5.0, 14.33, 20.11, 39.33, 81.89, 12.22, 28.11, 16.22, 22.11, 11.22, 43.67, 25.67, 7.56, 5.11, 16.44, 17.78
68, 2015-03-21, Away, MEM, L, L, 3, U, 192.5, 1, 1, 105.11, 101.0, 39.89, 85.0, 9.78, 26.89, 15.56, 19.89, 10.56, 47.78, 21.22, 3.89, 3.11, 13.11, 17.44, 40.22, 88.0, 6.56, 18.0, 14.0, 19.89, 9.89, 42.56, 22.22, 7.33, 3.56, 9.0, 18.44, 95.67, 94.22, 35.78, 78.67, 5.33, 14.56, 18.78, 23.89, 10.11, 41.78, 21.33, 10.0, 3.67, 15.44, 20.0, 35.78, 80.11, 7.67, 21.44, 15.0, 21.11, 8.78, 40.0, 20.89, 8.11, 5.56, 14.11, 20.44
69, 2015-03-24, Home, GSW, L, L, 7, O, 204.5, 1, 0, 103.78, 101.44, 39.78, 83.78, 9.56, 25.78, 14.67, 18.33, 10.0, 45.89, 20.78, 4.22, 3.0, 13.33, 17.0, 40.22, 87.22, 6.56, 16.56, 14.44, 19.67, 10.11, 41.89, 21.78, 7.78, 3.22, 9.11, 17.33, 108.67, 94.33, 40.89, 86.44, 10.44, 25.67, 16.44, 20.44, 10.11, 43.22, 28.11, 9.67, 6.56, 12.78, 18.56, 34.67, 84.0, 7.22, 17.44, 17.78, 23.11, 11.67, 43.67, 20.33, 7.33, 3.89, 15.33, 18.11
70, 2015-03-25, Away, UTA, W, W, 2, O, 180.5, 0, 1, 105.33, 106.67, 40.33, 84.89, 10.44, 27.11, 14.22, 18.11, 10.44, 43.56, 21.11, 4.44, 2.67, 12.67, 16.89, 42.11, 86.67, 7.67, 17.67, 14.78, 20.0, 10.11, 42.44, 24.0, 7.11, 3.44, 9.11, 17.56, 92.44, 87.22, 33.67, 76.11, 8.89, 23.11, 16.22, 24.11, 12.11, 44.33, 19.89, 7.33, 6.44, 13.56, 18.0, 33.0, 76.89, 6.89, 17.89, 14.33, 20.33, 8.67, 38.11, 18.22, 7.67, 3.22, 13.11, 19.33
71, 2015-03-27, Away, PHO, W, W, -1, U, 201, 0, 0, 103.0, 103.11, 39.33, 84.11, 9.67, 27.11, 14.67, 18.44, 10.67, 44.56, 21.22, 4.56, 2.89, 13.11, 16.33, 40.89, 86.11, 7.67, 18.67, 13.67, 19.11, 10.22, 42.22, 22.44, 7.56, 3.33, 9.44, 18.11, 93.56, 93.67, 36.56, 83.33, 6.33, 20.78, 14.11, 20.89, 12.22, 46.89, 18.89, 8.33, 4.44, 15.22, 18.56, 35.78, 82.44, 7.0, 20.89, 15.11, 19.67, 9.11, 40.56, 21.89, 7.78, 3.56, 13.78, 19.78
72, 2015-03-28, Home, DEN, W, L, -9, O, 206.5, 1, 1, 101.0, 101.0, 38.67, 83.78, 9.33, 26.33, 14.33, 18.89, 10.56, 43.89, 20.11, 4.44, 3.11, 12.44, 16.33, 40.22, 85.67, 7.11, 17.44, 13.44, 17.89, 10.11, 43.11, 21.67, 6.78, 2.89, 9.67, 18.44, 104.22, 102.67, 38.67, 85.89, 10.22, 26.78, 16.67, 24.0, 11.22, 44.56, 22.22, 8.89, 5.0, 15.0, 22.11, 37.78, 85.11, 7.44, 22.33, 19.67, 25.22, 12.22, 45.11, 22.89, 8.56, 7.33, 15.67, 20.22
73, 2015-03-30, Home, PHO, W, W, -8.5, U, 199, 1, 0, 101.22, 102.67, 38.89, 84.33, 9.0, 26.0, 14.44, 19.0, 10.67, 44.11, 20.22, 5.11, 3.44, 13.11, 17.0, 40.44, 85.78, 7.33, 17.33, 14.44, 19.0, 10.11, 43.44, 21.78, 7.56, 2.78, 10.22, 19.11, 95.67, 94.67, 37.67, 84.22, 6.11, 21.44, 14.22, 20.78, 12.22, 47.78, 19.33, 8.0, 4.44, 15.56, 18.56, 36.89, 84.33, 6.56, 21.0, 14.33, 19.89, 9.67, 41.44, 21.0, 7.44, 3.44, 13.33, 20.11
74, 2015-04-01, Home, LAC, L, L, -3, O, 209, 1, 0, 100.78, 101.44, 38.78, 84.33, 8.89, 25.78, 14.33, 18.33, 10.89, 45.22, 20.11, 5.11, 3.44, 13.56, 16.44, 40.56, 86.78, 7.11, 17.11, 13.22, 17.56, 10.0, 43.0, 21.56, 7.67, 2.67, 9.89, 17.89, 109.78, 98.89, 40.89, 83.33, 11.0, 27.11, 17.0, 25.22, 9.33, 45.22, 26.56, 7.11, 5.89, 13.44, 22.56, 35.44, 83.44, 7.22, 23.11, 20.78, 26.56, 8.89, 40.44, 21.22, 7.33, 2.11, 12.67, 21.33
75, 2015-04-03, Away, LAL, W, W, -10.5, U, 203.5, 0, 0, 103.56, 103.78, 39.78, 84.33, 9.44, 25.44, 14.56, 18.89, 10.78, 44.67, 20.78, 5.33, 3.44, 13.33, 16.44, 41.11, 87.22, 8.0, 18.89, 13.56, 17.33, 10.11, 42.67, 22.11, 7.78, 2.56, 9.89, 18.33, 98.22, 102.89, 37.78, 84.44, 6.22, 17.44, 16.44, 21.78, 11.44, 42.78, 21.78, 7.33, 5.11, 12.89, 19.78, 37.67, 81.67, 8.44, 23.78, 19.11, 25.44, 9.67, 41.67, 24.89, 8.78, 5.11, 12.0, 18.33
76, 2015-04-04, Home, NOP, W, W, -5.5, U, 193, 1, 1, 103.89, 100.33, 40.0, 85.11, 9.44, 25.44, 14.44, 17.78, 10.0, 45.56, 20.67, 5.78, 3.89, 12.56, 16.33, 39.44, 86.67, 7.78, 19.33, 13.67, 17.67, 9.89, 43.56, 21.22, 7.44, 2.44, 10.22, 17.44, 96.89, 92.78, 36.56, 79.67, 8.78, 20.0, 15.0, 21.22, 10.33, 43.0, 23.67, 5.89, 6.22, 13.0, 18.56, 36.44, 82.67, 4.89, 18.44, 15.0, 20.89, 11.44, 42.44, 20.89, 5.89, 5.89, 11.78, 18.78
77, 2015-04-06, Away, BRK, L, L, 6, U, 203.5, 0, 0, 103.33, 98.0, 39.78, 85.56, 9.33, 24.56, 14.44, 17.67, 10.78, 46.33, 21.11, 5.78, 4.0, 12.22, 15.22, 39.0, 85.67, 8.0, 19.78, 12.0, 16.11, 8.89, 41.89, 20.78, 7.33, 2.89, 10.44, 17.0, 104.67, 105.56, 40.56, 84.11, 6.67, 18.56, 16.89, 21.33, 9.11, 41.78, 22.89, 7.11, 4.11, 10.78, 16.56, 41.33, 85.78, 8.78, 23.33, 14.11, 18.22, 8.89, 41.22, 24.33, 6.67, 4.0, 11.67, 18.67
78, 2015-04-08, Home, MIN, W, W, -16.5, U, 207.5, 1, 0, 104.44, 99.0, 40.44, 86.78, 9.89, 25.0, 13.67, 17.0, 11.44, 47.0, 21.33, 5.56, 4.0, 11.67, 15.67, 39.44, 85.89, 7.44, 19.33, 12.67, 16.89, 9.0, 42.0, 21.22, 6.89, 3.33, 10.0, 16.44, 97.67, 108.22, 35.89, 76.78, 5.33, 15.33, 20.56, 25.33, 7.78, 34.56, 20.67, 6.67, 3.78, 15.33, 17.56, 41.33, 84.0, 9.44, 26.33, 16.11, 22.0, 13.67, 43.89, 24.11, 9.11, 5.56, 14.22, 20.78
79, 2015-04-09, Away, GSW, L, L, 10.5, O, 210.5, 0, 1, 105.33, 95.56, 40.78, 86.0, 9.56, 24.89, 14.22, 17.44, 11.44, 49.0, 21.56, 5.44, 4.0, 12.22, 16.67, 37.44, 86.11, 6.44, 17.67, 14.22, 18.89, 9.44, 40.78, 18.89, 7.78, 3.0, 9.78, 16.33, 108.44, 99.44, 41.67, 89.89, 11.44, 27.56, 13.67, 18.44, 12.11, 48.11, 27.78, 7.67, 5.33, 13.0, 20.33, 36.11, 83.78, 6.11, 18.89, 21.11, 27.78, 9.22, 42.11, 21.22, 7.67, 4.0, 13.0, 17.33
80, 2015-04-11, Home, UTA, L, L, -10, O, 183, 1, 0, 106.78, 98.56, 42.11, 87.89, 9.56, 24.56, 13.0, 16.11, 11.44, 48.56, 22.56, 5.67, 4.0, 11.67, 16.0, 38.89, 87.22, 7.33, 18.78, 13.44, 17.33, 9.22, 40.89, 20.56, 7.22, 3.33, 10.22, 15.44, 94.78, 90.89, 34.56, 78.89, 8.11, 25.22, 17.56, 24.44, 12.89, 44.78, 17.78, 8.89, 5.56, 14.0, 21.89, 33.56, 77.78, 6.78, 19.56, 17.0, 23.78, 9.0, 38.78, 18.11, 7.78, 3.78, 14.11, 21.0
81, 2015-04-13, Away, OKC, L, L, 8, U, 217, 1, 0, 108.78, 101.89, 42.67, 87.67, 9.44, 25.0, 14.0, 16.56, 10.78, 46.89, 23.33, 6.44, 4.0, 11.56, 16.78, 39.33, 86.33, 7.33, 18.44, 15.89, 20.67, 9.67, 40.89, 21.22, 7.67, 3.67, 10.56, 15.22, 103.56, 111.44, 38.56, 88.67, 8.89, 24.0, 17.56, 26.33, 12.89, 45.11, 17.89, 6.89, 2.89, 13.0, 22.67, 42.0, 83.89, 7.67, 22.67, 19.78, 28.44, 10.44, 44.44, 22.56, 8.22, 4.89, 12.33, 22.22
82, 2015-04-15, Away, DAL, L, L, 6.5, O, 208, 0, 0, 105.44, 100.44, 41.56, 87.44, 9.44, 25.56, 12.89, 15.56, 10.22, 45.78, 22.56, 5.67, 3.89, 11.11, 17.11, 38.89, 86.78, 6.78, 18.11, 15.89, 21.22, 10.44, 43.0, 20.11, 7.22, 4.22, 10.22, 15.11, 109.33, 113.56, 42.11, 88.33, 6.56, 19.78, 18.56, 25.33, 10.22, 42.89, 23.67, 6.22, 4.11, 13.11, 22.44, 40.56, 88.0, 11.22, 29.0, 21.22, 27.89, 13.22, 48.0, 24.56, 7.67, 3.67, 13.78, 24.0
