10, 2013-11-15, Away, DEN, L, L, -2, O, 209.5, 0, 974.0, 897.0, 348.0, 797.0, 75.0, 207.0, 203.0, 249.0, 107.0, 410.0, 230.0, 86.0, 32.0, 133.0, 165.0, 356.0, 790.0, 68.0, 206.0, 117.0, 163.0, 108.0, 409.0, 196.0, 71.0, 56.0, 159.0, 208.0
11, 2013-11-16, Home, BOS, W, W, -9.5, U, 202.5, 1, 967.0, 899.0, 352.0, 791.0, 73.0, 204.0, 190.0, 234.0, 104.0, 403.0, 225.0, 89.0, 31.0, 135.0, 168.0, 356.0, 787.0, 65.0, 199.0, 122.0, 166.0, 108.0, 401.0, 203.0, 71.0, 59.0, 156.0, 196.0
12, 2013-11-19, Away, WAS, L, L, -3.5, U, 206.5, 0, 973.0, 906.0, 359.0, 808.0, 72.0, 207.0, 183.0, 223.0, 111.0, 409.0, 223.0, 88.0, 32.0, 133.0, 164.0, 361.0, 790.0, 63.0, 186.0, 121.0, 165.0, 109.0, 409.0, 201.0, 72.0, 61.0, 156.0, 189.0
13, 2013-11-20, Home, LAC, L, L, -2, U, 213, 1, 964.0, 910.0, 361.0, 814.0, 72.0, 208.0, 170.0, 209.0, 113.0, 408.0, 222.0, 85.0, 35.0, 134.0, 165.0, 362.0, 786.0, 61.0, 169.0, 125.0, 167.0, 102.0, 401.0, 211.0, 75.0, 63.0, 151.0, 187.0
14, 2013-11-22, Home, BRK, W, W, -9, U, 202, 0, 970.0, 919.0, 361.0, 810.0, 72.0, 202.0, 176.0, 216.0, 111.0, 410.0, 225.0, 79.0, 32.0, 131.0, 167.0, 363.0, 782.0, 68.0, 177.0, 125.0, 172.0, 97.0, 395.0, 213.0, 73.0, 56.0, 147.0, 188.0
15, 2013-11-23, Away, HOU, L, L, 6, U, 214.5, 1, 988.0, 894.0, 367.0, 817.0, 79.0, 222.0, 175.0, 212.0, 118.0, 417.0, 231.0, 83.0, 35.0, 120.0, 167.0, 352.0, 776.0, 65.0, 173.0, 125.0, 172.0, 98.0, 393.0, 197.0, 66.0, 47.0, 146.0, 177.0
16, 2013-11-25, Away, IND, L, L, 7, U, 196.5, 0, 973.0, 898.0, 366.0, 828.0, 79.0, 228.0, 162.0, 199.0, 120.0, 417.0, 222.0, 88.0, 34.0, 116.0, 165.0, 349.0, 765.0, 72.0, 182.0, 128.0, 173.0, 95.0, 407.0, 202.0, 63.0, 49.0, 152.0, 172.0
17, 2013-11-27, Home, DEN, L, L, -7, O, 213.5, 0, 944.0, 906.0, 351.0, 826.0, 72.0, 227.0, 170.0, 208.0, 122.0, 410.0, 208.0, 83.0, 30.0, 114.0, 168.0, 354.0, 753.0, 70.0, 171.0, 128.0, 172.0, 86.0, 406.0, 197.0, 68.0, 46.0, 154.0, 180.0
18, 2013-11-30, Away, DAL, W, W, -2, O, 208.5, 0, 947.0, 914.0, 351.0, 818.0, 66.0, 218.0, 179.0, 218.0, 121.0, 411.0, 200.0, 81.0, 31.0, 118.0, 163.0, 355.0, 761.0, 74.0, 171.0, 130.0, 169.0, 89.0, 399.0, 189.0, 70.0, 49.0, 152.0, 188.0
19, 2013-12-01, Away, OKC, L, L, 8.5, O, 208, 1, 935.0, 925.0, 346.0, 815.0, 66.0, 222.0, 177.0, 222.0, 127.0, 406.0, 190.0, 81.0, 30.0, 123.0, 152.0, 364.0, 766.0, 76.0, 179.0, 121.0, 159.0, 92.0, 399.0, 200.0, 75.0, 52.0, 152.0, 196.0
20, 2013-12-07, Home, MIA, L, L, 6.5, U, 203, 0, 925.0, 921.0, 337.0, 810.0, 69.0, 229.0, 182.0, 229.0, 131.0, 410.0, 190.0, 83.0, 30.0, 119.0, 144.0, 366.0, 756.0, 78.0, 178.0, 111.0, 147.0, 86.0, 396.0, 198.0, 76.0, 53.0, 152.0, 201.0
21, 2013-12-10, Away, DET, W, W, -1, O, 205.5, 0, 901.0, 936.0, 321.0, 798.0, 67.0, 228.0, 192.0, 246.0, 132.0, 405.0, 184.0, 81.0, 28.0, 124.0, 142.0, 375.0, 748.0, 77.0, 178.0, 109.0, 148.0, 78.0, 390.0, 207.0, 81.0, 53.0, 151.0, 208.0
22, 2013-12-11, Home, PHI, W, L, -12.5, U, 210.5, 1, 922.0, 926.0, 325.0, 798.0, 68.0, 224.0, 204.0, 255.0, 134.0, 409.0, 193.0, 87.0, 24.0, 123.0, 141.0, 373.0, 746.0, 78.0, 191.0, 102.0, 149.0, 82.0, 388.0, 198.0, 75.0, 53.0, 160.0, 208.0
23, 2013-12-13, Away, SAS, L, W, 8.5, O, 208, 0, 930.0, 923.0, 328.0, 804.0, 70.0, 222.0, 204.0, 253.0, 141.0, 409.0, 192.0, 86.0, 24.0, 122.0, 139.0, 372.0, 739.0, 75.0, 187.0, 104.0, 147.0, 81.0, 382.0, 196.0, 74.0, 55.0, 167.0, 208.0
24, 2013-12-15, Away, MEM, W, W, -3.5, U, 196.5, 0, 929.0, 959.0, 326.0, 795.0, 70.0, 209.0, 207.0, 256.0, 134.0, 403.0, 186.0, 85.0, 22.0, 126.0, 132.0, 389.0, 748.0, 80.0, 193.0, 101.0, 140.0, 78.0, 377.0, 221.0, 77.0, 60.0, 160.0, 208.0
25, 2013-12-16, Away, BOS, L, L, -1.5, U, 200, 1, 929.0, 940.0, 321.0, 774.0, 74.0, 209.0, 213.0, 264.0, 126.0, 403.0, 191.0, 79.0, 22.0, 125.0, 136.0, 385.0, 752.0, 68.0, 177.0, 102.0, 144.0, 80.0, 370.0, 212.0, 76.0, 53.0, 146.0, 212.0
26, 2013-12-18, Home, POR, W, W, -3, O, 213.5, 0, 942.0, 943.0, 329.0, 784.0, 79.0, 219.0, 205.0, 262.0, 131.0, 408.0, 198.0, 76.0, 21.0, 113.0, 138.0, 383.0, 758.0, 67.0, 183.0, 110.0, 150.0, 87.0, 375.0, 212.0, 66.0, 51.0, 138.0, 213.0
27, 2013-12-20, Away, LAL, L, L, -6, U, 210.5, 0, 952.0, 935.0, 335.0, 789.0, 81.0, 218.0, 201.0, 260.0, 128.0, 415.0, 206.0, 79.0, 19.0, 107.0, 137.0, 378.0, 764.0, 73.0, 207.0, 106.0, 144.0, 88.0, 384.0, 209.0, 60.0, 50.0, 139.0, 215.0
28, 2013-12-22, Away, LAC, L, W, 5, O, 211.5, 0, 931.0, 933.0, 328.0, 805.0, 75.0, 214.0, 200.0, 255.0, 136.0, 420.0, 203.0, 84.0, 17.0, 109.0, 144.0, 375.0, 750.0, 73.0, 202.0, 110.0, 148.0, 82.0, 390.0, 207.0, 58.0, 55.0, 147.0, 208.0
29, 2013-12-27, Home, WAS, W, W, -6, O, 207.5, 0, 944.0, 940.0, 336.0, 812.0, 72.0, 207.0, 200.0, 256.0, 140.0, 428.0, 208.0, 76.0, 18.0, 116.0, 153.0, 372.0, 760.0, 71.0, 212.0, 125.0, 166.0, 90.0, 392.0, 205.0, 64.0, 46.0, 145.0, 209.0
30, 2013-12-28, Away, MIL, W, W, -7.5, O, 203.5, 1, 982.0, 935.0, 354.0, 815.0, 72.0, 200.0, 202.0, 255.0, 137.0, 427.0, 215.0, 75.0, 19.0, 102.0, 150.0, 367.0, 765.0, 75.0, 215.0, 126.0, 164.0, 92.0, 383.0, 200.0, 56.0, 39.0, 137.0, 206.0
31, 2013-12-30, Home, DAL, L, L, -4, U, 212.5, 0, 978.0, 936.0, 356.0, 820.0, 72.0, 200.0, 194.0, 251.0, 142.0, 433.0, 217.0, 77.0, 21.0, 108.0, 149.0, 368.0, 771.0, 72.0, 209.0, 128.0, 165.0, 97.0, 387.0, 203.0, 64.0, 40.0, 137.0, 202.0
32, 2014-01-01, Home, NOP, W, W, -5, O, 211, 0, 970.0, 937.0, 355.0, 803.0, 71.0, 203.0, 189.0, 245.0, 137.0, 434.0, 216.0, 74.0, 23.0, 112.0, 149.0, 370.0, 783.0, 69.0, 213.0, 128.0, 165.0, 101.0, 389.0, 214.0, 69.0, 38.0, 122.0, 197.0
33, 2014-01-04, Home, OKC, L, L, -1.5, O, 207, 0, 984.0, 932.0, 361.0, 794.0, 68.0, 202.0, 194.0, 254.0, 137.0, 430.0, 220.0, 75.0, 25.0, 115.0, 157.0, 367.0, 783.0, 65.0, 211.0, 133.0, 174.0, 107.0, 384.0, 202.0, 71.0, 36.0, 126.0, 204.0
34, 2014-01-06, Away, PHI, W, W, -7, P, 221, 0, 994.0, 954.0, 369.0, 809.0, 63.0, 196.0, 193.0, 258.0, 136.0, 426.0, 223.0, 80.0, 21.0, 121.0, 164.0, 370.0, 783.0, 68.0, 220.0, 146.0, 182.0, 104.0, 382.0, 207.0, 73.0, 42.0, 139.0, 213.0
35, 2014-01-08, Home, PHO, L, L, -8, U, 217, 0, 1023.0, 948.0, 378.0, 811.0, 71.0, 193.0, 196.0, 255.0, 131.0, 428.0, 229.0, 87.0, 27.0, 127.0, 158.0, 370.0, 777.0, 69.0, 217.0, 139.0, 175.0, 94.0, 372.0, 214.0, 79.0, 45.0, 149.0, 210.0
36, 2014-01-10, Home, CHA, W, W, -10, O, 206, 0, 1006.0, 943.0, 366.0, 804.0, 70.0, 190.0, 204.0, 264.0, 131.0, 426.0, 221.0, 82.0, 31.0, 128.0, 157.0, 368.0, 775.0, 66.0, 206.0, 141.0, 179.0, 99.0, 377.0, 214.0, 80.0, 44.0, 146.0, 213.0
37, 2014-01-12, Away, SAS, L, L, 5.5, U, 213, 0, 1034.0, 931.0, 381.0, 797.0, 74.0, 187.0, 198.0, 258.0, 121.0, 431.0, 231.0, 78.0, 34.0, 126.0, 157.0, 363.0, 781.0, 67.0, 206.0, 138.0, 178.0, 96.0, 367.0, 210.0, 83.0, 42.0, 137.0, 211.0
38, 2014-01-15, Home, SAC, L, L, -9.5, O, 218, 0, 1004.0, 915.0, 369.0, 794.0, 73.0, 182.0, 193.0, 249.0, 118.0, 417.0, 221.0, 90.0, 37.0, 117.0, 147.0, 359.0, 758.0, 69.0, 190.0, 128.0, 165.0, 87.0, 368.0, 217.0, 75.0, 51.0, 144.0, 207.0
39, 2014-01-17, Away, TOR, L, L, 1, U, 205, 0, 992.0, 928.0, 366.0, 797.0, 76.0, 187.0, 184.0, 240.0, 113.0, 408.0, 224.0, 91.0, 39.0, 125.0, 158.0, 366.0, 757.0, 66.0, 181.0, 130.0, 167.0, 87.0, 378.0, 218.0, 78.0, 54.0, 151.0, 204.0
40, 2014-01-18, Home, UTA, W, W, -10.5, U, 205, 1, 964.0, 927.0, 359.0, 789.0, 68.0, 181.0, 178.0, 231.0, 106.0, 400.0, 207.0, 81.0, 40.0, 117.0, 164.0, 360.0, 746.0, 72.0, 183.0, 135.0, 170.0, 83.0, 378.0, 219.0, 72.0, 50.0, 142.0, 205.0
41, 2014-01-21, Away, UTA, W, W, -4.5, O, 202.5, 0, 964.0, 899.0, 359.0, 793.0, 68.0, 175.0, 178.0, 242.0, 108.0, 414.0, 210.0, 85.0, 40.0, 115.0, 173.0, 340.0, 733.0, 73.0, 184.0, 146.0, 185.0, 81.0, 381.0, 198.0, 70.0, 54.0, 147.0, 210.0
42, 2014-01-24, Away, GSW, W, W, 3.5, O, 211, 0, 952.0, 884.0, 356.0, 804.0, 68.0, 174.0, 172.0, 231.0, 106.0, 419.0, 215.0, 83.0, 36.0, 108.0, 172.0, 336.0, 733.0, 72.0, 181.0, 140.0, 175.0, 75.0, 385.0, 200.0, 65.0, 55.0, 143.0, 208.0
43, 2014-01-25, Away, POR, L, L, 7, P, 219, 1, 962.0, 889.0, 360.0, 804.0, 70.0, 176.0, 172.0, 230.0, 111.0, 423.0, 219.0, 80.0, 38.0, 105.0, 166.0, 345.0, 739.0, 73.0, 179.0, 126.0, 162.0, 74.0, 381.0, 209.0, 62.0, 55.0, 135.0, 205.0
44, 2014-01-27, Away, CHI, W, W, -4.5, U, 197, 0, 940.0, 909.0, 352.0, 793.0, 63.0, 172.0, 173.0, 229.0, 105.0, 410.0, 215.0, 72.0, 37.0, 102.0, 174.0, 353.0, 754.0, 69.0, 177.0, 134.0, 170.0, 83.0, 391.0, 209.0, 60.0, 54.0, 125.0, 206.0
45, 2014-01-29, Home, NOP, W, W, -10.5, U, 202.5, 0, 932.0, 891.0, 352.0, 780.0, 62.0, 173.0, 166.0, 220.0, 98.0, 399.0, 216.0, 77.0, 40.0, 105.0, 170.0, 347.0, 747.0, 66.0, 172.0, 131.0, 163.0, 79.0, 383.0, 210.0, 63.0, 55.0, 128.0, 201.0
46, 2014-01-31, Home, MEM, L, L, 1.5, U, 189, 0, 901.0, 876.0, 337.0, 774.0, 57.0, 174.0, 170.0, 226.0, 98.0, 395.0, 208.0, 74.0, 38.0, 104.0, 175.0, 339.0, 745.0, 60.0, 174.0, 138.0, 172.0, 88.0, 398.0, 199.0, 57.0, 54.0, 131.0, 210.0
47, 2014-02-01, Away, ATL, L, L, 3, O, 209, 1, 905.0, 866.0, 343.0, 765.0, 58.0, 179.0, 161.0, 215.0, 91.0, 401.0, 209.0, 63.0, 36.0, 108.0, 182.0, 335.0, 751.0, 55.0, 173.0, 141.0, 180.0, 90.0, 390.0, 187.0, 61.0, 50.0, 120.0, 202.0
48, 2014-02-04, Home, LAL, W, L, -10.5, U, 217, 0, 910.0, 875.0, 341.0, 761.0, 56.0, 175.0, 172.0, 225.0, 96.0, 412.0, 211.0, 61.0, 39.0, 113.0, 183.0, 333.0, 761.0, 59.0, 184.0, 150.0, 191.0, 96.0, 393.0, 198.0, 67.0, 50.0, 114.0, 207.0
49, 2014-02-05, Away, OKC, L, W, 12.5, O, 199, 1, 930.0, 880.0, 342.0, 762.0, 61.0, 174.0, 185.0, 243.0, 95.0, 421.0, 223.0, 65.0, 41.0, 116.0, 181.0, 332.0, 762.0, 58.0, 181.0, 158.0, 197.0, 91.0, 388.0, 197.0, 69.0, 52.0, 119.0, 211.0
50, 2014-02-07, Away, NOP, L, L, -1, U, 198.5, 0, 929.0, 914.0, 343.0, 757.0, 61.0, 177.0, 182.0, 232.0, 92.0, 400.0, 216.0, 62.0, 45.0, 115.0, 173.0, 355.0, 780.0, 61.0, 183.0, 143.0, 179.0, 103.0, 395.0, 210.0, 67.0, 49.0, 119.0, 208.0
51, 2014-02-08, Home, POR, L, L, 4, O, 205, 1, 908.0, 915.0, 330.0, 742.0, 57.0, 174.0, 191.0, 245.0, 92.0, 402.0, 199.0, 62.0, 48.0, 122.0, 168.0, 353.0, 774.0, 64.0, 181.0, 145.0, 183.0, 103.0, 392.0, 208.0, 70.0, 52.0, 118.0, 213.0
52, 2014-02-10, Home, HOU, L, L, 4, U, 206.5, 0, 897.0, 912.0, 323.0, 745.0, 53.0, 169.0, 198.0, 251.0, 95.0, 408.0, 187.0, 59.0, 50.0, 122.0, 175.0, 344.0, 768.0, 63.0, 182.0, 161.0, 206.0, 104.0, 398.0, 205.0, 73.0, 51.0, 117.0, 217.0
53, 2014-02-12, Home, DEN, W, W, -6.5, U, 209, 0, 882.0, 904.0, 316.0, 743.0, 50.0, 172.0, 200.0, 250.0, 103.0, 411.0, 183.0, 62.0, 48.0, 128.0, 173.0, 337.0, 755.0, 70.0, 193.0, 160.0, 202.0, 101.0, 394.0, 204.0, 76.0, 50.0, 122.0, 217.0
54, 2014-02-19, Home, IND, W, W, 3, P, 195, 0, 904.0, 908.0, 327.0, 756.0, 57.0, 181.0, 193.0, 247.0, 104.0, 411.0, 194.0, 68.0, 45.0, 124.0, 179.0, 338.0, 754.0, 71.0, 193.0, 161.0, 206.0, 103.0, 397.0, 203.0, 74.0, 53.0, 130.0, 217.0
55, 2014-02-22, Away, UTA, W, W, -4.5, O, 196.5, 0, 920.0, 922.0, 334.0, 757.0, 59.0, 181.0, 193.0, 253.0, 97.0, 405.0, 197.0, 76.0, 47.0, 126.0, 178.0, 344.0, 759.0, 75.0, 194.0, 159.0, 203.0, 99.0, 398.0, 208.0, 80.0, 50.0, 138.0, 218.0
56, 2014-02-23, Away, POR, L, L, 3.5, U, 214.5, 1, 951.0, 932.0, 338.0, 757.0, 64.0, 181.0, 211.0, 279.0, 100.0, 408.0, 209.0, 75.0, 46.0, 123.0, 182.0, 343.0, 758.0, 74.0, 201.0, 172.0, 217.0, 95.0, 394.0, 205.0, 78.0, 51.0, 137.0, 232.0
57, 2014-02-25, Away, PHO, W, W, 4.5, U, 211.5, 0, 935.0, 920.0, 338.0, 767.0, 67.0, 193.0, 192.0, 260.0, 107.0, 410.0, 202.0, 71.0, 41.0, 120.0, 179.0, 340.0, 749.0, 78.0, 206.0, 162.0, 203.0, 92.0, 392.0, 194.0, 70.0, 54.0, 136.0, 228.0
58, 2014-03-01, Away, SAC, W, W, -4.5, U, 217, 0, 936.0, 922.0, 343.0, 771.0, 64.0, 194.0, 186.0, 254.0, 106.0, 395.0, 198.0, 74.0, 41.0, 122.0, 181.0, 349.0, 765.0, 71.0, 200.0, 153.0, 195.0, 103.0, 404.0, 188.0, 72.0, 59.0, 139.0, 233.0
59, 2014-03-03, Away, DEN, W, L, -5.5, O, 216, 0, 947.0, 913.0, 343.0, 774.0, 63.0, 195.0, 198.0, 269.0, 106.0, 396.0, 203.0, 74.0, 37.0, 118.0, 188.0, 342.0, 756.0, 68.0, 195.0, 161.0, 205.0, 95.0, 402.0, 185.0, 68.0, 60.0, 142.0, 239.0
60, 2014-03-05, Home, NYK, L, L, -8.5, O, 212, 0, 988.0, 943.0, 353.0, 779.0, 63.0, 193.0, 219.0, 296.0, 112.0, 402.0, 210.0, 76.0, 32.0, 120.0, 196.0, 353.0, 770.0, 72.0, 213.0, 165.0, 214.0, 97.0, 405.0, 188.0, 69.0, 56.0, 148.0, 248.0
61, 2014-03-07, Home, DET, W, W, -9.5, U, 218, 0, 984.0, 944.0, 352.0, 772.0, 65.0, 202.0, 215.0, 286.0, 112.0, 399.0, 213.0, 74.0, 28.0, 122.0, 190.0, 360.0, 777.0, 75.0, 217.0, 149.0, 195.0, 99.0, 397.0, 184.0, 73.0, 53.0, 147.0, 242.0
62, 2014-03-09, Home, TOR, L, L, -5.5, O, 208.5, 0, 1009.0, 938.0, 362.0, 776.0, 65.0, 197.0, 220.0, 298.0, 110.0, 406.0, 218.0, 73.0, 28.0, 116.0, 189.0, 359.0, 789.0, 68.0, 203.0, 152.0, 205.0, 108.0, 406.0, 176.0, 69.0, 53.0, 142.0, 242.0
63, 2014-03-11, Home, MIL, W, L, -15, U, 214.5, 0, 996.0, 959.0, 358.0, 785.0, 60.0, 190.0, 220.0, 295.0, 120.0, 404.0, 212.0, 68.0, 25.0, 115.0, 194.0, 363.0, 781.0, 73.0, 203.0, 160.0, 216.0, 107.0, 409.0, 179.0, 65.0, 52.0, 140.0, 244.0
64, 2014-03-14, Away, CHA, L, L, -2.5, U, 206, 0, 1004.0, 969.0, 359.0, 787.0, 62.0, 190.0, 224.0, 294.0, 126.0, 394.0, 211.0, 66.0, 24.0, 107.0, 198.0, 367.0, 768.0, 72.0, 196.0, 163.0, 225.0, 104.0, 399.0, 191.0, 58.0, 54.0, 134.0, 241.0
65, 2014-03-16, Home, SAC, W, L, -9.5, U, 209, 0, 976.0, 970.0, 351.0, 785.0, 57.0, 183.0, 217.0, 282.0, 119.0, 380.0, 204.0, 71.0, 23.0, 106.0, 189.0, 374.0, 780.0, 77.0, 196.0, 145.0, 203.0, 113.0, 419.0, 203.0, 56.0, 53.0, 141.0, 235.0
66, 2014-03-19, Away, DAL, W, W, 5, O, 210, 0, 983.0, 964.0, 348.0, 769.0, 54.0, 172.0, 233.0, 300.0, 105.0, 367.0, 209.0, 75.0, 26.0, 101.0, 185.0, 375.0, 782.0, 70.0, 187.0, 144.0, 206.0, 112.0, 421.0, 201.0, 57.0, 50.0, 145.0, 237.0
67, 2014-03-20, Away, HOU, L, L, 7.5, O, 215.5, 1, 996.0, 985.0, 350.0, 774.0, 59.0, 183.0, 237.0, 299.0, 103.0, 375.0, 210.0, 72.0, 25.0, 99.0, 182.0, 380.0, 782.0, 76.0, 199.0, 149.0, 213.0, 104.0, 422.0, 208.0, 56.0, 45.0, 142.0, 232.0
68, 2014-03-23, Home, PHO, L, L, -2.5, O, 218, 0, 994.0, 1017.0, 351.0, 780.0, 66.0, 190.0, 226.0, 284.0, 106.0, 375.0, 215.0, 71.0, 24.0, 103.0, 175.0, 392.0, 785.0, 85.0, 215.0, 148.0, 211.0, 102.0, 419.0, 222.0, 63.0, 45.0, 138.0, 224.0
69, 2014-03-24, Away, MEM, L, L, 7.5, O, 199, 1, 982.0, 1016.0, 353.0, 791.0, 70.0, 197.0, 206.0, 257.0, 108.0, 363.0, 219.0, 70.0, 27.0, 98.0, 177.0, 388.0, 770.0, 85.0, 209.0, 155.0, 215.0, 102.0, 420.0, 215.0, 59.0, 44.0, 139.0, 216.0
70, 2014-03-26, Home, ATL, W, W, -5.5, U, 214.5, 0, 968.0, 1007.0, 348.0, 791.0, 70.0, 195.0, 202.0, 253.0, 105.0, 358.0, 218.0, 73.0, 30.0, 94.0, 172.0, 389.0, 771.0, 80.0, 194.0, 149.0, 209.0, 106.0, 435.0, 216.0, 52.0, 44.0, 141.0, 211.0
71, 2014-03-28, Home, LAL, W, W, -11.5, O, 226.5, 0, 961.0, 989.0, 350.0, 786.0, 73.0, 197.0, 188.0, 236.0, 98.0, 353.0, 224.0, 83.0, 28.0, 103.0, 167.0, 382.0, 759.0, 83.0, 209.0, 142.0, 195.0, 93.0, 420.0, 220.0, 55.0, 42.0, 154.0, 204.0
72, 2014-03-30, Away, BRK, L, L, 4, O, 211, 0, 1000.0, 985.0, 360.0, 767.0, 74.0, 196.0, 206.0, 256.0, 91.0, 364.0, 232.0, 80.0, 28.0, 115.0, 156.0, 389.0, 785.0, 76.0, 210.0, 131.0, 179.0, 95.0, 398.0, 220.0, 67.0, 38.0, 143.0, 207.0
73, 2014-03-31, Home, LAC, L, L, 2.5, O, 213.5, 1, 987.0, 998.0, 358.0, 765.0, 69.0, 188.0, 202.0, 253.0, 92.0, 372.0, 231.0, 83.0, 25.0, 128.0, 150.0, 393.0, 797.0, 83.0, 228.0, 129.0, 172.0, 103.0, 402.0, 212.0, 77.0, 39.0, 148.0, 205.0
74, 2014-04-02, Home, MEM, W, W, 4.5, U, 198, 0, 998.0, 1007.0, 364.0, 779.0, 73.0, 199.0, 197.0, 246.0, 99.0, 379.0, 238.0, 83.0, 27.0, 135.0, 158.0, 387.0, 788.0, 87.0, 239.0, 146.0, 190.0, 102.0, 397.0, 207.0, 79.0, 37.0, 151.0, 204.0
75, 2014-04-04, Away, MIA, W, W, 8, O, 202, 0, 996.0, 993.0, 373.0, 782.0, 72.0, 198.0, 178.0, 224.0, 104.0, 390.0, 246.0, 82.0, 28.0, 140.0, 154.0, 386.0, 798.0, 85.0, 231.0, 136.0, 177.0, 102.0, 387.0, 214.0, 80.0, 36.0, 146.0, 194.0
76, 2014-04-05, Away, ORL, L, L, -2.5, U, 201.5, 1, 995.0, 992.0, 372.0, 783.0, 74.0, 201.0, 177.0, 227.0, 106.0, 390.0, 248.0, 84.0, 29.0, 144.0, 158.0, 382.0, 802.0, 87.0, 240.0, 141.0, 182.0, 107.0, 388.0, 208.0, 82.0, 38.0, 146.0, 196.0
77, 2014-04-08, Home, SAS, W, W, 7.5, U, 206.5, 0, 981.0, 963.0, 370.0, 773.0, 63.0, 187.0, 178.0, 232.0, 100.0, 380.0, 246.0, 89.0, 32.0, 143.0, 152.0, 376.0, 796.0, 80.0, 219.0, 131.0, 172.0, 111.0, 384.0, 201.0, 78.0, 35.0, 153.0, 199.0
78, 2014-04-09, Home, CHI, L, L, 3, U, 192.5, 1, 971.0, 927.0, 372.0, 773.0, 60.0, 179.0, 167.0, 221.0, 100.0, 394.0, 244.0, 89.0, 32.0, 146.0, 146.0, 366.0, 797.0, 72.0, 209.0, 123.0, 168.0, 113.0, 379.0, 204.0, 81.0, 38.0, 150.0, 192.0
79, 2014-04-11, Home, HOU, W, W, -1, O, 218, 0, 966.0, 920.0, 372.0, 763.0, 57.0, 172.0, 165.0, 217.0, 97.0, 392.0, 241.0, 87.0, 33.0, 148.0, 146.0, 359.0, 788.0, 77.0, 218.0, 125.0, 167.0, 106.0, 362.0, 208.0, 81.0, 42.0, 149.0, 191.0
80, 2014-04-13, Away, SAC, L, L, -2, O, 207.5, 0, 971.0, 947.0, 370.0, 771.0, 51.0, 162.0, 180.0, 241.0, 108.0, 397.0, 232.0, 83.0, 40.0, 144.0, 157.0, 364.0, 789.0, 81.0, 215.0, 138.0, 187.0, 115.0, 374.0, 209.0, 84.0, 44.0, 144.0, 207.0
81, 2014-04-14, Away, GSW, L, L, 7.5, O, 212, 1, 931.0, 946.0, 354.0, 783.0, 50.0, 166.0, 173.0, 231.0, 109.0, 389.0, 225.0, 83.0, 43.0, 133.0, 163.0, 361.0, 769.0, 80.0, 207.0, 144.0, 199.0, 109.0, 395.0, 212.0, 75.0, 48.0, 151.0, 200.0
82, 2014-04-16, Home, UTA, L, L, -11.5, O, 211, 0, 952.0, 962.0, 358.0, 781.0, 55.0, 169.0, 181.0, 237.0, 107.0, 390.0, 238.0, 78.0, 45.0, 134.0, 161.0, 367.0, 784.0, 83.0, 211.0, 145.0, 196.0, 114.0, 403.0, 222.0, 75.0, 46.0, 146.0, 205.0
