17, 2013-11-27, Home, DEN, L, L, -7, O, 213.5, 0, 1687.0, 1599.0, 614.0, 1445.0, 125.0, 383.0, 334.0, 413.0, 205.0, 726.0, 377.0, 157.0, 55.0, 226.0, 288.0, 630.0, 1376.0, 129.0, 345.0, 210.0, 286.0, 178.0, 735.0, 345.0, 126.0, 99.0, 288.0, 353.0
18, 2013-11-30, Away, DAL, W, W, -2, O, 208.5, 0, 1677.0, 1601.0, 612.0, 1433.0, 122.0, 378.0, 331.0, 407.0, 206.0, 723.0, 369.0, 155.0, 55.0, 228.0, 289.0, 628.0, 1364.0, 127.0, 334.0, 218.0, 293.0, 173.0, 717.0, 346.0, 130.0, 98.0, 282.0, 349.0
19, 2013-12-01, Away, OKC, L, L, 8.5, O, 208, 1, 1689.0, 1626.0, 619.0, 1435.0, 125.0, 384.0, 326.0, 404.0, 211.0, 723.0, 372.0, 146.0, 57.0, 227.0, 277.0, 644.0, 1373.0, 127.0, 327.0, 211.0, 285.0, 172.0, 712.0, 359.0, 134.0, 96.0, 272.0, 347.0
20, 2013-12-07, Home, MIA, L, L, 6.5, U, 203, 0, 1683.0, 1639.0, 621.0, 1445.0, 124.0, 386.0, 317.0, 392.0, 216.0, 726.0, 371.0, 149.0, 58.0, 227.0, 275.0, 653.0, 1371.0, 127.0, 314.0, 206.0, 281.0, 166.0, 706.0, 364.0, 135.0, 103.0, 271.0, 343.0
21, 2013-12-10, Away, DET, W, W, -1, O, 205.5, 0, 1673.0, 1649.0, 611.0, 1433.0, 124.0, 380.0, 327.0, 407.0, 221.0, 728.0, 363.0, 144.0, 54.0, 228.0, 275.0, 657.0, 1364.0, 126.0, 316.0, 209.0, 289.0, 162.0, 701.0, 365.0, 136.0, 99.0, 268.0, 347.0
22, 2013-12-11, Home, PHI, W, L, -12.5, U, 210.5, 1, 1701.0, 1637.0, 618.0, 1428.0, 131.0, 388.0, 334.0, 413.0, 225.0, 734.0, 372.0, 150.0, 51.0, 221.0, 272.0, 654.0, 1363.0, 126.0, 324.0, 203.0, 285.0, 164.0, 691.0, 364.0, 128.0, 93.0, 267.0, 342.0
23, 2013-12-13, Away, SAS, L, W, 8.5, O, 208, 0, 1691.0, 1628.0, 614.0, 1435.0, 130.0, 388.0, 333.0, 412.0, 226.0, 735.0, 369.0, 151.0, 47.0, 220.0, 272.0, 649.0, 1347.0, 125.0, 322.0, 205.0, 284.0, 155.0, 688.0, 365.0, 126.0, 93.0, 276.0, 346.0
24, 2013-12-15, Away, MEM, W, W, -3.5, U, 196.5, 0, 1688.0, 1655.0, 608.0, 1433.0, 131.0, 391.0, 341.0, 419.0, 224.0, 723.0, 362.0, 146.0, 46.0, 211.0, 269.0, 662.0, 1342.0, 125.0, 318.0, 206.0, 279.0, 146.0, 684.0, 373.0, 126.0, 92.0, 271.0, 348.0
25, 2013-12-16, Away, BOS, L, L, -1.5, U, 200, 1, 1682.0, 1639.0, 603.0, 1416.0, 132.0, 388.0, 344.0, 426.0, 218.0, 722.0, 357.0, 146.0, 49.0, 208.0, 261.0, 655.0, 1345.0, 126.0, 317.0, 203.0, 271.0, 153.0, 688.0, 360.0, 122.0, 92.0, 266.0, 351.0
26, 2013-12-18, Home, POR, W, W, -3, O, 213.5, 0, 1655.0, 1645.0, 595.0, 1432.0, 129.0, 395.0, 336.0, 426.0, 229.0, 724.0, 345.0, 147.0, 44.0, 206.0, 261.0, 657.0, 1344.0, 128.0, 322.0, 203.0, 273.0, 157.0, 701.0, 361.0, 121.0, 94.0, 267.0, 358.0
27, 2013-12-20, Away, LAL, L, L, -6, U, 210.5, 0, 1662.0, 1637.0, 595.0, 1431.0, 130.0, 392.0, 342.0, 433.0, 230.0, 735.0, 350.0, 145.0, 43.0, 200.0, 258.0, 650.0, 1341.0, 135.0, 342.0, 202.0, 271.0, 153.0, 700.0, 352.0, 119.0, 89.0, 265.0, 368.0
28, 2013-12-22, Away, LAC, L, W, 5, O, 211.5, 0, 1647.0, 1653.0, 588.0, 1432.0, 128.0, 391.0, 343.0, 436.0, 236.0, 734.0, 352.0, 142.0, 42.0, 203.0, 257.0, 658.0, 1333.0, 137.0, 343.0, 200.0, 268.0, 145.0, 693.0, 365.0, 120.0, 90.0, 263.0, 366.0
29, 2013-12-27, Home, WAS, W, W, -6, O, 207.5, 0, 1663.0, 1669.0, 596.0, 1443.0, 124.0, 385.0, 347.0, 439.0, 243.0, 746.0, 357.0, 140.0, 41.0, 209.0, 263.0, 663.0, 1345.0, 137.0, 357.0, 206.0, 280.0, 154.0, 697.0, 358.0, 124.0, 86.0, 265.0, 365.0
30, 2013-12-28, Away, MIL, W, W, -7.5, O, 203.5, 1, 1685.0, 1665.0, 604.0, 1438.0, 124.0, 378.0, 353.0, 446.0, 247.0, 745.0, 353.0, 140.0, 41.0, 199.0, 258.0, 661.0, 1347.0, 133.0, 354.0, 210.0, 281.0, 157.0, 689.0, 352.0, 119.0, 82.0, 258.0, 365.0
31, 2013-12-30, Home, DAL, L, L, -4, U, 212.5, 0, 1691.0, 1679.0, 607.0, 1431.0, 124.0, 366.0, 353.0, 452.0, 249.0, 750.0, 358.0, 144.0, 37.0, 209.0, 254.0, 670.0, 1358.0, 133.0, 360.0, 206.0, 278.0, 163.0, 685.0, 370.0, 126.0, 86.0, 258.0, 367.0
32, 2014-01-01, Home, NOP, W, W, -5, O, 211, 0, 1688.0, 1667.0, 603.0, 1410.0, 122.0, 363.0, 360.0, 458.0, 243.0, 752.0, 363.0, 137.0, 36.0, 216.0, 256.0, 670.0, 1365.0, 122.0, 353.0, 205.0, 276.0, 161.0, 670.0, 377.0, 132.0, 82.0, 246.0, 371.0
33, 2014-01-04, Home, OKC, L, L, -1.5, O, 207, 0, 1728.0, 1681.0, 618.0, 1401.0, 127.0, 366.0, 365.0, 465.0, 239.0, 743.0, 374.0, 138.0, 41.0, 212.0, 258.0, 675.0, 1372.0, 120.0, 358.0, 211.0, 281.0, 167.0, 662.0, 378.0, 129.0, 82.0, 243.0, 372.0
34, 2014-01-06, Away, PHI, W, W, -7, P, 221, 0, 1729.0, 1679.0, 621.0, 1407.0, 129.0, 366.0, 358.0, 466.0, 233.0, 737.0, 380.0, 145.0, 39.0, 211.0, 262.0, 670.0, 1367.0, 120.0, 366.0, 219.0, 284.0, 168.0, 671.0, 378.0, 125.0, 85.0, 253.0, 376.0
35, 2014-01-08, Home, PHO, L, L, -8, U, 217, 0, 1743.0, 1668.0, 627.0, 1428.0, 134.0, 366.0, 355.0, 459.0, 233.0, 746.0, 384.0, 153.0, 41.0, 210.0, 267.0, 663.0, 1355.0, 121.0, 360.0, 221.0, 289.0, 159.0, 674.0, 375.0, 125.0, 87.0, 264.0, 372.0
36, 2014-01-10, Home, CHA, W, W, -10, O, 206, 0, 1743.0, 1659.0, 624.0, 1425.0, 131.0, 353.0, 364.0, 468.0, 230.0, 751.0, 381.0, 144.0, 44.0, 209.0, 271.0, 652.0, 1360.0, 123.0, 370.0, 232.0, 303.0, 166.0, 681.0, 368.0, 123.0, 80.0, 259.0, 380.0
37, 2014-01-12, Away, SAS, L, L, 5.5, U, 213, 0, 1780.0, 1648.0, 648.0, 1431.0, 135.0, 350.0, 349.0, 448.0, 225.0, 760.0, 399.0, 139.0, 48.0, 205.0, 272.0, 646.0, 1366.0, 127.0, 371.0, 229.0, 298.0, 163.0, 670.0, 368.0, 122.0, 79.0, 249.0, 369.0
38, 2014-01-15, Home, SAC, L, L, -9.5, O, 218, 0, 1745.0, 1658.0, 640.0, 1439.0, 129.0, 343.0, 336.0, 433.0, 227.0, 754.0, 385.0, 143.0, 54.0, 203.0, 269.0, 649.0, 1357.0, 128.0, 356.0, 232.0, 296.0, 159.0, 677.0, 377.0, 124.0, 84.0, 249.0, 364.0
39, 2014-01-17, Away, TOR, L, L, 1, U, 205, 0, 1747.0, 1670.0, 642.0, 1431.0, 130.0, 343.0, 333.0, 433.0, 219.0, 744.0, 385.0, 145.0, 56.0, 202.0, 277.0, 655.0, 1365.0, 124.0, 348.0, 236.0, 301.0, 163.0, 685.0, 374.0, 123.0, 81.0, 242.0, 361.0
40, 2014-01-18, Home, UTA, W, W, -10.5, U, 205, 1, 1726.0, 1647.0, 640.0, 1425.0, 122.0, 338.0, 324.0, 427.0, 221.0, 747.0, 379.0, 140.0, 55.0, 200.0, 286.0, 641.0, 1356.0, 125.0, 350.0, 240.0, 308.0, 168.0, 686.0, 368.0, 121.0, 76.0, 240.0, 364.0
41, 2014-01-21, Away, UTA, W, W, -4.5, O, 202.5, 0, 1723.0, 1626.0, 641.0, 1429.0, 116.0, 329.0, 325.0, 436.0, 225.0, 763.0, 382.0, 143.0, 54.0, 206.0, 293.0, 625.0, 1346.0, 127.0, 360.0, 249.0, 317.0, 162.0, 681.0, 363.0, 126.0, 83.0, 247.0, 369.0
42, 2014-01-24, Away, GSW, W, W, 3.5, O, 211, 0, 1738.0, 1622.0, 645.0, 1421.0, 116.0, 321.0, 332.0, 434.0, 214.0, 754.0, 391.0, 145.0, 56.0, 207.0, 292.0, 628.0, 1347.0, 125.0, 356.0, 241.0, 306.0, 155.0, 672.0, 366.0, 128.0, 86.0, 248.0, 367.0
43, 2014-01-25, Away, POR, L, L, 7, P, 219, 1, 1739.0, 1633.0, 646.0, 1422.0, 118.0, 324.0, 329.0, 436.0, 216.0, 745.0, 393.0, 146.0, 58.0, 209.0, 291.0, 637.0, 1342.0, 120.0, 338.0, 239.0, 302.0, 154.0, 668.0, 378.0, 127.0, 90.0, 249.0, 366.0
44, 2014-01-27, Away, CHI, W, W, -4.5, U, 197, 0, 1752.0, 1644.0, 651.0, 1416.0, 122.0, 324.0, 328.0, 433.0, 202.0, 736.0, 396.0, 141.0, 61.0, 203.0, 297.0, 641.0, 1359.0, 117.0, 335.0, 245.0, 311.0, 160.0, 675.0, 377.0, 127.0, 86.0, 242.0, 370.0
45, 2014-01-29, Home, NOP, W, W, -10.5, U, 202.5, 0, 1731.0, 1610.0, 640.0, 1393.0, 121.0, 319.0, 330.0, 432.0, 188.0, 722.0, 389.0, 145.0, 66.0, 198.0, 288.0, 627.0, 1347.0, 118.0, 330.0, 238.0, 300.0, 155.0, 672.0, 373.0, 122.0, 89.0, 242.0, 372.0
46, 2014-01-31, Home, MEM, L, L, 1.5, U, 189, 0, 1699.0, 1589.0, 631.0, 1390.0, 120.0, 324.0, 317.0, 419.0, 186.0, 728.0, 392.0, 138.0, 67.0, 207.0, 297.0, 618.0, 1346.0, 112.0, 330.0, 241.0, 306.0, 159.0, 685.0, 367.0, 123.0, 94.0, 243.0, 373.0
47, 2014-02-01, Away, ATL, L, L, 3, O, 209, 1, 1672.0, 1588.0, 627.0, 1384.0, 115.0, 322.0, 303.0, 397.0, 176.0, 722.0, 377.0, 129.0, 69.0, 203.0, 302.0, 616.0, 1337.0, 111.0, 320.0, 245.0, 311.0, 152.0, 680.0, 361.0, 121.0, 94.0, 232.0, 364.0
48, 2014-02-04, Home, LAL, W, L, -10.5, U, 217, 0, 1687.0, 1608.0, 628.0, 1389.0, 115.0, 315.0, 316.0, 413.0, 178.0, 722.0, 380.0, 132.0, 72.0, 203.0, 311.0, 618.0, 1343.0, 114.0, 319.0, 258.0, 327.0, 158.0, 689.0, 358.0, 121.0, 93.0, 234.0, 371.0
49, 2014-02-05, Away, OKC, L, W, 12.5, O, 199, 1, 1672.0, 1595.0, 621.0, 1393.0, 115.0, 310.0, 315.0, 416.0, 179.0, 738.0, 382.0, 130.0, 71.0, 201.0, 310.0, 606.0, 1335.0, 118.0, 320.0, 265.0, 331.0, 152.0, 690.0, 363.0, 119.0, 92.0, 233.0, 371.0
50, 2014-02-07, Away, NOP, L, L, -1, U, 198.5, 0, 1658.0, 1586.0, 615.0, 1377.0, 114.0, 310.0, 314.0, 410.0, 181.0, 737.0, 375.0, 125.0, 78.0, 200.0, 302.0, 610.0, 1343.0, 120.0, 323.0, 246.0, 314.0, 161.0, 694.0, 366.0, 120.0, 90.0, 227.0, 364.0
51, 2014-02-08, Home, POR, L, L, 4, O, 205, 1, 1623.0, 1589.0, 597.0, 1352.0, 102.0, 302.0, 327.0, 424.0, 175.0, 728.0, 361.0, 120.0, 77.0, 202.0, 302.0, 611.0, 1344.0, 120.0, 320.0, 247.0, 314.0, 164.0, 692.0, 360.0, 119.0, 93.0, 217.0, 370.0
52, 2014-02-10, Home, HOU, L, L, 4, U, 206.5, 0, 1630.0, 1602.0, 603.0, 1363.0, 101.0, 303.0, 323.0, 423.0, 180.0, 727.0, 359.0, 123.0, 77.0, 203.0, 309.0, 613.0, 1335.0, 117.0, 314.0, 259.0, 329.0, 159.0, 689.0, 369.0, 120.0, 97.0, 220.0, 370.0
53, 2014-02-12, Home, DEN, W, W, -6.5, U, 209, 0, 1600.0, 1617.0, 586.0, 1362.0, 98.0, 309.0, 330.0, 425.0, 184.0, 716.0, 348.0, 125.0, 75.0, 205.0, 313.0, 615.0, 1333.0, 120.0, 322.0, 267.0, 335.0, 165.0, 702.0, 371.0, 120.0, 94.0, 227.0, 376.0
54, 2014-02-19, Home, IND, W, W, 3, P, 195, 0, 1631.0, 1603.0, 598.0, 1355.0, 105.0, 318.0, 330.0, 430.0, 174.0, 716.0, 362.0, 123.0, 74.0, 205.0, 320.0, 606.0, 1343.0, 120.0, 333.0, 271.0, 341.0, 171.0, 701.0, 359.0, 121.0, 91.0, 228.0, 382.0
55, 2014-02-22, Away, UTA, W, W, -4.5, O, 196.5, 0, 1627.0, 1583.0, 599.0, 1350.0, 103.0, 318.0, 326.0, 432.0, 170.0, 725.0, 365.0, 123.0, 75.0, 208.0, 317.0, 596.0, 1348.0, 121.0, 343.0, 270.0, 342.0, 171.0, 705.0, 357.0, 125.0, 90.0, 230.0, 387.0
56, 2014-02-23, Away, POR, L, L, 3.5, U, 214.5, 1, 1659.0, 1593.0, 606.0, 1352.0, 111.0, 322.0, 336.0, 445.0, 170.0, 730.0, 379.0, 123.0, 75.0, 209.0, 320.0, 599.0, 1349.0, 113.0, 338.0, 282.0, 358.0, 164.0, 696.0, 347.0, 127.0, 95.0, 227.0, 391.0
57, 2014-02-25, Away, PHO, W, W, 4.5, U, 211.5, 0, 1658.0, 1629.0, 607.0, 1363.0, 114.0, 333.0, 330.0, 431.0, 177.0, 718.0, 372.0, 118.0, 73.0, 208.0, 317.0, 618.0, 1359.0, 119.0, 341.0, 274.0, 345.0, 169.0, 700.0, 354.0, 121.0, 93.0, 223.0, 389.0
58, 2014-03-01, Away, SAC, W, W, -4.5, U, 217, 0, 1656.0, 1633.0, 608.0, 1360.0, 111.0, 330.0, 329.0, 439.0, 179.0, 714.0, 365.0, 121.0, 76.0, 215.0, 319.0, 619.0, 1367.0, 117.0, 339.0, 278.0, 351.0, 180.0, 709.0, 351.0, 126.0, 96.0, 229.0, 396.0
59, 2014-03-03, Away, DEN, W, L, -5.5, O, 216, 0, 1643.0, 1610.0, 598.0, 1347.0, 107.0, 329.0, 340.0, 449.0, 176.0, 710.0, 359.0, 119.0, 77.0, 213.0, 324.0, 607.0, 1360.0, 115.0, 339.0, 281.0, 357.0, 182.0, 715.0, 342.0, 126.0, 95.0, 234.0, 398.0
60, 2014-03-05, Home, NYK, L, L, -8.5, O, 212, 0, 1671.0, 1623.0, 598.0, 1338.0, 102.0, 323.0, 373.0, 491.0, 182.0, 720.0, 356.0, 124.0, 72.0, 220.0, 324.0, 611.0, 1360.0, 123.0, 356.0, 278.0, 358.0, 178.0, 706.0, 339.0, 128.0, 95.0, 240.0, 412.0
61, 2014-03-07, Home, DET, W, W, -9.5, U, 218, 0, 1682.0, 1655.0, 603.0, 1355.0, 104.0, 332.0, 372.0, 489.0, 194.0, 727.0, 356.0, 120.0, 65.0, 220.0, 329.0, 626.0, 1365.0, 126.0, 359.0, 277.0, 361.0, 179.0, 703.0, 343.0, 130.0, 95.0, 239.0, 411.0
62, 2014-03-09, Home, TOR, L, L, -5.5, O, 208.5, 0, 1708.0, 1679.0, 611.0, 1364.0, 106.0, 332.0, 380.0, 497.0, 196.0, 727.0, 358.0, 124.0, 65.0, 217.0, 327.0, 635.0, 1377.0, 128.0, 351.0, 281.0, 368.0, 185.0, 710.0, 348.0, 132.0, 93.0, 238.0, 408.0
63, 2014-03-11, Home, MIL, W, L, -15, U, 214.5, 0, 1722.0, 1696.0, 613.0, 1375.0, 107.0, 329.0, 389.0, 510.0, 203.0, 719.0, 365.0, 128.0, 63.0, 212.0, 332.0, 634.0, 1373.0, 138.0, 363.0, 290.0, 377.0, 188.0, 720.0, 351.0, 125.0, 93.0, 248.0, 424.0
64, 2014-03-14, Away, CHA, L, L, -2.5, U, 206, 0, 1721.0, 1677.0, 617.0, 1376.0, 109.0, 333.0, 378.0, 501.0, 200.0, 707.0, 365.0, 128.0, 60.0, 202.0, 332.0, 630.0, 1355.0, 134.0, 355.0, 283.0, 376.0, 179.0, 711.0, 350.0, 116.0, 94.0, 250.0, 421.0
65, 2014-03-16, Home, SAC, W, L, -9.5, U, 209, 0, 1705.0, 1683.0, 615.0, 1375.0, 107.0, 331.0, 368.0, 484.0, 194.0, 689.0, 360.0, 129.0, 57.0, 199.0, 328.0, 641.0, 1367.0, 132.0, 353.0, 269.0, 364.0, 186.0, 727.0, 353.0, 114.0, 96.0, 249.0, 415.0
66, 2014-03-19, Away, DAL, W, W, 5, O, 210, 0, 1712.0, 1679.0, 612.0, 1375.0, 107.0, 328.0, 381.0, 499.0, 190.0, 685.0, 365.0, 131.0, 54.0, 194.0, 329.0, 638.0, 1361.0, 128.0, 345.0, 275.0, 372.0, 178.0, 726.0, 345.0, 111.0, 94.0, 249.0, 418.0
67, 2014-03-20, Away, HOU, L, L, 7.5, O, 215.5, 1, 1744.0, 1703.0, 628.0, 1392.0, 113.0, 339.0, 375.0, 493.0, 190.0, 687.0, 376.0, 131.0, 53.0, 192.0, 333.0, 646.0, 1375.0, 129.0, 357.0, 282.0, 381.0, 181.0, 739.0, 351.0, 112.0, 89.0, 253.0, 415.0
68, 2014-03-23, Home, PHO, L, L, -2.5, O, 218, 0, 1740.0, 1715.0, 626.0, 1382.0, 120.0, 350.0, 368.0, 482.0, 187.0, 677.0, 387.0, 131.0, 51.0, 194.0, 324.0, 655.0, 1377.0, 137.0, 372.0, 268.0, 362.0, 180.0, 736.0, 359.0, 116.0, 89.0, 255.0, 405.0
69, 2014-03-24, Away, MEM, L, L, 7.5, O, 199, 1, 1771.0, 1735.0, 635.0, 1386.0, 122.0, 348.0, 379.0, 498.0, 187.0, 672.0, 392.0, 132.0, 51.0, 190.0, 328.0, 662.0, 1375.0, 138.0, 372.0, 273.0, 371.0, 179.0, 732.0, 350.0, 111.0, 89.0, 257.0, 411.0
70, 2014-03-26, Home, ATL, W, W, -5.5, U, 214.5, 0, 1746.0, 1754.0, 624.0, 1390.0, 117.0, 346.0, 381.0, 495.0, 195.0, 674.0, 380.0, 125.0, 50.0, 190.0, 322.0, 677.0, 1382.0, 135.0, 360.0, 265.0, 364.0, 182.0, 741.0, 356.0, 108.0, 86.0, 250.0, 405.0
71, 2014-03-28, Home, LAL, W, W, -11.5, O, 226.5, 0, 1749.0, 1746.0, 627.0, 1393.0, 120.0, 348.0, 375.0, 480.0, 197.0, 675.0, 385.0, 131.0, 46.0, 194.0, 316.0, 673.0, 1377.0, 136.0, 366.0, 264.0, 360.0, 179.0, 732.0, 360.0, 107.0, 85.0, 254.0, 394.0
72, 2014-03-30, Away, BRK, L, L, 4, O, 211, 0, 1771.0, 1749.0, 635.0, 1385.0, 117.0, 344.0, 384.0, 487.0, 194.0, 675.0, 388.0, 133.0, 45.0, 204.0, 306.0, 680.0, 1400.0, 140.0, 372.0, 249.0, 339.0, 188.0, 724.0, 366.0, 114.0, 80.0, 254.0, 399.0
73, 2014-03-31, Home, LAC, L, L, 2.5, O, 213.5, 1, 1773.0, 1755.0, 637.0, 1374.0, 111.0, 328.0, 388.0, 494.0, 185.0, 669.0, 394.0, 140.0, 44.0, 210.0, 303.0, 683.0, 1403.0, 139.0, 377.0, 250.0, 345.0, 190.0, 721.0, 368.0, 123.0, 79.0, 262.0, 398.0
74, 2014-04-02, Home, MEM, W, W, 4.5, U, 198, 0, 1767.0, 1768.0, 636.0, 1383.0, 116.0, 336.0, 379.0, 476.0, 187.0, 673.0, 400.0, 138.0, 43.0, 212.0, 305.0, 679.0, 1390.0, 148.0, 392.0, 262.0, 359.0, 185.0, 720.0, 372.0, 121.0, 74.0, 261.0, 386.0
75, 2014-04-04, Away, MIA, W, W, 8, O, 202, 0, 1761.0, 1759.0, 642.0, 1383.0, 116.0, 331.0, 361.0, 454.0, 188.0, 679.0, 408.0, 139.0, 45.0, 216.0, 295.0, 682.0, 1403.0, 145.0, 381.0, 250.0, 344.0, 185.0, 711.0, 374.0, 123.0, 70.0, 253.0, 373.0
76, 2014-04-05, Away, ORL, L, L, -2.5, U, 201.5, 1, 1751.0, 1752.0, 647.0, 1396.0, 124.0, 347.0, 333.0, 424.0, 184.0, 675.0, 414.0, 139.0, 50.0, 216.0, 295.0, 675.0, 1407.0, 144.0, 384.0, 258.0, 349.0, 191.0, 722.0, 371.0, 125.0, 71.0, 251.0, 363.0
77, 2014-04-08, Home, SAS, W, W, 7.5, U, 206.5, 0, 1737.0, 1734.0, 644.0, 1383.0, 118.0, 335.0, 331.0, 428.0, 175.0, 658.0, 420.0, 146.0, 55.0, 215.0, 286.0, 671.0, 1396.0, 142.0, 374.0, 250.0, 339.0, 192.0, 723.0, 376.0, 121.0, 71.0, 261.0, 362.0
78, 2014-04-09, Home, CHI, L, L, 3, U, 192.5, 1, 1733.0, 1724.0, 645.0, 1383.0, 117.0, 330.0, 326.0, 421.0, 177.0, 660.0, 418.0, 148.0, 55.0, 220.0, 285.0, 669.0, 1383.0, 142.0, 378.0, 244.0, 334.0, 184.0, 705.0, 378.0, 123.0, 74.0, 265.0, 361.0
79, 2014-04-11, Home, HOU, W, W, -1, O, 218, 0, 1716.0, 1715.0, 638.0, 1368.0, 114.0, 328.0, 326.0, 417.0, 172.0, 662.0, 409.0, 144.0, 58.0, 223.0, 274.0, 673.0, 1389.0, 139.0, 375.0, 230.0, 315.0, 181.0, 694.0, 385.0, 124.0, 76.0, 259.0, 352.0
80, 2014-04-13, Away, SAC, L, L, -2, O, 207.5, 0, 1716.0, 1724.0, 638.0, 1377.0, 109.0, 320.0, 331.0, 427.0, 179.0, 678.0, 406.0, 148.0, 62.0, 231.0, 275.0, 670.0, 1398.0, 145.0, 385.0, 239.0, 322.0, 190.0, 707.0, 378.0, 133.0, 75.0, 264.0, 360.0
81, 2014-04-14, Away, GSW, L, L, 7.5, O, 212, 1, 1726.0, 1725.0, 638.0, 1383.0, 110.0, 327.0, 340.0, 436.0, 184.0, 684.0, 409.0, 145.0, 65.0, 231.0, 280.0, 667.0, 1389.0, 143.0, 383.0, 248.0, 335.0, 184.0, 700.0, 375.0, 133.0, 75.0, 264.0, 364.0
82, 2014-04-16, Home, UTA, L, L, -11.5, O, 211, 0, 1742.0, 1753.0, 647.0, 1386.0, 112.0, 325.0, 336.0, 431.0, 187.0, 692.0, 423.0, 143.0, 63.0, 243.0, 279.0, 675.0, 1405.0, 152.0, 401.0, 251.0, 335.0, 192.0, 703.0, 389.0, 141.0, 75.0, 263.0, 366.0
