15, 2013-11-27, Home, POR, W, W, 4.5, O, 199.5, 0, 0, 99.5, 98.29, 37.36, 81.93, 9.14, 25.21, 15.64, 21.64, 10.21, 42.21, 18.5, 8.86, 5.0, 16.36, 20.64, 36.5, 82.86, 5.86, 18.07, 19.43, 25.14, 11.07, 43.0, 19.79, 7.43, 4.14, 15.0, 20.29, 104.79, 97.14, 39.07, 85.71, 10.14, 23.79, 16.5, 20.79, 12.29, 45.29, 23.21, 6.29, 4.64, 13.93, 19.36, 37.57, 85.29, 5.07, 15.93, 16.93, 22.07, 11.64, 42.0, 17.64, 7.36, 2.86, 12.71, 21.07
16, 2013-11-29, Away, UTA, W, W, -2, O, 190, 0, 0, 100.64, 99.36, 37.29, 81.79, 9.57, 25.57, 16.5, 22.57, 10.36, 41.93, 18.79, 8.93, 4.93, 16.0, 21.0, 36.93, 83.21, 5.79, 17.57, 19.71, 25.14, 11.36, 43.0, 19.93, 7.36, 3.93, 14.93, 20.71, 88.14, 99.93, 33.43, 80.0, 5.5, 18.14, 15.79, 22.29, 11.57, 39.43, 18.57, 8.14, 5.0, 16.43, 22.14, 37.36, 78.07, 6.14, 16.43, 19.07, 25.57, 11.07, 44.07, 20.36, 8.07, 4.79, 15.29, 21.93
17, 2013-11-30, Home, UTA, L, L, -8.5, O, 194.5, 1, 1, 102.43, 100.57, 38.0, 81.21, 9.71, 25.79, 16.71, 22.64, 9.64, 40.79, 19.0, 8.5, 4.57, 15.43, 20.5, 37.57, 83.07, 5.79, 17.79, 19.64, 24.64, 10.71, 42.0, 20.0, 7.5, 3.93, 14.29, 20.57, 88.71, 100.5, 33.86, 80.14, 5.57, 18.0, 15.43, 21.79, 11.43, 39.43, 19.21, 7.86, 4.64, 16.14, 21.64, 37.86, 78.64, 6.07, 16.64, 18.71, 24.86, 10.86, 43.36, 20.5, 7.93, 4.64, 14.57, 21.5
18, 2013-12-03, Away, MEM, L, L, 2.5, O, 192, 0, 0, 103.0, 101.21, 38.36, 81.07, 9.57, 25.07, 16.71, 22.86, 9.64, 40.21, 18.71, 8.29, 4.57, 14.71, 20.86, 37.86, 82.64, 6.29, 17.79, 19.21, 24.07, 10.86, 41.86, 20.07, 7.36, 3.71, 14.07, 20.64, 92.29, 94.71, 36.14, 79.5, 4.07, 13.29, 15.93, 20.14, 10.29, 41.0, 21.93, 6.79, 4.36, 13.29, 20.71, 35.0, 78.14, 7.14, 20.21, 17.57, 22.71, 10.21, 40.21, 19.0, 7.29, 5.0, 13.43, 19.64
19, 2013-12-04, Away, HOU, W, W, 9.5, U, 212, 0, 1, 102.07, 102.07, 38.21, 81.71, 9.21, 25.36, 16.43, 22.36, 10.14, 40.21, 18.5, 7.86, 4.64, 14.64, 20.64, 38.5, 82.57, 5.93, 17.5, 19.14, 24.21, 11.14, 42.07, 20.07, 7.0, 3.43, 13.71, 20.57, 109.0, 102.79, 38.29, 78.93, 10.93, 28.07, 21.5, 30.71, 10.07, 45.5, 22.93, 8.14, 7.36, 16.5, 20.71, 39.0, 90.71, 8.79, 22.93, 16.0, 21.36, 12.93, 41.29, 21.86, 9.21, 5.43, 13.71, 24.36
20, 2013-12-06, Home, TOR, W, W, -3.5, O, 199.5, 0, 0, 102.14, 101.29, 37.79, 81.29, 9.5, 25.71, 17.07, 23.07, 10.36, 40.0, 18.71, 8.29, 4.71, 14.64, 21.07, 37.79, 82.79, 6.14, 18.57, 19.57, 24.5, 12.21, 43.14, 19.21, 7.21, 3.0, 14.29, 20.79, 97.79, 99.36, 34.86, 82.21, 7.64, 21.64, 20.43, 25.79, 12.21, 41.86, 17.64, 6.93, 4.64, 14.21, 23.07, 37.71, 81.21, 7.5, 21.21, 16.43, 22.14, 10.43, 42.14, 23.43, 7.0, 5.43, 15.21, 22.86
21, 2013-12-10, Away, LAL, W, W, 3, O, 206.5, 0, 0, 101.57, 100.86, 37.57, 81.21, 9.5, 25.93, 16.93, 23.07, 10.86, 40.36, 18.36, 7.79, 4.79, 14.36, 21.43, 37.71, 83.29, 5.93, 18.36, 19.5, 24.29, 12.5, 43.07, 19.07, 6.93, 3.21, 13.43, 20.79, 101.14, 101.14, 38.36, 84.57, 10.36, 25.86, 14.07, 19.29, 10.14, 42.79, 24.36, 7.21, 6.29, 14.0, 21.14, 38.57, 87.43, 6.36, 19.43, 17.64, 24.21, 13.0, 46.86, 24.36, 9.43, 4.36, 12.64, 18.0
22, 2013-12-13, Home, SAC, W, W, -6, O, 208.5, 0, 0, 102.5, 101.86, 38.0, 81.71, 9.5, 26.0, 17.0, 22.93, 10.86, 40.57, 19.07, 7.5, 4.21, 14.29, 21.86, 37.71, 82.71, 6.0, 18.79, 20.43, 25.64, 12.0, 42.36, 19.21, 7.0, 3.21, 13.14, 20.79, 101.57, 102.57, 37.29, 85.07, 7.43, 21.29, 19.57, 25.14, 11.93, 44.36, 22.57, 7.86, 3.71, 13.5, 23.07, 38.14, 83.21, 8.79, 23.43, 17.5, 24.36, 9.93, 41.93, 22.21, 7.29, 6.21, 14.14, 22.86
23, 2013-12-15, Home, GSW, W, W, 1, U, 209.5, 0, 0, 104.43, 103.07, 38.29, 81.5, 10.0, 26.64, 17.86, 24.07, 11.29, 40.71, 19.36, 7.5, 4.79, 14.43, 21.79, 37.93, 82.93, 6.0, 19.07, 21.21, 26.07, 12.21, 41.79, 19.0, 7.43, 3.29, 13.07, 21.43, 101.71, 102.43, 37.57, 83.57, 8.79, 23.0, 17.79, 24.0, 11.43, 46.57, 20.86, 6.29, 4.71, 15.79, 21.71, 37.86, 85.5, 7.43, 19.14, 19.29, 24.29, 10.86, 43.14, 20.07, 8.57, 5.29, 12.64, 20.14
24, 2013-12-18, Home, SAS, L, L, 3.5, O, 201.5, 0, 0, 105.0, 103.21, 38.36, 81.5, 10.21, 26.57, 18.07, 24.71, 11.0, 40.93, 19.36, 7.86, 4.86, 14.14, 21.86, 37.64, 82.43, 6.64, 19.79, 21.29, 26.36, 12.0, 41.86, 19.36, 7.29, 3.29, 13.64, 21.43, 105.93, 97.5, 42.36, 83.57, 8.93, 21.5, 12.29, 16.29, 8.93, 42.0, 26.0, 8.57, 4.43, 14.86, 17.43, 37.29, 84.64, 7.07, 19.43, 15.86, 19.71, 10.57, 41.5, 20.21, 8.14, 4.21, 14.43, 17.5
25, 2013-12-20, Away, DEN, W, W, 4, U, 208, 0, 0, 104.79, 103.29, 38.43, 81.71, 10.0, 25.57, 17.93, 24.43, 11.5, 41.71, 18.86, 7.79, 5.14, 14.36, 21.93, 37.79, 82.71, 6.57, 19.5, 21.14, 26.07, 11.93, 41.71, 19.5, 7.43, 3.36, 13.5, 20.93, 99.86, 96.0, 37.21, 82.21, 7.64, 21.5, 17.79, 25.0, 12.71, 45.86, 22.21, 7.57, 5.64, 13.71, 20.93, 37.14, 86.29, 5.36, 19.36, 16.36, 21.07, 12.57, 43.43, 19.5, 6.71, 5.43, 12.86, 19.71
26, 2013-12-21, Home, DAL, W, W, -2.5, O, 208, 1, 1, 104.57, 102.29, 38.21, 81.93, 9.79, 25.64, 18.36, 25.07, 11.21, 42.21, 19.36, 8.0, 5.29, 13.93, 21.5, 37.64, 83.07, 6.36, 19.5, 20.64, 25.43, 12.07, 42.5, 19.43, 7.0, 3.71, 13.93, 21.21, 100.07, 99.21, 39.07, 85.86, 7.64, 21.0, 14.29, 17.71, 9.86, 40.93, 22.93, 8.86, 4.21, 12.57, 19.5, 36.79, 82.21, 8.07, 22.43, 17.57, 23.43, 12.43, 46.14, 20.5, 7.29, 3.79, 15.93, 17.64
27, 2013-12-23, Home, LAL, W, W, -7.5, U, 210.5, 0, 0, 106.36, 103.5, 39.0, 83.07, 10.14, 26.14, 18.21, 23.93, 11.64, 42.36, 19.21, 8.0, 5.0, 13.71, 21.29, 38.5, 84.07, 6.36, 19.71, 20.14, 24.71, 12.21, 42.14, 20.0, 7.07, 4.0, 13.57, 20.29, 100.0, 102.71, 37.0, 81.86, 8.64, 24.93, 17.36, 22.5, 9.43, 41.0, 21.79, 7.14, 6.36, 14.93, 18.86, 39.57, 89.86, 7.07, 22.21, 16.5, 21.21, 14.43, 47.79, 24.36, 9.86, 4.43, 13.0, 19.36
28, 2013-12-27, Away, GSW, L, L, 6.5, U, 210, 0, 0, 107.29, 103.07, 38.71, 82.71, 10.36, 26.36, 19.5, 25.5, 11.86, 43.64, 19.14, 8.0, 4.86, 14.14, 21.86, 37.86, 83.86, 6.36, 19.64, 21.0, 26.36, 12.29, 42.0, 19.14, 7.14, 3.86, 13.5, 20.57, 103.71, 100.71, 39.07, 87.43, 9.07, 24.64, 16.5, 22.29, 13.07, 47.79, 21.29, 7.86, 4.71, 16.29, 22.93, 36.29, 83.71, 6.93, 20.14, 21.21, 27.64, 10.0, 43.29, 18.43, 8.86, 5.14, 14.64, 19.36
29, 2013-12-28, Home, PHI, W, W, -10.5, P, 216, 0, 1, 106.86, 103.64, 38.64, 83.14, 10.07, 25.71, 19.5, 25.43, 12.0, 43.36, 18.79, 7.93, 5.07, 14.29, 22.14, 38.29, 84.29, 6.43, 19.5, 20.64, 26.36, 12.86, 43.29, 20.0, 7.14, 3.86, 14.0, 21.14, 100.79, 113.79, 39.29, 90.21, 7.64, 23.86, 14.57, 20.43, 12.5, 44.43, 22.71, 8.57, 3.79, 17.43, 22.14, 42.07, 86.14, 9.29, 25.43, 20.36, 27.57, 10.71, 45.29, 27.0, 9.64, 5.86, 15.43, 19.07
30, 2013-12-30, Away, LAC, W, W, 8, U, 208.5, 0, 0, 106.5, 103.29, 38.79, 84.14, 10.0, 26.36, 18.93, 24.86, 12.14, 44.36, 18.93, 7.93, 5.57, 14.93, 22.07, 38.14, 84.93, 6.71, 20.21, 20.29, 26.21, 12.86, 44.0, 19.86, 7.71, 3.93, 14.57, 21.43, 103.14, 96.5, 37.14, 82.29, 7.5, 23.5, 21.36, 29.0, 9.29, 42.43, 22.14, 8.79, 4.79, 12.64, 20.07, 36.07, 84.93, 6.71, 20.79, 17.64, 23.0, 12.21, 46.57, 22.57, 6.36, 2.57, 15.57, 23.21
31, 2014-01-02, Home, MEM, L, L, -5.5, U, 196.5, 0, 0, 106.14, 102.36, 38.79, 84.86, 10.29, 26.79, 18.29, 24.64, 12.43, 45.43, 19.5, 8.86, 5.86, 15.5, 22.29, 37.5, 85.07, 6.86, 20.21, 20.5, 26.64, 12.93, 44.64, 19.57, 7.93, 4.14, 15.21, 21.79, 95.93, 98.71, 37.5, 84.79, 5.36, 14.57, 15.57, 21.43, 14.29, 43.93, 20.36, 8.0, 3.71, 11.79, 20.29, 35.71, 76.0, 8.0, 21.36, 19.29, 23.93, 8.5, 37.79, 20.14, 6.93, 6.79, 12.79, 18.21
32, 2014-01-04, Home, MIL, W, W, -8, O, 196.5, 0, 0, 105.21, 101.43, 38.79, 85.71, 10.0, 27.0, 17.64, 24.0, 12.5, 45.79, 19.57, 9.07, 6.0, 15.43, 21.29, 37.86, 86.21, 6.43, 19.93, 19.29, 25.57, 13.43, 46.07, 19.5, 7.93, 4.36, 15.43, 21.29, 95.43, 100.64, 36.29, 84.57, 6.07, 21.14, 16.79, 21.93, 11.93, 43.64, 19.79, 7.29, 5.93, 13.43, 20.29, 37.14, 87.21, 8.71, 23.14, 17.64, 22.57, 13.36, 46.21, 23.0, 7.5, 5.93, 13.36, 21.14
33, 2014-01-07, Away, CHI, L, L, -1.5, U, 190, 0, 0, 107.0, 100.71, 39.07, 85.57, 10.36, 26.86, 18.5, 24.71, 12.14, 45.43, 19.43, 9.71, 5.79, 15.21, 21.57, 37.21, 85.07, 6.79, 20.43, 19.5, 25.5, 12.93, 45.57, 18.93, 7.64, 4.14, 16.64, 21.36, 87.71, 89.86, 31.86, 77.71, 5.29, 17.29, 18.71, 24.29, 11.43, 42.57, 20.71, 7.79, 6.14, 15.71, 19.14, 34.57, 79.29, 5.29, 16.0, 15.43, 19.64, 10.57, 41.36, 19.57, 8.07, 6.86, 14.5, 21.14
34, 2014-01-08, Away, MIN, W, W, 8, U, 217, 0, 1, 106.29, 101.0, 38.86, 85.79, 10.0, 26.79, 18.57, 24.71, 12.21, 45.5, 19.07, 9.29, 5.93, 14.79, 21.43, 37.57, 84.64, 6.57, 19.21, 19.29, 25.79, 12.43, 45.29, 19.86, 7.5, 4.43, 16.07, 21.21, 111.29, 103.71, 40.43, 89.79, 8.57, 22.5, 21.86, 28.14, 14.36, 46.79, 24.93, 9.29, 2.71, 12.86, 17.0, 40.79, 85.0, 7.71, 23.07, 14.43, 18.64, 10.29, 41.93, 23.29, 7.57, 4.93, 16.36, 23.0
35, 2014-01-10, Away, MEM, L, L, 3, O, 194.5, 0, 0, 106.14, 101.43, 38.93, 86.5, 10.14, 27.21, 18.14, 24.07, 12.0, 45.29, 19.29, 9.43, 5.86, 14.36, 21.64, 37.5, 84.57, 6.64, 19.0, 19.79, 26.5, 12.5, 46.36, 20.14, 7.21, 4.43, 16.29, 20.64, 100.21, 99.5, 39.5, 86.71, 5.5, 14.86, 15.71, 21.64, 14.93, 45.36, 21.64, 8.07, 3.57, 12.0, 20.79, 36.36, 76.64, 7.71, 21.64, 19.07, 25.0, 8.71, 38.14, 21.0, 7.5, 6.57, 13.14, 18.36
36, 2014-01-11, Away, DET, L, L, 1.5, O, 206, 1, 1, 105.07, 101.14, 38.5, 87.0, 10.43, 27.71, 17.64, 23.71, 12.29, 45.36, 18.93, 9.29, 6.07, 13.86, 21.71, 37.71, 85.0, 6.71, 18.71, 19.0, 25.86, 13.0, 47.79, 20.29, 6.79, 4.86, 16.07, 20.0, 98.93, 105.14, 38.36, 88.14, 6.14, 19.43, 16.07, 24.86, 15.64, 46.64, 20.93, 7.5, 5.93, 14.5, 20.29, 39.5, 85.29, 7.64, 20.93, 18.5, 23.79, 11.21, 44.57, 24.86, 7.79, 4.29, 13.43, 20.71
37, 2014-01-13, Away, NYK, L, W, 4, U, 198, 0, 0, 104.5, 101.36, 38.21, 87.79, 10.5, 28.5, 17.57, 23.43, 12.29, 45.5, 19.21, 9.07, 5.64, 13.57, 21.93, 38.14, 85.5, 6.5, 18.57, 18.57, 25.71, 13.21, 48.93, 21.71, 6.5, 5.07, 16.07, 19.79, 98.29, 99.07, 37.36, 83.36, 8.71, 22.71, 14.86, 20.21, 10.64, 40.43, 21.79, 9.21, 3.71, 11.5, 21.71, 36.36, 77.79, 9.0, 23.79, 17.36, 23.36, 10.07, 43.29, 20.86, 5.86, 3.29, 15.29, 19.93
38, 2014-01-15, Home, LAL, W, L, -10.5, O, 214, 1, 0, 103.79, 101.07, 38.07, 88.79, 10.07, 28.71, 17.57, 23.0, 13.14, 45.79, 19.0, 8.57, 5.5, 13.43, 22.0, 38.21, 85.57, 6.21, 18.43, 18.43, 25.29, 13.29, 49.14, 21.14, 6.29, 5.14, 15.93, 20.14, 98.57, 108.21, 35.36, 81.79, 8.0, 25.07, 19.86, 26.0, 9.93, 43.29, 20.57, 5.79, 5.79, 16.21, 20.71, 41.0, 90.64, 8.43, 24.14, 17.79, 24.93, 14.29, 49.71, 24.29, 10.71, 4.5, 11.93, 20.29
39, 2014-01-17, Home, DAL, L, L, 1.5, O, 210.5, 0, 0, 105.21, 101.5, 38.86, 90.07, 9.86, 29.0, 17.64, 23.07, 13.36, 46.57, 19.5, 8.86, 5.43, 13.29, 21.79, 38.36, 85.86, 6.14, 18.57, 18.64, 25.29, 12.86, 48.93, 21.36, 5.93, 5.36, 15.86, 20.5, 104.36, 102.57, 40.07, 83.36, 8.86, 23.36, 15.36, 19.79, 9.57, 38.07, 24.79, 10.07, 4.21, 11.79, 19.5, 37.14, 78.79, 8.0, 21.43, 20.29, 25.29, 11.21, 43.43, 21.5, 6.93, 3.5, 16.0, 18.79
40, 2014-01-19, Home, DEN, W, W, -1.5, O, 217.5, 0, 0, 105.5, 102.29, 39.36, 90.43, 9.5, 28.14, 17.29, 22.36, 13.93, 46.79, 19.5, 8.71, 4.93, 13.43, 21.57, 39.0, 85.71, 6.5, 19.07, 17.79, 24.57, 12.57, 48.29, 21.64, 6.14, 5.14, 15.86, 20.07, 106.36, 106.5, 38.86, 85.07, 9.43, 25.79, 19.21, 25.57, 11.93, 45.21, 23.07, 7.43, 6.21, 14.79, 23.57, 39.07, 85.07, 7.36, 21.07, 21.0, 28.43, 10.86, 42.64, 22.5, 8.07, 5.07, 13.14, 20.64
41, 2014-01-22, Home, IND, W, W, 5.5, O, 196.5, 0, 0, 105.07, 101.93, 39.5, 90.79, 9.0, 27.36, 17.07, 22.64, 13.86, 47.0, 19.79, 8.57, 5.21, 12.86, 21.43, 38.43, 85.07, 6.93, 19.86, 18.14, 25.07, 12.36, 48.71, 21.14, 5.79, 4.57, 15.79, 20.64, 98.21, 85.43, 37.21, 81.07, 7.14, 19.93, 16.64, 20.79, 10.36, 46.64, 21.0, 6.86, 5.14, 14.14, 20.21, 32.07, 80.36, 5.71, 18.5, 15.57, 20.86, 9.29, 39.64, 17.57, 6.93, 4.5, 14.21, 20.93
42, 2014-01-24, Home, WAS, L, L, -3.5, U, 207.5, 0, 0, 105.57, 102.64, 39.71, 90.29, 8.79, 26.21, 17.36, 23.14, 13.43, 45.07, 19.14, 8.86, 4.71, 12.43, 21.5, 39.0, 84.64, 6.86, 19.5, 17.79, 24.43, 12.5, 48.71, 21.29, 5.86, 4.64, 16.43, 21.29, 97.71, 98.5, 37.36, 82.71, 6.43, 18.43, 16.57, 23.07, 10.43, 43.36, 22.64, 8.14, 5.36, 14.29, 22.07, 36.71, 80.5, 7.57, 20.79, 17.5, 24.5, 9.5, 41.79, 22.14, 8.21, 3.93, 14.36, 20.07
43, 2014-01-26, Away, CLE, W, W, 2, U, 203.5, 0, 0, 106.21, 101.64, 39.86, 89.0, 9.0, 26.14, 17.5, 23.29, 12.93, 44.29, 19.64, 8.79, 4.64, 12.71, 21.64, 38.57, 84.71, 6.71, 19.21, 17.79, 24.36, 12.79, 47.86, 20.57, 6.14, 4.86, 16.14, 21.21, 95.79, 98.79, 35.79, 85.71, 7.07, 18.86, 17.14, 23.43, 13.57, 47.0, 21.0, 6.86, 3.64, 12.43, 21.43, 36.64, 81.64, 8.93, 25.93, 16.57, 21.86, 8.93, 41.36, 23.86, 6.07, 6.71, 12.43, 20.29
44, 2014-01-27, Away, PHI, W, W, -5, O, 213.5, 0, 1, 105.07, 100.86, 39.14, 88.07, 9.0, 25.71, 17.79, 23.64, 12.86, 43.79, 19.57, 8.57, 4.0, 12.21, 21.86, 38.36, 84.07, 6.29, 18.29, 17.86, 24.5, 12.71, 47.43, 20.86, 5.71, 4.86, 15.71, 21.14, 97.57, 105.29, 37.79, 87.29, 5.43, 19.21, 16.57, 23.86, 11.64, 44.43, 21.43, 9.71, 4.36, 15.86, 22.07, 38.79, 86.71, 8.0, 23.36, 19.71, 26.5, 13.14, 49.36, 25.14, 8.43, 8.64, 16.14, 22.14
45, 2014-01-29, Away, MIL, W, W, -8.5, O, 201.5, 0, 0, 106.29, 102.64, 39.29, 87.71, 8.79, 24.93, 18.93, 24.57, 13.07, 43.57, 19.5, 8.14, 4.21, 12.43, 22.21, 39.0, 84.21, 6.36, 18.29, 18.29, 24.5, 12.71, 46.64, 21.29, 5.93, 4.79, 15.79, 21.43, 87.86, 101.14, 34.71, 81.86, 7.14, 22.14, 11.29, 16.79, 11.93, 40.86, 21.14, 7.14, 5.29, 14.57, 20.93, 36.93, 80.64, 8.71, 22.21, 18.57, 25.21, 11.71, 45.71, 22.43, 8.07, 5.21, 13.21, 18.93
46, 2014-01-30, Away, IND, W, W, 11.5, U, 201, 0, 1, 108.79, 103.93, 39.64, 86.86, 9.07, 24.43, 20.43, 25.71, 12.71, 43.29, 20.21, 7.93, 4.14, 12.64, 23.29, 38.57, 84.0, 6.64, 18.64, 20.14, 26.07, 12.14, 45.0, 21.43, 5.71, 4.71, 15.36, 22.07, 99.0, 92.86, 37.71, 84.14, 6.57, 18.57, 17.0, 22.71, 11.86, 48.14, 20.14, 6.36, 5.0, 13.71, 21.86, 34.57, 83.5, 6.79, 19.86, 16.93, 23.5, 9.71, 41.86, 18.57, 6.71, 3.93, 13.5, 21.57
47, 2014-02-01, Home, CHA, W, W, -8.5, U, 204.5, 1, 0, 107.79, 103.5, 39.5, 87.29, 8.79, 23.71, 20.0, 25.36, 12.86, 44.0, 20.07, 7.43, 4.29, 12.71, 23.29, 38.64, 85.36, 6.0, 18.21, 20.21, 26.36, 12.79, 45.79, 21.21, 5.64, 4.86, 14.64, 22.29, 98.64, 101.29, 37.29, 79.21, 6.36, 16.14, 17.71, 24.21, 5.71, 39.36, 23.36, 5.5, 5.0, 11.43, 17.21, 39.79, 86.43, 7.93, 21.71, 13.79, 18.5, 9.64, 44.43, 22.29, 6.36, 4.93, 11.79, 21.21
48, 2014-02-04, Home, CHI, L, L, -7.5, O, 192.5, 1, 0, 109.07, 103.71, 39.93, 87.14, 8.86, 23.57, 20.36, 25.64, 12.86, 44.71, 20.14, 7.29, 4.0, 12.79, 23.36, 38.43, 85.14, 6.14, 18.86, 20.71, 26.79, 12.14, 44.64, 20.71, 5.71, 4.86, 14.21, 22.29, 93.64, 94.57, 34.57, 82.21, 7.21, 20.29, 17.29, 23.14, 12.07, 43.93, 23.57, 8.07, 5.57, 13.07, 18.93, 37.0, 82.14, 5.93, 16.93, 14.64, 19.07, 10.14, 41.5, 21.21, 7.14, 5.86, 14.5, 21.07
49, 2014-02-05, Away, HOU, L, L, 7.5, O, 214.5, 0, 1, 108.21, 103.57, 39.43, 86.29, 8.64, 23.5, 20.71, 26.07, 12.57, 44.5, 19.64, 7.43, 4.14, 13.57, 22.86, 38.5, 84.57, 6.14, 19.0, 20.43, 26.5, 11.86, 44.14, 20.29, 6.14, 4.93, 14.71, 22.64, 103.79, 98.86, 37.07, 79.43, 8.57, 25.21, 21.07, 32.07, 11.64, 44.86, 21.0, 6.86, 5.36, 14.36, 20.0, 37.64, 86.64, 7.07, 22.36, 16.5, 21.79, 12.64, 42.86, 21.14, 7.71, 5.71, 13.86, 25.93
50, 2014-02-08, Home, GSW, W, W, -4.5, O, 208, 0, 0, 108.86, 104.86, 39.71, 86.14, 8.43, 23.5, 21.0, 26.43, 12.43, 44.07, 19.79, 7.57, 4.0, 14.07, 23.14, 38.29, 83.5, 6.5, 19.07, 21.79, 27.86, 11.21, 42.93, 19.79, 6.71, 4.64, 15.07, 23.21, 101.21, 98.21, 37.93, 86.57, 8.93, 25.0, 16.43, 21.71, 11.71, 44.86, 21.57, 7.5, 4.64, 13.36, 21.5, 36.57, 82.21, 6.64, 18.14, 18.43, 24.57, 11.43, 45.36, 19.71, 7.71, 3.93, 14.86, 20.0
51, 2014-02-11, Home, MIA, L, L, 2.5, U, 209.5, 0, 0, 109.86, 104.79, 40.14, 85.14, 8.29, 22.5, 21.29, 26.79, 12.14, 44.07, 19.21, 7.64, 3.93, 14.43, 23.07, 38.07, 82.79, 6.86, 19.64, 21.79, 27.79, 10.64, 41.14, 18.64, 6.57, 4.43, 14.86, 23.36, 101.86, 101.21, 38.29, 76.64, 7.79, 22.93, 17.5, 23.14, 8.57, 37.14, 23.14, 7.93, 4.14, 15.07, 21.36, 37.57, 80.07, 8.36, 23.5, 17.71, 24.14, 11.86, 40.71, 23.07, 8.79, 3.14, 14.64, 20.5
52, 2014-02-18, Away, DEN, W, W, -2, O, 215.5, 0, 0, 109.93, 105.14, 40.29, 83.93, 8.64, 22.36, 20.71, 26.0, 11.36, 43.14, 19.64, 7.64, 4.14, 14.86, 22.93, 38.14, 82.43, 7.0, 20.14, 21.86, 28.0, 10.43, 40.29, 18.86, 7.21, 4.14, 14.43, 22.43, 104.07, 112.0, 37.86, 84.57, 9.43, 25.43, 18.93, 26.14, 11.21, 43.0, 22.0, 6.86, 5.07, 16.43, 23.93, 41.5, 86.93, 6.86, 19.36, 22.14, 28.71, 11.36, 44.86, 24.14, 9.0, 4.71, 13.36, 21.29
53, 2014-02-19, Home, BOS, W, W, -5.5, U, 203.5, 0, 1, 109.29, 104.64, 39.29, 83.43, 9.14, 23.07, 21.57, 27.0, 11.29, 43.36, 19.5, 7.57, 4.0, 14.71, 23.64, 37.79, 83.0, 6.93, 20.71, 22.14, 28.93, 11.07, 41.21, 18.21, 7.57, 4.07, 14.07, 22.71, 95.14, 98.36, 36.36, 85.36, 7.14, 22.14, 15.29, 19.57, 12.5, 44.29, 22.93, 8.07, 4.57, 14.07, 19.64, 37.07, 81.57, 7.0, 18.86, 17.21, 22.21, 10.29, 43.43, 22.21, 7.07, 4.07, 13.93, 18.29
54, 2014-02-21, Home, SAS, W, W, 1.5, U, 209, 0, 0, 108.79, 103.5, 38.86, 82.64, 9.43, 23.5, 21.64, 27.36, 10.79, 43.29, 19.79, 7.43, 4.36, 15.07, 24.07, 37.07, 83.29, 6.64, 20.21, 22.71, 29.57, 11.5, 41.36, 17.93, 7.57, 4.21, 13.93, 22.93, 102.14, 101.29, 38.93, 80.86, 7.5, 20.57, 16.79, 21.36, 8.64, 39.86, 22.71, 6.93, 5.57, 15.0, 20.29, 38.79, 84.29, 5.64, 16.36, 18.07, 24.86, 11.86, 43.14, 20.43, 8.14, 5.29, 13.07, 20.5
55, 2014-02-23, Home, HOU, L, L, 1.5, O, 213.5, 0, 0, 108.0, 102.21, 38.57, 82.0, 9.21, 23.93, 21.64, 27.29, 10.43, 42.93, 19.5, 7.79, 4.43, 15.21, 24.07, 36.57, 83.36, 6.14, 19.71, 22.93, 29.36, 11.86, 41.71, 17.5, 7.57, 4.21, 14.5, 22.5, 108.79, 100.93, 39.21, 82.64, 10.14, 26.86, 20.21, 29.36, 12.43, 46.43, 22.29, 7.71, 5.0, 14.93, 19.29, 38.79, 87.5, 8.57, 23.71, 14.79, 19.86, 11.93, 40.64, 22.5, 7.64, 5.14, 14.07, 24.0
56, 2014-02-25, Home, MIN, L, L, -4.5, U, 211.5, 0, 0, 107.14, 103.29, 38.36, 82.21, 9.21, 24.64, 21.21, 26.71, 10.57, 42.86, 19.57, 8.14, 4.57, 15.71, 23.71, 36.79, 83.57, 6.14, 19.79, 23.57, 29.64, 11.86, 42.0, 18.29, 7.86, 4.14, 14.64, 21.86, 101.79, 100.86, 37.07, 84.21, 6.93, 20.71, 20.71, 27.07, 11.07, 45.14, 22.29, 7.21, 4.86, 13.43, 20.0, 37.71, 84.5, 7.5, 21.57, 17.93, 22.71, 10.93, 44.14, 21.5, 8.0, 5.64, 14.0, 24.29
57, 2014-02-26, Away, UTA, L, L, 2.5, U, 200, 0, 1, 107.57, 103.93, 38.93, 83.93, 8.93, 24.14, 20.79, 26.21, 11.21, 44.29, 19.57, 8.29, 5.0, 15.57, 24.14, 37.0, 83.64, 6.07, 19.93, 23.86, 30.29, 11.21, 41.57, 18.43, 7.71, 4.0, 14.5, 21.64, 96.14, 100.0, 35.93, 80.36, 6.64, 20.21, 17.64, 23.64, 10.43, 42.5, 19.29, 6.43, 4.14, 12.43, 20.21, 37.29, 83.64, 7.0, 19.86, 18.43, 23.14, 11.43, 42.43, 21.21, 6.93, 4.14, 10.0, 20.5
58, 2014-02-28, Home, NOP, W, W, -7, O, 202.5, 0, 0, 106.64, 105.29, 38.71, 83.79, 8.71, 23.57, 20.5, 26.29, 11.21, 43.57, 18.93, 8.36, 5.21, 15.64, 23.93, 37.57, 82.79, 6.36, 20.07, 23.79, 30.29, 10.79, 41.64, 18.36, 7.64, 4.07, 14.5, 21.71, 94.07, 97.21, 36.36, 79.86, 6.07, 16.0, 15.29, 20.79, 10.36, 41.21, 20.07, 6.43, 6.5, 12.71, 22.64, 35.36, 78.07, 7.14, 20.36, 19.36, 26.21, 9.43, 39.93, 22.86, 7.0, 5.64, 12.21, 17.86
59, 2014-03-02, Home, ATL, W, W, -8, O, 216.5, 0, 0, 106.07, 104.64, 38.5, 83.36, 8.79, 23.79, 20.29, 26.07, 11.14, 43.07, 18.64, 8.0, 4.71, 15.29, 23.21, 37.71, 82.14, 6.14, 19.57, 23.07, 29.64, 10.36, 41.29, 18.0, 7.5, 4.14, 13.79, 21.64, 99.93, 104.07, 36.79, 80.64, 10.14, 24.14, 16.21, 21.0, 9.0, 39.93, 24.71, 7.86, 3.57, 15.07, 19.14, 39.64, 86.0, 8.14, 21.5, 16.64, 21.86, 12.0, 44.14, 23.86, 8.5, 4.57, 13.14, 18.21
60, 2014-03-04, Home, LAC, L, L, 4, U, 218.5, 0, 0, 106.29, 104.86, 38.64, 83.5, 9.0, 23.86, 20.0, 25.93, 11.07, 43.43, 18.71, 8.07, 4.79, 15.29, 22.64, 38.14, 81.79, 6.64, 20.43, 21.93, 28.93, 10.07, 41.07, 18.14, 8.07, 4.36, 14.0, 21.29, 110.71, 103.14, 39.0, 80.79, 7.86, 22.21, 24.86, 34.43, 10.79, 43.14, 25.29, 8.5, 4.71, 13.43, 21.64, 38.0, 86.21, 7.43, 24.0, 19.71, 25.71, 12.64, 42.93, 23.14, 7.07, 4.43, 14.5, 26.21
61, 2014-03-06, Home, OKC, W, W, 6, O, 217, 0, 0, 105.86, 105.57, 38.64, 83.14, 8.93, 24.0, 19.64, 25.86, 11.43, 43.43, 19.0, 8.21, 4.5, 15.71, 22.86, 38.29, 81.14, 7.14, 20.79, 21.86, 28.79, 9.71, 40.57, 18.93, 8.43, 4.29, 14.0, 21.14, 104.86, 100.43, 39.0, 80.07, 8.0, 22.79, 18.86, 23.5, 10.36, 42.71, 22.43, 8.71, 6.29, 16.36, 21.64, 37.07, 81.43, 8.21, 22.57, 18.07, 23.5, 9.29, 37.0, 23.07, 9.5, 2.86, 14.5, 19.43
62, 2014-03-09, Away, GSW, L, W, 10, O, 211, 0, 0, 107.5, 107.5, 38.86, 83.14, 9.5, 24.43, 20.29, 27.0, 11.57, 42.93, 19.57, 8.29, 4.36, 15.79, 23.0, 39.14, 81.93, 7.5, 21.5, 21.71, 28.07, 9.86, 40.5, 19.07, 8.43, 4.21, 14.07, 21.79, 104.86, 97.43, 39.43, 86.43, 8.5, 23.93, 17.5, 22.43, 11.71, 44.14, 23.57, 8.5, 5.71, 12.71, 21.21, 36.29, 84.79, 6.36, 20.86, 18.5, 23.14, 11.71, 44.29, 19.79, 6.86, 4.14, 14.79, 20.29
63, 2014-03-10, Away, LAC, L, W, 10.5, P, 217, 0, 1, 108.57, 108.36, 39.21, 82.79, 9.64, 23.93, 20.5, 26.93, 11.43, 42.5, 20.21, 8.14, 4.07, 15.64, 23.07, 39.86, 82.43, 7.79, 21.79, 20.86, 27.36, 9.93, 39.86, 20.07, 8.29, 4.0, 13.64, 21.71, 114.36, 102.93, 41.43, 83.43, 8.64, 23.43, 22.86, 31.21, 11.36, 44.36, 26.93, 9.36, 5.0, 13.93, 22.36, 37.43, 85.36, 8.0, 24.29, 20.07, 26.14, 12.0, 41.29, 23.36, 7.57, 3.93, 15.71, 25.21
64, 2014-03-12, Home, CLE, L, L, -8, P, 211, 0, 0, 108.36, 107.64, 39.0, 82.43, 9.57, 23.21, 20.79, 27.5, 11.5, 42.36, 20.29, 8.5, 4.14, 15.86, 22.93, 40.14, 82.93, 7.29, 21.64, 20.07, 26.57, 10.21, 40.29, 20.64, 8.43, 3.93, 14.21, 22.36, 98.14, 97.5, 36.57, 83.86, 6.79, 19.07, 18.21, 23.5, 12.5, 45.57, 22.43, 6.29, 3.07, 12.93, 18.71, 36.43, 84.5, 8.86, 25.14, 15.79, 20.86, 11.0, 42.0, 24.0, 6.93, 5.86, 11.93, 19.21
65, 2014-03-14, Away, BOS, W, W, -4.5, U, 207.5, 0, 0, 106.86, 107.71, 38.71, 83.14, 9.5, 24.29, 19.93, 26.93, 11.5, 41.71, 20.57, 8.64, 4.07, 15.5, 22.86, 39.93, 82.71, 7.57, 21.57, 20.29, 26.64, 10.29, 41.5, 20.93, 8.5, 3.71, 14.64, 22.36, 96.5, 101.93, 36.43, 86.36, 6.71, 21.29, 16.93, 21.64, 13.43, 41.86, 21.93, 6.86, 3.29, 13.57, 20.93, 38.64, 80.29, 6.86, 19.57, 17.79, 22.43, 9.29, 41.14, 21.0, 7.21, 5.07, 13.86, 20.79
66, 2014-03-16, Away, TOR, W, W, 4, O, 204, 0, 0, 106.14, 106.07, 38.64, 83.43, 9.0, 24.14, 19.86, 27.14, 11.71, 42.79, 20.14, 8.79, 4.0, 15.5, 22.5, 39.43, 84.0, 7.14, 21.14, 20.07, 26.0, 11.0, 42.57, 21.14, 8.14, 3.93, 14.79, 22.64, 103.5, 95.86, 37.29, 80.14, 8.86, 22.64, 20.07, 25.36, 9.79, 41.21, 22.79, 7.14, 4.21, 13.5, 23.36, 36.07, 81.86, 6.0, 17.36, 17.71, 25.43, 12.07, 40.0, 20.57, 7.64, 3.79, 13.93, 22.64
67, 2014-03-17, Away, BRK, L, L, 3.5, U, 208, 0, 1, 106.79, 106.5, 38.86, 82.14, 9.0, 23.71, 20.07, 27.07, 11.5, 42.0, 19.86, 8.36, 4.0, 15.93, 21.93, 39.71, 83.0, 7.29, 20.79, 19.79, 25.14, 10.07, 40.43, 21.86, 8.29, 3.71, 14.71, 22.71, 96.57, 96.0, 34.79, 76.57, 8.86, 24.29, 18.14, 24.0, 7.36, 33.86, 19.64, 11.07, 3.29, 13.5, 21.21, 35.21, 76.07, 6.86, 20.57, 18.71, 24.0, 11.57, 44.21, 19.29, 7.14, 4.36, 17.86, 19.79
68, 2014-03-19, Home, ORL, W, W, -12, U, 211, 1, 0, 106.43, 107.5, 38.93, 82.0, 8.64, 23.29, 19.93, 27.21, 11.64, 41.57, 19.5, 8.64, 3.71, 15.79, 22.0, 40.21, 81.79, 7.57, 21.07, 19.5, 25.07, 9.57, 39.71, 22.21, 8.57, 3.5, 14.86, 22.71, 100.71, 106.0, 40.14, 88.29, 6.57, 19.14, 13.86, 17.79, 9.86, 42.5, 22.79, 7.86, 4.36, 12.36, 22.64, 38.36, 82.86, 8.57, 22.57, 20.71, 27.29, 10.14, 45.21, 22.64, 6.14, 4.57, 13.86, 17.21
69, 2014-03-21, Home, DET, W, L, -8.5, U, 218, 0, 0, 106.64, 108.07, 39.14, 82.5, 9.07, 23.29, 19.29, 26.29, 11.71, 41.57, 19.71, 8.64, 3.71, 16.07, 22.14, 40.43, 81.57, 7.86, 20.5, 19.36, 25.29, 9.43, 39.43, 22.64, 8.86, 3.71, 14.93, 22.57, 102.29, 108.57, 39.93, 89.21, 5.57, 16.5, 16.86, 24.36, 12.64, 43.79, 22.29, 7.71, 5.21, 11.79, 19.71, 40.64, 87.21, 8.71, 24.36, 18.57, 24.64, 12.21, 46.36, 26.29, 6.71, 5.64, 13.07, 20.71
70, 2014-03-23, Away, MIN, W, W, 2.5, O, 218, 0, 0, 105.64, 106.43, 38.5, 81.57, 8.86, 23.21, 19.79, 27.07, 11.36, 41.93, 19.79, 8.43, 4.07, 15.71, 22.36, 40.29, 82.43, 7.79, 20.5, 18.07, 24.86, 9.71, 40.14, 22.43, 8.71, 3.71, 14.71, 23.14, 109.57, 108.43, 39.29, 86.36, 7.29, 21.36, 23.71, 31.29, 11.79, 42.43, 24.0, 7.79, 3.07, 12.0, 20.29, 41.64, 86.5, 8.36, 22.93, 16.79, 23.0, 11.21, 46.07, 22.5, 7.07, 5.57, 15.5, 25.5
71, 2014-03-24, Away, ATL, W, W, -2.5, U, 213.5, 1, 1, 107.5, 107.14, 38.79, 80.5, 9.5, 24.07, 20.43, 27.86, 10.71, 41.36, 19.57, 8.07, 3.71, 15.71, 22.29, 40.14, 82.71, 8.0, 20.86, 18.86, 25.21, 10.14, 40.14, 22.5, 8.57, 3.57, 14.5, 23.36, 102.43, 105.21, 36.79, 81.5, 11.0, 29.21, 17.86, 22.71, 8.07, 37.29, 23.57, 7.29, 3.79, 13.57, 20.93, 38.14, 82.5, 8.29, 22.79, 20.64, 25.57, 10.79, 44.79, 23.29, 8.29, 3.79, 14.0, 21.93
72, 2014-03-26, Away, WAS, W, W, -1.5, U, 208, 0, 0, 108.64, 106.14, 39.29, 80.07, 9.93, 24.43, 20.14, 26.93, 10.21, 41.29, 20.07, 8.29, 3.43, 16.07, 22.57, 39.29, 82.57, 7.93, 21.21, 19.64, 25.86, 10.07, 39.29, 22.21, 8.79, 3.5, 14.71, 23.0, 107.64, 105.93, 40.57, 86.43, 9.57, 23.29, 16.93, 22.36, 11.71, 42.79, 23.5, 6.93, 4.64, 14.86, 21.0, 40.14, 85.0, 8.14, 22.36, 17.5, 23.0, 10.86, 42.36, 23.43, 8.07, 4.21, 14.86, 21.5
73, 2014-03-28, Home, NYK, W, W, -6, U, 207.5, 0, 0, 107.43, 105.36, 39.07, 80.14, 10.21, 24.79, 19.07, 25.5, 9.79, 41.57, 20.14, 8.43, 3.36, 16.43, 22.79, 38.93, 82.79, 8.0, 21.64, 19.5, 26.14, 10.0, 39.5, 22.43, 8.79, 3.29, 14.93, 22.07, 103.79, 101.5, 38.21, 81.79, 9.71, 24.64, 17.64, 22.43, 10.57, 40.86, 20.57, 7.0, 4.93, 12.21, 21.64, 37.36, 81.43, 8.14, 22.93, 18.64, 24.71, 12.0, 41.93, 20.57, 7.07, 2.86, 12.71, 19.21
74, 2014-03-30, Away, LAL, L, L, -9.5, U, 225, 0, 0, 106.21, 103.07, 38.79, 80.71, 10.14, 25.43, 18.5, 25.0, 10.57, 42.64, 19.36, 8.36, 3.5, 16.21, 22.64, 38.29, 83.0, 7.57, 21.21, 18.93, 25.43, 10.43, 39.79, 21.71, 8.5, 3.0, 14.86, 22.36, 109.79, 119.93, 41.07, 88.57, 10.07, 24.14, 17.57, 23.36, 9.07, 37.21, 26.71, 9.43, 4.79, 15.14, 20.79, 45.5, 88.5, 9.36, 22.64, 19.57, 25.79, 12.43, 48.71, 27.71, 9.07, 5.0, 16.14, 20.79
75, 2014-04-02, Home, LAC, L, L, -3, O, 212, 0, 0, 106.43, 103.86, 38.5, 81.07, 10.21, 26.64, 19.21, 25.64, 10.36, 42.79, 19.21, 8.43, 3.64, 15.86, 22.36, 38.57, 83.36, 7.36, 21.07, 19.36, 25.57, 10.14, 39.93, 21.93, 8.71, 3.0, 14.71, 22.36, 109.36, 99.36, 41.0, 84.43, 9.14, 24.71, 18.21, 24.86, 11.0, 42.79, 26.0, 9.71, 5.71, 14.0, 21.43, 37.07, 85.0, 7.86, 21.86, 17.36, 23.64, 12.29, 42.36, 23.57, 7.93, 3.0, 15.79, 20.36
76, 2014-04-04, Away, POR, W, W, 4.5, U, 212, 0, 0, 105.0, 103.14, 38.07, 80.93, 9.71, 26.71, 19.14, 25.21, 10.57, 42.36, 18.93, 8.29, 3.79, 15.86, 22.5, 38.0, 82.57, 7.21, 20.57, 19.93, 26.36, 10.36, 40.14, 21.71, 8.93, 3.0, 15.0, 22.14, 103.64, 103.21, 36.79, 84.79, 9.79, 27.29, 20.29, 25.0, 11.93, 45.14, 22.14, 5.36, 4.21, 12.64, 18.86, 40.07, 88.21, 7.29, 20.14, 15.79, 21.0, 11.93, 46.0, 22.5, 8.64, 4.14, 11.29, 21.29
77, 2014-04-06, Home, OKC, W, W, 2.5, O, 210.5, 0, 0, 105.14, 101.71, 38.29, 82.5, 9.43, 26.71, 19.14, 25.43, 11.57, 43.64, 18.64, 8.36, 4.0, 15.36, 22.21, 37.29, 82.29, 6.93, 20.5, 20.21, 26.79, 10.64, 41.07, 21.21, 8.79, 3.36, 15.21, 22.21, 109.43, 103.93, 38.93, 85.07, 11.07, 28.07, 20.5, 25.07, 9.64, 44.43, 22.71, 8.14, 5.79, 14.14, 25.71, 36.36, 84.21, 10.36, 26.07, 20.86, 28.07, 11.07, 43.5, 22.14, 7.64, 3.57, 14.86, 20.71
78, 2014-04-09, Away, NOP, W, L, -9, U, 207, 0, 0, 106.36, 101.93, 38.71, 81.93, 9.71, 26.93, 19.21, 25.57, 11.0, 43.64, 18.29, 8.0, 3.79, 15.07, 22.14, 37.07, 82.71, 7.29, 21.79, 20.5, 26.86, 10.5, 40.79, 20.64, 8.43, 3.36, 14.57, 22.36, 100.79, 104.14, 37.36, 79.5, 4.64, 14.21, 21.43, 27.21, 9.64, 40.64, 20.71, 8.0, 6.43, 12.36, 22.29, 37.57, 80.86, 8.64, 24.0, 20.36, 26.14, 10.79, 41.21, 23.57, 6.86, 6.5, 14.43, 21.79
79, 2014-04-11, Away, SAS, L, L, 4, O, 205.5, 1, 0, 105.86, 100.36, 38.71, 81.21, 9.64, 25.71, 18.79, 24.71, 10.57, 43.79, 18.5, 7.57, 4.14, 15.07, 21.93, 36.79, 82.64, 6.86, 21.07, 19.93, 26.14, 10.14, 40.14, 21.0, 8.43, 3.64, 14.14, 22.07, 108.21, 95.21, 41.79, 85.36, 9.29, 22.79, 15.36, 20.07, 10.14, 44.5, 25.86, 7.71, 5.43, 13.64, 18.57, 36.14, 83.79, 5.93, 17.64, 17.0, 22.29, 10.07, 41.86, 18.93, 8.0, 4.71, 13.36, 18.93
80, 2014-04-12, Away, DAL, L, W, 4.5, U, 210, 0, 1, 107.07, 102.64, 39.07, 81.36, 9.93, 25.71, 19.0, 24.64, 10.64, 43.57, 18.79, 7.5, 3.86, 15.21, 21.86, 37.79, 82.79, 7.57, 21.71, 19.5, 25.79, 9.57, 39.14, 21.5, 8.64, 3.71, 13.64, 21.64, 108.07, 103.29, 40.43, 84.36, 10.36, 25.57, 16.86, 21.5, 11.0, 44.21, 24.21, 7.43, 5.29, 13.5, 18.43, 38.79, 85.79, 9.36, 26.5, 16.36, 21.64, 12.57, 43.0, 22.36, 7.93, 2.93, 14.07, 20.93
81, 2014-04-14, Home, MEM, L, L, -3.5, U, 194, 1, 0, 105.43, 101.79, 38.93, 81.57, 9.71, 25.29, 17.86, 23.57, 10.64, 43.29, 18.57, 8.29, 3.86, 15.0, 21.5, 37.57, 82.36, 7.86, 21.79, 18.79, 25.07, 9.93, 40.29, 21.07, 8.57, 3.86, 14.21, 21.0, 96.79, 94.07, 39.14, 83.64, 4.5, 12.93, 14.0, 19.43, 12.36, 43.07, 22.29, 7.71, 4.29, 12.57, 18.07, 36.21, 78.57, 7.5, 19.93, 14.14, 18.21, 9.07, 38.36, 21.64, 8.07, 3.93, 13.86, 18.14
82, 2014-04-16, Away, SAC, W, W, -2, U, 207, 0, 0, 105.14, 101.0, 39.0, 81.57, 9.64, 25.57, 17.5, 22.57, 10.36, 42.57, 18.36, 8.5, 4.14, 14.71, 21.21, 37.5, 82.86, 7.64, 21.36, 18.36, 24.21, 10.21, 40.71, 20.86, 8.07, 3.71, 14.29, 20.57, 97.64, 103.0, 36.57, 81.79, 4.79, 14.43, 19.71, 26.93, 11.5, 44.93, 18.14, 6.43, 3.36, 13.5, 21.21, 37.71, 82.57, 9.0, 23.71, 18.57, 24.79, 9.57, 42.14, 25.14, 6.43, 5.79, 11.86, 23.07
