19, 2013-12-04, Away, HOU, W, W, 9.5, U, 212, 0, 1, 101.11, 100.28, 37.78, 81.56, 9.17, 25.44, 16.39, 22.17, 10.44, 41.11, 18.78, 8.28, 4.83, 15.22, 20.72, 37.5, 82.72, 6.0, 18.0, 19.28, 24.78, 11.5, 42.33, 20.33, 7.0, 3.83, 14.06, 20.22, 109.83, 104.17, 38.11, 77.89, 10.33, 27.28, 23.28, 32.94, 10.33, 45.61, 21.78, 8.0, 6.67, 17.0, 21.22, 39.06, 90.67, 8.94, 24.39, 17.11, 22.67, 12.89, 40.44, 21.83, 9.06, 5.67, 13.61, 25.56
21, 2013-12-10, Away, LAL, W, W, 3, O, 206.5, 0, 0, 101.78, 100.83, 37.72, 81.28, 9.72, 25.78, 16.61, 22.67, 10.39, 41.11, 18.78, 8.22, 4.56, 15.39, 21.22, 37.61, 83.22, 6.06, 18.39, 19.56, 24.39, 11.44, 42.22, 19.72, 7.39, 3.83, 13.89, 20.89, 100.5, 101.72, 37.78, 85.28, 10.56, 26.67, 14.39, 19.61, 9.89, 43.33, 24.28, 7.06, 6.22, 14.39, 21.5, 38.67, 87.72, 6.83, 20.5, 17.56, 24.72, 12.33, 47.33, 24.33, 9.44, 4.11, 12.72, 17.94
22, 2013-12-13, Home, SAC, W, W, -6, O, 208.5, 0, 0, 102.78, 101.11, 38.39, 81.56, 9.33, 25.0, 16.67, 22.61, 10.28, 41.11, 18.94, 7.94, 4.56, 14.83, 21.17, 37.83, 83.11, 6.22, 18.44, 19.22, 24.11, 11.28, 41.78, 19.83, 7.33, 3.78, 13.67, 20.78, 99.17, 102.17, 36.61, 84.56, 7.17, 21.61, 18.78, 23.67, 11.61, 42.89, 21.72, 8.17, 3.33, 13.44, 22.83, 38.17, 82.44, 8.94, 23.33, 16.89, 23.28, 10.17, 42.56, 23.22, 7.28, 6.0, 14.39, 21.78
23, 2013-12-15, Home, GSW, W, W, 1, U, 209.5, 0, 0, 103.44, 101.61, 38.5, 81.83, 9.33, 24.94, 17.11, 23.0, 10.78, 41.22, 18.67, 8.0, 4.83, 14.89, 21.17, 37.89, 83.22, 6.0, 18.5, 19.83, 24.67, 11.78, 41.94, 19.06, 7.28, 3.39, 13.78, 20.89, 102.5, 102.22, 38.17, 82.89, 9.11, 22.89, 17.06, 23.11, 11.0, 44.5, 21.5, 6.67, 4.56, 15.72, 21.89, 38.06, 84.44, 7.17, 18.78, 18.94, 24.22, 10.89, 42.33, 20.0, 8.39, 5.06, 13.39, 20.28
24, 2013-12-18, Home, SAS, L, L, 3.5, O, 201.5, 0, 0, 104.0, 101.78, 38.11, 81.5, 9.67, 25.39, 18.11, 24.39, 10.78, 41.33, 18.83, 8.33, 4.83, 14.56, 21.56, 37.5, 82.94, 6.28, 18.83, 20.5, 25.67, 12.06, 42.56, 18.72, 7.33, 3.22, 14.11, 21.33, 105.28, 94.44, 41.78, 82.67, 9.0, 21.89, 12.72, 16.61, 8.72, 43.28, 25.67, 8.22, 4.28, 14.83, 17.06, 36.39, 85.06, 6.67, 19.11, 15.0, 19.06, 10.89, 41.56, 19.39, 8.0, 4.22, 14.11, 17.39
25, 2013-12-20, Away, DEN, W, W, 4, U, 208, 0, 0, 103.28, 102.06, 38.0, 81.44, 9.56, 25.11, 17.72, 23.94, 10.89, 41.0, 18.56, 8.17, 5.06, 14.5, 21.67, 37.78, 83.33, 6.22, 18.61, 20.28, 25.44, 12.44, 43.06, 19.06, 7.28, 3.33, 14.0, 20.83, 102.78, 99.61, 38.5, 85.0, 7.56, 21.61, 18.22, 26.06, 13.5, 46.33, 22.67, 7.72, 6.06, 13.28, 21.39, 37.89, 87.22, 6.17, 20.11, 17.67, 23.11, 13.17, 44.5, 20.33, 6.67, 5.67, 13.22, 20.83
26, 2013-12-21, Home, DAL, W, W, -2.5, O, 208, 1, 1, 103.39, 102.33, 37.83, 82.0, 9.83, 25.78, 17.89, 24.39, 10.83, 41.22, 18.83, 8.11, 4.89, 14.33, 21.89, 37.56, 83.17, 6.22, 18.83, 21.0, 26.33, 12.28, 43.61, 18.94, 7.22, 3.56, 14.06, 21.22, 101.83, 100.72, 39.06, 83.89, 8.28, 22.22, 15.44, 19.22, 9.22, 40.33, 23.44, 9.11, 4.67, 13.5, 20.06, 37.33, 81.67, 7.78, 21.89, 18.28, 24.5, 11.61, 44.61, 21.06, 8.11, 3.61, 15.5, 18.22
27, 2013-12-23, Home, LAL, W, W, -7.5, U, 210.5, 0, 0, 105.28, 103.33, 38.22, 82.0, 10.39, 26.61, 18.44, 24.89, 11.11, 41.44, 19.0, 7.94, 4.89, 14.56, 21.94, 38.06, 83.56, 6.06, 18.94, 21.17, 26.33, 12.22, 42.78, 19.5, 7.5, 3.83, 13.78, 21.33, 100.06, 101.78, 37.56, 82.89, 8.89, 24.61, 16.06, 21.06, 9.44, 41.06, 22.44, 7.28, 6.39, 14.5, 19.44, 39.28, 89.56, 6.83, 21.67, 16.39, 21.83, 14.61, 48.17, 24.33, 9.5, 4.44, 12.83, 18.56
28, 2013-12-27, Away, GSW, L, L, 6.5, U, 210, 0, 0, 106.33, 102.78, 38.67, 82.61, 10.61, 26.83, 18.39, 24.89, 11.33, 42.56, 19.39, 7.78, 5.06, 14.5, 21.89, 37.61, 83.22, 6.28, 19.39, 21.28, 26.78, 11.89, 42.22, 19.39, 7.33, 3.78, 13.72, 21.0, 102.72, 101.61, 38.28, 85.94, 8.83, 23.67, 17.33, 23.61, 12.39, 47.39, 21.33, 7.33, 4.67, 16.28, 22.28, 37.17, 84.78, 7.44, 20.22, 19.83, 25.67, 10.33, 43.28, 19.72, 8.67, 5.39, 14.22, 19.89
29, 2013-12-28, Home, PHI, W, W, -10.5, P, 216, 0, 1, 105.33, 103.22, 38.39, 83.17, 10.28, 26.5, 18.28, 24.61, 11.89, 43.11, 18.78, 7.78, 5.11, 14.56, 21.83, 37.94, 83.33, 6.28, 19.28, 21.06, 26.56, 11.89, 42.67, 20.0, 7.39, 3.83, 13.78, 21.06, 100.89, 113.33, 39.0, 88.89, 7.39, 23.0, 15.5, 22.17, 12.33, 45.17, 22.89, 8.5, 3.72, 17.72, 22.33, 41.78, 86.06, 9.67, 26.17, 20.11, 27.28, 10.5, 44.61, 27.33, 9.44, 6.83, 15.28, 19.89
30, 2013-12-30, Away, LAC, W, W, 8, U, 208.5, 0, 0, 105.83, 102.56, 38.72, 83.72, 9.94, 26.5, 18.44, 24.67, 12.0, 44.22, 19.44, 7.94, 5.39, 14.67, 21.56, 37.94, 84.17, 6.5, 19.94, 20.17, 25.67, 12.22, 43.06, 20.0, 7.44, 3.89, 14.33, 21.11, 103.44, 95.33, 37.39, 81.83, 7.17, 22.78, 21.5, 29.11, 9.33, 42.61, 22.11, 8.39, 4.72, 12.33, 20.0, 36.11, 85.17, 6.39, 20.67, 16.72, 22.0, 12.39, 46.06, 22.72, 5.89, 2.89, 15.39, 23.78
31, 2014-01-02, Home, MEM, L, L, -5.5, U, 196.5, 0, 0, 106.33, 102.39, 39.17, 84.56, 10.06, 26.94, 17.94, 23.78, 12.06, 44.33, 19.72, 8.44, 5.61, 14.39, 21.28, 37.89, 84.61, 6.72, 20.28, 19.89, 25.28, 12.39, 43.44, 20.0, 7.39, 3.89, 14.56, 20.83, 94.61, 98.17, 37.0, 83.67, 5.11, 14.0, 15.5, 21.0, 13.39, 42.33, 20.39, 8.0, 3.89, 11.94, 20.06, 36.0, 76.33, 7.83, 21.0, 18.33, 23.17, 9.22, 38.78, 19.67, 6.61, 6.39, 13.28, 17.94
32, 2014-01-04, Home, MIL, W, W, -8, O, 196.5, 0, 0, 105.61, 102.56, 38.67, 84.28, 9.89, 27.0, 18.39, 24.5, 12.22, 44.11, 19.33, 8.78, 5.39, 14.56, 21.28, 38.17, 85.06, 6.56, 19.89, 19.67, 25.28, 13.06, 44.44, 19.78, 7.5, 3.83, 14.72, 20.89, 94.56, 99.94, 35.83, 84.17, 6.39, 20.83, 16.5, 21.67, 11.56, 43.0, 20.44, 7.22, 6.61, 13.28, 20.44, 36.72, 85.94, 8.17, 22.39, 18.33, 23.94, 13.61, 46.5, 22.22, 7.28, 5.78, 13.39, 21.0
33, 2014-01-07, Away, CHI, L, L, -1.5, U, 190, 0, 0, 106.94, 102.17, 39.11, 84.39, 10.11, 26.72, 18.61, 24.56, 11.94, 43.61, 19.5, 8.94, 5.44, 14.33, 21.44, 38.06, 84.44, 6.72, 19.83, 19.33, 25.06, 12.94, 44.33, 19.67, 7.17, 3.83, 15.33, 21.06, 90.61, 92.5, 33.33, 79.72, 5.61, 17.61, 18.33, 24.22, 11.61, 43.33, 22.0, 7.17, 5.89, 15.17, 19.11, 35.39, 81.0, 6.11, 16.83, 15.61, 20.0, 11.06, 41.78, 19.44, 8.0, 6.78, 13.94, 21.83
34, 2014-01-08, Away, MIN, W, W, 8, U, 217, 0, 1, 105.11, 101.39, 38.61, 84.44, 9.89, 26.67, 18.0, 23.89, 11.72, 43.5, 18.94, 8.83, 5.67, 14.44, 21.39, 37.89, 84.22, 6.67, 19.56, 18.94, 25.0, 12.89, 44.94, 19.94, 7.28, 4.0, 15.44, 20.94, 109.17, 105.06, 39.28, 88.61, 8.33, 22.89, 22.28, 28.72, 14.56, 46.44, 23.72, 9.06, 2.67, 13.33, 16.44, 41.83, 85.28, 7.56, 22.22, 13.83, 18.06, 10.06, 41.5, 23.67, 8.06, 5.33, 15.94, 23.5
35, 2014-01-10, Away, MEM, L, L, 3, O, 194.5, 0, 0, 104.67, 101.5, 38.44, 85.39, 10.06, 26.89, 17.72, 23.78, 12.22, 44.61, 19.0, 8.94, 5.56, 14.56, 22.11, 37.56, 84.39, 6.72, 19.33, 19.67, 25.83, 12.83, 45.61, 19.83, 7.17, 4.22, 15.44, 20.94, 98.33, 98.78, 38.61, 85.89, 5.39, 14.56, 15.72, 21.61, 14.44, 44.89, 21.17, 7.78, 3.78, 11.89, 20.0, 36.56, 77.94, 7.78, 21.78, 17.89, 23.17, 9.11, 38.72, 20.78, 7.11, 6.39, 13.06, 18.5
36, 2014-01-11, Away, DET, L, L, 1.5, O, 206, 1, 1, 104.39, 101.06, 38.5, 86.17, 10.0, 27.06, 17.39, 23.28, 12.33, 45.11, 19.11, 8.72, 5.72, 14.17, 21.83, 37.72, 84.94, 6.56, 19.17, 19.06, 25.5, 12.94, 46.39, 20.0, 6.89, 4.67, 15.22, 20.28, 98.44, 104.94, 38.22, 87.67, 6.56, 20.0, 15.44, 23.78, 15.22, 46.06, 20.22, 7.61, 5.83, 15.06, 20.44, 39.0, 84.72, 7.83, 21.44, 19.11, 24.11, 11.28, 44.39, 24.72, 8.17, 4.28, 13.61, 19.83
37, 2014-01-13, Away, NYK, L, W, 4, U, 198, 0, 0, 105.33, 101.06, 38.5, 86.56, 10.33, 27.39, 18.0, 23.83, 12.44, 45.33, 19.22, 8.94, 5.61, 14.06, 22.17, 37.61, 85.5, 6.44, 19.33, 19.39, 25.83, 13.39, 47.28, 20.33, 6.89, 4.67, 15.61, 20.28, 95.11, 98.78, 36.17, 82.39, 8.22, 22.5, 14.56, 19.39, 10.06, 38.89, 21.22, 9.22, 3.78, 11.5, 21.17, 35.94, 76.39, 9.0, 23.28, 17.89, 23.89, 9.94, 43.33, 20.44, 5.94, 3.44, 15.5, 19.39
38, 2014-01-15, Home, LAL, W, L, -10.5, O, 214, 1, 0, 105.28, 101.61, 38.33, 87.33, 10.11, 27.72, 18.5, 24.33, 12.94, 45.83, 19.06, 8.56, 5.44, 13.61, 22.28, 37.83, 85.11, 6.33, 18.72, 19.61, 26.28, 12.89, 47.22, 20.22, 6.61, 4.89, 15.39, 20.83, 98.5, 108.33, 35.5, 81.72, 7.56, 24.22, 19.94, 26.17, 10.06, 42.39, 20.72, 5.83, 5.56, 15.89, 19.67, 41.61, 90.78, 8.11, 23.67, 17.0, 23.11, 14.28, 49.33, 25.22, 10.56, 4.94, 12.06, 20.28
39, 2014-01-17, Home, DAL, L, L, 1.5, O, 210.5, 0, 0, 106.11, 102.56, 39.0, 88.33, 9.83, 27.5, 18.28, 23.94, 12.83, 45.83, 19.44, 9.0, 5.56, 13.67, 21.94, 38.28, 85.33, 6.39, 18.78, 19.61, 26.22, 12.72, 47.61, 20.83, 6.5, 5.0, 15.89, 20.61, 104.06, 101.33, 40.33, 83.72, 8.72, 22.78, 14.67, 19.0, 9.78, 39.33, 25.11, 10.17, 4.39, 12.33, 18.83, 37.33, 80.78, 8.22, 21.33, 18.44, 23.33, 11.94, 43.83, 20.89, 7.28, 3.56, 16.0, 18.61
40, 2014-01-19, Home, DEN, W, W, -1.5, O, 217.5, 0, 0, 105.72, 102.67, 38.89, 88.78, 9.83, 27.44, 18.11, 23.94, 13.22, 46.06, 19.17, 9.06, 5.44, 13.67, 21.67, 38.56, 85.5, 6.61, 19.06, 18.94, 25.5, 12.72, 48.22, 20.83, 6.56, 5.06, 16.17, 20.67, 104.22, 105.28, 38.22, 85.17, 8.61, 24.56, 19.17, 25.61, 12.11, 45.89, 22.83, 7.33, 6.39, 14.56, 23.56, 38.89, 85.33, 7.5, 22.0, 20.0, 27.11, 10.72, 42.78, 22.22, 8.22, 5.44, 13.11, 20.83
41, 2014-01-22, Home, IND, W, W, 5.5, O, 196.5, 0, 0, 105.78, 102.44, 39.17, 89.22, 9.61, 27.17, 17.83, 23.78, 13.11, 46.33, 19.33, 8.78, 5.22, 13.33, 21.67, 38.44, 85.22, 6.78, 19.56, 18.78, 25.56, 12.33, 48.17, 21.17, 6.22, 4.83, 15.89, 20.72, 98.78, 87.17, 37.06, 80.33, 7.28, 19.83, 17.39, 21.83, 9.72, 45.72, 20.72, 7.06, 5.28, 13.78, 20.33, 33.06, 80.94, 5.56, 18.56, 15.5, 21.28, 9.72, 40.06, 17.22, 7.06, 4.44, 13.56, 20.56
42, 2014-01-24, Home, WAS, L, L, -3.5, U, 207.5, 0, 0, 106.78, 102.33, 39.72, 89.44, 9.5, 26.56, 17.83, 23.67, 13.22, 45.78, 19.22, 8.56, 4.94, 13.17, 21.61, 38.67, 84.94, 6.44, 19.17, 18.56, 25.28, 12.28, 47.56, 20.89, 6.22, 4.83, 15.89, 20.89, 99.5, 99.28, 37.94, 83.44, 7.06, 18.83, 16.56, 22.72, 11.22, 43.67, 22.89, 8.11, 5.22, 14.22, 21.94, 37.11, 80.56, 7.28, 20.44, 17.78, 24.44, 9.67, 41.0, 22.39, 8.17, 3.83, 14.06, 19.39
43, 2014-01-26, Away, CLE, W, W, 2, U, 203.5, 0, 0, 106.44, 101.94, 39.5, 88.83, 9.5, 26.94, 17.94, 23.72, 13.0, 45.11, 19.39, 8.56, 4.72, 13.28, 21.61, 38.56, 84.89, 6.39, 19.06, 18.44, 25.22, 12.56, 47.44, 20.83, 6.39, 5.0, 15.83, 21.28, 96.78, 101.56, 36.5, 86.17, 7.11, 19.39, 16.67, 22.83, 13.06, 45.44, 20.78, 6.72, 3.94, 13.28, 20.89, 38.06, 83.0, 9.17, 25.61, 16.28, 21.78, 9.72, 42.39, 24.61, 6.78, 6.33, 13.61, 20.0
44, 2014-01-27, Away, PHI, W, W, -5, O, 213.5, 0, 1, 106.22, 101.44, 39.44, 88.5, 9.33, 26.56, 18.0, 23.56, 13.28, 45.44, 19.61, 8.39, 4.39, 13.33, 21.83, 38.5, 84.94, 6.44, 19.0, 18.0, 24.94, 12.72, 46.89, 21.11, 6.44, 4.78, 15.72, 21.06, 100.28, 107.17, 38.56, 89.17, 6.22, 20.78, 16.94, 23.67, 12.44, 45.17, 22.44, 9.72, 4.06, 15.89, 22.22, 39.06, 86.67, 8.61, 25.28, 20.44, 26.83, 12.83, 49.0, 25.28, 8.33, 8.56, 16.33, 21.61
45, 2014-01-29, Away, MIL, W, W, -8.5, O, 201.5, 0, 0, 106.28, 101.72, 39.39, 88.17, 9.0, 26.0, 18.5, 24.28, 13.17, 45.28, 19.94, 8.56, 5.0, 13.39, 22.0, 38.28, 84.72, 6.72, 19.17, 18.44, 25.11, 12.78, 46.94, 21.0, 6.5, 4.5, 16.28, 21.72, 91.33, 103.0, 35.78, 83.44, 7.28, 23.17, 12.5, 17.72, 12.0, 41.78, 21.83, 7.56, 5.78, 14.33, 21.22, 37.5, 82.78, 9.17, 22.28, 18.83, 25.33, 12.11, 46.0, 23.56, 7.78, 4.83, 13.22, 19.0
46, 2014-01-30, Away, IND, W, W, 11.5, U, 201, 0, 1, 106.78, 103.22, 39.39, 87.5, 8.89, 25.5, 19.11, 24.67, 12.89, 43.83, 20.17, 8.72, 4.83, 13.39, 22.39, 38.72, 85.17, 6.78, 19.11, 19.0, 25.06, 12.94, 46.78, 21.56, 6.39, 4.5, 16.17, 22.06, 99.5, 90.67, 37.72, 82.89, 6.83, 19.5, 17.22, 22.56, 10.89, 47.5, 20.89, 6.89, 4.94, 13.89, 21.0, 33.89, 82.56, 6.44, 19.5, 16.44, 22.56, 9.33, 41.06, 18.06, 6.67, 4.17, 13.83, 21.5
47, 2014-02-01, Home, CHA, W, W, -8.5, U, 204.5, 1, 0, 107.67, 102.06, 39.78, 87.61, 9.11, 25.17, 19.0, 24.5, 12.61, 44.11, 20.5, 8.56, 4.83, 13.11, 22.33, 38.33, 85.28, 6.39, 18.83, 19.0, 25.06, 12.89, 46.28, 20.61, 6.0, 4.61, 15.83, 21.94, 98.11, 103.61, 36.72, 80.67, 6.61, 16.83, 18.06, 24.11, 6.5, 39.94, 22.22, 5.89, 4.44, 11.44, 16.83, 40.5, 86.61, 9.28, 23.94, 13.33, 17.72, 9.5, 45.33, 23.78, 6.67, 4.94, 12.11, 20.83
48, 2014-02-04, Home, CHI, L, L, -7.5, O, 192.5, 1, 0, 107.11, 101.72, 39.5, 86.78, 9.0, 24.5, 19.11, 24.5, 12.28, 43.78, 19.89, 8.33, 4.44, 12.78, 22.39, 38.11, 84.39, 6.22, 18.5, 19.28, 25.44, 12.33, 45.44, 20.61, 5.72, 4.72, 15.17, 21.61, 92.61, 92.33, 34.33, 82.22, 6.5, 18.83, 17.44, 23.33, 12.44, 44.61, 23.22, 7.94, 5.83, 13.22, 18.78, 35.78, 81.56, 5.72, 17.44, 15.06, 19.67, 10.44, 42.06, 20.06, 7.11, 6.22, 14.67, 21.33
49, 2014-02-05, Away, HOU, L, L, 7.5, O, 214.5, 0, 1, 106.28, 102.44, 38.94, 86.5, 8.78, 24.33, 19.61, 24.89, 12.33, 43.89, 19.11, 7.83, 4.22, 13.06, 22.56, 38.33, 84.0, 6.17, 18.39, 19.61, 25.72, 12.0, 45.22, 20.39, 5.78, 4.83, 15.06, 21.61, 103.0, 100.5, 36.72, 79.39, 8.33, 25.61, 21.22, 31.83, 11.67, 44.44, 19.61, 6.67, 5.28, 14.17, 19.28, 38.56, 86.78, 7.5, 22.39, 15.89, 20.89, 12.17, 43.0, 21.89, 7.61, 5.28, 13.06, 25.56
50, 2014-02-08, Home, GSW, W, W, -4.5, O, 208, 0, 0, 107.22, 103.72, 39.22, 86.5, 8.78, 24.33, 20.0, 25.17, 12.28, 43.78, 19.28, 7.56, 4.17, 13.11, 23.28, 38.06, 82.83, 6.61, 18.5, 21.0, 27.28, 11.22, 43.94, 20.22, 5.94, 4.89, 14.94, 21.78, 102.61, 98.11, 38.89, 86.17, 8.94, 25.28, 15.89, 21.0, 11.28, 45.33, 22.56, 7.78, 5.06, 14.17, 20.56, 36.67, 82.44, 6.78, 19.0, 18.0, 23.5, 10.56, 43.67, 20.06, 8.22, 3.83, 14.67, 19.33
51, 2014-02-11, Home, MIA, L, L, 2.5, U, 209.5, 0, 0, 107.56, 104.22, 39.33, 86.22, 8.72, 24.0, 20.17, 25.44, 12.44, 44.28, 19.06, 7.33, 4.17, 13.44, 23.33, 38.28, 83.72, 6.5, 18.72, 21.17, 27.61, 11.61, 43.83, 20.11, 6.06, 4.89, 14.22, 21.83, 103.28, 101.06, 38.56, 76.89, 7.5, 21.83, 18.67, 24.22, 8.61, 37.33, 22.67, 8.0, 3.67, 14.61, 20.89, 37.78, 79.83, 8.33, 23.06, 17.17, 23.28, 11.28, 40.33, 22.78, 8.44, 3.28, 14.83, 21.11
52, 2014-02-18, Away, DEN, W, W, -2, O, 215.5, 0, 0, 108.11, 104.83, 39.44, 85.89, 9.06, 24.28, 20.17, 25.33, 12.28, 44.0, 19.5, 7.28, 4.06, 13.67, 23.44, 38.28, 83.39, 6.67, 19.44, 21.61, 28.0, 11.33, 43.33, 19.44, 6.39, 4.67, 14.11, 21.78, 106.11, 109.22, 38.39, 84.89, 9.94, 26.22, 19.39, 26.83, 11.5, 44.44, 22.67, 6.61, 5.33, 15.78, 24.0, 40.39, 86.44, 6.56, 19.5, 21.89, 28.5, 10.67, 43.94, 23.11, 8.5, 4.67, 13.06, 21.61
53, 2014-02-19, Home, BOS, W, W, -5.5, U, 203.5, 0, 1, 108.56, 105.06, 39.28, 85.94, 9.06, 24.28, 20.94, 26.22, 12.28, 44.33, 19.61, 7.56, 4.11, 13.94, 23.5, 38.5, 84.11, 6.61, 20.11, 21.44, 28.11, 11.61, 43.61, 19.33, 6.78, 4.72, 14.17, 22.22, 95.17, 98.61, 36.56, 86.67, 6.56, 20.94, 15.5, 19.83, 13.39, 45.72, 22.44, 7.94, 4.78, 13.61, 20.56, 36.89, 82.44, 7.5, 19.67, 17.33, 23.17, 11.17, 44.06, 22.72, 6.67, 4.06, 13.39, 18.5
54, 2014-02-21, Home, SAS, W, W, 1.5, U, 209, 0, 0, 108.61, 104.5, 39.17, 85.39, 9.06, 24.17, 21.22, 26.78, 12.06, 44.44, 19.83, 7.61, 4.11, 14.61, 23.5, 38.06, 84.17, 6.56, 20.22, 21.83, 28.39, 11.56, 43.22, 19.0, 7.17, 4.56, 14.5, 22.94, 102.78, 100.5, 39.11, 79.94, 7.56, 19.67, 17.0, 21.61, 7.83, 40.5, 23.06, 6.78, 5.67, 14.5, 19.67, 38.83, 85.0, 5.78, 15.83, 17.06, 23.39, 11.33, 42.89, 20.44, 7.78, 4.94, 12.28, 20.61
55, 2014-02-23, Home, HOU, L, L, 1.5, O, 213.5, 0, 0, 108.5, 103.11, 39.44, 84.72, 8.61, 23.61, 21.0, 26.78, 11.67, 44.33, 19.56, 7.78, 4.28, 14.61, 23.33, 37.22, 83.56, 6.5, 20.44, 22.17, 28.39, 11.28, 42.56, 17.89, 7.06, 4.17, 14.67, 22.83, 107.56, 100.89, 38.56, 81.28, 9.67, 25.56, 20.78, 30.5, 11.72, 45.5, 22.0, 7.44, 5.72, 14.94, 19.94, 38.56, 87.78, 7.89, 22.94, 15.89, 20.94, 12.28, 42.06, 21.83, 8.0, 5.44, 13.94, 25.22
56, 2014-02-25, Home, MIN, L, L, -4.5, U, 211.5, 0, 0, 109.39, 104.06, 39.94, 84.33, 8.83, 23.39, 20.67, 26.56, 11.22, 43.5, 19.67, 8.22, 4.22, 14.94, 22.94, 37.56, 83.39, 6.39, 20.22, 22.56, 28.67, 11.17, 42.0, 18.67, 7.44, 4.06, 14.89, 22.22, 102.5, 99.72, 37.72, 84.89, 6.83, 20.44, 20.22, 26.94, 11.28, 45.67, 22.94, 7.33, 4.44, 12.94, 20.11, 37.39, 83.89, 7.61, 21.67, 17.33, 21.89, 10.44, 43.61, 21.78, 7.61, 5.78, 13.89, 24.17
57, 2014-02-26, Away, UTA, L, L, 2.5, U, 200, 0, 1, 108.28, 103.83, 39.56, 84.06, 8.78, 23.17, 20.39, 26.17, 11.33, 43.33, 19.44, 8.11, 4.39, 15.06, 23.44, 37.5, 83.17, 6.33, 20.11, 22.5, 29.11, 11.28, 41.72, 18.56, 7.78, 3.94, 14.78, 22.17, 97.28, 99.94, 36.39, 80.28, 6.72, 19.78, 17.78, 23.72, 10.06, 42.5, 19.67, 6.67, 4.17, 12.72, 20.78, 37.22, 82.89, 6.78, 19.61, 18.72, 24.56, 10.94, 42.17, 21.22, 6.89, 4.17, 10.67, 20.56
58, 2014-02-28, Home, NOP, W, W, -7, O, 202.5, 0, 0, 107.11, 103.78, 38.94, 83.33, 8.72, 23.0, 20.5, 26.61, 11.17, 42.94, 19.17, 8.11, 4.61, 15.06, 23.67, 37.39, 82.67, 6.33, 19.78, 22.67, 29.39, 11.33, 41.72, 18.56, 7.61, 3.94, 14.67, 22.33, 95.11, 97.78, 36.17, 78.78, 5.94, 15.17, 16.83, 22.39, 10.39, 40.5, 19.78, 7.33, 6.89, 13.0, 23.22, 35.61, 78.39, 6.94, 19.89, 19.61, 26.28, 10.11, 40.28, 21.89, 6.94, 5.56, 12.89, 18.89
59, 2014-03-02, Home, ATL, W, W, -8, O, 216.5, 0, 0, 107.06, 103.83, 38.61, 82.39, 8.83, 23.22, 21.0, 26.94, 11.06, 42.22, 19.06, 8.11, 4.61, 15.28, 23.39, 37.72, 82.44, 6.11, 18.94, 22.28, 28.67, 11.22, 41.17, 18.56, 7.83, 4.17, 14.72, 22.5, 101.28, 104.0, 37.06, 80.28, 9.89, 24.06, 17.28, 22.06, 8.56, 39.44, 24.94, 8.44, 3.67, 15.06, 19.06, 39.61, 85.06, 8.39, 21.39, 16.39, 21.56, 11.67, 43.39, 24.17, 8.22, 4.33, 14.22, 19.5
60, 2014-03-04, Home, LAC, L, L, 4, U, 218.5, 0, 0, 107.33, 104.94, 38.56, 82.22, 9.06, 23.67, 21.17, 26.83, 11.06, 42.56, 19.83, 8.11, 4.89, 15.61, 23.28, 38.06, 82.94, 6.61, 19.83, 22.22, 28.56, 11.06, 40.83, 19.11, 8.11, 4.28, 14.28, 22.06, 110.72, 102.11, 39.72, 81.11, 8.61, 22.67, 22.67, 31.17, 10.56, 42.56, 25.17, 8.17, 4.22, 12.83, 21.5, 37.83, 85.94, 7.39, 23.39, 19.06, 25.06, 13.11, 42.83, 23.39, 6.67, 4.11, 13.67, 24.33
61, 2014-03-06, Home, OKC, W, W, 6, O, 217, 0, 0, 107.39, 105.11, 38.83, 83.06, 9.06, 23.5, 20.67, 26.5, 11.44, 43.44, 20.0, 8.11, 4.72, 15.44, 23.28, 38.11, 82.5, 6.72, 20.06, 22.17, 28.5, 10.5, 40.61, 19.33, 7.78, 4.17, 14.17, 21.89, 105.28, 99.11, 39.61, 79.94, 8.33, 22.5, 17.72, 22.44, 10.39, 41.89, 22.61, 8.94, 6.11, 16.11, 20.56, 36.94, 81.39, 7.72, 23.0, 17.5, 22.72, 10.28, 37.28, 23.0, 9.28, 2.67, 14.94, 18.78
62, 2014-03-09, Away, GSW, L, W, 10, O, 211, 0, 0, 109.0, 106.89, 39.28, 82.94, 9.39, 23.5, 21.06, 27.11, 11.28, 43.11, 19.89, 8.11, 4.72, 15.56, 23.28, 38.72, 82.72, 7.17, 21.0, 22.28, 28.22, 10.11, 40.06, 19.22, 7.83, 4.22, 13.89, 22.11, 101.89, 95.83, 38.28, 86.78, 8.11, 23.61, 17.22, 22.06, 12.06, 45.06, 22.67, 8.61, 5.56, 12.89, 20.78, 35.83, 83.56, 6.39, 20.0, 17.78, 22.94, 11.06, 44.44, 19.67, 6.89, 3.78, 15.06, 19.89
63, 2014-03-10, Away, LAC, L, W, 10.5, P, 217, 0, 1, 108.06, 106.89, 38.89, 82.67, 9.44, 23.56, 20.83, 26.72, 11.06, 43.06, 19.67, 7.83, 4.11, 15.56, 23.22, 39.0, 82.61, 7.28, 21.11, 21.61, 27.94, 9.83, 39.94, 19.44, 7.61, 4.22, 13.39, 21.83, 112.17, 101.56, 40.44, 81.67, 8.39, 22.61, 22.89, 31.61, 11.11, 43.89, 26.06, 8.78, 4.61, 14.17, 21.72, 37.61, 85.78, 7.5, 24.17, 18.83, 25.17, 12.33, 41.67, 23.61, 7.5, 3.78, 14.94, 24.56
64, 2014-03-12, Home, CLE, L, L, -8, P, 211, 0, 0, 106.89, 106.61, 38.72, 83.06, 9.17, 23.39, 20.28, 26.56, 11.33, 43.06, 19.33, 8.0, 4.17, 15.61, 23.0, 39.28, 82.0, 7.11, 20.83, 20.94, 27.67, 9.72, 40.28, 19.61, 8.06, 4.28, 14.06, 22.0, 99.78, 101.5, 36.94, 84.39, 6.78, 20.5, 19.11, 24.56, 12.94, 44.61, 22.33, 6.78, 3.0, 13.06, 19.72, 37.78, 83.72, 9.56, 25.61, 16.39, 21.5, 10.61, 41.72, 25.22, 7.06, 5.67, 12.39, 19.56
65, 2014-03-14, Away, BOS, W, W, -4.5, U, 207.5, 0, 0, 106.83, 107.5, 38.72, 83.0, 9.28, 24.44, 20.11, 26.67, 11.39, 42.5, 19.44, 8.28, 4.0, 15.61, 23.0, 39.28, 81.67, 7.72, 21.33, 21.22, 27.83, 9.67, 40.5, 19.89, 8.28, 4.0, 14.22, 21.89, 97.44, 100.44, 36.89, 86.11, 6.78, 20.67, 16.89, 21.83, 13.5, 43.83, 22.33, 7.11, 3.89, 13.83, 20.67, 38.0, 81.72, 6.67, 19.17, 17.78, 22.5, 9.89, 41.61, 21.22, 7.11, 4.89, 13.5, 20.39
66, 2014-03-16, Away, TOR, W, W, 4, O, 204, 0, 0, 105.83, 106.67, 38.44, 83.0, 9.17, 24.72, 19.78, 26.5, 11.39, 42.5, 19.5, 8.44, 4.06, 15.78, 22.78, 39.06, 82.5, 7.44, 21.22, 21.11, 27.39, 10.44, 41.72, 19.78, 8.28, 3.94, 14.56, 22.06, 102.89, 97.44, 37.17, 81.22, 8.5, 22.72, 20.06, 25.56, 10.72, 41.5, 23.0, 6.83, 4.06, 12.94, 24.67, 35.56, 80.67, 6.0, 17.44, 20.33, 28.28, 12.0, 40.39, 19.89, 7.33, 3.83, 13.44, 22.67
67, 2014-03-17, Away, BRK, L, L, 3.5, U, 208, 0, 1, 107.44, 107.33, 38.83, 82.72, 9.33, 24.44, 20.44, 27.0, 11.44, 42.39, 19.78, 8.28, 4.0, 15.78, 22.78, 39.44, 82.89, 7.5, 21.5, 20.94, 27.06, 10.22, 40.72, 20.56, 8.44, 3.78, 14.17, 22.28, 97.11, 95.22, 35.56, 77.78, 8.83, 24.61, 17.17, 23.28, 8.17, 36.33, 20.22, 10.5, 3.5, 13.67, 21.22, 35.06, 77.33, 7.11, 20.61, 18.0, 23.94, 11.78, 44.39, 19.28, 7.61, 4.61, 17.39, 19.33
68, 2014-03-19, Home, ORL, W, W, -12, U, 211, 1, 0, 106.72, 106.56, 38.56, 82.17, 9.22, 24.0, 20.39, 27.39, 11.44, 42.5, 19.61, 8.44, 3.89, 15.94, 22.61, 39.56, 82.83, 7.39, 21.78, 20.06, 26.22, 10.28, 40.72, 20.89, 8.61, 3.67, 14.33, 22.56, 99.94, 103.44, 39.56, 87.28, 6.22, 17.94, 14.61, 18.39, 10.33, 42.5, 22.44, 7.89, 4.5, 12.17, 21.06, 38.0, 81.89, 8.28, 21.89, 19.17, 25.61, 9.56, 43.33, 22.06, 6.28, 5.0, 13.78, 17.5
69, 2014-03-21, Home, DET, W, L, -8.5, U, 218, 0, 0, 106.0, 105.67, 38.67, 82.67, 9.22, 24.22, 19.44, 26.39, 11.33, 42.39, 19.94, 8.56, 4.11, 15.89, 22.61, 39.06, 82.61, 7.28, 21.11, 20.28, 26.44, 10.33, 41.22, 21.0, 8.83, 3.61, 14.72, 22.22, 102.89, 107.22, 40.22, 89.89, 5.56, 17.0, 16.89, 24.44, 13.28, 44.44, 22.06, 7.94, 5.0, 11.61, 19.94, 40.33, 86.11, 8.56, 23.5, 18.0, 24.72, 11.78, 45.67, 25.61, 6.28, 5.06, 13.28, 20.22
70, 2014-03-23, Away, MIN, W, W, 2.5, O, 218, 0, 0, 106.06, 105.06, 38.56, 82.5, 9.0, 24.06, 19.94, 27.39, 11.22, 42.56, 19.78, 8.83, 4.17, 15.61, 22.5, 39.22, 83.39, 7.0, 20.5, 19.61, 26.22, 10.61, 41.89, 21.44, 8.61, 3.72, 15.11, 22.78, 107.83, 107.22, 38.56, 86.33, 7.17, 21.39, 23.56, 30.72, 11.78, 42.83, 23.22, 8.06, 3.39, 12.28, 20.17, 40.78, 85.61, 8.5, 22.78, 17.17, 23.11, 10.94, 45.61, 22.61, 7.28, 5.83, 15.56, 25.72
71, 2014-03-24, Away, ATL, W, W, -2.5, U, 213.5, 1, 1, 106.89, 105.78, 39.17, 81.78, 9.06, 23.94, 19.5, 26.83, 10.89, 41.78, 19.5, 8.5, 4.17, 15.83, 22.39, 39.33, 82.94, 7.17, 20.22, 19.94, 26.22, 10.56, 40.89, 21.89, 8.56, 3.56, 15.11, 22.67, 101.06, 106.33, 36.39, 80.94, 10.5, 27.89, 17.78, 22.78, 8.33, 38.33, 23.61, 7.11, 3.39, 14.06, 20.5, 39.11, 83.56, 8.72, 23.28, 19.39, 24.78, 10.94, 44.28, 24.06, 8.17, 4.06, 13.17, 21.44
72, 2014-03-26, Away, WAS, W, W, -1.5, U, 208, 0, 0, 107.0, 105.83, 39.28, 81.33, 9.11, 23.72, 19.33, 26.28, 10.72, 41.39, 19.39, 8.78, 3.89, 15.83, 22.5, 39.11, 82.11, 7.33, 20.56, 20.28, 26.5, 10.22, 40.11, 21.89, 8.56, 3.39, 15.28, 22.39, 105.78, 103.28, 40.5, 86.11, 9.0, 22.17, 15.78, 21.17, 11.83, 42.78, 23.83, 6.89, 4.61, 14.22, 20.56, 39.0, 83.11, 7.5, 20.89, 17.78, 23.0, 10.0, 41.61, 22.67, 7.67, 3.89, 14.78, 20.61
73, 2014-03-28, Home, NYK, W, W, -6, U, 207.5, 0, 0, 106.61, 106.28, 39.0, 80.94, 9.61, 23.89, 19.0, 25.56, 10.56, 41.17, 19.56, 8.61, 3.78, 16.22, 22.39, 39.56, 82.0, 7.56, 20.44, 19.61, 26.17, 9.78, 39.44, 22.39, 8.78, 3.44, 15.06, 22.17, 103.44, 104.17, 38.33, 82.67, 9.94, 25.72, 16.83, 21.72, 10.44, 41.0, 20.72, 6.67, 4.5, 12.56, 21.83, 38.33, 81.83, 8.89, 23.28, 18.61, 24.39, 10.89, 41.61, 21.17, 6.56, 2.94, 12.28, 19.28
74, 2014-03-30, Away, LAL, L, L, -9.5, U, 225, 0, 0, 106.61, 104.78, 38.89, 81.06, 9.78, 24.28, 19.06, 25.5, 11.06, 42.39, 19.67, 8.28, 4.06, 16.0, 22.44, 39.22, 82.5, 7.72, 20.94, 18.61, 25.28, 9.94, 39.11, 21.78, 8.61, 3.39, 14.44, 22.44, 107.83, 116.94, 40.61, 87.0, 9.89, 23.78, 16.72, 22.78, 8.94, 37.78, 25.56, 9.22, 5.61, 15.44, 20.67, 44.61, 89.17, 8.67, 21.83, 19.06, 25.33, 13.11, 48.72, 27.33, 9.44, 4.89, 15.94, 20.5
75, 2014-04-02, Home, LAC, L, L, -3, O, 212, 0, 0, 106.5, 105.06, 38.5, 80.83, 10.06, 25.44, 19.44, 26.06, 10.78, 42.28, 19.72, 8.22, 3.67, 15.67, 21.89, 39.33, 82.28, 7.72, 20.94, 18.67, 24.83, 9.67, 39.33, 22.06, 8.56, 3.39, 14.33, 22.44, 110.44, 99.28, 41.0, 84.44, 9.67, 25.17, 18.78, 25.44, 10.94, 42.78, 26.33, 9.39, 5.78, 13.56, 22.0, 36.72, 85.11, 7.78, 22.22, 18.06, 24.06, 12.5, 42.78, 22.89, 7.33, 3.44, 15.78, 21.5
76, 2014-04-04, Away, POR, W, W, 4.5, U, 212, 0, 0, 107.72, 105.22, 38.78, 80.72, 10.17, 25.94, 20.0, 26.28, 10.78, 42.17, 19.89, 8.06, 3.61, 15.72, 22.17, 39.06, 82.56, 7.83, 21.39, 19.28, 25.17, 9.78, 38.89, 21.83, 8.83, 3.39, 14.28, 22.44, 103.28, 101.61, 37.11, 84.78, 9.5, 27.39, 19.56, 24.17, 12.06, 46.61, 21.78, 5.44, 4.17, 13.67, 19.61, 39.06, 87.72, 6.94, 20.17, 16.56, 22.06, 11.44, 44.61, 22.28, 8.39, 3.94, 11.22, 21.11
77, 2014-04-06, Home, OKC, W, W, 2.5, O, 210.5, 0, 0, 107.33, 104.61, 38.72, 82.0, 9.94, 25.83, 19.94, 26.22, 11.39, 43.5, 19.67, 8.11, 3.56, 15.61, 22.44, 38.67, 82.72, 7.89, 21.83, 19.39, 25.72, 10.06, 39.78, 21.94, 8.61, 3.61, 14.5, 22.28, 110.56, 103.72, 39.22, 83.67, 10.72, 27.11, 21.39, 26.28, 10.06, 44.56, 22.89, 8.56, 6.22, 14.89, 24.78, 36.22, 83.72, 10.22, 25.5, 21.06, 27.94, 10.67, 41.67, 22.39, 8.33, 3.11, 14.89, 20.94
78, 2014-04-09, Away, NOP, W, L, -9, U, 207, 0, 0, 106.94, 104.33, 38.78, 81.83, 9.72, 25.78, 19.67, 26.28, 11.28, 43.22, 19.0, 7.94, 3.39, 15.44, 22.61, 38.44, 82.72, 7.61, 21.89, 19.83, 26.06, 10.06, 40.06, 21.56, 8.33, 3.5, 14.5, 22.83, 103.06, 105.0, 38.0, 79.94, 5.06, 15.0, 22.0, 28.06, 10.0, 40.44, 21.5, 8.0, 6.61, 12.78, 23.39, 38.0, 81.06, 8.0, 22.67, 21.0, 27.17, 11.44, 41.33, 23.44, 6.83, 6.17, 15.0, 22.67
79, 2014-04-11, Away, SAS, L, L, 4, O, 205.5, 1, 0, 106.83, 103.44, 38.78, 81.5, 9.83, 25.78, 19.44, 25.78, 10.72, 42.78, 19.06, 7.78, 3.72, 15.11, 22.28, 38.11, 82.83, 7.5, 21.56, 19.72, 25.78, 10.0, 40.17, 21.5, 8.28, 3.5, 14.33, 22.61, 109.0, 95.33, 41.89, 85.61, 9.72, 22.83, 15.5, 20.33, 10.44, 45.78, 26.11, 7.56, 5.39, 13.44, 18.94, 35.94, 84.33, 5.89, 18.06, 17.56, 22.89, 10.28, 41.94, 19.28, 7.56, 4.67, 12.83, 18.89
80, 2014-04-12, Away, DAL, L, W, 4.5, U, 210, 0, 1, 105.5, 102.89, 38.61, 81.61, 9.5, 25.72, 18.78, 24.67, 10.67, 43.0, 18.89, 7.83, 3.67, 15.33, 21.89, 38.0, 83.17, 7.5, 21.39, 19.39, 25.61, 10.22, 40.67, 21.67, 8.44, 3.56, 14.22, 21.94, 106.33, 102.61, 39.5, 83.44, 9.72, 23.89, 17.61, 22.72, 10.78, 43.22, 23.5, 7.56, 4.72, 13.22, 19.0, 38.56, 84.22, 9.0, 25.78, 16.5, 21.72, 12.17, 43.22, 21.83, 7.44, 3.17, 14.78, 21.72
81, 2014-04-14, Home, MEM, L, L, -3.5, U, 194, 1, 0, 105.0, 102.22, 38.61, 81.78, 9.39, 25.5, 18.39, 24.39, 10.83, 43.0, 18.5, 8.39, 3.83, 15.28, 21.56, 37.67, 82.83, 7.56, 21.5, 19.33, 25.28, 10.22, 41.06, 21.33, 8.67, 3.67, 14.61, 21.72, 96.83, 93.33, 38.78, 81.83, 4.39, 13.0, 14.89, 20.61, 11.83, 42.33, 22.28, 7.94, 4.5, 13.28, 18.28, 35.56, 78.61, 7.28, 19.67, 14.94, 19.28, 9.67, 38.56, 20.89, 8.22, 3.83, 14.17, 18.89
82, 2014-04-16, Away, SAC, W, W, -2, U, 207, 0, 0, 104.22, 101.39, 38.56, 81.5, 9.28, 25.83, 17.83, 23.56, 10.56, 42.67, 18.11, 8.44, 3.89, 15.06, 21.28, 37.5, 82.78, 7.67, 21.56, 18.72, 24.39, 10.28, 41.06, 21.06, 8.33, 3.5, 14.39, 21.17, 97.78, 102.06, 36.22, 81.83, 4.72, 14.89, 20.61, 28.5, 12.0, 46.11, 17.89, 6.61, 3.61, 14.33, 21.56, 36.89, 82.39, 8.5, 22.78, 19.78, 25.83, 9.39, 41.67, 24.56, 6.72, 5.83, 12.06, 23.39
