18, 2014-12-02, Home, DAL, L, L, -1, O, 203, 0, 0, 101.12, 98.29, 36.41, 79.76, 7.47, 20.71, 20.82, 27.53, 10.24, 43.0, 21.59, 6.41, 5.94, 14.06, 20.47, 37.59, 85.41, 5.82, 16.76, 17.29, 23.06, 11.82, 43.24, 21.35, 7.12, 4.41, 12.59, 23.35, 109.65, 100.0, 41.12, 85.71, 9.24, 27.59, 18.18, 23.82, 11.12, 42.24, 24.71, 7.65, 5.76, 10.82, 20.41, 36.53, 82.71, 10.12, 25.88, 16.82, 23.0, 13.12, 44.82, 21.88, 5.94, 3.18, 16.82, 23.59
19, 2014-12-03, Away, CHO, W, W, -3.5, O, 190.5, 0, 1, 102.59, 101.35, 37.06, 81.65, 7.53, 20.82, 20.94, 27.76, 10.53, 43.29, 22.59, 6.18, 6.06, 14.24, 20.71, 38.53, 86.41, 6.53, 17.53, 17.76, 23.65, 11.71, 43.71, 22.0, 7.12, 4.47, 12.76, 23.71, 92.76, 100.82, 35.71, 82.94, 5.76, 18.0, 15.59, 21.29, 9.12, 40.94, 21.0, 5.24, 4.06, 11.06, 18.41, 38.76, 83.59, 8.18, 22.76, 15.12, 19.12, 9.29, 43.88, 23.35, 5.47, 3.94, 11.71, 21.41
20, 2014-12-06, Home, GSW, L, L, 2.5, O, 204, 0, 0, 102.24, 100.24, 36.82, 81.06, 7.47, 20.65, 21.12, 28.0, 10.12, 43.71, 22.71, 6.18, 5.29, 13.76, 20.12, 38.24, 85.59, 6.47, 17.53, 17.29, 23.06, 10.94, 43.12, 21.94, 6.94, 4.41, 12.53, 23.88, 107.53, 97.0, 40.71, 83.65, 9.82, 25.0, 16.29, 21.12, 9.76, 46.0, 26.29, 7.76, 6.35, 15.94, 19.94, 36.41, 87.65, 6.71, 21.0, 17.47, 23.35, 11.82, 43.35, 20.29, 8.53, 3.53, 14.35, 18.94
21, 2014-12-10, Home, BRK, W, W, -11, U, 192.5, 0, 0, 102.0, 100.65, 37.0, 81.88, 7.35, 20.53, 20.65, 27.24, 10.82, 44.41, 23.24, 6.35, 5.0, 14.24, 20.06, 38.35, 85.82, 6.94, 18.59, 17.0, 22.71, 11.06, 43.0, 22.0, 7.24, 4.53, 12.59, 23.41, 96.0, 99.35, 36.12, 81.88, 6.71, 20.29, 17.06, 22.18, 9.88, 42.29, 20.18, 6.82, 3.94, 14.35, 20.41, 37.24, 84.53, 8.71, 24.53, 16.18, 21.47, 12.29, 45.41, 22.47, 7.94, 4.59, 14.18, 20.76
22, 2014-12-12, Home, POR, W, W, -2.5, O, 197, 0, 0, 102.41, 100.06, 37.12, 82.12, 7.41, 20.94, 20.76, 27.53, 11.12, 45.18, 23.12, 6.35, 5.12, 14.41, 20.06, 37.82, 85.82, 6.76, 18.59, 17.65, 23.29, 11.12, 42.76, 21.71, 7.41, 4.47, 12.59, 23.59, 102.88, 96.47, 38.71, 86.0, 9.47, 25.65, 16.0, 20.35, 11.47, 46.71, 24.18, 6.41, 5.59, 13.59, 18.76, 37.71, 86.47, 4.71, 16.65, 16.35, 21.82, 11.18, 44.24, 20.24, 8.18, 3.53, 11.53, 19.18
23, 2014-12-14, Away, MIA, W, W, -7, U, 194, 0, 0, 103.59, 101.24, 37.71, 83.0, 7.41, 20.88, 20.76, 27.41, 11.53, 45.47, 22.76, 6.18, 5.12, 13.88, 19.65, 38.41, 85.76, 7.29, 19.12, 17.12, 22.76, 10.71, 42.0, 21.76, 7.0, 4.59, 12.35, 22.94, 92.71, 98.71, 33.94, 73.06, 8.06, 21.65, 16.76, 23.47, 7.47, 34.29, 19.88, 8.35, 3.65, 13.06, 19.18, 37.06, 76.82, 9.0, 23.71, 15.59, 21.12, 10.12, 41.06, 21.41, 7.82, 3.76, 13.94, 20.24
24, 2014-12-15, Away, ATL, L, L, 2.5, U, 196, 0, 1, 102.12, 98.88, 37.29, 82.59, 7.24, 20.53, 20.29, 26.65, 11.29, 45.71, 22.53, 6.18, 5.24, 14.0, 19.47, 37.53, 85.12, 6.82, 18.65, 17.0, 22.35, 10.47, 41.88, 20.76, 7.35, 4.76, 12.41, 22.53, 102.71, 96.59, 38.35, 81.06, 9.0, 25.12, 17.0, 21.76, 8.65, 40.94, 25.82, 8.82, 4.65, 13.35, 17.59, 36.65, 81.82, 8.24, 23.53, 15.06, 20.18, 10.35, 41.12, 23.82, 7.35, 4.12, 14.94, 20.47
25, 2014-12-18, Home, NYK, W, L, -12.5, O, 189, 0, 0, 101.24, 98.12, 36.88, 82.65, 7.12, 21.18, 20.35, 26.59, 11.53, 46.82, 22.06, 6.06, 5.47, 14.35, 19.53, 37.18, 85.24, 6.82, 18.76, 16.94, 22.18, 10.35, 41.59, 20.82, 7.59, 5.0, 12.24, 22.53, 94.35, 100.18, 36.24, 79.18, 7.41, 21.18, 14.47, 18.35, 10.06, 38.94, 20.76, 7.76, 3.82, 15.29, 22.0, 36.94, 81.41, 8.59, 23.94, 17.71, 23.76, 12.59, 42.06, 22.06, 8.65, 2.88, 14.35, 19.65
26, 2014-12-19, Away, MEM, W, W, 6, O, 191.5, 0, 1, 101.29, 98.47, 36.59, 81.88, 7.41, 21.35, 20.71, 27.18, 11.65, 45.82, 22.12, 6.24, 5.47, 14.41, 19.41, 37.41, 85.35, 6.76, 18.47, 16.88, 21.82, 10.65, 41.29, 20.82, 7.71, 5.0, 12.29, 22.71, 106.94, 99.71, 40.88, 84.65, 6.06, 15.76, 19.12, 24.82, 10.29, 44.06, 24.12, 8.06, 4.71, 12.47, 19.41, 37.59, 85.59, 9.24, 25.24, 15.29, 21.24, 12.06, 42.82, 19.94, 7.53, 6.47, 13.71, 21.12
27, 2014-12-22, Home, TOR, W, W, -4, O, 200.5, 1, 0, 101.47, 98.71, 36.29, 81.65, 7.76, 22.0, 21.12, 27.24, 11.35, 46.0, 21.59, 5.94, 5.24, 13.82, 19.41, 37.53, 85.65, 6.41, 17.76, 17.24, 22.0, 10.71, 41.71, 20.53, 7.29, 4.94, 11.71, 22.53, 109.47, 101.06, 40.12, 85.12, 10.12, 26.24, 19.12, 23.94, 11.71, 42.82, 22.65, 6.65, 4.24, 12.06, 21.76, 38.12, 83.59, 8.0, 22.88, 16.82, 22.53, 11.12, 40.0, 23.47, 5.76, 5.0, 13.47, 21.12
28, 2014-12-23, Away, WAS, W, W, 2.5, U, 197.5, 0, 1, 103.76, 99.94, 36.59, 81.12, 7.88, 21.71, 22.71, 28.65, 11.47, 46.41, 21.71, 5.82, 5.59, 13.94, 19.47, 37.94, 87.0, 6.53, 18.47, 17.53, 22.41, 11.18, 41.18, 20.35, 7.59, 4.76, 11.29, 23.0, 101.94, 97.41, 39.65, 83.65, 6.82, 16.59, 15.82, 21.29, 11.71, 44.12, 25.53, 7.71, 5.53, 14.35, 21.82, 35.12, 81.24, 6.71, 20.0, 20.47, 26.88, 9.88, 40.35, 16.88, 8.94, 4.88, 13.82, 20.41
29, 2014-12-25, Home, LAL, W, W, -11.5, U, 208, 0, 0, 103.41, 100.06, 36.59, 81.41, 7.59, 21.18, 22.65, 28.59, 11.41, 46.82, 21.24, 5.71, 5.88, 14.06, 18.88, 38.06, 87.47, 6.41, 17.65, 17.53, 22.06, 11.06, 41.24, 20.41, 7.88, 4.76, 11.06, 22.76, 102.53, 107.29, 38.41, 88.29, 8.0, 21.82, 17.71, 23.65, 11.35, 43.06, 20.94, 7.53, 5.24, 11.65, 20.82, 39.65, 85.12, 8.88, 23.82, 19.12, 26.06, 10.94, 46.35, 24.65, 6.29, 3.94, 14.12, 20.12
30, 2014-12-27, Home, NOP, W, L, -10, O, 201, 1, 0, 104.88, 99.47, 36.94, 81.53, 7.88, 21.47, 23.12, 29.12, 11.82, 47.71, 21.47, 5.41, 6.06, 14.0, 18.06, 37.94, 88.53, 6.47, 18.24, 17.12, 21.71, 11.59, 41.18, 19.94, 8.12, 5.0, 10.53, 22.76, 100.06, 103.06, 38.41, 84.71, 6.12, 19.12, 17.12, 22.65, 11.94, 43.53, 21.41, 7.06, 5.53, 12.24, 17.53, 40.12, 83.47, 7.47, 20.0, 15.35, 20.12, 9.41, 40.76, 21.82, 7.18, 6.41, 12.24, 18.53
31, 2014-12-29, Away, IND, W, L, -4.5, U, 193.5, 0, 0, 106.06, 99.18, 37.59, 81.88, 7.76, 21.35, 23.12, 28.76, 12.06, 47.53, 21.76, 5.35, 6.29, 13.94, 18.0, 38.06, 89.06, 6.18, 18.12, 16.88, 21.35, 11.82, 40.65, 19.47, 8.18, 5.18, 10.41, 22.76, 96.59, 98.18, 37.76, 86.76, 6.65, 19.88, 14.41, 19.35, 10.0, 44.35, 23.12, 6.76, 3.82, 12.71, 22.12, 36.59, 81.82, 6.59, 19.71, 18.41, 25.47, 9.18, 44.76, 19.47, 7.35, 4.65, 13.06, 19.47
32, 2014-12-30, Home, BRK, L, L, -10, U, 196.5, 1, 1, 105.76, 98.88, 37.18, 82.59, 7.53, 20.94, 23.88, 29.35, 12.47, 48.18, 21.59, 5.29, 6.53, 13.59, 18.12, 37.71, 88.88, 6.29, 18.35, 17.18, 22.0, 11.59, 40.82, 19.24, 7.94, 5.29, 10.41, 23.06, 94.41, 97.71, 35.65, 81.24, 6.94, 21.0, 16.18, 23.06, 9.88, 41.53, 21.53, 7.59, 3.94, 13.94, 19.41, 36.12, 81.47, 9.35, 24.76, 16.12, 21.94, 11.47, 45.47, 22.53, 7.71, 4.59, 14.53, 20.88
33, 2015-01-01, Home, DEN, W, L, -10.5, O, 204.5, 0, 0, 104.18, 97.82, 37.06, 82.82, 7.59, 21.18, 22.47, 28.06, 12.59, 48.82, 21.71, 5.06, 6.94, 13.59, 17.88, 37.29, 88.76, 6.18, 18.24, 17.06, 21.65, 11.35, 40.88, 19.18, 8.18, 5.18, 10.18, 22.59, 98.94, 103.18, 37.0, 87.82, 6.94, 23.59, 18.0, 24.41, 13.41, 47.0, 20.71, 7.12, 4.18, 15.06, 23.47, 38.12, 85.18, 7.47, 22.88, 19.47, 27.0, 10.76, 44.24, 22.71, 6.71, 6.06, 12.47, 20.53
34, 2015-01-03, Home, BOS, W, L, -10, O, 202, 1, 0, 104.0, 97.76, 37.12, 82.88, 7.76, 21.06, 22.0, 27.35, 12.29, 48.47, 21.94, 5.18, 7.24, 13.24, 17.76, 37.29, 88.76, 6.12, 17.76, 17.06, 21.53, 11.65, 41.76, 19.12, 8.0, 5.47, 10.12, 22.41, 102.35, 101.82, 39.59, 87.29, 7.88, 23.0, 15.29, 20.18, 9.94, 44.24, 25.82, 8.47, 4.24, 15.18, 21.0, 39.29, 88.29, 6.94, 20.0, 16.29, 21.65, 10.88, 43.94, 22.06, 8.18, 4.59, 14.53, 18.24
35, 2015-01-05, Home, HOU, W, W, -3, O, 199, 0, 0, 104.41, 98.94, 37.29, 84.71, 7.71, 21.29, 22.12, 27.71, 13.29, 49.0, 21.94, 5.41, 7.47, 13.06, 17.18, 38.06, 89.59, 6.29, 17.94, 16.53, 20.76, 11.82, 42.41, 19.71, 8.0, 5.82, 10.71, 22.59, 105.18, 101.35, 38.0, 86.41, 11.47, 33.47, 17.71, 24.82, 13.06, 45.71, 20.59, 9.53, 4.18, 16.65, 22.71, 37.41, 83.47, 7.0, 21.29, 19.53, 25.18, 10.35, 41.18, 22.59, 8.76, 5.76, 15.82, 20.76
36, 2015-01-07, Home, UTA, L, L, -11, U, 192.5, 0, 0, 103.53, 97.35, 36.94, 83.65, 7.53, 20.76, 22.12, 27.47, 13.41, 48.71, 21.29, 5.71, 7.82, 13.0, 16.65, 38.06, 89.59, 5.88, 17.65, 15.35, 19.47, 12.06, 42.12, 19.41, 8.0, 5.94, 10.82, 22.53, 96.88, 97.88, 35.94, 80.35, 7.06, 20.94, 17.94, 23.82, 12.24, 43.12, 19.47, 5.47, 6.24, 12.94, 19.47, 36.76, 79.41, 7.0, 18.82, 17.35, 22.53, 9.35, 38.29, 19.82, 7.88, 4.53, 10.94, 19.47
37, 2015-01-09, Away, WAS, L, L, 1, U, 195.5, 0, 0, 102.06, 97.47, 36.41, 83.88, 7.18, 20.29, 22.06, 27.41, 14.12, 48.35, 20.71, 5.76, 8.06, 13.24, 16.76, 38.12, 88.88, 6.06, 17.71, 15.18, 19.53, 12.47, 42.47, 19.65, 8.18, 6.24, 11.41, 22.47, 99.53, 99.12, 39.47, 83.12, 6.24, 15.18, 14.35, 19.65, 10.24, 42.06, 24.06, 7.71, 4.88, 13.71, 20.18, 37.82, 81.76, 6.71, 18.94, 16.76, 23.18, 9.12, 40.47, 18.71, 8.18, 4.47, 13.47, 19.53
38, 2015-01-10, Home, MIL, W, W, -6, U, 194, 1, 1, 101.12, 96.88, 36.18, 83.88, 7.35, 20.59, 21.41, 26.94, 13.76, 48.12, 20.24, 5.94, 8.35, 12.88, 16.29, 38.18, 88.71, 5.82, 16.82, 14.71, 19.18, 12.29, 42.94, 19.65, 7.88, 6.29, 11.53, 22.29, 99.24, 96.71, 38.29, 80.65, 7.65, 20.06, 15.0, 19.41, 8.65, 40.24, 24.0, 8.82, 4.47, 17.06, 22.18, 35.12, 81.76, 7.94, 25.18, 18.53, 23.88, 11.47, 43.24, 22.24, 8.82, 4.47, 16.29, 19.06
39, 2015-01-12, Home, ORL, L, L, -11.5, O, 190.5, 0, 0, 100.53, 97.29, 36.06, 84.41, 7.12, 20.29, 21.29, 26.47, 14.18, 47.76, 20.41, 5.88, 8.0, 12.71, 16.29, 38.59, 88.29, 5.82, 16.65, 14.29, 18.71, 12.12, 42.53, 19.82, 7.88, 6.59, 11.53, 22.24, 91.71, 98.24, 36.12, 81.94, 7.35, 20.18, 12.12, 16.65, 8.53, 39.71, 20.24, 7.88, 3.82, 13.29, 21.06, 36.24, 79.47, 7.59, 22.06, 18.18, 24.53, 9.47, 44.71, 21.71, 7.06, 5.41, 13.82, 16.24
40, 2015-01-14, Home, WAS, L, L, -5.5, O, 196, 1, 0, 100.47, 98.18, 35.88, 84.18, 7.29, 21.0, 21.41, 26.76, 14.0, 47.53, 20.82, 5.94, 8.12, 13.12, 16.82, 38.88, 87.88, 5.53, 16.29, 14.88, 19.76, 11.59, 42.35, 20.29, 8.29, 6.47, 11.53, 22.71, 98.06, 97.76, 38.88, 81.29, 6.0, 14.71, 14.29, 19.29, 9.82, 41.65, 23.65, 7.59, 5.18, 13.47, 19.53, 37.29, 81.41, 7.35, 20.82, 15.82, 22.47, 9.18, 39.76, 19.65, 7.71, 4.29, 12.94, 18.59
41, 2015-01-16, Away, BOS, W, W, -5, O, 201, 0, 0, 100.82, 99.94, 35.94, 84.65, 7.53, 21.53, 21.41, 26.94, 14.0, 46.88, 20.65, 6.29, 7.94, 12.71, 17.0, 39.59, 87.76, 5.59, 15.88, 15.18, 20.18, 11.41, 42.53, 21.29, 7.76, 6.41, 11.65, 22.82, 99.41, 100.35, 38.76, 87.59, 7.35, 23.53, 14.53, 19.41, 10.82, 42.41, 24.65, 8.24, 4.47, 13.82, 21.71, 37.53, 85.41, 6.71, 20.47, 18.59, 24.0, 12.59, 45.53, 20.88, 8.29, 5.71, 14.65, 18.29
42, 2015-01-17, Home, ATL, L, L, 3.5, O, 201, 1, 1, 102.76, 100.53, 36.71, 84.41, 7.94, 21.29, 21.41, 26.82, 13.59, 45.65, 21.24, 6.82, 7.94, 12.29, 16.82, 39.94, 87.88, 5.47, 15.59, 15.18, 20.12, 11.76, 42.82, 21.47, 7.47, 6.24, 11.88, 22.76, 104.35, 95.41, 38.06, 79.59, 10.18, 24.65, 18.06, 23.65, 8.35, 41.88, 26.18, 9.0, 4.65, 13.65, 17.06, 35.65, 84.18, 9.59, 28.88, 14.53, 19.29, 11.71, 42.94, 22.71, 7.47, 4.94, 15.65, 20.53
43, 2015-01-19, Away, CLE, L, L, 4.5, U, 206.5, 0, 0, 102.53, 101.12, 36.88, 84.71, 7.76, 21.47, 21.0, 26.24, 13.35, 46.29, 21.35, 6.59, 7.76, 12.41, 17.06, 40.06, 88.0, 5.76, 16.59, 15.24, 20.24, 11.47, 42.76, 22.18, 7.65, 6.29, 11.47, 22.47, 97.29, 101.47, 35.59, 81.59, 8.88, 26.53, 17.24, 23.12, 11.24, 41.18, 20.41, 7.18, 3.65, 14.0, 18.12, 39.53, 83.18, 8.59, 24.18, 13.82, 19.18, 10.53, 42.29, 25.35, 8.59, 5.0, 12.65, 21.29
44, 2015-01-22, Home, SAS, W, W, 5.5, U, 196, 0, 0, 102.0, 101.76, 36.76, 85.12, 7.65, 20.88, 20.82, 26.18, 13.53, 45.65, 21.06, 6.76, 8.12, 12.35, 16.94, 40.29, 87.76, 6.12, 16.88, 15.06, 20.29, 11.82, 43.29, 22.65, 7.71, 6.18, 11.94, 22.12, 102.18, 99.65, 38.94, 84.59, 8.18, 22.12, 16.12, 21.0, 9.59, 42.53, 25.24, 7.47, 4.71, 14.0, 20.47, 37.24, 83.29, 6.76, 19.71, 18.41, 24.65, 10.65, 43.65, 20.88, 8.41, 5.18, 13.88, 19.88
45, 2015-01-23, Away, DAL, W, W, 6, U, 203, 0, 1, 100.53, 99.47, 36.53, 85.24, 7.65, 21.29, 19.82, 25.29, 13.29, 45.94, 21.0, 6.94, 7.82, 12.06, 16.71, 39.47, 86.65, 5.94, 16.35, 14.59, 19.47, 11.29, 43.41, 22.76, 7.35, 6.29, 12.24, 21.76, 105.47, 100.24, 39.59, 86.35, 9.35, 25.59, 16.94, 22.71, 9.76, 43.12, 23.65, 8.12, 4.0, 12.0, 20.41, 37.94, 86.82, 7.12, 22.82, 17.24, 23.35, 12.12, 48.41, 22.41, 7.12, 3.65, 14.82, 21.76
46, 2015-01-25, Home, MIA, L, L, -7.5, U, 184, 0, 0, 100.71, 99.88, 36.47, 84.82, 7.88, 21.24, 19.88, 25.06, 13.71, 45.65, 21.12, 7.12, 7.71, 12.71, 16.94, 39.41, 86.24, 6.0, 16.88, 15.06, 19.59, 11.41, 42.76, 22.47, 7.65, 6.47, 12.47, 21.71, 91.12, 93.59, 34.24, 74.82, 5.82, 18.29, 16.82, 22.24, 8.41, 39.18, 20.12, 7.41, 5.0, 13.76, 19.71, 35.0, 81.0, 7.18, 22.18, 16.41, 22.12, 11.59, 39.82, 19.47, 7.53, 4.18, 13.06, 19.82
47, 2015-01-27, Away, GSW, W, W, 11, O, 213.5, 0, 0, 99.0, 100.06, 35.82, 84.88, 7.71, 21.24, 19.65, 24.71, 13.35, 44.82, 20.41, 7.35, 7.88, 12.47, 17.18, 39.53, 85.76, 5.76, 16.71, 15.24, 19.71, 11.24, 43.65, 22.53, 7.47, 6.76, 12.82, 21.35, 116.53, 101.71, 43.71, 88.18, 11.41, 27.53, 17.71, 22.65, 10.24, 43.88, 30.06, 10.65, 5.94, 13.59, 19.59, 37.12, 86.35, 7.94, 23.59, 19.53, 26.06, 12.41, 44.82, 21.47, 8.29, 3.65, 16.53, 18.88
48, 2015-01-29, Away, LAL, L, L, -9.5, O, 195.5, 0, 0, 99.35, 100.71, 35.88, 85.41, 7.82, 21.76, 19.76, 24.76, 13.59, 45.76, 20.41, 7.24, 7.88, 12.94, 17.24, 39.94, 87.24, 6.06, 17.82, 14.76, 19.47, 11.53, 44.29, 23.29, 7.47, 6.41, 12.71, 21.12, 93.76, 100.41, 35.24, 81.53, 6.59, 19.12, 16.71, 22.76, 9.88, 44.47, 20.29, 6.82, 3.82, 14.29, 20.06, 37.59, 83.53, 8.29, 24.76, 16.94, 23.35, 9.82, 44.06, 22.12, 8.88, 4.88, 12.47, 18.35
49, 2015-01-30, Away, PHO, L, W, 7, U, 212.5, 0, 1, 100.88, 102.65, 36.71, 86.59, 7.88, 22.47, 19.59, 24.71, 13.76, 45.94, 20.94, 7.29, 7.82, 13.0, 17.53, 40.76, 88.59, 5.94, 17.59, 15.18, 19.71, 12.18, 44.88, 23.76, 7.47, 6.41, 12.71, 21.24, 111.47, 108.06, 42.53, 87.65, 9.35, 26.59, 17.06, 22.18, 10.41, 42.65, 21.29, 9.53, 5.71, 14.0, 21.59, 40.18, 87.47, 9.06, 23.53, 18.65, 25.47, 12.53, 44.65, 22.29, 7.59, 4.0, 15.65, 19.47
50, 2015-02-04, Away, HOU, L, L, 3, U, 205, 0, 0, 101.53, 102.82, 36.88, 86.65, 7.65, 22.06, 20.12, 25.41, 13.71, 46.0, 20.82, 7.35, 7.35, 12.94, 17.53, 40.94, 89.0, 5.94, 18.06, 15.0, 19.47, 12.24, 45.12, 23.47, 7.35, 6.41, 12.88, 21.47, 105.71, 102.53, 38.82, 85.0, 11.59, 32.06, 16.47, 22.12, 11.65, 41.53, 23.47, 11.06, 3.82, 16.53, 21.35, 38.53, 83.59, 7.82, 23.06, 17.65, 23.53, 11.82, 43.59, 21.88, 9.59, 5.65, 17.35, 18.41
51, 2015-02-07, Away, NOP, W, W, -2, U, 193.5, 1, 0, 100.59, 102.82, 36.47, 86.53, 7.65, 22.65, 20.0, 25.47, 14.0, 46.82, 20.47, 7.12, 6.59, 13.24, 17.41, 41.0, 89.0, 6.12, 18.82, 14.71, 19.24, 11.88, 44.53, 23.41, 7.47, 6.47, 12.53, 21.0, 98.18, 95.88, 36.71, 81.94, 6.88, 18.53, 17.88, 23.0, 13.35, 46.24, 21.41, 5.88, 5.88, 13.0, 18.0, 36.65, 82.41, 6.35, 19.47, 16.24, 20.94, 10.06, 39.0, 20.82, 7.12, 6.41, 10.06, 18.82
52, 2015-02-08, Away, ORL, W, L, -6.5, U, 197.5, 0, 1, 100.47, 100.94, 36.82, 85.59, 7.88, 22.29, 18.94, 23.88, 13.06, 46.0, 20.41, 6.88, 6.29, 12.94, 17.0, 40.24, 88.18, 6.06, 18.82, 14.41, 19.0, 12.0, 44.12, 22.82, 7.41, 6.47, 12.0, 20.12, 100.29, 108.18, 38.71, 84.59, 6.53, 19.94, 16.35, 21.47, 9.47, 40.94, 21.94, 8.65, 3.18, 14.59, 21.59, 40.53, 83.29, 8.71, 22.53, 18.41, 24.35, 9.65, 44.88, 25.71, 8.76, 5.47, 15.0, 18.59
53, 2015-02-10, Home, SAC, W, W, -11, U, 196.5, 0, 0, 99.53, 100.47, 36.59, 85.12, 8.06, 22.59, 18.29, 23.18, 12.47, 45.29, 20.41, 6.94, 5.65, 12.82, 16.88, 39.76, 87.06, 6.12, 18.82, 14.82, 19.47, 11.82, 44.35, 22.59, 7.41, 6.24, 12.0, 19.76, 96.47, 103.94, 35.24, 81.35, 4.88, 16.53, 21.12, 26.88, 9.94, 44.41, 17.76, 6.59, 3.71, 15.41, 19.29, 39.41, 86.94, 9.29, 27.59, 15.82, 21.65, 10.18, 42.88, 23.47, 9.35, 5.71, 12.71, 22.88
54, 2015-02-12, Home, CLE, W, W, 2, O, 197.5, 1, 0, 101.12, 99.82, 37.41, 84.88, 8.12, 22.59, 18.18, 22.88, 11.82, 44.71, 20.94, 7.12, 5.53, 12.35, 16.94, 39.65, 86.88, 5.94, 18.59, 14.59, 19.65, 11.76, 44.18, 22.71, 7.12, 5.94, 11.88, 19.47, 106.65, 97.35, 39.12, 82.76, 11.24, 30.0, 17.18, 23.47, 12.41, 46.12, 21.18, 7.53, 4.29, 13.82, 18.71, 36.29, 84.53, 7.47, 22.53, 17.29, 22.76, 12.24, 41.24, 21.94, 8.06, 3.82, 11.71, 19.59
55, 2015-02-20, Away, DET, L, L, -6, U, 193.5, 0, 0, 102.71, 99.59, 38.0, 85.41, 8.06, 22.41, 18.65, 23.29, 11.94, 44.76, 21.71, 7.18, 5.24, 11.88, 17.41, 39.41, 86.82, 5.94, 19.53, 14.82, 19.82, 11.65, 43.88, 22.29, 6.88, 5.71, 12.06, 19.76, 100.35, 100.41, 36.65, 84.35, 8.76, 25.59, 18.29, 23.76, 13.24, 44.18, 22.0, 7.88, 4.71, 13.18, 16.76, 39.53, 83.53, 7.82, 22.24, 13.53, 17.35, 10.18, 41.94, 25.24, 6.82, 5.18, 13.24, 19.65
56, 2015-02-21, Home, PHO, W, L, -8, O, 204.5, 1, 1, 102.47, 100.35, 37.88, 84.82, 8.12, 22.35, 18.59, 23.18, 11.41, 44.29, 21.24, 7.0, 5.35, 12.35, 17.71, 39.53, 87.0, 6.12, 20.18, 15.18, 20.82, 11.59, 44.18, 22.29, 7.06, 5.18, 12.0, 19.71, 103.29, 105.29, 39.59, 87.47, 8.53, 25.18, 15.59, 21.06, 11.0, 43.35, 20.71, 9.47, 5.0, 14.06, 21.24, 39.53, 86.24, 8.65, 23.18, 17.59, 24.59, 11.59, 46.06, 22.71, 7.41, 4.47, 14.88, 19.35
57, 2015-02-23, Home, MIL, W, W, -7, U, 192.5, 1, 0, 102.35, 99.53, 38.0, 85.12, 8.35, 22.18, 18.0, 22.18, 11.59, 44.53, 21.35, 6.94, 5.24, 12.53, 17.35, 39.47, 87.41, 6.29, 20.59, 14.29, 19.59, 11.94, 44.29, 22.12, 7.06, 5.12, 12.18, 19.12, 98.59, 94.82, 37.71, 80.88, 7.18, 17.59, 16.0, 20.59, 9.53, 41.53, 24.35, 10.18, 5.59, 14.47, 21.53, 34.41, 82.41, 7.94, 25.24, 18.06, 24.24, 13.24, 44.47, 20.88, 7.71, 4.29, 16.59, 19.29
58, 2015-02-25, Home, CHO, L, L, -7, U, 187.5, 0, 0, 101.65, 97.53, 37.59, 84.94, 8.06, 22.12, 18.41, 22.65, 12.18, 46.24, 21.47, 6.59, 5.35, 12.88, 17.06, 38.88, 88.06, 6.24, 20.76, 13.53, 18.88, 12.06, 44.18, 21.35, 7.35, 5.12, 11.88, 18.94, 91.53, 91.65, 34.59, 84.88, 5.24, 17.47, 17.12, 23.82, 10.59, 46.18, 21.18, 6.47, 6.76, 11.0, 18.65, 34.24, 83.71, 6.88, 21.0, 16.29, 20.71, 9.12, 45.76, 20.24, 5.76, 6.24, 12.88, 21.59
59, 2015-02-27, Home, MIN, W, W, -5, U, 193.5, 0, 0, 99.71, 97.24, 36.76, 84.24, 7.47, 21.65, 18.71, 23.29, 12.24, 46.65, 21.24, 6.24, 5.65, 13.18, 17.24, 38.71, 88.0, 6.18, 20.65, 13.65, 19.18, 12.12, 44.18, 20.59, 7.53, 5.06, 11.65, 19.06, 95.35, 100.41, 34.88, 82.0, 4.53, 14.35, 21.06, 26.18, 12.41, 44.24, 20.65, 7.18, 3.41, 14.53, 18.35, 39.29, 83.59, 7.88, 22.94, 13.94, 19.29, 11.06, 42.29, 22.53, 9.06, 6.12, 13.94, 20.94
60, 2015-03-01, Home, LAC, L, L, 2, U, 197.5, 0, 0, 99.53, 96.18, 36.76, 85.18, 7.47, 21.94, 18.53, 23.06, 13.12, 47.24, 21.18, 6.24, 5.65, 12.94, 17.41, 38.29, 87.59, 5.65, 19.94, 13.94, 19.76, 12.18, 44.47, 19.76, 7.35, 4.76, 11.76, 19.0, 106.76, 100.65, 40.29, 85.29, 8.65, 25.35, 17.53, 26.18, 11.06, 44.88, 23.82, 8.06, 5.41, 11.41, 21.94, 35.65, 82.76, 8.76, 26.53, 20.59, 27.65, 11.18, 43.88, 22.76, 6.53, 4.29, 12.82, 21.18
61, 2015-03-03, Home, WAS, W, W, 1.5, O, 187, 0, 0, 99.06, 95.47, 36.59, 85.59, 7.59, 22.53, 18.29, 22.94, 13.47, 47.88, 21.53, 6.06, 5.18, 13.12, 17.47, 38.12, 87.41, 5.59, 20.47, 13.65, 19.71, 11.76, 44.53, 19.47, 7.41, 5.24, 11.53, 19.24, 96.53, 100.41, 37.35, 83.29, 5.53, 17.65, 16.29, 21.53, 10.76, 45.59, 22.65, 6.35, 3.59, 15.59, 21.35, 36.71, 84.18, 9.12, 25.06, 17.88, 24.12, 9.53, 42.12, 21.12, 8.59, 4.06, 12.41, 19.29
62, 2015-03-05, Home, OKC, W, W, 1, O, 199, 1, 0, 98.65, 96.12, 36.41, 85.71, 7.76, 23.12, 18.06, 22.82, 13.59, 47.94, 21.59, 5.94, 5.12, 13.47, 17.47, 38.41, 87.59, 5.71, 20.53, 13.59, 19.76, 11.82, 44.53, 19.82, 7.76, 5.59, 11.47, 19.18, 107.71, 100.76, 40.06, 88.88, 7.18, 21.18, 20.41, 25.24, 13.12, 50.65, 21.0, 7.18, 6.71, 13.47, 21.35, 37.71, 90.65, 7.94, 23.35, 17.41, 22.65, 12.82, 45.53, 21.88, 7.88, 4.76, 12.29, 19.94
63, 2015-03-06, Away, IND, L, L, 6, U, 186.5, 0, 1, 99.0, 96.53, 36.53, 86.24, 7.65, 23.65, 18.29, 23.18, 13.41, 48.0, 21.82, 5.71, 5.0, 12.82, 17.29, 38.65, 87.94, 5.82, 20.65, 13.41, 19.82, 11.76, 45.18, 20.06, 7.53, 5.35, 11.29, 19.29, 99.12, 95.35, 37.41, 81.35, 7.18, 20.41, 17.12, 21.59, 8.94, 43.65, 22.82, 6.88, 4.12, 12.88, 19.71, 35.59, 82.47, 7.76, 22.18, 16.41, 21.18, 9.59, 41.76, 20.12, 7.35, 4.76, 12.76, 21.24
64, 2015-03-08, Away, SAS, L, L, 10, O, 190.5, 0, 0, 99.0, 96.65, 36.53, 86.18, 7.53, 23.59, 18.41, 23.18, 13.41, 48.06, 22.12, 5.71, 4.59, 12.94, 17.82, 38.41, 87.71, 6.12, 21.06, 13.71, 20.41, 11.88, 45.0, 20.29, 7.59, 4.82, 11.35, 19.71, 99.94, 95.41, 37.82, 84.41, 8.24, 24.82, 16.06, 20.35, 10.0, 43.65, 23.0, 8.24, 5.71, 13.29, 18.41, 36.59, 82.47, 7.06, 17.71, 15.18, 20.82, 9.29, 42.94, 21.0, 8.29, 4.24, 13.59, 19.18
65, 2015-03-09, Home, MEM, L, L, 5.5, O, 183, 0, 1, 98.53, 96.94, 36.24, 84.71, 7.35, 22.76, 18.71, 23.53, 12.71, 47.06, 22.18, 5.71, 4.59, 12.88, 18.18, 38.18, 86.35, 6.12, 20.41, 14.47, 21.12, 11.47, 44.24, 19.29, 7.94, 4.94, 11.0, 20.12, 93.0, 91.53, 35.76, 81.82, 3.59, 13.18, 17.88, 23.53, 10.71, 43.0, 20.47, 9.76, 4.47, 12.35, 17.41, 35.47, 81.41, 7.12, 21.94, 13.47, 17.41, 10.06, 43.65, 20.12, 7.41, 6.06, 14.65, 19.35
66, 2015-03-11, Away, PHI, W, W, -6.5, O, 189, 0, 0, 96.94, 95.65, 35.76, 83.29, 7.59, 22.59, 17.82, 22.47, 12.24, 46.76, 21.71, 5.59, 4.35, 13.12, 17.71, 37.71, 85.06, 6.24, 20.71, 14.0, 20.65, 10.82, 43.41, 19.24, 8.41, 4.76, 10.88, 19.24, 93.76, 98.47, 33.35, 81.0, 10.59, 28.59, 16.47, 24.29, 10.94, 44.59, 22.06, 9.71, 5.82, 17.53, 21.29, 36.18, 82.76, 7.88, 22.35, 18.24, 23.82, 9.76, 44.29, 22.82, 9.29, 5.06, 14.94, 20.12
67, 2015-03-13, Away, CHO, L, L, -1, O, 188.5, 0, 0, 97.59, 95.41, 36.0, 83.29, 7.94, 22.94, 17.65, 22.06, 12.0, 47.29, 21.94, 5.59, 4.29, 13.53, 17.59, 37.53, 85.88, 6.53, 21.82, 13.82, 21.12, 11.18, 43.71, 19.24, 8.71, 4.76, 10.71, 18.88, 96.12, 96.06, 36.82, 83.35, 6.0, 18.65, 16.47, 21.53, 8.71, 44.71, 23.24, 6.41, 6.47, 12.0, 18.65, 36.53, 85.47, 5.82, 18.59, 17.18, 21.41, 9.35, 43.88, 20.65, 6.12, 4.71, 11.24, 19.94
68, 2015-03-15, Away, OKC, L, L, 7, O, 204, 0, 0, 97.65, 95.41, 36.0, 82.88, 8.35, 23.35, 17.29, 21.65, 11.18, 45.88, 22.06, 5.65, 4.35, 13.41, 18.06, 37.24, 85.71, 6.47, 21.35, 14.47, 21.71, 11.53, 44.18, 19.06, 8.59, 4.71, 11.06, 18.76, 111.94, 104.59, 41.59, 90.24, 8.0, 21.65, 20.76, 25.47, 13.53, 50.12, 22.76, 7.06, 6.35, 13.76, 21.41, 38.29, 89.59, 8.94, 25.12, 19.06, 24.35, 12.12, 43.29, 22.18, 8.0, 4.59, 12.47, 20.41
69, 2015-03-18, Home, IND, W, W, -1, U, 189.5, 0, 0, 97.24, 97.59, 35.65, 82.82, 8.29, 23.76, 17.65, 22.29, 11.24, 45.18, 22.18, 5.59, 4.29, 13.41, 19.06, 37.71, 85.76, 6.71, 21.59, 15.47, 23.06, 11.82, 45.0, 19.06, 8.35, 4.59, 11.35, 19.35, 101.0, 94.53, 37.71, 82.29, 8.12, 21.35, 17.47, 22.18, 9.06, 44.41, 23.12, 6.65, 4.35, 11.94, 20.53, 34.94, 85.24, 7.41, 22.18, 17.24, 22.29, 11.65, 44.29, 19.0, 6.88, 5.0, 12.41, 21.06
70, 2015-03-20, Home, TOR, W, W, -1.5, O, 198, 0, 0, 97.53, 96.94, 35.47, 83.12, 8.41, 23.88, 18.18, 22.88, 11.35, 46.18, 21.88, 5.29, 4.47, 13.24, 19.76, 37.29, 85.65, 6.53, 21.24, 15.82, 23.53, 11.35, 44.59, 18.76, 8.0, 4.82, 10.94, 19.47, 99.47, 101.29, 36.47, 83.06, 8.59, 24.29, 17.94, 22.41, 9.59, 40.65, 19.82, 8.65, 4.47, 12.59, 19.94, 38.29, 83.35, 7.94, 23.94, 16.76, 22.53, 10.94, 45.18, 24.35, 8.12, 5.59, 14.94, 17.65
71, 2015-03-21, Away, DET, L, L, -3, O, 192.5, 0, 1, 97.76, 97.29, 35.47, 83.06, 8.53, 24.35, 18.29, 23.0, 11.82, 47.0, 22.24, 5.06, 4.71, 13.53, 19.76, 37.0, 85.88, 7.0, 22.0, 16.29, 23.47, 11.29, 44.06, 18.59, 8.18, 4.88, 10.53, 19.71, 96.29, 99.29, 36.53, 87.41, 7.41, 24.53, 15.82, 22.06, 13.47, 44.47, 20.12, 7.41, 4.41, 12.35, 19.53, 37.53, 82.59, 7.29, 20.06, 16.94, 20.76, 10.76, 44.12, 24.18, 6.65, 5.47, 13.53, 19.35
72, 2015-03-23, Home, CHO, W, W, -7, U, 191.5, 1, 0, 96.47, 97.82, 34.94, 82.18, 8.35, 24.24, 18.24, 22.88, 11.53, 46.88, 21.82, 4.59, 4.59, 13.71, 19.06, 37.41, 86.18, 7.18, 21.71, 15.82, 22.76, 11.06, 44.12, 19.06, 8.41, 5.06, 9.82, 19.53, 95.29, 97.82, 36.24, 84.35, 6.29, 18.65, 16.53, 21.12, 9.59, 43.82, 21.18, 6.29, 5.47, 11.71, 17.88, 37.12, 83.94, 7.0, 19.82, 16.59, 21.18, 9.29, 44.47, 21.12, 6.24, 4.47, 11.59, 19.29
73, 2015-03-25, Away, TOR, W, W, -3, O, 197, 1, 0, 96.88, 97.0, 35.18, 82.41, 8.24, 24.24, 18.29, 23.29, 11.12, 47.06, 22.12, 4.76, 4.59, 12.88, 18.88, 36.82, 86.0, 7.29, 21.59, 16.06, 22.47, 11.06, 44.65, 18.59, 7.82, 5.47, 9.82, 19.65, 100.35, 104.24, 36.35, 82.06, 8.18, 23.71, 19.47, 23.94, 9.71, 39.82, 19.76, 7.29, 3.76, 12.24, 20.24, 39.35, 82.76, 8.47, 23.29, 17.06, 22.76, 10.53, 43.59, 25.24, 7.82, 5.24, 13.65, 18.94
74, 2015-03-28, Home, NYK, W, W, -17.5, O, 190.5, 1, 0, 97.12, 96.76, 35.29, 81.53, 8.24, 24.18, 18.29, 23.35, 10.41, 46.12, 22.06, 4.71, 4.76, 12.35, 19.0, 36.35, 85.71, 7.24, 21.35, 16.82, 23.12, 11.18, 44.59, 18.06, 7.59, 5.41, 9.47, 19.71, 90.71, 103.29, 33.76, 82.71, 5.76, 18.06, 17.41, 22.94, 10.29, 41.71, 20.53, 6.71, 6.18, 13.71, 21.88, 37.29, 82.71, 7.59, 21.0, 21.12, 27.18, 10.59, 44.94, 21.12, 7.53, 4.59, 12.29, 20.18
75, 2015-04-01, Away, MIL, L, L, -5, U, 191.5, 0, 0, 98.53, 97.29, 36.24, 82.0, 8.12, 23.65, 17.94, 22.76, 10.06, 45.47, 22.53, 4.94, 4.65, 12.0, 19.0, 36.35, 85.12, 7.24, 21.29, 17.35, 23.47, 11.0, 44.24, 18.41, 7.47, 5.59, 9.65, 19.53, 95.29, 101.53, 35.82, 82.65, 5.65, 16.82, 18.0, 24.06, 12.47, 44.53, 22.24, 8.65, 5.35, 16.29, 22.0, 36.82, 80.88, 9.76, 24.06, 18.12, 23.71, 9.29, 41.65, 24.0, 9.53, 5.06, 15.53, 21.47
76, 2015-04-03, Home, DET, W, L, -9.5, U, 196.5, 0, 0, 98.82, 97.12, 36.06, 81.82, 8.24, 24.18, 18.47, 23.59, 10.24, 45.29, 22.18, 5.24, 4.18, 12.47, 19.24, 36.24, 85.41, 7.47, 21.71, 17.18, 23.29, 11.47, 44.41, 18.35, 7.65, 5.71, 10.18, 20.12, 96.76, 99.18, 37.88, 88.65, 7.59, 24.24, 13.41, 19.18, 13.35, 44.29, 22.41, 7.59, 5.12, 11.24, 18.47, 37.94, 82.65, 6.88, 20.06, 16.41, 20.53, 11.12, 45.53, 23.88, 6.65, 4.35, 13.29, 17.18
77, 2015-04-05, Away, CLE, L, W, 8, U, 194, 0, 0, 98.35, 96.71, 35.82, 81.18, 7.94, 23.35, 18.76, 23.88, 10.06, 44.76, 21.82, 5.47, 4.18, 12.53, 18.71, 36.18, 85.24, 7.71, 22.0, 16.65, 22.35, 11.53, 44.24, 18.18, 7.76, 6.29, 10.59, 20.24, 106.18, 97.06, 38.47, 83.06, 12.24, 30.88, 17.0, 22.18, 11.06, 43.18, 22.35, 7.88, 4.29, 13.71, 18.88, 37.29, 81.47, 7.12, 21.47, 15.35, 20.65, 9.76, 40.29, 22.35, 7.65, 4.24, 13.06, 19.88
78, 2015-04-08, Away, ORL, L, L, -7.5, O, 191, 0, 0, 98.82, 96.88, 36.24, 80.53, 8.0, 23.41, 18.35, 23.35, 9.59, 44.41, 22.41, 5.76, 4.24, 12.82, 19.0, 36.0, 85.0, 8.24, 22.59, 16.65, 22.24, 11.35, 43.35, 18.71, 7.94, 5.82, 10.71, 19.88, 97.06, 104.0, 38.71, 86.76, 6.41, 19.06, 13.24, 17.88, 12.71, 44.24, 22.41, 9.0, 4.47, 14.18, 19.88, 38.71, 82.71, 10.18, 25.18, 16.41, 21.88, 11.12, 43.71, 23.53, 7.71, 5.12, 14.76, 17.0
79, 2015-04-09, Away, MIA, W, W, 2, U, 192.5, 0, 1, 99.18, 97.65, 36.29, 80.59, 8.18, 23.24, 18.41, 23.41, 9.71, 44.06, 22.71, 6.0, 4.06, 12.76, 19.0, 36.18, 84.88, 8.24, 22.65, 17.06, 22.53, 11.53, 43.65, 18.59, 7.82, 5.35, 10.94, 19.65, 96.12, 99.12, 36.53, 79.06, 5.88, 19.47, 17.18, 22.94, 8.76, 38.71, 19.47, 8.12, 5.06, 14.59, 20.59, 36.65, 80.59, 8.53, 24.12, 17.29, 24.29, 12.41, 42.59, 21.41, 8.41, 4.88, 15.35, 21.35
80, 2015-04-11, Home, PHI, W, L, -15.5, O, 195, 0, 0, 98.06, 96.06, 36.0, 80.82, 8.12, 23.12, 17.94, 22.88, 9.88, 44.24, 22.18, 6.35, 4.0, 12.82, 18.76, 35.76, 84.88, 8.06, 22.53, 16.47, 21.82, 11.82, 43.94, 18.24, 7.47, 5.53, 11.24, 19.59, 95.29, 99.47, 35.71, 89.35, 10.47, 31.0, 13.41, 21.47, 13.29, 44.06, 20.47, 9.65, 5.88, 13.41, 21.94, 36.65, 82.18, 6.94, 19.47, 19.24, 25.0, 11.35, 47.94, 22.29, 7.06, 6.18, 15.59, 19.12
81, 2015-04-13, Away, BRK, W, W, -2, O, 198.5, 1, 0, 99.82, 96.59, 36.53, 81.06, 8.35, 23.29, 18.41, 23.88, 9.82, 44.47, 22.18, 6.53, 4.12, 12.76, 18.47, 35.94, 85.41, 8.47, 23.76, 16.24, 21.35, 11.76, 43.71, 18.0, 7.35, 5.47, 11.47, 20.0, 105.06, 104.29, 40.59, 86.35, 6.53, 18.82, 17.35, 22.53, 10.59, 43.24, 23.47, 7.59, 4.18, 11.65, 17.35, 41.0, 88.41, 8.94, 23.29, 13.35, 18.06, 11.71, 45.06, 25.12, 6.88, 4.76, 13.06, 19.76
82, 2015-04-15, Home, ATL, W, W, -5.5, U, 198, 0, 0, 100.29, 94.82, 36.94, 81.94, 8.76, 24.18, 17.65, 23.18, 9.94, 44.59, 22.53, 6.59, 4.24, 12.0, 18.12, 35.24, 85.24, 8.12, 23.18, 16.24, 21.24, 12.0, 44.12, 17.88, 6.59, 5.41, 11.65, 19.53, 102.59, 99.0, 38.76, 83.0, 9.88, 26.76, 15.18, 19.65, 8.94, 39.35, 26.88, 10.12, 4.0, 12.59, 17.53, 37.41, 81.59, 8.82, 24.06, 15.35, 20.29, 11.12, 43.29, 24.59, 7.0, 4.88, 15.71, 17.88
