14, 2014-11-24, Away, UTA, W, L, -3.5, U, 193, 0, 0, 99.83, 99.67, 36.75, 81.0, 7.67, 20.5, 18.67, 25.58, 10.08, 42.5, 22.42, 5.92, 6.0, 13.67, 20.75, 37.83, 84.83, 6.42, 17.25, 17.58, 23.75, 11.92, 44.58, 22.0, 6.83, 4.58, 12.75, 22.92, 96.5, 99.58, 35.5, 76.75, 7.17, 21.17, 18.33, 24.58, 10.33, 42.17, 22.0, 6.83, 5.5, 14.58, 19.17, 38.17, 84.33, 7.0, 20.33, 16.25, 20.58, 10.92, 40.25, 18.83, 8.17, 4.42, 10.67, 20.25
15, 2014-11-25, Away, DEN, L, L, 4.5, O, 204, 0, 1, 98.92, 98.08, 36.33, 79.5, 7.33, 19.58, 18.92, 26.08, 9.75, 41.92, 22.0, 6.33, 5.08, 13.42, 19.58, 37.92, 83.33, 6.42, 16.75, 15.83, 21.83, 11.17, 43.67, 22.33, 6.92, 4.75, 13.08, 23.08, 104.25, 106.92, 38.0, 85.75, 9.08, 26.75, 19.17, 26.08, 11.67, 43.58, 21.33, 6.67, 5.17, 13.33, 25.17, 37.67, 82.83, 8.0, 22.0, 23.58, 30.75, 10.08, 43.83, 21.17, 6.92, 5.33, 12.58, 22.0
16, 2014-11-28, Away, BOS, W, W, -3.5, O, 204.5, 0, 0, 99.17, 98.83, 36.5, 80.58, 7.17, 19.42, 19.0, 25.83, 10.25, 41.83, 22.42, 6.83, 4.75, 13.25, 19.42, 38.33, 83.33, 6.75, 17.08, 15.42, 21.5, 11.25, 43.92, 22.0, 6.58, 5.0, 13.42, 22.75, 104.67, 107.17, 41.5, 88.0, 7.08, 23.58, 14.58, 19.33, 11.0, 42.67, 25.75, 8.25, 4.0, 13.75, 20.5, 40.75, 85.67, 8.5, 21.25, 17.17, 21.83, 9.08, 41.5, 22.83, 6.33, 4.58, 13.67, 18.25
17, 2014-11-30, Away, BRK, W, W, -2.5, U, 193.5, 0, 0, 100.08, 99.83, 36.67, 81.83, 7.0, 19.58, 19.75, 26.67, 10.92, 42.5, 22.0, 6.75, 5.08, 13.33, 19.67, 38.25, 83.67, 6.75, 17.75, 16.58, 22.75, 11.08, 43.42, 21.92, 6.67, 4.67, 13.58, 23.42, 99.33, 99.42, 36.67, 80.5, 7.5, 21.5, 18.5, 23.08, 9.33, 41.5, 20.33, 7.33, 4.67, 15.08, 21.08, 37.5, 84.58, 8.0, 22.83, 16.42, 21.58, 12.08, 43.58, 22.58, 7.83, 4.58, 14.75, 20.83
18, 2014-12-02, Home, DAL, L, L, -1, O, 203, 0, 0, 100.67, 99.67, 36.67, 81.5, 7.17, 20.25, 20.17, 27.0, 10.92, 43.17, 21.58, 6.58, 5.25, 13.58, 20.17, 38.17, 83.42, 6.67, 17.67, 16.67, 23.08, 10.17, 42.08, 21.67, 6.58, 4.42, 13.25, 23.17, 110.42, 99.25, 40.58, 85.25, 9.58, 29.25, 19.67, 26.08, 11.42, 43.17, 25.75, 7.92, 5.92, 10.92, 20.92, 36.08, 82.25, 9.92, 24.75, 17.17, 24.25, 12.58, 44.33, 21.08, 5.92, 2.67, 16.83, 25.17
19, 2014-12-03, Away, CHO, W, W, -3.5, O, 190.5, 0, 1, 101.58, 101.08, 37.25, 83.58, 6.83, 20.42, 20.25, 27.0, 11.17, 44.17, 22.67, 6.67, 5.25, 13.67, 20.25, 38.5, 84.33, 6.92, 17.67, 17.17, 23.25, 9.75, 42.42, 21.75, 6.75, 4.75, 13.42, 23.08, 92.17, 103.25, 35.67, 84.08, 5.92, 18.08, 14.92, 20.5, 9.33, 40.0, 20.25, 4.67, 3.83, 9.42, 17.67, 40.0, 84.33, 8.83, 23.92, 14.42, 18.25, 9.75, 45.42, 23.75, 5.08, 4.5, 10.83, 19.92
20, 2014-12-06, Home, GSW, L, L, 2.5, O, 204, 0, 0, 101.67, 100.17, 36.83, 82.58, 7.17, 21.25, 20.83, 27.5, 10.58, 45.08, 22.75, 6.58, 5.17, 13.92, 20.42, 38.0, 85.08, 6.5, 17.33, 17.67, 23.5, 9.75, 42.17, 21.08, 6.67, 4.75, 12.83, 23.42, 107.67, 96.42, 41.25, 85.67, 9.58, 25.5, 15.58, 21.0, 10.42, 47.42, 27.33, 7.0, 6.58, 13.25, 19.17, 36.58, 88.58, 6.17, 18.75, 17.08, 23.08, 11.42, 44.08, 20.67, 7.67, 4.25, 12.17, 18.83
21, 2014-12-10, Home, BRK, W, W, -11, U, 192.5, 0, 0, 101.67, 101.92, 36.58, 82.17, 7.17, 21.33, 21.33, 28.08, 11.25, 45.17, 22.92, 6.58, 4.75, 14.92, 20.75, 38.5, 85.83, 6.92, 18.67, 18.0, 23.5, 10.25, 41.67, 21.75, 7.42, 4.75, 12.5, 23.42, 92.25, 99.92, 35.08, 82.92, 5.67, 20.17, 16.42, 21.67, 10.25, 42.58, 20.25, 6.17, 3.67, 14.08, 19.5, 37.42, 84.92, 9.08, 26.58, 16.0, 21.33, 12.42, 46.58, 23.25, 8.25, 5.42, 13.5, 20.42
22, 2014-12-12, Home, POR, W, W, -2.5, O, 197, 0, 0, 102.08, 100.83, 36.58, 82.33, 7.5, 21.92, 21.42, 28.08, 11.42, 45.92, 22.5, 6.5, 5.08, 14.58, 20.75, 38.0, 85.75, 6.5, 17.75, 18.33, 23.75, 10.42, 42.17, 21.67, 7.25, 4.58, 12.25, 23.17, 100.17, 94.5, 38.25, 85.25, 8.33, 24.67, 15.33, 19.58, 10.83, 46.58, 23.17, 6.75, 5.42, 13.75, 17.83, 38.0, 87.0, 4.5, 16.67, 14.0, 19.5, 10.92, 44.33, 21.75, 8.67, 3.5, 11.67, 18.42
23, 2014-12-14, Away, MIA, W, W, -7, U, 194, 0, 0, 104.17, 101.42, 37.33, 82.75, 7.58, 21.75, 21.92, 28.5, 11.75, 47.0, 22.5, 6.42, 4.75, 14.08, 20.08, 38.5, 86.67, 6.92, 18.25, 17.5, 22.58, 10.5, 41.42, 21.83, 7.08, 4.5, 11.92, 22.75, 92.83, 101.08, 34.17, 73.25, 7.42, 21.0, 17.08, 23.92, 7.83, 33.67, 18.67, 8.17, 3.58, 12.92, 18.42, 38.25, 77.0, 9.25, 23.25, 15.33, 20.42, 10.17, 41.08, 21.83, 7.42, 3.42, 14.0, 20.75
24, 2014-12-15, Away, ATL, L, L, 2.5, U, 196, 0, 1, 103.17, 100.25, 36.83, 82.0, 7.5, 21.08, 22.0, 28.17, 11.67, 46.92, 21.92, 6.17, 5.25, 15.0, 19.58, 37.83, 86.58, 6.67, 18.17, 17.92, 22.25, 10.83, 41.42, 21.17, 8.0, 4.5, 12.0, 22.83, 102.5, 92.67, 37.67, 81.0, 9.67, 25.5, 17.5, 22.25, 8.25, 41.08, 26.25, 9.33, 4.5, 13.25, 18.33, 34.83, 80.92, 8.0, 23.92, 15.0, 20.58, 10.42, 41.75, 22.92, 6.5, 4.5, 16.08, 21.08
25, 2014-12-18, Home, NYK, W, L, -12.5, O, 189, 0, 0, 103.0, 99.42, 36.75, 82.75, 7.58, 21.92, 21.92, 28.0, 11.83, 48.17, 21.5, 5.92, 5.42, 15.0, 18.83, 37.67, 87.33, 6.92, 19.42, 17.17, 21.42, 10.67, 41.42, 21.17, 8.42, 4.75, 11.67, 22.5, 92.17, 100.33, 35.75, 81.58, 7.33, 22.17, 13.33, 16.83, 10.75, 39.83, 20.67, 7.75, 4.08, 14.67, 22.17, 37.25, 82.0, 7.58, 22.67, 18.25, 23.75, 12.67, 43.58, 22.25, 8.08, 3.5, 13.58, 18.83
26, 2014-12-19, Away, MEM, W, W, 6, O, 191.5, 0, 1, 104.33, 98.75, 37.08, 82.08, 7.92, 22.0, 22.25, 28.17, 11.83, 46.83, 22.25, 5.92, 5.92, 14.75, 18.75, 37.58, 87.58, 6.67, 18.83, 16.92, 21.17, 11.33, 41.0, 20.58, 8.33, 4.83, 11.58, 22.92, 107.0, 100.67, 41.25, 84.92, 6.25, 16.75, 18.25, 24.42, 9.58, 44.0, 24.5, 8.08, 4.92, 13.17, 19.67, 38.17, 87.25, 9.5, 25.25, 14.83, 21.25, 13.08, 44.42, 20.17, 8.0, 6.83, 14.08, 21.5
27, 2014-12-22, Home, TOR, W, W, -4, O, 200.5, 1, 0, 104.83, 98.92, 36.75, 82.17, 8.0, 22.5, 23.33, 29.0, 11.92, 48.17, 22.0, 5.33, 5.92, 14.17, 19.08, 37.17, 88.25, 6.58, 19.17, 18.0, 22.33, 11.58, 41.33, 19.75, 7.92, 4.83, 10.83, 23.33, 107.92, 101.83, 40.67, 85.5, 9.75, 26.5, 16.83, 21.67, 11.83, 42.42, 23.0, 6.17, 4.25, 11.75, 21.08, 38.75, 84.5, 7.67, 22.5, 16.67, 22.08, 12.0, 41.08, 23.0, 5.67, 5.17, 13.17, 20.5
28, 2014-12-23, Away, WAS, W, W, 2.5, U, 197.5, 0, 1, 106.5, 99.42, 37.17, 81.5, 7.92, 21.75, 24.25, 29.83, 12.0, 48.5, 22.0, 4.92, 6.67, 14.42, 18.92, 37.25, 89.5, 6.67, 20.33, 18.25, 22.75, 11.92, 40.67, 19.17, 8.33, 4.5, 10.25, 23.75, 103.33, 96.17, 40.33, 83.83, 6.67, 16.58, 16.0, 21.58, 11.42, 44.75, 25.75, 8.25, 6.0, 13.5, 20.5, 35.5, 81.75, 6.5, 18.75, 18.67, 25.58, 10.17, 40.83, 16.25, 7.92, 4.92, 14.25, 20.5
29, 2014-12-25, Home, LAL, W, W, -11.5, U, 208, 0, 0, 105.67, 98.5, 37.33, 81.08, 7.92, 21.75, 23.08, 28.75, 11.17, 48.5, 22.17, 4.92, 6.17, 14.17, 18.33, 37.33, 89.25, 6.58, 19.25, 17.25, 21.67, 11.5, 40.58, 19.25, 8.33, 4.75, 9.83, 22.67, 102.75, 106.0, 38.17, 88.83, 8.92, 22.83, 17.5, 23.17, 11.08, 43.75, 21.42, 7.42, 5.5, 11.42, 20.33, 39.83, 86.83, 7.75, 21.25, 18.58, 25.42, 11.58, 48.17, 23.33, 6.08, 4.17, 13.83, 19.42
30, 2014-12-27, Home, NOP, W, L, -10, O, 201, 1, 0, 106.58, 99.25, 38.0, 82.5, 8.17, 21.75, 22.42, 28.0, 12.25, 49.08, 22.83, 4.5, 6.33, 13.67, 17.33, 37.67, 89.75, 6.83, 19.42, 17.08, 21.42, 12.25, 41.0, 19.42, 8.33, 5.42, 9.33, 22.33, 103.67, 104.5, 39.83, 84.5, 6.67, 19.58, 17.33, 21.75, 11.17, 43.33, 22.33, 6.67, 5.67, 12.0, 17.17, 40.67, 83.83, 7.92, 20.92, 15.25, 20.0, 8.58, 38.83, 21.75, 6.67, 6.25, 11.75, 18.42
31, 2014-12-29, Away, IND, W, L, -4.5, U, 193.5, 0, 0, 104.75, 96.58, 37.5, 81.33, 8.0, 21.25, 21.75, 27.0, 12.25, 48.5, 21.25, 4.75, 6.33, 13.25, 16.92, 37.17, 88.58, 5.92, 18.08, 16.33, 20.5, 12.08, 40.25, 18.42, 8.33, 5.58, 9.42, 21.58, 97.17, 97.25, 37.42, 85.75, 6.92, 20.67, 15.42, 20.5, 9.33, 43.75, 23.33, 7.0, 4.33, 12.5, 22.5, 36.08, 83.33, 6.42, 20.0, 18.67, 25.58, 10.25, 45.67, 19.67, 7.0, 4.42, 13.0, 19.92
32, 2014-12-30, Home, BRK, L, L, -10, U, 196.5, 1, 1, 103.92, 96.17, 36.83, 81.67, 7.42, 20.0, 22.83, 28.0, 13.08, 48.25, 20.42, 5.08, 6.83, 13.17, 16.75, 37.17, 88.0, 6.17, 17.92, 15.67, 20.33, 12.08, 40.42, 18.5, 8.33, 6.0, 10.08, 21.92, 96.17, 98.67, 36.08, 80.42, 7.5, 22.08, 16.5, 23.58, 9.83, 39.83, 22.25, 8.08, 4.25, 13.5, 19.58, 36.67, 80.67, 8.92, 23.25, 16.42, 22.67, 11.5, 44.75, 22.83, 7.42, 4.58, 14.67, 20.42
33, 2015-01-01, Home, DEN, W, L, -10.5, O, 204.5, 0, 0, 102.25, 94.83, 36.58, 81.92, 7.5, 20.33, 21.58, 27.0, 12.75, 48.08, 20.25, 5.0, 7.5, 12.33, 16.33, 36.83, 87.5, 5.67, 16.58, 15.5, 20.0, 11.67, 40.92, 18.0, 7.92, 5.92, 10.0, 21.58, 98.42, 103.0, 36.75, 88.5, 6.92, 23.08, 18.0, 25.0, 14.25, 47.75, 20.58, 6.58, 4.08, 15.08, 23.92, 37.92, 85.08, 7.5, 23.25, 19.67, 28.08, 10.92, 44.83, 22.25, 6.58, 6.0, 12.0, 21.08
34, 2015-01-03, Home, BOS, W, L, -10, O, 202, 1, 0, 102.33, 96.58, 36.67, 82.92, 7.5, 19.75, 21.5, 26.42, 12.58, 47.17, 20.33, 5.08, 8.08, 11.67, 16.42, 37.5, 87.83, 5.83, 16.58, 15.75, 20.25, 11.83, 42.0, 18.25, 7.5, 6.08, 10.08, 21.75, 101.92, 101.67, 39.75, 86.83, 7.25, 23.58, 15.17, 20.0, 10.08, 43.0, 25.67, 8.75, 4.08, 14.92, 21.25, 39.58, 87.25, 5.92, 18.33, 16.58, 22.08, 11.0, 43.83, 21.58, 9.0, 3.83, 14.58, 18.67
35, 2015-01-05, Home, HOU, W, W, -3, O, 199, 0, 0, 101.83, 96.42, 36.08, 83.92, 7.58, 20.83, 22.08, 27.42, 13.42, 48.17, 20.42, 5.5, 8.58, 12.42, 16.67, 37.67, 88.83, 5.25, 16.0, 15.83, 20.25, 11.75, 42.67, 18.75, 8.0, 6.17, 10.92, 22.67, 104.92, 101.0, 37.75, 86.67, 11.5, 34.08, 17.92, 25.75, 12.33, 44.83, 21.0, 10.17, 3.83, 16.0, 22.33, 37.08, 83.17, 7.75, 22.42, 19.08, 24.42, 10.17, 41.92, 22.92, 8.17, 5.67, 16.5, 21.67
36, 2015-01-07, Home, UTA, L, L, -11, U, 192.5, 0, 0, 103.58, 98.92, 36.75, 85.08, 7.25, 20.75, 22.83, 28.17, 14.17, 48.42, 20.92, 6.0, 8.92, 12.25, 16.25, 39.25, 90.67, 5.58, 16.25, 14.83, 19.17, 12.0, 42.75, 19.83, 7.67, 6.42, 11.17, 23.08, 96.92, 95.5, 35.58, 80.33, 7.42, 21.08, 18.33, 24.0, 12.58, 44.58, 19.42, 5.5, 6.25, 13.25, 19.0, 36.08, 80.58, 7.17, 19.5, 16.17, 20.75, 9.5, 38.25, 20.58, 7.92, 4.83, 10.92, 19.5
37, 2015-01-09, Away, WAS, L, L, 1, U, 195.5, 0, 0, 102.83, 99.25, 36.17, 84.33, 7.25, 20.0, 23.25, 28.67, 14.25, 47.25, 20.83, 6.17, 8.83, 12.33, 16.5, 39.33, 90.25, 5.42, 15.83, 15.17, 19.75, 12.75, 43.42, 19.42, 7.5, 6.5, 11.67, 23.33, 98.17, 98.58, 38.92, 81.75, 5.83, 14.5, 14.5, 19.75, 10.0, 41.25, 23.5, 7.5, 4.33, 12.75, 19.83, 38.33, 80.25, 6.58, 19.25, 15.33, 22.33, 8.33, 39.33, 19.25, 7.5, 4.08, 12.83, 19.25
38, 2015-01-10, Home, MIL, W, W, -6, U, 194, 1, 1, 101.42, 99.67, 36.0, 85.0, 7.08, 20.25, 22.33, 27.75, 14.25, 48.42, 20.25, 6.17, 8.83, 12.75, 16.33, 39.58, 90.58, 5.58, 16.33, 14.92, 19.75, 12.58, 44.0, 20.08, 7.67, 6.58, 11.42, 22.83, 98.33, 91.75, 38.33, 81.42, 8.33, 21.58, 13.33, 17.5, 9.25, 42.75, 25.67, 9.5, 5.42, 17.5, 21.92, 33.08, 80.92, 7.17, 23.83, 18.42, 23.17, 10.83, 43.0, 21.67, 8.5, 4.25, 16.67, 17.92
39, 2015-01-12, Home, ORL, L, L, -11.5, O, 190.5, 0, 0, 100.75, 98.83, 36.25, 86.25, 6.58, 19.5, 21.67, 27.0, 15.42, 48.42, 20.83, 6.42, 9.0, 13.0, 16.33, 39.5, 89.5, 5.67, 16.17, 14.17, 19.08, 12.42, 43.33, 20.67, 8.08, 6.92, 12.0, 22.75, 92.92, 99.08, 36.33, 83.25, 7.5, 20.58, 12.75, 17.83, 8.75, 40.17, 21.75, 8.75, 3.33, 12.83, 22.42, 35.83, 78.75, 7.42, 21.5, 20.0, 27.0, 10.0, 46.25, 20.42, 6.83, 5.67, 14.92, 16.83
40, 2015-01-14, Home, WAS, L, L, -5.5, O, 196, 1, 0, 99.5, 98.92, 36.33, 87.08, 6.75, 20.75, 20.08, 25.83, 15.33, 48.58, 21.25, 6.58, 8.33, 12.92, 16.33, 39.83, 87.92, 5.5, 15.17, 13.75, 18.83, 11.08, 43.08, 21.75, 8.08, 6.92, 12.25, 22.33, 97.0, 98.33, 38.75, 80.83, 6.08, 14.67, 13.42, 17.92, 9.17, 42.17, 24.17, 7.0, 4.83, 14.17, 18.42, 38.0, 83.08, 8.0, 22.75, 14.33, 20.33, 8.67, 39.5, 21.25, 8.25, 4.0, 12.0, 17.42
41, 2015-01-16, Away, BOS, W, W, -5, O, 201, 0, 0, 99.5, 100.08, 35.92, 86.58, 7.42, 21.58, 20.25, 25.83, 15.33, 47.0, 21.08, 7.0, 8.17, 13.08, 16.92, 40.0, 87.0, 5.5, 15.67, 14.58, 19.58, 11.33, 43.25, 22.42, 7.83, 6.83, 12.83, 22.92, 98.58, 102.33, 38.25, 89.17, 7.58, 24.0, 14.5, 19.17, 10.25, 41.75, 24.08, 8.17, 4.17, 12.83, 22.83, 37.42, 85.17, 7.25, 21.0, 20.25, 26.0, 13.0, 47.92, 21.0, 7.67, 6.17, 15.08, 18.33
42, 2015-01-17, Home, ATL, L, L, 3.5, O, 201, 1, 1, 100.0, 100.92, 36.42, 86.83, 7.67, 21.67, 19.5, 24.75, 14.33, 45.25, 21.17, 7.92, 8.08, 12.58, 17.08, 40.5, 86.42, 5.5, 15.67, 14.42, 19.17, 10.92, 43.75, 23.33, 7.5, 6.5, 13.58, 22.5, 103.17, 94.58, 37.5, 80.25, 10.08, 25.17, 18.08, 23.58, 9.33, 42.42, 25.25, 10.08, 4.08, 14.0, 16.58, 35.33, 82.33, 9.33, 27.67, 14.58, 18.92, 10.83, 41.58, 22.33, 7.58, 5.33, 16.92, 20.33
43, 2015-01-19, Away, CLE, L, L, 4.5, U, 206.5, 0, 0, 99.33, 101.5, 36.08, 86.08, 7.92, 22.17, 19.25, 24.58, 13.67, 45.08, 21.67, 7.67, 8.0, 12.58, 17.42, 40.42, 86.08, 6.08, 16.67, 14.58, 19.58, 10.83, 44.0, 24.42, 7.58, 6.42, 13.08, 22.5, 95.0, 104.08, 34.92, 83.17, 9.08, 27.75, 16.08, 22.0, 12.08, 42.58, 19.33, 7.0, 3.25, 13.92, 18.42, 40.08, 83.75, 9.67, 26.33, 14.25, 20.08, 10.83, 43.75, 25.5, 8.42, 4.83, 12.08, 20.5
44, 2015-01-22, Home, SAS, W, W, 5.5, U, 196, 0, 0, 99.5, 103.0, 36.17, 85.75, 8.17, 22.42, 19.0, 24.5, 13.42, 44.58, 21.25, 7.42, 8.17, 12.42, 17.42, 40.83, 86.67, 6.33, 17.08, 15.0, 19.92, 11.92, 44.83, 24.58, 7.58, 6.08, 13.0, 22.0, 100.33, 94.75, 38.08, 84.92, 8.5, 23.58, 15.67, 20.67, 10.08, 42.08, 25.0, 8.08, 5.25, 13.25, 20.33, 35.75, 80.75, 5.67, 18.17, 17.58, 23.75, 9.92, 43.08, 20.5, 7.83, 5.17, 14.83, 19.42
45, 2015-01-23, Away, DAL, W, W, 6, U, 203, 0, 1, 101.33, 101.75, 36.42, 84.92, 8.0, 21.92, 20.5, 25.92, 13.0, 44.42, 21.0, 7.58, 7.92, 12.25, 17.25, 40.33, 86.5, 6.33, 17.67, 14.75, 19.67, 11.83, 44.25, 24.25, 7.17, 6.08, 13.17, 22.58, 104.83, 98.17, 39.5, 86.83, 9.58, 26.33, 16.25, 21.5, 9.25, 42.67, 24.17, 7.83, 4.08, 10.83, 19.75, 37.75, 86.08, 6.17, 21.75, 16.5, 22.75, 11.67, 48.58, 22.75, 6.67, 3.42, 14.75, 21.08
46, 2015-01-25, Home, MIA, L, L, -7.5, U, 184, 0, 0, 101.0, 101.5, 36.42, 83.83, 8.08, 22.0, 20.08, 25.5, 13.17, 44.5, 21.0, 7.67, 6.83, 13.42, 17.17, 40.33, 85.67, 6.42, 18.0, 14.42, 18.92, 11.17, 42.0, 24.0, 7.83, 6.17, 13.17, 21.67, 88.58, 93.08, 32.92, 73.58, 5.25, 17.0, 17.5, 23.08, 8.25, 39.92, 20.33, 6.83, 5.5, 13.92, 18.58, 35.33, 82.75, 7.92, 23.25, 14.5, 19.25, 11.33, 40.67, 19.67, 7.08, 3.67, 12.83, 20.42
47, 2015-01-27, Away, GSW, W, W, 11, O, 213.5, 0, 0, 98.92, 100.83, 35.92, 82.75, 8.17, 21.67, 18.92, 23.75, 12.33, 43.17, 20.67, 7.25, 6.92, 12.83, 17.33, 39.75, 84.33, 6.08, 17.67, 15.25, 19.92, 11.42, 42.75, 23.42, 7.58, 6.75, 12.33, 20.58, 118.83, 101.92, 44.5, 89.5, 12.0, 27.75, 17.83, 22.83, 10.67, 44.42, 30.08, 9.75, 6.0, 12.83, 19.5, 36.75, 86.58, 7.67, 23.92, 20.75, 26.25, 12.25, 44.67, 20.25, 7.83, 3.0, 15.67, 19.58
48, 2015-01-29, Away, LAL, L, L, -9.5, O, 195.5, 0, 0, 98.83, 101.33, 36.0, 83.83, 8.42, 22.67, 18.42, 23.17, 12.5, 44.33, 20.0, 6.92, 6.42, 13.17, 17.75, 39.83, 85.25, 6.17, 18.33, 15.5, 20.5, 11.33, 43.33, 23.92, 7.58, 6.25, 12.08, 19.58, 90.33, 99.17, 34.25, 81.5, 5.25, 17.83, 16.58, 22.67, 10.5, 45.08, 19.5, 6.33, 3.17, 14.0, 19.25, 36.67, 82.42, 8.75, 26.08, 17.08, 22.75, 9.42, 44.08, 21.58, 8.75, 4.92, 12.5, 18.0
49, 2015-01-30, Away, PHO, L, W, 7, U, 212.5, 0, 1, 102.25, 103.5, 37.25, 85.5, 8.42, 23.08, 19.33, 24.17, 12.58, 44.83, 20.75, 7.25, 6.5, 12.83, 17.83, 40.92, 87.58, 6.0, 17.75, 15.67, 20.58, 11.67, 43.83, 24.33, 7.33, 6.25, 11.92, 20.17, 109.33, 106.75, 42.0, 87.42, 8.33, 26.42, 17.0, 22.58, 10.17, 42.42, 21.25, 10.08, 5.0, 14.5, 21.25, 40.0, 87.17, 9.08, 23.42, 17.67, 23.83, 11.92, 44.67, 23.17, 7.58, 3.92, 16.58, 19.75
50, 2015-02-04, Away, HOU, L, L, 3, U, 205, 0, 0, 102.83, 103.25, 37.58, 85.83, 7.92, 22.42, 19.75, 24.83, 12.67, 45.08, 21.08, 7.0, 6.08, 12.42, 18.08, 40.75, 87.92, 5.83, 18.33, 15.92, 20.42, 11.58, 44.0, 23.42, 7.17, 6.08, 11.92, 20.42, 105.75, 104.17, 38.08, 84.08, 11.83, 32.5, 17.75, 23.0, 10.5, 41.08, 23.33, 10.83, 3.75, 16.17, 20.92, 39.08, 85.25, 8.0, 24.0, 18.0, 23.75, 11.75, 44.75, 21.92, 9.5, 5.67, 16.92, 19.08
51, 2015-02-07, Away, NOP, W, W, -2, U, 193.5, 1, 0, 102.42, 104.42, 37.25, 85.92, 8.25, 23.08, 19.67, 25.0, 12.33, 45.83, 20.42, 6.83, 6.08, 12.42, 18.0, 40.92, 88.83, 6.25, 19.67, 16.33, 21.0, 11.5, 44.83, 23.33, 6.92, 5.92, 11.5, 20.0, 98.25, 95.25, 37.33, 83.58, 6.75, 18.5, 16.83, 22.0, 14.0, 47.08, 21.83, 6.0, 5.33, 12.42, 17.25, 36.75, 82.75, 6.67, 20.33, 15.08, 19.75, 9.83, 38.5, 20.75, 6.58, 6.58, 10.25, 19.17
52, 2015-02-08, Away, ORL, W, L, -6.5, U, 197.5, 0, 1, 101.83, 100.33, 37.42, 85.92, 8.42, 22.67, 18.58, 23.33, 12.08, 46.0, 19.83, 6.83, 6.0, 12.17, 16.92, 39.58, 89.25, 6.0, 19.58, 15.17, 19.17, 12.33, 45.17, 22.33, 6.75, 6.17, 11.58, 19.0, 102.33, 110.83, 39.58, 84.5, 6.92, 20.42, 16.25, 21.33, 9.67, 40.92, 22.08, 8.25, 3.25, 15.5, 20.42, 42.33, 84.5, 9.33, 23.0, 16.83, 22.17, 8.92, 43.08, 28.0, 10.0, 5.42, 14.5, 18.83
53, 2015-02-10, Home, SAC, W, W, -11, U, 196.5, 0, 0, 101.75, 99.67, 37.67, 85.75, 8.0, 22.25, 18.42, 22.83, 12.0, 46.17, 20.58, 6.92, 5.67, 12.42, 16.08, 39.5, 89.67, 6.33, 20.42, 14.33, 18.17, 12.58, 45.33, 21.67, 7.17, 6.17, 11.67, 18.75, 93.83, 105.0, 34.08, 79.83, 4.75, 16.08, 20.92, 26.5, 10.0, 43.33, 17.08, 5.92, 3.58, 16.08, 20.17, 39.42, 86.25, 9.58, 27.92, 16.58, 22.17, 10.17, 41.83, 24.5, 10.0, 5.42, 12.0, 22.42
54, 2015-02-12, Home, CLE, W, W, 2, O, 197.5, 1, 0, 100.5, 98.25, 37.17, 85.0, 7.5, 21.83, 18.67, 23.08, 11.75, 45.92, 20.42, 6.58, 5.42, 12.42, 16.67, 38.92, 88.83, 6.08, 20.08, 14.33, 19.08, 12.75, 45.33, 21.17, 7.0, 6.08, 11.67, 18.67, 107.17, 94.0, 39.33, 83.0, 11.67, 31.0, 16.83, 22.92, 12.08, 47.08, 22.42, 8.08, 4.67, 13.5, 17.92, 35.25, 85.67, 7.33, 23.08, 16.17, 21.0, 13.0, 42.0, 22.17, 8.42, 4.0, 12.67, 19.92
55, 2015-02-20, Away, DET, L, L, -6, U, 193.5, 0, 0, 101.67, 97.5, 37.58, 86.0, 7.5, 21.58, 19.0, 23.58, 12.25, 46.25, 20.75, 7.0, 5.25, 12.0, 16.83, 38.67, 88.92, 5.83, 20.5, 14.33, 19.17, 12.83, 45.58, 20.25, 6.58, 5.75, 12.25, 19.0, 100.92, 101.08, 37.42, 84.17, 8.08, 24.25, 18.0, 23.42, 12.67, 43.17, 22.17, 7.33, 4.5, 13.33, 17.0, 39.25, 83.17, 8.0, 21.17, 14.58, 18.75, 10.42, 41.33, 25.0, 6.83, 5.33, 12.58, 20.08
56, 2015-02-21, Home, PHO, W, L, -8, O, 204.5, 1, 1, 101.42, 96.83, 37.83, 85.83, 7.25, 21.58, 18.5, 22.75, 12.42, 46.5, 21.08, 6.75, 5.08, 13.0, 17.42, 38.42, 88.42, 5.67, 20.83, 14.33, 19.83, 12.08, 44.58, 20.17, 7.17, 5.5, 12.08, 19.33, 101.58, 105.75, 38.58, 87.92, 8.75, 25.0, 15.67, 21.17, 11.25, 43.5, 20.42, 8.83, 4.83, 13.17, 21.33, 39.5, 85.75, 8.17, 23.0, 18.58, 25.75, 11.42, 47.08, 22.33, 7.08, 4.92, 13.5, 19.08
57, 2015-02-23, Home, MIL, W, W, -7, U, 192.5, 1, 0, 102.08, 99.0, 38.42, 86.92, 7.75, 22.0, 17.5, 21.42, 12.92, 46.58, 21.75, 6.58, 4.67, 13.58, 17.25, 39.83, 89.0, 6.0, 21.17, 13.33, 19.0, 12.0, 44.33, 20.83, 7.67, 5.25, 12.17, 18.58, 100.42, 96.58, 38.33, 81.08, 7.5, 18.5, 16.25, 20.42, 8.42, 41.42, 24.42, 10.17, 5.58, 14.33, 21.42, 35.25, 83.17, 8.08, 25.83, 18.0, 24.25, 12.5, 43.83, 21.08, 7.67, 4.33, 16.08, 19.08
58, 2015-02-25, Home, CHO, L, L, -7, U, 187.5, 0, 0, 100.83, 96.75, 37.5, 86.75, 7.67, 22.83, 18.17, 22.42, 13.17, 47.83, 21.58, 6.25, 4.83, 13.33, 17.08, 39.25, 89.58, 5.83, 21.17, 12.42, 18.58, 12.25, 45.25, 20.83, 7.42, 4.92, 12.0, 19.0, 88.75, 94.33, 33.58, 83.42, 5.0, 17.92, 16.58, 22.58, 10.08, 44.58, 21.92, 6.5, 7.42, 11.42, 19.25, 35.0, 83.83, 6.92, 19.67, 17.42, 22.08, 10.0, 47.25, 20.5, 5.67, 5.67, 12.17, 21.0
59, 2015-02-27, Home, MIN, W, W, -5, U, 193.5, 0, 0, 101.0, 96.92, 37.75, 85.92, 7.33, 22.25, 18.17, 22.75, 12.75, 47.83, 22.33, 6.33, 4.92, 13.58, 17.17, 39.33, 89.58, 6.08, 21.25, 12.17, 18.42, 12.17, 44.5, 20.58, 7.58, 4.08, 11.92, 19.25, 99.83, 100.67, 36.0, 82.08, 4.92, 14.33, 22.92, 28.0, 12.5, 45.17, 20.75, 7.75, 3.33, 15.17, 19.0, 39.0, 84.17, 7.83, 24.08, 14.83, 19.92, 12.0, 42.67, 22.17, 9.67, 6.08, 14.92, 22.0
60, 2015-03-01, Home, LAC, L, L, 2, U, 197.5, 0, 0, 99.58, 95.08, 37.33, 85.75, 7.42, 22.42, 17.5, 22.17, 13.0, 47.17, 22.75, 6.25, 4.83, 12.58, 17.67, 38.08, 86.58, 5.5, 19.67, 13.42, 20.0, 11.75, 44.25, 19.42, 7.42, 4.08, 11.75, 19.5, 106.08, 102.67, 39.92, 86.0, 8.58, 25.83, 17.67, 27.0, 11.33, 45.42, 23.17, 8.33, 5.0, 11.92, 23.17, 35.67, 82.42, 9.08, 27.58, 22.25, 29.75, 11.0, 44.92, 23.17, 6.75, 4.08, 14.0, 22.75
61, 2015-03-03, Home, WAS, W, W, 1.5, O, 187, 0, 0, 96.92, 92.83, 36.0, 84.33, 7.75, 22.5, 17.17, 22.0, 13.0, 47.33, 22.08, 5.67, 4.42, 12.58, 17.33, 37.08, 85.0, 5.83, 21.17, 12.83, 19.92, 11.33, 44.33, 18.5, 7.5, 4.42, 11.33, 19.17, 93.0, 97.58, 36.25, 83.25, 5.25, 17.75, 15.25, 19.83, 11.25, 45.25, 22.83, 6.42, 3.75, 15.42, 21.58, 35.58, 81.67, 8.58, 24.25, 17.83, 24.83, 9.92, 42.83, 20.42, 8.75, 4.25, 13.08, 18.83
62, 2015-03-05, Home, OKC, W, W, 1, O, 199, 1, 0, 97.25, 92.25, 35.75, 83.58, 8.17, 23.42, 17.58, 22.25, 12.83, 47.17, 22.08, 5.58, 4.75, 13.0, 17.17, 36.75, 84.5, 6.0, 21.17, 12.75, 20.08, 11.25, 43.42, 19.08, 7.75, 4.92, 11.17, 19.33, 113.92, 104.67, 41.83, 91.83, 7.83, 21.92, 22.42, 27.33, 13.92, 52.25, 22.42, 7.33, 6.33, 13.08, 21.58, 38.58, 90.58, 9.08, 25.67, 18.42, 24.0, 11.58, 43.92, 21.83, 7.83, 5.08, 12.67, 21.0
63, 2015-03-06, Away, IND, L, L, 6, U, 186.5, 0, 1, 98.75, 92.58, 36.5, 83.42, 8.08, 23.42, 17.67, 22.25, 12.33, 46.17, 22.92, 5.67, 4.58, 12.83, 17.0, 37.0, 84.17, 6.0, 20.58, 12.58, 19.75, 11.0, 42.92, 19.25, 7.92, 4.58, 11.42, 19.25, 100.58, 94.75, 37.83, 81.92, 7.75, 20.92, 17.17, 21.58, 8.83, 43.67, 23.17, 7.08, 4.42, 12.0, 19.25, 35.33, 84.75, 7.92, 22.67, 16.17, 20.75, 11.08, 43.58, 18.92, 7.17, 5.08, 12.75, 20.58
64, 2015-03-08, Away, SAS, L, L, 10, O, 190.5, 0, 0, 96.83, 94.75, 35.5, 83.58, 7.67, 23.5, 18.17, 22.75, 12.83, 46.08, 23.08, 5.58, 4.5, 12.83, 18.5, 37.17, 83.67, 6.17, 20.83, 14.25, 21.92, 11.25, 44.0, 19.83, 7.83, 4.42, 11.42, 20.0, 100.75, 95.67, 38.75, 85.5, 7.83, 23.75, 15.42, 19.08, 10.33, 43.58, 23.08, 8.42, 6.0, 13.25, 19.75, 36.17, 81.58, 6.92, 17.5, 16.42, 22.92, 9.0, 42.5, 20.0, 8.33, 4.25, 13.92, 18.58
65, 2015-03-09, Home, MEM, L, L, 5.5, O, 183, 0, 1, 97.42, 96.33, 35.5, 83.25, 7.42, 22.92, 19.0, 23.67, 12.83, 46.83, 22.5, 5.17, 4.92, 13.25, 19.58, 37.58, 84.25, 6.17, 20.58, 15.0, 22.83, 10.83, 43.17, 19.25, 8.33, 4.42, 10.67, 20.08, 92.17, 94.33, 35.42, 81.67, 3.67, 13.42, 17.67, 23.33, 10.0, 42.17, 20.42, 9.75, 4.5, 12.42, 17.5, 36.42, 81.75, 7.92, 22.58, 13.58, 17.25, 9.75, 43.92, 21.5, 7.42, 7.0, 14.33, 18.83
66, 2015-03-11, Away, PHI, W, W, -6.5, O, 189, 0, 0, 96.33, 97.58, 34.92, 83.25, 7.67, 23.08, 18.83, 23.58, 13.17, 47.75, 21.83, 5.08, 4.83, 13.92, 18.92, 38.17, 85.0, 6.42, 20.75, 14.83, 22.0, 10.33, 42.75, 19.42, 9.17, 4.58, 10.5, 19.83, 93.42, 98.92, 33.5, 82.92, 10.33, 28.58, 16.08, 23.83, 11.67, 45.83, 21.33, 9.42, 5.58, 17.67, 21.42, 36.67, 83.67, 7.08, 21.08, 18.5, 23.92, 9.75, 44.83, 22.42, 9.58, 5.33, 14.92, 19.83
67, 2015-03-13, Away, CHO, L, L, -1, O, 188.5, 0, 0, 95.58, 97.33, 34.75, 82.83, 7.75, 23.17, 18.33, 23.08, 12.75, 48.67, 21.42, 4.75, 4.75, 14.75, 18.33, 38.08, 86.58, 6.67, 21.58, 14.5, 22.25, 10.92, 43.75, 19.08, 9.75, 4.75, 10.0, 19.17, 96.75, 98.33, 37.25, 84.0, 6.5, 19.08, 15.75, 20.58, 9.25, 44.42, 23.25, 6.17, 6.0, 12.25, 18.25, 37.83, 86.5, 5.58, 18.75, 17.08, 21.08, 9.92, 44.58, 21.08, 6.92, 4.75, 10.67, 18.67
68, 2015-03-15, Away, OKC, L, L, 7, O, 204, 0, 0, 95.58, 97.42, 34.58, 83.17, 8.58, 24.5, 17.83, 22.83, 12.0, 48.08, 21.58, 4.92, 4.67, 13.92, 18.5, 37.67, 87.0, 6.75, 21.33, 15.33, 22.25, 11.42, 44.83, 18.75, 9.08, 5.25, 10.17, 18.67, 110.67, 105.0, 41.33, 92.42, 8.0, 22.08, 20.0, 24.67, 14.33, 51.75, 22.75, 7.25, 5.75, 14.25, 21.17, 38.17, 90.0, 9.25, 25.83, 19.42, 24.58, 12.08, 44.42, 22.25, 8.42, 5.17, 12.42, 19.92
69, 2015-03-18, Home, IND, W, W, -1, U, 189.5, 0, 0, 94.58, 97.58, 34.08, 82.67, 8.33, 24.92, 18.08, 23.5, 11.58, 46.92, 21.0, 4.92, 4.67, 13.42, 19.33, 37.08, 86.92, 6.58, 21.0, 16.83, 24.08, 12.17, 46.17, 18.0, 8.58, 5.42, 10.42, 19.33, 99.83, 92.42, 37.08, 83.0, 7.83, 21.75, 17.83, 23.08, 9.25, 45.83, 22.33, 7.0, 4.83, 12.25, 21.33, 33.67, 86.08, 6.83, 22.0, 18.25, 23.5, 12.67, 47.17, 18.17, 7.17, 5.5, 13.0, 22.25
70, 2015-03-20, Home, TOR, W, W, -1.5, O, 198, 0, 0, 95.92, 98.83, 34.67, 83.17, 8.5, 24.75, 18.08, 23.17, 10.83, 46.08, 21.17, 5.08, 4.42, 12.92, 19.92, 37.25, 86.25, 6.75, 21.08, 17.58, 24.75, 11.58, 45.92, 18.0, 8.08, 5.75, 10.33, 19.5, 102.58, 105.75, 37.83, 83.75, 9.08, 25.25, 17.83, 22.0, 9.17, 39.58, 20.83, 6.92, 4.0, 11.92, 21.0, 39.75, 82.42, 8.25, 22.42, 18.0, 23.58, 9.25, 42.83, 24.83, 7.67, 4.92, 13.5, 17.83
71, 2015-03-21, Away, DET, L, L, -3, O, 192.5, 0, 1, 97.75, 98.33, 35.33, 83.33, 9.0, 25.67, 18.08, 22.67, 11.17, 46.42, 21.83, 4.92, 4.08, 12.92, 20.25, 36.5, 85.83, 7.25, 22.0, 18.08, 25.17, 11.58, 45.17, 18.33, 7.92, 5.83, 10.08, 19.58, 94.75, 101.17, 36.58, 89.17, 6.92, 24.33, 14.67, 20.67, 14.08, 45.33, 20.42, 7.17, 5.0, 12.92, 19.42, 38.17, 83.0, 7.42, 20.42, 17.42, 21.5, 10.5, 45.08, 24.5, 7.67, 5.67, 13.5, 18.92
72, 2015-03-23, Home, CHO, W, W, -7, U, 191.5, 1, 0, 97.33, 99.83, 35.0, 81.75, 8.75, 24.83, 18.58, 23.33, 10.0, 45.75, 21.67, 4.67, 3.75, 13.08, 19.17, 37.42, 86.92, 8.0, 23.0, 17.0, 23.42, 11.25, 45.08, 19.25, 8.08, 6.17, 9.5, 19.75, 96.83, 96.92, 36.5, 83.67, 5.92, 17.92, 17.92, 22.83, 9.08, 43.83, 21.33, 5.92, 5.17, 11.67, 17.42, 36.83, 83.17, 7.25, 19.17, 16.0, 20.58, 8.33, 42.5, 20.75, 5.83, 3.5, 11.67, 20.17
73, 2015-03-25, Away, TOR, W, W, -3, O, 197, 1, 0, 98.33, 99.0, 35.83, 81.33, 8.17, 24.0, 18.5, 23.25, 9.08, 45.33, 21.92, 4.92, 4.25, 12.67, 19.42, 36.58, 86.42, 8.08, 22.42, 17.75, 23.75, 11.08, 44.75, 18.92, 7.75, 5.83, 9.67, 19.92, 104.5, 104.92, 37.92, 82.67, 9.08, 23.75, 19.58, 23.42, 9.75, 39.92, 21.92, 6.0, 3.83, 10.67, 20.08, 40.08, 83.67, 8.33, 23.25, 16.42, 22.08, 10.92, 42.5, 25.92, 6.5, 4.92, 12.5, 18.58
74, 2015-03-28, Home, NYK, W, W, -17.5, O, 190.5, 1, 0, 99.92, 99.92, 36.83, 81.0, 8.42, 23.5, 17.83, 22.17, 8.42, 44.0, 22.42, 4.83, 4.17, 12.0, 19.42, 36.92, 86.33, 8.17, 22.33, 17.92, 23.75, 11.08, 44.42, 18.33, 7.42, 5.0, 9.33, 19.33, 88.67, 101.83, 33.83, 82.17, 6.0, 18.08, 15.0, 20.25, 9.67, 40.25, 21.25, 6.83, 6.17, 13.83, 20.17, 37.67, 82.17, 7.17, 19.92, 19.33, 25.25, 10.5, 44.92, 21.5, 8.0, 4.25, 12.17, 18.67
75, 2015-04-01, Away, MIL, L, L, -5, U, 191.5, 0, 0, 100.17, 97.83, 37.08, 80.75, 8.33, 22.83, 17.67, 21.83, 8.42, 44.25, 22.58, 5.17, 4.33, 12.17, 19.5, 36.0, 85.58, 7.83, 22.08, 18.0, 23.75, 11.17, 43.92, 18.5, 7.33, 5.25, 9.67, 19.33, 97.75, 104.17, 36.75, 83.33, 5.17, 16.33, 19.08, 25.33, 13.08, 44.75, 23.25, 8.42, 5.58, 15.83, 22.67, 37.5, 81.17, 9.92, 22.75, 19.25, 24.25, 9.17, 40.5, 24.33, 8.83, 4.83, 15.33, 21.58
76, 2015-04-03, Home, DET, W, L, -9.5, U, 196.5, 0, 0, 100.75, 97.58, 37.08, 79.75, 8.33, 23.08, 18.25, 23.33, 8.25, 43.92, 22.42, 5.67, 4.33, 12.92, 19.17, 36.25, 86.33, 8.0, 22.17, 17.08, 22.5, 11.58, 43.67, 17.83, 7.67, 5.33, 10.25, 19.83, 98.83, 99.58, 38.33, 88.33, 8.5, 24.5, 13.67, 19.58, 13.17, 43.92, 23.08, 6.92, 5.17, 10.17, 17.67, 38.33, 82.67, 7.75, 20.92, 15.17, 19.17, 11.25, 45.42, 24.08, 6.0, 4.0, 13.42, 17.33
77, 2015-04-05, Away, CLE, L, W, 8, U, 194, 0, 0, 99.33, 94.75, 36.75, 80.75, 8.25, 23.25, 17.58, 22.67, 9.25, 43.92, 22.25, 5.92, 4.25, 12.08, 18.42, 35.25, 85.0, 7.75, 21.92, 16.5, 21.75, 11.83, 44.25, 17.83, 7.17, 6.0, 11.17, 19.67, 107.42, 96.25, 39.08, 82.17, 12.42, 29.5, 16.83, 21.75, 10.08, 42.33, 22.33, 8.0, 3.83, 13.83, 18.42, 37.42, 81.67, 6.75, 20.67, 14.67, 20.17, 10.08, 40.58, 21.83, 7.67, 4.17, 13.42, 19.5
78, 2015-04-08, Away, ORL, L, L, -7.5, O, 191, 0, 0, 99.58, 94.58, 36.67, 80.42, 8.33, 23.67, 17.92, 23.25, 9.25, 44.0, 23.08, 5.92, 4.25, 12.17, 19.17, 34.67, 84.92, 8.67, 23.83, 16.58, 22.17, 12.08, 44.25, 17.75, 6.83, 5.92, 11.08, 20.08, 96.58, 102.92, 38.83, 86.58, 6.17, 18.83, 12.75, 17.25, 12.67, 44.0, 23.33, 8.75, 4.0, 14.58, 19.75, 38.58, 82.33, 9.58, 24.5, 16.17, 22.08, 10.42, 43.5, 23.08, 7.92, 5.5, 14.58, 16.92
79, 2015-04-09, Away, MIA, W, W, 2, U, 192.5, 0, 1, 99.5, 95.42, 36.17, 79.75, 8.5, 23.83, 18.67, 24.17, 9.58, 42.58, 23.17, 6.17, 4.42, 11.92, 19.17, 34.83, 83.08, 8.42, 22.33, 17.33, 22.08, 11.75, 43.33, 18.17, 6.5, 5.75, 11.5, 20.42, 94.0, 98.67, 36.42, 79.92, 6.17, 19.25, 15.0, 19.92, 9.67, 38.67, 19.0, 7.25, 5.25, 14.75, 20.0, 37.33, 80.33, 8.33, 23.08, 15.67, 22.92, 12.75, 43.0, 21.92, 8.42, 5.5, 15.0, 20.17
80, 2015-04-11, Home, PHI, W, L, -15.5, O, 195, 0, 0, 99.33, 93.5, 36.5, 80.5, 7.75, 23.08, 18.58, 24.0, 10.5, 43.83, 23.08, 6.67, 4.08, 12.0, 18.0, 34.92, 83.0, 8.25, 22.25, 15.42, 19.92, 11.42, 42.58, 18.08, 6.33, 5.75, 11.67, 20.42, 95.25, 99.5, 35.17, 87.25, 10.75, 29.67, 14.17, 21.83, 13.08, 42.08, 19.75, 9.42, 5.92, 12.92, 22.67, 36.42, 81.17, 6.92, 19.25, 19.75, 25.67, 12.67, 48.17, 22.17, 6.75, 6.83, 15.33, 19.83
81, 2015-04-13, Away, BRK, W, W, -2, O, 198.5, 1, 0, 100.5, 93.33, 36.75, 81.08, 7.75, 22.83, 19.25, 25.0, 10.83, 45.08, 23.08, 6.92, 4.25, 11.92, 17.67, 34.67, 83.17, 8.67, 23.92, 15.33, 19.5, 11.17, 42.17, 18.33, 6.42, 5.67, 11.58, 20.92, 102.17, 102.08, 39.42, 86.0, 6.83, 19.42, 16.5, 21.17, 11.08, 43.92, 23.58, 7.67, 4.0, 11.17, 16.83, 40.17, 85.0, 8.67, 23.0, 13.08, 17.42, 9.5, 43.25, 25.17, 7.33, 4.33, 12.75, 18.75
82, 2015-04-15, Home, ATL, W, W, -5.5, U, 198, 0, 0, 101.33, 93.33, 37.58, 81.58, 7.92, 23.33, 18.25, 24.08, 10.83, 44.58, 23.42, 7.0, 4.58, 11.5, 17.25, 34.67, 83.67, 8.42, 23.33, 15.58, 19.58, 11.75, 42.5, 18.0, 6.33, 5.25, 11.67, 20.17, 103.08, 97.5, 39.67, 83.25, 10.17, 27.67, 13.58, 17.5, 8.92, 40.0, 28.42, 9.83, 3.58, 12.92, 17.0, 37.08, 81.25, 8.25, 23.75, 15.08, 19.83, 10.83, 42.0, 24.17, 7.08, 4.58, 14.83, 16.42
