20, 2014-12-05, Away, DAL, W, W, 5.5, O, 216, 0, 0, 105.11, 103.11, 38.95, 85.58, 9.47, 26.0, 17.74, 21.68, 10.11, 42.42, 20.47, 7.84, 4.21, 14.68, 23.42, 37.16, 82.63, 6.79, 19.74, 22.0, 28.42, 11.11, 44.74, 19.63, 8.21, 4.11, 16.0, 21.89, 110.68, 101.79, 41.47, 86.89, 9.47, 27.68, 18.26, 23.89, 11.47, 42.63, 24.74, 7.74, 5.79, 11.26, 20.95, 37.16, 83.26, 9.84, 25.11, 17.63, 24.05, 12.95, 44.89, 22.84, 6.16, 3.26, 16.95, 23.53
21, 2014-12-06, Away, HOU, L, L, -2, U, 207.5, 1, 1, 105.05, 103.47, 38.95, 85.47, 9.32, 25.68, 17.84, 21.63, 10.0, 42.47, 20.68, 7.84, 4.21, 14.63, 23.42, 37.32, 82.74, 6.79, 20.05, 22.05, 28.68, 11.32, 45.05, 19.26, 8.0, 4.0, 15.89, 21.79, 98.79, 94.0, 34.32, 79.89, 12.05, 34.26, 18.11, 25.47, 12.11, 43.37, 20.11, 9.05, 5.21, 16.79, 23.84, 35.05, 81.68, 5.58, 20.0, 18.32, 24.05, 11.42, 41.47, 19.89, 8.58, 5.53, 15.0, 21.37
22, 2014-12-08, Away, LAC, L, W, 7.5, O, 216, 0, 0, 105.11, 104.05, 38.89, 85.79, 9.58, 26.21, 17.74, 21.63, 10.21, 41.95, 20.74, 8.47, 4.37, 14.89, 23.37, 37.37, 82.89, 6.95, 20.16, 22.37, 29.11, 12.05, 45.68, 19.05, 8.21, 4.21, 16.42, 21.68, 106.37, 98.53, 38.74, 79.68, 10.47, 26.79, 18.42, 24.11, 7.16, 38.89, 24.58, 7.21, 4.89, 11.74, 21.63, 35.42, 78.79, 7.42, 22.84, 20.26, 26.74, 9.11, 40.74, 22.11, 6.47, 3.26, 13.84, 22.16
23, 2014-12-09, Home, MIA, L, L, -4.5, U, 202.5, 0, 1, 106.63, 104.21, 39.32, 86.0, 10.05, 26.53, 17.95, 21.89, 10.26, 42.42, 21.53, 8.53, 4.16, 15.16, 23.68, 37.47, 83.32, 7.05, 20.42, 22.21, 28.95, 11.89, 45.32, 19.47, 8.05, 4.16, 16.32, 22.05, 94.42, 98.84, 34.0, 73.16, 8.21, 22.11, 18.21, 25.11, 7.37, 34.74, 20.63, 8.63, 3.32, 13.74, 20.53, 36.74, 76.32, 8.26, 22.47, 17.11, 23.42, 9.74, 40.42, 21.05, 8.05, 4.21, 14.32, 21.26
24, 2014-12-12, Home, DET, L, L, -9.5, O, 205, 0, 0, 105.84, 104.05, 39.11, 85.26, 10.63, 27.42, 17.0, 20.74, 10.11, 41.63, 21.32, 8.58, 4.05, 15.63, 23.21, 37.89, 82.89, 7.21, 20.47, 21.05, 27.42, 11.42, 44.53, 19.95, 8.42, 3.95, 16.26, 21.47, 93.79, 100.05, 34.47, 85.21, 8.05, 23.21, 16.79, 24.05, 12.84, 44.84, 19.79, 6.84, 4.32, 13.32, 19.37, 37.95, 83.26, 8.26, 21.79, 15.89, 20.79, 10.58, 45.53, 24.05, 7.68, 5.58, 13.21, 20.79
25, 2014-12-14, Away, OKC, L, L, 7.5, U, 211, 0, 0, 106.47, 104.21, 39.47, 86.0, 10.74, 27.95, 16.79, 20.63, 10.37, 41.74, 21.47, 8.58, 4.11, 15.58, 23.42, 37.89, 83.11, 6.95, 20.37, 21.47, 27.95, 11.68, 45.05, 19.53, 8.47, 4.05, 16.37, 21.32, 95.32, 92.74, 35.95, 82.16, 7.42, 22.89, 16.0, 21.68, 11.74, 45.21, 19.53, 6.63, 6.21, 14.47, 24.16, 33.58, 80.95, 6.53, 23.11, 19.05, 26.58, 11.84, 42.58, 20.68, 7.37, 4.68, 12.95, 20.05
26, 2014-12-15, Home, MIL, L, L, -5.5, U, 209.5, 0, 1, 105.21, 104.11, 39.05, 86.05, 10.58, 27.95, 16.53, 20.26, 10.63, 41.63, 21.58, 8.79, 3.89, 15.47, 22.84, 37.89, 82.53, 7.0, 20.47, 21.32, 27.68, 11.74, 45.21, 19.74, 8.53, 4.11, 16.53, 20.89, 100.74, 102.32, 38.21, 81.47, 6.16, 18.21, 18.16, 23.21, 10.84, 40.37, 22.63, 8.84, 3.74, 15.53, 22.32, 37.95, 82.47, 8.74, 23.53, 17.68, 24.79, 11.63, 41.37, 22.68, 8.63, 4.84, 15.84, 21.32
27, 2014-12-17, Away, CHO, W, W, -2.5, O, 201.5, 0, 0, 104.53, 104.16, 38.84, 85.84, 10.58, 28.37, 16.26, 19.95, 11.0, 41.79, 21.58, 8.95, 4.05, 15.42, 23.11, 38.0, 82.74, 6.84, 20.05, 21.32, 27.74, 11.84, 45.05, 20.11, 8.58, 3.79, 16.26, 20.95, 94.95, 103.84, 36.79, 85.68, 5.53, 17.89, 15.84, 21.63, 9.16, 40.95, 20.11, 4.68, 4.53, 9.68, 18.89, 39.68, 83.74, 9.32, 23.84, 15.16, 19.63, 8.26, 44.42, 24.58, 5.37, 4.26, 11.74, 20.95
28, 2014-12-20, Away, NYK, W, W, -6, U, 199.5, 0, 0, 104.47, 104.26, 39.05, 85.89, 10.63, 28.42, 15.74, 19.53, 10.79, 41.74, 21.68, 8.63, 4.32, 14.79, 22.74, 38.26, 83.37, 6.89, 20.21, 20.84, 27.21, 11.84, 44.95, 20.37, 8.42, 3.74, 15.58, 20.47, 94.79, 100.42, 36.47, 79.47, 7.21, 19.84, 14.63, 18.47, 10.11, 38.63, 20.37, 7.95, 3.79, 14.95, 22.32, 36.74, 80.47, 8.84, 23.79, 18.11, 24.16, 12.42, 41.37, 22.26, 8.53, 3.42, 14.37, 19.53
29, 2014-12-21, Away, WAS, W, W, 5.5, U, 205.5, 0, 1, 104.68, 103.58, 38.95, 85.47, 10.74, 28.21, 16.05, 20.0, 10.84, 41.63, 21.63, 9.0, 4.16, 14.95, 22.16, 38.05, 83.21, 6.89, 20.53, 20.58, 27.05, 12.0, 44.89, 20.16, 8.74, 3.79, 15.95, 20.79, 102.26, 96.74, 40.05, 83.53, 6.37, 15.79, 15.79, 21.32, 11.42, 44.37, 26.53, 7.53, 5.68, 14.16, 21.63, 35.0, 81.0, 6.95, 20.32, 19.79, 26.16, 9.47, 39.89, 16.74, 8.63, 4.53, 13.89, 20.68
30, 2014-12-23, Home, DAL, W, W, -1.5, O, 216.5, 1, 0, 104.53, 102.11, 39.05, 84.37, 10.47, 27.53, 15.95, 20.11, 10.63, 41.74, 20.95, 8.68, 4.42, 15.32, 21.84, 37.95, 84.0, 6.32, 19.74, 19.89, 26.32, 12.58, 44.63, 19.47, 9.05, 3.37, 15.47, 20.63, 109.42, 103.79, 40.79, 86.68, 10.16, 28.37, 17.68, 23.58, 11.79, 43.32, 23.26, 8.21, 4.74, 12.32, 19.89, 38.53, 84.37, 9.0, 23.11, 17.74, 23.11, 11.53, 43.74, 21.89, 6.95, 3.42, 14.68, 22.32
31, 2014-12-26, Away, SAC, W, W, -5, O, 212.5, 0, 0, 104.84, 102.16, 38.84, 84.58, 10.68, 28.16, 16.47, 20.95, 10.95, 41.95, 20.95, 8.74, 4.47, 15.0, 22.0, 37.74, 84.05, 6.58, 20.53, 20.11, 26.21, 12.74, 44.89, 19.16, 8.74, 3.21, 15.58, 21.05, 100.21, 102.53, 36.63, 78.84, 5.11, 14.89, 21.84, 29.11, 10.68, 43.89, 21.05, 5.42, 3.79, 15.53, 20.95, 38.21, 85.42, 7.84, 23.58, 18.26, 24.32, 10.74, 39.0, 22.68, 8.37, 5.58, 10.89, 24.68
32, 2014-12-28, Away, LAL, W, W, -5, O, 216.5, 0, 0, 106.26, 103.21, 39.32, 85.58, 11.21, 29.11, 16.42, 20.89, 11.53, 42.21, 21.16, 8.53, 4.84, 14.84, 21.74, 38.16, 84.37, 6.58, 20.26, 20.32, 26.47, 12.89, 45.16, 19.0, 8.68, 3.26, 15.47, 21.0, 101.79, 107.32, 38.16, 89.05, 8.0, 21.89, 17.47, 23.32, 12.26, 43.89, 20.74, 7.63, 5.42, 11.47, 20.95, 39.89, 85.05, 8.74, 23.53, 18.79, 25.89, 11.16, 46.58, 24.53, 6.16, 4.21, 14.0, 19.74
33, 2014-12-30, Away, NOP, L, L, 2, O, 213, 0, 0, 105.95, 103.79, 39.32, 85.63, 11.0, 28.63, 16.32, 20.95, 11.37, 42.16, 21.16, 8.58, 5.11, 14.79, 21.21, 38.47, 84.53, 7.0, 20.11, 19.84, 25.79, 12.58, 44.95, 19.21, 8.58, 3.53, 15.47, 20.79, 100.37, 102.79, 38.74, 85.32, 5.89, 18.74, 17.0, 22.26, 12.16, 43.21, 21.11, 7.37, 5.74, 12.21, 17.84, 39.79, 83.11, 7.26, 19.68, 15.95, 20.68, 9.79, 41.05, 21.32, 7.16, 6.47, 12.58, 18.79
34, 2014-12-31, Away, OKC, L, W, 8, O, 213, 0, 1, 105.95, 105.21, 39.47, 85.68, 10.84, 28.11, 16.16, 20.89, 11.26, 41.47, 21.16, 8.42, 5.21, 14.47, 21.32, 39.05, 84.37, 7.05, 19.84, 20.05, 26.26, 12.47, 45.05, 19.26, 8.32, 3.37, 15.26, 20.68, 103.63, 96.58, 39.37, 85.53, 6.84, 21.32, 18.05, 24.21, 12.95, 48.58, 20.0, 7.53, 6.63, 14.21, 23.11, 35.58, 84.16, 6.89, 22.79, 18.53, 24.84, 10.89, 41.32, 22.74, 7.74, 4.79, 13.42, 19.89
35, 2015-01-02, Home, PHI, W, W, -13.5, U, 208.5, 0, 0, 107.74, 106.95, 39.84, 86.0, 10.79, 27.79, 17.26, 22.16, 11.05, 41.32, 20.89, 8.47, 5.21, 14.11, 21.79, 39.26, 85.26, 7.42, 20.79, 21.0, 27.16, 13.05, 45.74, 19.32, 8.16, 3.42, 15.26, 21.05, 91.74, 102.42, 33.58, 80.84, 6.74, 23.32, 17.84, 25.79, 11.84, 43.21, 19.68, 10.37, 5.63, 18.47, 21.42, 37.74, 83.84, 8.42, 25.58, 18.53, 24.16, 11.63, 45.89, 24.32, 10.79, 5.26, 16.26, 20.89
36, 2015-01-04, Home, TOR, W, W, -1, O, 216.5, 0, 0, 107.32, 106.11, 39.68, 85.79, 10.84, 28.16, 17.11, 21.89, 11.05, 41.68, 20.74, 8.47, 5.42, 14.26, 21.89, 39.16, 85.11, 7.37, 20.84, 20.42, 26.68, 12.84, 45.42, 19.37, 8.26, 3.58, 15.21, 20.68, 109.0, 105.26, 40.84, 87.26, 10.05, 27.05, 17.26, 22.47, 12.37, 42.63, 21.95, 6.63, 3.74, 11.37, 21.42, 39.37, 84.79, 8.37, 23.05, 18.16, 23.42, 11.79, 41.63, 23.89, 5.32, 5.95, 12.68, 20.26
37, 2015-01-06, Away, MIL, W, W, -4.5, U, 209, 0, 0, 108.79, 105.42, 40.47, 86.0, 10.84, 28.16, 17.0, 21.84, 11.0, 42.05, 21.37, 9.05, 5.26, 14.32, 22.0, 39.0, 84.84, 7.42, 21.11, 20.0, 26.32, 12.47, 44.63, 19.47, 8.21, 3.63, 15.32, 20.53, 101.32, 99.42, 38.32, 79.84, 7.84, 20.0, 16.84, 21.53, 8.84, 39.89, 23.84, 8.58, 4.32, 16.37, 22.16, 36.42, 81.58, 8.53, 25.42, 18.05, 24.26, 11.0, 41.79, 23.0, 8.58, 4.47, 15.53, 20.0
38, 2015-01-07, Away, MIN, W, L, -8, O, 216, 0, 1, 109.42, 105.58, 40.63, 85.79, 10.84, 28.11, 17.32, 22.32, 11.05, 42.21, 21.21, 9.16, 5.42, 14.32, 21.89, 39.11, 85.47, 7.32, 21.37, 20.05, 26.16, 12.63, 44.47, 19.89, 8.26, 3.74, 15.05, 20.47, 96.26, 107.16, 36.95, 86.32, 4.37, 14.0, 18.0, 25.42, 12.68, 41.37, 22.74, 9.37, 4.79, 13.74, 19.95, 40.42, 83.26, 8.26, 23.11, 18.05, 23.16, 11.53, 45.26, 24.11, 8.21, 6.47, 15.63, 21.42
39, 2015-01-09, Away, SAS, L, P, 5, U, 212, 0, 0, 109.26, 106.21, 40.79, 86.32, 10.47, 28.16, 17.21, 21.95, 11.32, 42.05, 20.89, 9.21, 5.58, 14.37, 21.95, 39.26, 85.84, 7.47, 21.58, 20.21, 26.26, 13.05, 44.74, 20.42, 8.26, 3.74, 15.05, 20.11, 104.11, 103.58, 39.63, 84.05, 8.26, 21.74, 16.58, 22.68, 10.58, 43.63, 24.47, 7.0, 5.68, 14.53, 20.05, 39.21, 86.21, 7.79, 20.37, 17.37, 22.89, 11.11, 43.95, 21.26, 8.63, 4.05, 13.47, 21.37
40, 2015-01-11, Away, MEM, L, L, 3.5, O, 209, 0, 0, 108.05, 105.89, 40.37, 86.47, 10.16, 28.16, 17.16, 22.16, 11.42, 42.42, 20.68, 9.47, 5.74, 14.68, 21.68, 39.16, 85.89, 7.84, 21.79, 19.74, 25.63, 12.58, 44.53, 21.21, 8.63, 3.79, 15.26, 20.32, 101.95, 102.58, 39.58, 85.21, 5.84, 16.63, 16.95, 21.95, 10.0, 41.74, 23.26, 8.16, 4.89, 12.26, 19.21, 38.53, 82.95, 9.74, 24.21, 15.79, 21.37, 10.89, 44.0, 21.95, 7.21, 6.53, 14.11, 20.16
41, 2015-01-13, Home, CLE, W, W, -4.5, U, 212.5, 0, 0, 108.84, 107.05, 40.79, 86.84, 10.21, 28.53, 17.05, 22.0, 11.05, 42.74, 20.89, 9.47, 5.68, 15.11, 22.05, 39.95, 86.89, 7.74, 21.47, 19.42, 25.26, 12.16, 44.37, 21.63, 8.63, 3.84, 15.37, 20.42, 96.16, 101.74, 35.53, 82.21, 8.53, 25.95, 16.58, 22.0, 10.89, 40.58, 21.84, 6.63, 3.95, 12.63, 17.32, 40.05, 83.05, 8.84, 24.16, 12.79, 17.21, 9.74, 42.32, 25.42, 7.79, 5.84, 12.21, 20.42
42, 2015-01-16, Home, MIN, W, L, -13.5, U, 216.5, 0, 0, 108.16, 105.95, 40.58, 86.05, 9.74, 27.63, 17.26, 22.37, 11.16, 42.26, 20.42, 9.53, 5.63, 14.84, 21.63, 39.53, 86.16, 7.95, 21.68, 18.95, 24.74, 12.47, 44.21, 21.05, 8.63, 3.63, 15.79, 20.37, 97.05, 106.47, 36.95, 85.58, 5.21, 15.37, 17.95, 24.21, 12.74, 41.05, 22.79, 9.26, 4.58, 14.26, 18.63, 41.21, 83.74, 7.58, 21.21, 16.47, 21.16, 11.42, 43.74, 23.63, 9.11, 6.11, 15.16, 20.95
43, 2015-01-19, Home, LAL, W, W, -10.5, P, 215, 0, 0, 108.84, 105.74, 41.16, 86.58, 9.11, 26.58, 17.42, 22.47, 11.42, 42.74, 20.11, 9.42, 5.63, 14.53, 21.42, 39.47, 86.74, 7.89, 21.95, 18.89, 24.74, 12.68, 44.32, 21.11, 8.21, 3.58, 15.74, 20.37, 98.16, 102.32, 36.63, 84.37, 7.95, 21.16, 16.95, 22.68, 10.74, 44.26, 21.11, 7.37, 4.58, 12.84, 20.21, 38.16, 84.21, 8.42, 23.21, 17.58, 23.89, 10.74, 44.32, 22.32, 7.68, 5.0, 12.68, 18.37
44, 2015-01-21, Home, POR, W, L, -7.5, O, 211.5, 0, 0, 109.47, 105.47, 41.37, 86.74, 9.26, 26.63, 17.47, 22.63, 11.42, 42.95, 20.47, 9.68, 5.74, 14.42, 21.32, 39.16, 86.26, 8.11, 22.05, 19.05, 25.16, 12.68, 44.26, 21.47, 8.11, 3.58, 16.0, 20.47, 104.0, 97.79, 39.05, 88.0, 10.79, 29.0, 15.11, 19.05, 10.16, 45.0, 21.74, 7.63, 4.63, 13.53, 19.58, 37.47, 87.11, 5.95, 19.21, 16.89, 22.21, 11.53, 47.0, 19.58, 8.0, 3.42, 13.42, 19.32
45, 2015-01-23, Home, HOU, L, L, -2.5, O, 220.5, 0, 0, 111.05, 105.53, 42.05, 86.37, 9.37, 26.42, 17.58, 22.95, 11.26, 43.47, 20.63, 9.68, 5.63, 14.58, 21.26, 39.16, 86.63, 8.58, 22.79, 18.63, 24.84, 12.47, 43.26, 21.53, 8.16, 3.53, 15.79, 20.42, 106.16, 102.95, 38.74, 85.05, 11.95, 32.63, 16.74, 23.05, 12.0, 41.79, 23.21, 10.84, 3.58, 16.89, 21.58, 38.26, 82.37, 7.84, 22.95, 18.58, 23.26, 10.47, 41.11, 22.53, 9.79, 5.95, 17.05, 19.26
46, 2015-01-25, Home, LAC, L, L, 2.5, U, 223, 0, 0, 111.95, 106.42, 42.68, 87.21, 9.26, 26.0, 17.32, 22.79, 11.11, 43.58, 20.84, 9.26, 5.68, 14.16, 21.21, 39.63, 87.21, 8.68, 23.37, 18.47, 24.74, 12.53, 43.68, 21.58, 8.0, 3.79, 15.42, 20.11, 107.68, 100.53, 39.21, 84.0, 10.05, 26.68, 19.21, 26.53, 10.05, 43.11, 25.58, 8.21, 5.05, 11.26, 19.21, 37.84, 83.63, 8.47, 24.0, 16.37, 23.32, 11.32, 43.74, 24.95, 6.84, 2.26, 13.79, 21.05
47, 2015-01-28, Home, WAS, W, W, -6.5, U, 211, 1, 0, 111.37, 107.16, 42.21, 87.11, 9.32, 26.21, 17.63, 23.11, 10.95, 42.95, 20.89, 9.32, 5.74, 14.32, 21.74, 39.79, 87.26, 8.68, 23.32, 18.89, 25.47, 12.84, 44.47, 21.89, 8.05, 3.89, 15.68, 20.32, 99.05, 98.05, 39.32, 81.05, 5.74, 15.95, 14.68, 19.74, 9.53, 44.58, 24.47, 6.89, 4.32, 15.0, 19.74, 37.11, 85.05, 8.11, 23.42, 15.74, 21.21, 9.16, 39.37, 20.68, 8.53, 3.53, 11.79, 18.42
48, 2015-01-30, Home, CHI, W, L, -7, U, 212.5, 1, 0, 111.74, 107.58, 42.47, 87.63, 9.37, 26.42, 17.42, 22.84, 10.68, 42.84, 21.32, 9.32, 5.68, 14.05, 21.95, 39.89, 87.26, 8.74, 23.11, 19.05, 25.84, 12.74, 44.74, 21.68, 7.58, 3.84, 15.63, 20.05, 100.74, 101.84, 36.53, 86.58, 7.63, 21.84, 20.05, 25.0, 13.84, 45.89, 20.63, 7.37, 7.68, 12.84, 17.42, 40.53, 88.26, 5.79, 17.16, 15.0, 19.58, 11.79, 44.42, 23.16, 7.42, 6.58, 12.84, 21.32
49, 2015-01-31, Away, GSW, L, L, 10.5, U, 225, 1, 1, 111.47, 107.63, 42.42, 88.26, 9.37, 26.68, 17.26, 22.42, 10.63, 43.11, 21.47, 9.53, 5.53, 13.84, 21.79, 40.0, 87.47, 8.79, 23.32, 18.84, 25.74, 12.58, 45.11, 22.16, 7.32, 3.79, 15.63, 19.79, 115.37, 102.74, 43.58, 89.37, 11.11, 27.79, 17.11, 22.21, 10.53, 43.95, 29.63, 10.42, 5.53, 13.53, 19.32, 37.63, 87.37, 8.0, 23.95, 19.47, 26.0, 13.0, 46.21, 21.32, 8.26, 3.89, 16.47, 18.89
50, 2015-02-02, Home, MEM, L, W, 2.5, U, 204, 0, 0, 109.53, 107.16, 41.84, 87.95, 9.16, 26.32, 16.68, 21.63, 10.68, 43.53, 21.05, 9.42, 5.63, 14.26, 21.32, 39.95, 87.42, 8.95, 23.68, 18.32, 25.16, 12.32, 44.84, 22.42, 7.68, 4.16, 15.37, 19.42, 100.32, 94.68, 38.32, 83.21, 5.42, 16.21, 18.26, 23.68, 10.79, 44.32, 22.11, 8.63, 4.89, 13.74, 19.11, 35.37, 81.05, 8.0, 24.37, 15.95, 20.95, 10.37, 42.37, 19.47, 7.53, 4.89, 15.37, 21.21
51, 2015-02-05, Away, POR, L, L, 5, U, 211.5, 0, 0, 108.79, 106.95, 41.63, 87.42, 8.74, 25.42, 16.79, 21.95, 10.42, 43.11, 20.68, 9.74, 5.37, 14.37, 21.74, 39.68, 86.89, 8.74, 23.21, 18.84, 25.68, 12.21, 44.74, 22.47, 7.89, 4.26, 15.47, 19.53, 100.26, 97.79, 37.0, 86.0, 11.0, 30.58, 15.26, 19.26, 10.0, 43.89, 21.26, 7.42, 4.79, 13.05, 17.95, 37.74, 85.63, 6.79, 20.26, 15.53, 20.95, 10.68, 46.53, 20.68, 8.21, 3.53, 12.84, 18.58
52, 2015-02-06, Home, UTA, W, W, -5.5, U, 202, 0, 1, 107.26, 107.0, 41.11, 87.47, 8.58, 25.47, 16.47, 21.58, 10.58, 42.95, 20.47, 9.68, 5.21, 14.58, 22.05, 39.58, 87.37, 8.53, 23.79, 19.32, 25.84, 12.68, 45.89, 22.42, 7.84, 4.32, 15.32, 19.26, 95.47, 96.0, 35.74, 80.74, 7.89, 22.05, 16.11, 22.05, 12.53, 44.37, 20.21, 8.0, 6.37, 14.37, 18.89, 35.84, 80.63, 7.37, 19.95, 16.95, 21.53, 10.16, 39.05, 21.16, 8.95, 5.0, 12.58, 17.95
53, 2015-02-08, Away, SAC, L, L, -8, U, 207.5, 1, 0, 106.95, 106.11, 40.95, 87.37, 8.84, 25.79, 16.21, 21.32, 10.53, 43.26, 20.63, 9.84, 5.16, 14.84, 21.79, 39.32, 87.32, 8.47, 23.89, 19.0, 25.26, 12.32, 45.58, 22.63, 8.05, 4.42, 15.53, 19.16, 97.26, 105.47, 35.47, 81.32, 5.0, 16.63, 21.32, 27.0, 10.37, 44.42, 17.84, 6.95, 3.84, 16.0, 20.0, 39.95, 86.95, 9.11, 26.68, 16.47, 22.47, 10.53, 42.79, 24.0, 9.63, 5.74, 12.63, 22.58
54, 2015-02-10, Home, HOU, L, L, -2.5, O, 217.5, 0, 0, 104.26, 103.37, 40.26, 87.42, 8.42, 25.84, 15.32, 20.37, 10.74, 43.47, 20.63, 9.95, 5.21, 14.68, 21.26, 38.95, 86.05, 8.11, 22.68, 17.37, 23.79, 11.53, 45.21, 22.53, 7.79, 4.47, 15.68, 18.63, 106.84, 102.21, 38.68, 84.84, 11.95, 32.11, 17.53, 23.74, 11.63, 41.95, 23.74, 10.47, 4.0, 15.58, 21.11, 38.42, 84.11, 7.74, 23.58, 17.63, 23.37, 11.68, 43.79, 21.74, 9.05, 5.32, 16.47, 18.89
55, 2015-02-20, Away, MIN, L, L, 1.5, O, 207, 0, 0, 104.58, 105.0, 40.21, 87.58, 8.32, 25.53, 15.84, 21.11, 10.74, 43.0, 20.32, 9.95, 4.84, 14.42, 20.95, 39.53, 86.47, 8.53, 23.26, 17.42, 23.68, 11.47, 45.53, 22.95, 7.63, 4.26, 15.53, 19.11, 95.26, 101.58, 35.63, 81.68, 5.21, 15.58, 18.79, 22.89, 11.16, 41.32, 21.26, 7.32, 3.26, 14.16, 17.58, 40.05, 82.58, 8.0, 22.32, 13.47, 18.32, 10.26, 41.16, 22.53, 9.26, 5.47, 13.95, 19.37
56, 2015-02-21, Away, CHI, L, W, 8, O, 204.5, 1, 1, 103.74, 105.11, 39.79, 87.58, 8.26, 25.21, 15.89, 21.26, 11.21, 43.37, 20.16, 9.58, 5.21, 14.26, 20.89, 39.63, 86.63, 8.26, 22.68, 17.58, 24.16, 11.89, 45.95, 23.05, 7.53, 4.42, 15.21, 19.32, 101.21, 99.74, 37.42, 84.89, 8.0, 22.26, 18.37, 23.0, 11.95, 44.74, 21.11, 7.0, 5.47, 12.53, 17.58, 39.42, 86.63, 6.05, 19.42, 14.84, 20.47, 11.63, 44.0, 22.37, 7.26, 5.53, 12.0, 19.84
57, 2015-02-23, Home, BOS, L, L, -8, O, 211.5, 1, 0, 104.0, 105.95, 40.32, 87.95, 8.42, 25.21, 14.95, 20.26, 11.0, 42.84, 20.47, 9.74, 5.0, 13.95, 20.84, 39.95, 86.68, 8.74, 22.89, 17.32, 23.84, 11.95, 46.11, 23.32, 7.32, 4.32, 15.21, 18.95, 98.11, 100.89, 37.37, 87.11, 8.05, 24.58, 15.32, 20.74, 12.05, 44.53, 22.89, 7.63, 3.42, 13.26, 20.63, 37.32, 82.05, 8.05, 23.21, 18.21, 24.05, 10.68, 44.32, 21.89, 7.74, 5.68, 13.84, 18.11
58, 2015-02-25, Away, DEN, W, W, -6, U, 214, 0, 0, 103.84, 106.16, 40.21, 88.0, 8.63, 25.53, 14.79, 20.11, 11.05, 43.32, 21.16, 9.47, 4.95, 14.16, 21.05, 39.68, 86.53, 9.11, 23.53, 17.68, 24.42, 11.58, 45.89, 23.11, 7.58, 4.21, 15.0, 18.79, 95.21, 105.26, 35.74, 86.89, 7.0, 23.79, 16.74, 22.84, 11.58, 43.21, 22.11, 7.74, 4.58, 12.58, 21.74, 39.42, 84.74, 7.21, 21.47, 19.21, 25.63, 11.21, 48.74, 24.32, 7.16, 5.68, 13.32, 20.11
59, 2015-02-26, Home, OKC, W, W, 5, O, 216.5, 0, 1, 104.63, 105.95, 40.32, 88.42, 8.68, 25.42, 15.32, 20.68, 11.79, 44.21, 20.95, 9.42, 5.0, 14.16, 21.32, 39.32, 86.11, 9.16, 24.11, 18.16, 25.21, 11.74, 45.89, 22.79, 7.53, 4.37, 15.0, 18.74, 106.26, 98.74, 40.32, 88.32, 7.53, 22.47, 18.11, 23.16, 12.63, 49.47, 21.89, 7.89, 6.26, 13.63, 20.89, 37.0, 88.53, 7.89, 23.42, 16.84, 21.74, 12.21, 44.05, 21.84, 7.95, 4.0, 13.05, 19.0
60, 2015-02-28, Home, SAS, L, L, -2, U, 207, 1, 0, 105.0, 105.47, 40.63, 88.26, 8.74, 24.95, 15.0, 20.58, 11.84, 44.53, 21.0, 8.89, 5.11, 13.79, 21.16, 38.84, 86.16, 9.11, 24.26, 18.68, 25.53, 11.84, 45.68, 22.42, 7.47, 4.16, 14.26, 18.68, 97.53, 95.42, 36.42, 84.37, 8.47, 24.79, 16.21, 20.26, 10.74, 43.63, 23.89, 8.05, 5.53, 13.05, 18.74, 36.53, 81.74, 6.84, 17.58, 15.53, 21.32, 9.63, 43.74, 21.63, 7.58, 5.16, 13.0, 18.63
61, 2015-03-02, Away, MIA, L, L, 1.5, O, 206, 0, 0, 103.26, 105.53, 39.84, 88.68, 8.63, 24.74, 14.95, 20.42, 11.79, 44.95, 20.47, 8.74, 5.21, 14.16, 21.26, 39.11, 86.68, 8.63, 23.42, 18.68, 25.37, 11.53, 46.42, 22.53, 7.47, 4.42, 14.0, 18.84, 93.95, 95.05, 35.32, 79.32, 6.89, 20.26, 16.42, 21.47, 9.68, 41.37, 20.68, 7.16, 4.84, 14.11, 18.95, 35.84, 80.68, 7.63, 21.16, 15.74, 21.53, 10.05, 40.21, 23.05, 7.79, 4.58, 13.47, 20.32
62, 2015-03-04, Away, ORL, W, W, -4.5, O, 202, 0, 0, 102.63, 106.37, 39.05, 88.21, 8.74, 25.58, 15.79, 21.84, 11.74, 44.79, 20.42, 8.84, 5.05, 14.32, 21.84, 39.16, 86.21, 8.58, 23.0, 19.47, 26.32, 11.47, 46.89, 22.16, 7.89, 4.47, 14.21, 19.74, 96.47, 103.26, 37.74, 82.63, 6.42, 20.05, 14.58, 20.11, 9.84, 41.47, 20.58, 7.79, 3.84, 14.95, 21.21, 38.63, 81.58, 8.89, 23.42, 17.11, 22.47, 8.89, 43.05, 25.74, 9.05, 4.84, 14.68, 18.05
63, 2015-03-06, Away, BRK, W, W, 2, U, 212, 0, 0, 102.11, 106.37, 38.74, 87.84, 8.47, 25.0, 16.16, 22.11, 11.68, 44.42, 20.37, 8.53, 4.84, 14.53, 21.47, 39.53, 86.84, 8.42, 23.16, 18.89, 25.26, 11.26, 46.68, 22.0, 8.11, 4.58, 14.05, 20.05, 97.89, 103.74, 37.95, 84.0, 6.26, 19.37, 15.74, 21.47, 11.26, 42.0, 19.84, 6.47, 4.32, 12.68, 19.47, 39.53, 84.68, 8.32, 24.63, 16.37, 22.42, 11.68, 45.11, 24.89, 7.84, 4.32, 12.16, 19.32
64, 2015-03-07, Away, CLE, L, W, 11, U, 211.5, 1, 1, 101.58, 105.68, 38.32, 87.79, 8.16, 24.95, 16.79, 22.68, 11.74, 44.47, 20.11, 8.63, 4.89, 14.63, 21.63, 39.26, 87.37, 8.16, 22.63, 19.0, 25.32, 11.68, 47.37, 22.0, 7.95, 4.42, 14.37, 20.63, 105.11, 95.79, 38.21, 83.05, 11.58, 32.47, 17.11, 22.79, 11.26, 45.53, 22.0, 7.84, 4.37, 13.95, 19.37, 36.26, 85.11, 7.42, 23.0, 15.84, 21.0, 12.21, 42.42, 22.21, 8.32, 4.16, 12.63, 20.16
65, 2015-03-09, Home, GSW, L, L, 5.5, U, 213.5, 1, 0, 99.89, 104.42, 37.68, 87.42, 8.11, 24.68, 16.42, 22.16, 11.74, 44.42, 20.05, 8.74, 4.79, 14.53, 21.47, 38.58, 86.89, 8.05, 22.26, 19.21, 25.47, 12.0, 47.63, 21.89, 7.84, 4.16, 14.37, 20.26, 106.89, 100.58, 40.63, 88.58, 11.37, 28.89, 14.26, 19.47, 10.79, 44.63, 26.79, 9.68, 5.47, 13.37, 19.89, 37.32, 85.89, 7.74, 22.42, 18.21, 23.16, 11.21, 46.0, 20.58, 7.95, 3.11, 16.21, 18.74
66, 2015-03-11, Home, MIN, W, W, -5, U, 204.5, 0, 0, 98.84, 103.26, 37.42, 87.26, 7.79, 23.74, 16.21, 21.95, 11.79, 44.74, 19.53, 9.05, 4.42, 14.89, 21.16, 38.16, 86.68, 8.21, 22.68, 18.74, 24.58, 11.74, 47.53, 21.32, 8.05, 4.32, 14.74, 20.32, 97.63, 100.47, 35.42, 82.47, 4.37, 14.0, 22.42, 28.32, 12.26, 45.11, 20.79, 8.05, 3.26, 13.79, 18.79, 39.11, 84.58, 8.21, 24.32, 14.05, 19.42, 11.95, 43.79, 22.47, 8.74, 5.63, 14.53, 22.53
67, 2015-03-13, Home, ATL, L, L, 6.5, U, 202.5, 0, 0, 98.84, 103.21, 37.68, 87.37, 7.53, 23.47, 15.95, 21.68, 12.26, 44.95, 19.63, 8.89, 4.42, 15.26, 21.32, 38.11, 86.32, 7.84, 22.42, 19.16, 24.74, 11.58, 46.68, 21.63, 8.21, 4.26, 14.58, 20.32, 101.37, 98.05, 37.37, 82.63, 10.68, 28.16, 15.95, 19.95, 9.05, 40.68, 24.32, 8.42, 4.89, 14.21, 16.95, 36.95, 85.63, 9.26, 27.21, 14.89, 18.53, 13.0, 45.68, 23.21, 8.0, 5.37, 15.11, 18.79
68, 2015-03-15, Home, NYK, W, W, -11.5, U, 196, 1, 0, 98.21, 103.37, 37.32, 86.74, 7.74, 23.68, 15.84, 21.89, 12.26, 44.68, 19.79, 8.89, 4.47, 15.53, 20.95, 38.26, 86.11, 8.05, 22.42, 18.79, 23.95, 11.32, 46.11, 21.74, 8.47, 4.42, 14.58, 20.42, 90.84, 103.16, 34.21, 83.74, 5.95, 18.53, 16.47, 21.63, 11.05, 41.21, 20.84, 6.42, 5.47, 12.42, 21.74, 37.11, 80.32, 8.74, 22.26, 20.21, 25.89, 9.74, 45.11, 21.95, 6.79, 4.74, 13.0, 20.26
69, 2015-03-19, Home, NOP, W, W, PK, U, 198.5, 0, 0, 99.0, 102.47, 37.74, 86.32, 7.58, 23.26, 15.95, 22.21, 12.16, 44.63, 19.89, 8.84, 4.26, 15.11, 21.21, 37.84, 85.37, 7.68, 21.47, 19.11, 24.58, 11.16, 45.63, 21.47, 8.42, 4.11, 14.47, 20.53, 97.74, 98.79, 37.11, 81.11, 7.89, 20.21, 15.63, 20.26, 10.53, 42.58, 23.63, 6.11, 6.79, 14.37, 18.16, 38.42, 85.0, 6.68, 20.32, 15.26, 20.05, 10.89, 41.53, 19.74, 7.63, 5.74, 11.53, 18.74
70, 2015-03-21, Away, HOU, W, W, 7.5, O, 207, 0, 0, 97.58, 100.89, 37.05, 86.26, 7.37, 23.58, 16.11, 22.37, 12.32, 45.63, 19.53, 8.47, 4.37, 14.89, 20.68, 37.58, 85.37, 7.79, 21.84, 17.95, 23.32, 10.79, 45.58, 21.47, 8.0, 4.11, 14.21, 20.58, 104.95, 102.95, 37.47, 85.58, 10.95, 33.37, 19.05, 26.32, 11.89, 44.63, 24.32, 8.84, 5.21, 15.05, 21.05, 39.16, 88.79, 8.05, 26.16, 16.58, 22.26, 12.42, 46.89, 21.47, 9.05, 4.74, 15.21, 21.79
71, 2015-03-22, Home, DAL, W, W, 4.5, U, 207, 0, 1, 99.16, 100.58, 37.68, 86.47, 7.47, 23.16, 16.32, 22.74, 12.47, 46.0, 19.53, 8.42, 4.53, 14.79, 20.42, 37.63, 85.21, 7.89, 22.0, 17.42, 22.74, 10.32, 44.47, 21.84, 8.0, 4.0, 14.42, 20.95, 99.21, 100.0, 37.11, 84.32, 8.74, 25.42, 16.26, 21.68, 9.79, 41.89, 20.47, 8.84, 4.05, 13.58, 19.53, 37.47, 84.0, 9.0, 25.63, 16.05, 21.58, 12.16, 47.63, 21.58, 7.84, 4.58, 16.37, 21.95
72, 2015-03-25, Home, SAC, L, L, -8, U, 213, 1, 0, 99.05, 100.53, 37.74, 86.05, 7.05, 22.84, 16.53, 23.21, 12.42, 46.26, 19.63, 8.42, 4.63, 15.21, 20.79, 37.63, 86.05, 7.79, 21.95, 17.47, 22.95, 10.79, 44.32, 21.74, 8.05, 3.84, 14.32, 21.26, 104.58, 107.79, 37.21, 83.05, 6.47, 17.84, 23.68, 29.84, 11.79, 44.58, 21.84, 7.42, 3.89, 16.37, 19.58, 40.84, 86.84, 9.58, 24.79, 16.53, 22.26, 10.21, 40.95, 24.37, 9.16, 6.68, 13.37, 22.95
73, 2015-03-27, Home, POR, L, L, 1, U, 201, 0, 0, 99.89, 101.74, 38.0, 85.84, 7.11, 22.68, 16.79, 23.68, 12.58, 46.42, 19.58, 8.47, 4.74, 15.63, 20.47, 37.95, 86.37, 8.0, 22.42, 17.84, 23.05, 11.0, 44.32, 22.11, 8.42, 3.74, 14.53, 21.63, 102.47, 99.84, 38.0, 83.53, 9.74, 27.11, 16.74, 20.16, 9.89, 45.21, 20.79, 5.11, 3.58, 13.0, 16.53, 39.42, 87.16, 7.05, 18.63, 13.95, 19.11, 10.37, 42.84, 21.95, 7.74, 3.58, 9.68, 18.95
74, 2015-03-29, Home, OKC, L, L, -2, U, 211.5, 1, 0, 97.95, 99.63, 37.53, 85.84, 6.79, 22.37, 16.11, 22.74, 12.47, 46.89, 19.37, 8.26, 4.53, 15.58, 20.53, 37.32, 86.05, 7.58, 21.84, 17.42, 22.79, 11.0, 44.68, 21.42, 8.16, 3.79, 14.53, 21.32, 110.16, 107.32, 40.95, 89.79, 7.95, 21.68, 20.32, 25.37, 14.05, 49.74, 21.95, 7.32, 5.21, 14.74, 21.95, 39.37, 87.63, 9.37, 25.63, 19.21, 25.58, 11.26, 41.95, 22.37, 8.32, 5.16, 12.37, 20.37
75, 2015-03-30, Away, POR, L, L, 8.5, U, 199, 0, 1, 97.32, 99.53, 37.37, 85.47, 6.68, 22.63, 15.89, 22.37, 12.0, 46.47, 19.37, 8.32, 4.26, 15.84, 20.11, 37.32, 86.05, 7.89, 22.42, 17.0, 22.16, 10.68, 44.53, 21.0, 8.26, 3.63, 14.58, 20.89, 102.26, 100.42, 38.47, 84.16, 9.53, 26.32, 15.79, 19.63, 10.11, 45.63, 20.63, 5.05, 3.53, 13.42, 16.84, 39.95, 87.37, 6.79, 18.26, 13.74, 18.53, 10.0, 42.79, 21.79, 8.05, 3.37, 9.84, 18.53
76, 2015-04-02, Away, GSW, L, W, 12.5, O, 210, 0, 0, 96.21, 99.37, 36.89, 85.42, 6.32, 22.16, 16.11, 22.47, 12.0, 46.58, 19.0, 8.11, 4.26, 15.79, 19.89, 37.37, 85.89, 7.89, 22.58, 16.74, 21.84, 10.42, 44.53, 20.95, 8.32, 3.74, 14.42, 20.68, 108.63, 95.89, 40.84, 85.47, 11.21, 26.58, 15.74, 20.05, 9.95, 44.21, 27.89, 9.42, 6.32, 13.74, 19.21, 35.53, 85.16, 7.05, 19.68, 17.79, 22.79, 11.47, 42.68, 20.16, 8.05, 3.37, 15.0, 18.21
77, 2015-04-04, Home, UTA, W, W, -1, U, 187, 0, 0, 96.0, 98.95, 36.79, 85.05, 6.11, 21.47, 16.32, 23.0, 11.68, 46.42, 19.0, 7.95, 4.05, 15.47, 19.47, 37.58, 86.11, 7.68, 22.42, 16.11, 21.16, 10.74, 44.95, 21.11, 7.95, 3.95, 14.32, 21.0, 92.63, 86.74, 33.84, 76.79, 7.53, 22.89, 17.42, 24.89, 12.32, 45.58, 19.32, 8.53, 6.68, 14.16, 19.21, 32.47, 79.42, 7.11, 20.74, 14.68, 20.89, 9.89, 39.16, 18.53, 7.74, 3.63, 13.42, 20.0
78, 2015-04-07, Away, ATL, L, L, 7, U, 200.5, 0, 0, 94.79, 98.37, 36.32, 83.89, 5.95, 20.95, 16.21, 22.84, 10.79, 44.68, 18.63, 8.05, 4.05, 15.26, 19.26, 37.47, 85.74, 7.42, 21.74, 16.0, 20.68, 10.89, 45.32, 20.84, 7.89, 3.79, 14.47, 21.21, 101.95, 99.32, 38.32, 82.16, 10.58, 26.68, 14.74, 18.53, 8.84, 38.37, 26.26, 9.74, 4.68, 14.11, 16.95, 37.32, 81.68, 9.79, 26.63, 14.89, 19.53, 11.42, 43.16, 24.16, 7.95, 4.89, 16.37, 17.58
79, 2015-04-08, Away, DAL, L, W, 8.5, O, 205.5, 0, 1, 92.26, 97.47, 35.16, 83.16, 5.68, 20.63, 16.26, 22.68, 10.74, 43.89, 18.37, 8.11, 3.89, 15.37, 18.47, 37.58, 84.79, 7.21, 21.79, 15.11, 19.84, 10.63, 45.53, 21.05, 8.05, 3.79, 14.74, 20.84, 100.53, 104.79, 38.11, 83.84, 7.05, 21.74, 17.26, 23.68, 9.32, 40.32, 20.68, 8.05, 3.37, 13.42, 20.63, 38.95, 82.84, 9.74, 25.79, 17.16, 22.89, 11.16, 46.21, 23.0, 7.95, 4.37, 15.63, 23.11
80, 2015-04-10, Away, NOP, L, L, 9, U, 194, 0, 0, 93.84, 97.79, 35.95, 83.05, 5.84, 21.11, 16.11, 22.42, 10.74, 43.63, 18.84, 8.05, 3.95, 15.05, 18.63, 37.79, 84.89, 7.21, 21.74, 15.0, 19.79, 10.89, 45.05, 21.05, 7.84, 3.63, 14.42, 20.47, 97.32, 96.63, 37.63, 81.58, 8.21, 19.53, 13.84, 19.05, 10.32, 42.53, 23.21, 6.37, 6.79, 13.58, 17.79, 37.53, 83.95, 5.84, 18.53, 15.74, 20.74, 11.47, 43.11, 21.16, 7.0, 5.58, 11.58, 17.63
81, 2015-04-12, Away, SAS, L, W, 17, U, 199.5, 0, 0, 92.63, 96.47, 35.79, 83.42, 5.84, 20.79, 15.21, 20.95, 10.53, 43.63, 18.89, 8.16, 4.05, 14.58, 18.16, 37.47, 85.0, 7.11, 22.0, 14.42, 19.21, 11.05, 45.63, 21.58, 7.32, 4.11, 14.26, 19.47, 109.79, 96.37, 42.42, 85.05, 8.42, 22.0, 16.53, 20.58, 10.05, 44.0, 25.16, 9.47, 5.16, 12.58, 17.84, 37.58, 84.79, 7.0, 19.37, 14.21, 19.26, 10.74, 40.84, 20.32, 7.74, 3.58, 14.32, 19.11
82, 2015-04-14, Home, LAC, L, P, 11, O, 207, 1, 0, 91.89, 96.84, 35.68, 83.74, 5.63, 20.53, 14.89, 20.74, 10.74, 44.0, 18.63, 7.95, 4.05, 14.11, 18.58, 37.16, 84.05, 7.26, 21.95, 15.26, 20.21, 10.89, 45.68, 21.63, 7.0, 4.16, 14.0, 19.26, 107.47, 99.47, 39.47, 82.16, 10.95, 27.53, 17.58, 25.68, 9.58, 43.21, 26.26, 7.95, 4.89, 12.79, 22.05, 36.16, 83.42, 8.11, 22.21, 19.05, 25.58, 10.95, 42.37, 22.0, 7.26, 2.16, 13.53, 21.79
