21, 2012-12-09, Home, UTA, L, L, -7, O, 209, 0, 0, 101.4, 97.8, 35.95, 78.85, 8.65, 22.85, 20.85, 30.95, 12.9, 46.25, 20.75, 8.0, 5.7, 16.1, 19.8, 37.5, 85.65, 6.95, 20.25, 15.85, 21.55, 11.4, 40.5, 22.35, 8.2, 4.75, 13.4, 24.6, 99.9, 99.05, 37.15, 83.05, 6.95, 18.6, 18.65, 24.25, 13.3, 43.0, 22.6, 8.1, 6.9, 14.55, 22.2, 37.35, 82.15, 5.9, 17.25, 18.45, 24.7, 12.3, 41.85, 20.35, 8.0, 5.95, 14.45, 20.5
22, 2012-12-11, Away, CLE, L, L, -6.5, U, 206, 0, 0, 102.35, 98.7, 36.05, 79.25, 9.25, 23.6, 21.0, 30.3, 13.0, 45.9, 21.0, 7.95, 5.8, 16.1, 19.8, 37.75, 85.55, 7.0, 20.4, 16.2, 22.0, 11.75, 40.5, 22.55, 8.2, 4.85, 13.3, 24.45, 94.35, 101.35, 35.3, 86.05, 7.8, 22.8, 15.95, 21.8, 14.15, 42.1, 19.3, 8.55, 2.8, 14.75, 21.85, 37.7, 77.15, 7.0, 18.55, 18.95, 24.5, 9.4, 40.1, 23.2, 7.95, 7.85, 15.45, 20.3
23, 2012-12-13, Away, NYK, L, L, 5.5, O, 206, 0, 0, 101.75, 97.9, 35.8, 79.4, 9.2, 24.05, 20.95, 30.7, 13.0, 46.35, 20.5, 8.0, 5.85, 15.8, 19.45, 37.5, 85.6, 7.1, 20.75, 15.8, 21.9, 11.65, 41.15, 22.8, 8.1, 4.8, 13.3, 24.75, 102.55, 95.85, 37.25, 83.1, 11.65, 29.0, 16.4, 21.55, 10.25, 39.6, 19.6, 8.85, 4.0, 10.45, 18.65, 35.75, 78.7, 7.5, 19.95, 16.85, 21.85, 10.3, 43.6, 19.7, 5.6, 4.2, 15.4, 19.5
25, 2012-12-16, Away, PHI, W, W, -3, O, 196.5, 0, 0, 102.05, 99.3, 35.7, 80.45, 9.35, 25.45, 21.3, 30.85, 13.1, 46.6, 19.95, 7.8, 5.6, 15.35, 19.35, 38.1, 85.55, 7.5, 21.3, 15.6, 21.9, 11.4, 41.7, 22.85, 8.05, 4.65, 13.2, 24.65, 93.35, 94.55, 36.9, 83.8, 5.85, 16.75, 13.7, 18.95, 10.7, 40.35, 21.7, 7.85, 5.55, 11.4, 20.1, 35.65, 79.75, 6.3, 17.1, 16.95, 22.3, 10.85, 43.95, 23.1, 6.05, 5.15, 14.25, 18.35
26, 2012-12-18, Home, CHA, W, L, -12.5, U, 206, 0, 0, 103.3, 99.45, 36.4, 80.75, 9.85, 26.0, 20.65, 29.75, 12.9, 46.25, 20.5, 7.95, 5.65, 15.15, 19.1, 38.3, 85.55, 7.75, 21.7, 15.1, 21.55, 11.45, 41.7, 22.95, 7.75, 4.65, 13.45, 24.0, 95.4, 102.85, 34.95, 82.5, 6.3, 18.6, 19.2, 25.4, 11.0, 41.2, 19.25, 7.5, 6.5, 13.4, 19.75, 38.5, 84.8, 8.8, 24.1, 17.05, 23.1, 12.7, 45.1, 25.25, 6.65, 8.2, 13.65, 20.65
27, 2012-12-22, Away, GSW, W, W, -1.5, O, 215, 1, 0, 103.3, 100.6, 36.35, 80.65, 9.95, 26.15, 20.65, 29.7, 12.9, 45.75, 20.45, 7.8, 5.85, 14.9, 19.3, 38.75, 86.0, 7.9, 21.65, 15.2, 21.65, 11.85, 42.05, 23.55, 7.75, 4.9, 13.05, 23.9, 103.2, 99.55, 39.05, 83.35, 7.95, 20.25, 17.15, 21.05, 12.15, 45.85, 23.5, 6.55, 3.75, 14.4, 21.55, 36.55, 83.3, 8.15, 22.9, 18.3, 24.3, 10.6, 39.75, 23.1, 7.7, 5.9, 12.2, 18.6
28, 2012-12-25, Home, NYK, W, W, -4, U, 211, 0, 0, 104.05, 101.85, 37.0, 81.95, 10.0, 26.25, 20.05, 28.9, 12.75, 45.7, 20.95, 7.95, 5.65, 15.05, 19.65, 39.25, 86.65, 8.05, 21.95, 15.3, 21.7, 11.9, 42.45, 23.85, 7.9, 4.9, 13.45, 23.8, 102.7, 98.1, 37.05, 83.75, 11.75, 30.1, 16.85, 22.0, 10.3, 39.65, 19.95, 8.7, 3.65, 10.65, 18.9, 36.4, 78.95, 8.2, 21.45, 17.1, 21.9, 9.8, 43.45, 19.35, 5.8, 3.75, 14.95, 19.75
29, 2012-12-26, Away, DEN, L, L, 3.5, O, 213.5, 1, 1, 104.95, 102.35, 37.3, 82.1, 9.95, 26.3, 20.4, 29.35, 12.5, 45.4, 21.15, 7.9, 5.4, 14.75, 19.8, 39.4, 86.6, 8.15, 22.25, 15.4, 21.95, 11.9, 42.55, 23.75, 7.7, 4.8, 13.55, 24.2, 103.5, 101.95, 39.4, 81.8, 5.65, 16.95, 19.05, 27.2, 12.3, 43.6, 23.1, 8.1, 6.5, 15.15, 20.4, 37.9, 86.7, 8.95, 23.25, 17.2, 23.1, 13.5, 42.3, 23.85, 9.2, 6.4, 13.95, 22.85
30, 2012-12-28, Home, POR, W, W, -9, U, 205.5, 0, 0, 104.95, 103.55, 37.25, 81.8, 10.1, 26.7, 20.35, 29.45, 12.2, 44.9, 21.35, 7.65, 5.35, 14.9, 20.2, 39.4, 86.7, 8.5, 22.65, 16.25, 22.8, 12.3, 43.05, 23.95, 7.8, 4.75, 13.3, 24.1, 97.75, 98.1, 36.35, 82.0, 8.1, 24.0, 16.95, 21.9, 11.9, 41.2, 20.65, 7.65, 5.25, 14.45, 19.15, 37.45, 82.2, 6.8, 19.9, 16.4, 20.65, 11.1, 41.9, 22.95, 8.55, 3.8, 14.2, 18.9
31, 2013-01-01, Home, PHI, L, L, -9, P, 202, 0, 0, 104.2, 102.5, 36.95, 81.85, 10.0, 26.9, 20.3, 29.45, 12.55, 45.45, 21.45, 7.35, 5.55, 14.8, 20.2, 39.0, 86.55, 8.2, 22.45, 16.3, 22.7, 12.4, 43.15, 23.65, 7.75, 4.95, 13.0, 24.15, 94.65, 98.45, 38.05, 84.55, 6.0, 17.55, 12.55, 18.05, 12.1, 41.1, 22.1, 7.45, 4.85, 11.7, 19.65, 36.55, 79.85, 7.3, 18.8, 18.05, 23.1, 10.6, 42.5, 22.25, 6.8, 4.4, 13.25, 16.95
32, 2013-01-04, Away, LAC, L, L, 4.5, O, 207, 0, 0, 104.4, 103.15, 37.05, 82.9, 9.85, 26.95, 20.45, 29.25, 12.85, 45.9, 21.15, 7.35, 5.6, 14.6, 20.15, 39.35, 86.75, 8.25, 22.4, 16.2, 22.65, 12.0, 43.4, 23.8, 7.7, 5.15, 12.85, 23.95, 102.5, 91.7, 38.95, 82.25, 7.65, 22.4, 16.95, 24.9, 11.8, 42.15, 25.0, 11.1, 6.1, 12.4, 19.25, 33.65, 78.4, 7.35, 19.85, 17.05, 22.25, 11.35, 41.5, 21.6, 6.45, 4.95, 16.65, 22.2
33, 2013-01-06, Home, DEN, L, L, -5.5, O, 213.5, 1, 0, 104.65, 102.85, 37.35, 83.45, 9.55, 26.9, 20.4, 29.1, 13.05, 46.05, 21.3, 7.5, 5.7, 14.2, 20.15, 39.2, 86.8, 8.2, 22.35, 16.25, 22.8, 12.3, 43.7, 24.0, 7.65, 5.3, 12.8, 24.15, 103.4, 99.85, 39.55, 83.3, 6.2, 18.4, 18.1, 26.25, 12.6, 45.35, 24.2, 8.5, 6.55, 14.35, 21.2, 37.1, 86.75, 8.35, 24.2, 17.3, 24.0, 13.85, 44.05, 22.95, 8.85, 6.6, 13.7, 21.75
34, 2013-01-08, Away, HOU, L, L, 8, O, 223, 0, 0, 105.0, 103.15, 37.6, 83.85, 9.45, 27.05, 20.35, 29.25, 13.15, 47.05, 21.85, 7.4, 6.0, 14.2, 19.75, 39.5, 88.1, 8.35, 23.0, 15.8, 22.45, 12.5, 43.95, 24.5, 7.65, 5.45, 12.45, 23.9, 108.9, 105.65, 39.35, 83.05, 10.3, 28.3, 19.9, 26.6, 9.25, 41.55, 23.55, 9.15, 4.05, 15.6, 18.8, 40.75, 87.35, 8.25, 22.45, 15.9, 20.2, 10.55, 43.5, 22.7, 8.9, 6.1, 15.05, 19.75
35, 2013-01-09, Away, SAS, L, W, 13.5, U, 214, 0, 1, 104.85, 104.95, 37.75, 84.3, 9.55, 27.5, 19.8, 28.2, 13.05, 45.85, 22.05, 7.35, 6.05, 14.05, 19.65, 40.2, 87.85, 8.4, 22.85, 16.15, 22.6, 12.5, 44.1, 24.7, 7.6, 5.35, 12.6, 23.25, 106.95, 97.45, 40.05, 82.15, 9.4, 23.65, 17.45, 21.5, 8.15, 42.15, 25.7, 9.3, 5.4, 14.75, 17.0, 37.75, 85.45, 6.45, 19.35, 15.5, 20.75, 10.85, 41.8, 22.2, 9.1, 4.85, 14.95, 18.55
36, 2013-01-11, Home, OKC, L, L, 6, U, 217.5, 0, 0, 106.25, 106.4, 38.75, 85.25, 9.65, 27.45, 19.1, 26.8, 12.6, 45.05, 22.5, 7.45, 5.9, 13.55, 19.1, 40.8, 88.1, 8.8, 23.15, 16.0, 22.05, 12.4, 44.0, 25.1, 7.6, 5.4, 12.65, 22.35, 106.15, 96.4, 38.2, 79.9, 7.35, 19.0, 22.4, 26.6, 11.5, 43.65, 21.05, 8.85, 7.4, 14.3, 19.5, 35.8, 83.15, 8.4, 22.6, 16.4, 20.7, 11.8, 39.35, 20.7, 8.15, 4.35, 14.75, 19.75
37, 2013-01-13, Home, CLE, W, W, -9, U, 209, 0, 0, 105.2, 107.05, 38.35, 85.8, 9.1, 27.2, 19.4, 27.05, 12.65, 45.05, 22.0, 7.25, 5.85, 13.4, 18.95, 41.0, 88.15, 8.85, 23.4, 16.2, 22.35, 12.35, 44.75, 25.4, 7.6, 5.65, 12.75, 22.5, 93.2, 98.55, 34.95, 83.35, 7.4, 20.7, 15.9, 21.1, 11.85, 40.85, 18.8, 8.1, 4.1, 13.65, 22.7, 35.85, 78.25, 7.1, 19.85, 19.75, 26.55, 12.0, 44.45, 22.0, 7.75, 6.05, 15.15, 20.15
38, 2013-01-15, Home, MIL, W, W, -6, U, 212, 0, 0, 105.7, 106.05, 38.55, 84.95, 9.45, 27.6, 19.15, 26.45, 12.4, 44.8, 22.6, 7.55, 6.0, 13.95, 18.8, 40.8, 88.6, 8.65, 23.3, 15.8, 21.95, 12.95, 44.5, 24.9, 7.85, 5.25, 12.95, 22.15, 96.95, 96.95, 36.4, 85.15, 6.4, 17.45, 17.75, 23.55, 13.55, 44.3, 21.05, 8.9, 7.85, 14.2, 19.05, 37.3, 85.7, 5.3, 17.55, 17.05, 22.7, 14.25, 47.35, 22.0, 8.1, 4.55, 15.5, 19.85
39, 2013-01-17, Home, MIA, L, L, -3, U, 206.5, 1, 0, 105.65, 105.1, 38.75, 85.0, 9.6, 28.0, 18.55, 25.65, 12.05, 44.45, 23.3, 7.45, 5.8, 13.45, 18.55, 40.6, 88.3, 8.65, 23.0, 15.25, 21.5, 12.95, 44.7, 24.55, 7.7, 5.25, 13.0, 21.45, 100.85, 93.6, 37.65, 77.25, 8.75, 23.3, 16.8, 21.9, 7.75, 38.4, 21.9, 8.6, 5.75, 13.2, 18.65, 34.85, 82.0, 7.2, 19.9, 16.7, 21.1, 12.35, 42.7, 20.0, 7.75, 2.75, 14.5, 19.6
40, 2013-01-20, Away, TOR, L, L, -4.5, O, 201.5, 0, 0, 105.0, 105.7, 38.45, 84.6, 9.45, 27.7, 18.65, 25.95, 12.0, 44.25, 23.2, 7.05, 5.45, 14.0, 18.9, 40.85, 88.2, 8.4, 22.7, 15.6, 21.75, 12.55, 44.15, 24.55, 8.3, 5.0, 12.7, 21.8, 97.0, 94.8, 36.3, 80.3, 8.05, 22.8, 16.35, 21.3, 10.75, 39.6, 24.25, 7.5, 4.15, 12.0, 21.55, 35.25, 77.2, 4.85, 16.7, 19.45, 25.6, 10.8, 40.7, 20.6, 6.25, 4.05, 13.25, 19.2
41, 2013-01-21, Away, CHI, L, L, -1, U, 194.5, 0, 1, 104.75, 105.4, 38.55, 84.8, 9.35, 27.65, 18.3, 25.45, 11.85, 43.85, 23.35, 6.85, 5.4, 13.8, 18.5, 41.1, 88.2, 8.25, 22.85, 14.95, 21.2, 12.5, 44.35, 24.8, 8.55, 4.95, 12.75, 21.7, 93.5, 92.2, 35.25, 81.35, 5.05, 13.55, 17.95, 23.4, 12.25, 43.45, 23.1, 7.55, 4.85, 13.8, 20.25, 35.2, 81.1, 5.65, 15.75, 16.15, 22.2, 12.05, 42.65, 18.05, 7.55, 5.75, 13.85, 21.05
42, 2013-01-23, Away, MEM, L, L, 3.5, O, 187.5, 0, 0, 103.4, 104.3, 38.15, 84.6, 8.75, 27.1, 18.35, 25.7, 11.75, 44.4, 22.65, 6.85, 5.5, 13.85, 18.25, 40.8, 88.7, 8.4, 22.8, 14.3, 20.45, 12.4, 44.35, 24.75, 8.55, 5.15, 12.7, 21.6, 88.8, 87.7, 34.85, 82.15, 3.8, 12.0, 15.3, 19.7, 14.1, 43.45, 19.55, 9.05, 4.85, 13.5, 18.35, 33.1, 76.3, 6.85, 18.5, 14.65, 19.75, 9.6, 38.85, 20.7, 8.0, 5.8, 15.1, 18.95
43, 2013-01-25, Home, UTA, W, W, -5, U, 204.5, 0, 0, 103.35, 104.6, 38.15, 84.5, 8.75, 26.6, 18.3, 25.3, 11.35, 43.4, 22.85, 6.75, 5.75, 13.7, 17.8, 41.3, 89.3, 8.05, 22.1, 13.95, 19.65, 12.8, 44.8, 24.65, 8.5, 5.35, 12.7, 21.7, 95.5, 97.3, 35.8, 80.55, 5.95, 16.2, 17.95, 23.45, 11.3, 41.5, 23.2, 8.25, 5.65, 14.3, 21.4, 36.5, 79.0, 6.75, 17.3, 17.55, 23.45, 10.15, 40.5, 21.1, 7.9, 6.35, 13.95, 20.55
44, 2013-01-27, Home, OKC, W, W, 3, U, 208, 0, 0, 103.1, 103.0, 38.55, 84.3, 8.6, 25.8, 17.4, 24.5, 11.35, 43.45, 23.5, 6.9, 5.7, 13.95, 17.45, 40.9, 89.4, 7.6, 21.55, 13.6, 18.95, 13.05, 44.65, 24.2, 8.7, 5.45, 12.9, 21.4, 106.0, 98.15, 37.9, 81.1, 7.85, 21.55, 22.35, 26.85, 11.35, 43.95, 20.85, 9.0, 6.25, 15.6, 20.65, 36.6, 84.4, 7.5, 21.25, 17.45, 22.35, 11.45, 40.95, 20.9, 7.8, 4.7, 15.45, 20.55
45, 2013-01-29, Home, NOH, W, L, -8, O, 196, 0, 0, 103.25, 103.0, 38.75, 83.9, 8.55, 25.2, 17.2, 24.55, 11.0, 43.35, 24.05, 6.7, 5.55, 13.95, 17.45, 40.9, 89.3, 7.4, 21.3, 13.8, 19.25, 12.9, 44.2, 24.45, 8.85, 5.55, 12.4, 21.5, 94.55, 95.35, 37.05, 81.7, 6.3, 18.5, 14.15, 18.9, 12.65, 43.7, 21.15, 6.55, 5.45, 13.8, 20.25, 36.45, 78.6, 6.65, 20.9, 15.8, 21.15, 9.8, 38.95, 23.35, 7.4, 5.15, 12.85, 18.5
46, 2013-01-30, Away, PHO, L, L, -3, U, 204, 0, 1, 103.25, 103.4, 38.75, 83.85, 8.45, 25.15, 17.3, 25.0, 10.9, 43.8, 24.65, 6.4, 5.55, 13.95, 17.85, 40.8, 89.75, 7.35, 21.0, 14.45, 19.75, 12.8, 44.2, 24.35, 8.95, 5.2, 12.0, 21.9, 93.45, 98.45, 36.6, 82.55, 5.5, 17.25, 14.75, 19.75, 10.75, 40.7, 22.6, 7.3, 4.85, 13.9, 20.4, 38.45, 82.65, 5.65, 15.25, 15.9, 21.5, 12.05, 44.05, 21.65, 7.65, 4.85, 13.5, 17.6
47, 2013-02-01, Away, MIN, W, W, -2, O, 200, 0, 0, 102.5, 103.0, 38.65, 83.35, 8.35, 24.95, 16.85, 24.6, 10.65, 43.7, 24.55, 6.45, 5.25, 14.35, 17.75, 40.8, 89.15, 7.0, 20.4, 14.4, 19.4, 12.1, 43.3, 24.2, 9.25, 4.9, 12.05, 21.75, 93.45, 99.85, 35.1, 81.65, 5.15, 17.5, 18.1, 24.35, 12.85, 42.4, 21.7, 6.95, 4.4, 14.25, 17.55, 38.3, 80.2, 7.45, 19.6, 15.8, 20.95, 10.0, 40.55, 23.15, 8.45, 6.4, 13.85, 22.45
48, 2013-02-03, Away, DET, W, L, -3, U, 201.5, 0, 0, 102.15, 102.25, 38.15, 82.6, 8.5, 25.2, 17.35, 25.15, 10.75, 44.1, 24.25, 6.3, 5.4, 13.95, 17.45, 40.55, 88.45, 7.0, 20.05, 14.15, 19.55, 11.75, 42.95, 24.05, 9.0, 4.85, 11.75, 21.55, 97.25, 96.4, 37.9, 82.9, 6.8, 18.4, 14.65, 22.65, 14.35, 46.35, 20.35, 6.9, 6.3, 14.8, 19.05, 36.35, 82.25, 6.95, 20.9, 16.75, 21.8, 11.95, 42.0, 21.8, 8.3, 4.8, 13.2, 20.9
49, 2013-02-05, Away, BRK, W, W, 4, U, 198.5, 0, 0, 102.05, 102.4, 38.25, 82.9, 8.55, 25.15, 17.0, 24.7, 10.7, 44.05, 24.35, 6.55, 5.35, 14.1, 17.35, 40.7, 88.6, 6.8, 19.45, 14.2, 19.5, 11.7, 43.3, 24.35, 9.05, 5.1, 11.95, 21.2, 97.4, 95.45, 35.4, 78.55, 7.4, 21.15, 19.2, 24.9, 12.5, 42.35, 19.55, 7.75, 4.8, 14.15, 17.8, 37.95, 81.55, 6.9, 18.0, 12.65, 17.6, 10.9, 38.8, 22.45, 7.5, 4.2, 13.55, 20.25
50, 2013-02-07, Away, BOS, L, L, 1.5, O, 194, 1, 0, 100.95, 100.25, 38.05, 82.85, 8.15, 24.35, 16.7, 24.1, 10.4, 44.15, 23.9, 6.7, 5.2, 14.05, 17.1, 40.0, 88.35, 6.5, 19.5, 13.75, 18.85, 11.7, 43.5, 23.6, 8.9, 5.0, 12.25, 20.95, 94.5, 94.25, 36.6, 81.1, 5.5, 17.95, 15.8, 20.55, 9.7, 40.85, 23.05, 8.65, 4.3, 14.05, 21.95, 34.75, 80.3, 7.0, 21.0, 17.75, 24.05, 11.6, 43.7, 20.3, 7.95, 4.55, 15.8, 20.7
51, 2013-02-08, Away, CHA, W, W, -6.5, U, 206, 0, 1, 100.5, 101.7, 37.85, 82.9, 8.05, 24.3, 16.75, 24.2, 10.25, 43.7, 23.25, 6.6, 5.0, 14.1, 17.3, 40.5, 88.35, 6.6, 19.1, 14.1, 19.3, 11.65, 43.7, 23.65, 9.05, 5.0, 12.25, 21.2, 92.3, 101.0, 33.85, 78.05, 4.95, 13.45, 19.65, 26.15, 10.6, 39.3, 17.4, 7.2, 5.8, 13.8, 19.95, 38.4, 81.7, 8.45, 22.1, 15.75, 21.55, 12.4, 43.35, 24.7, 7.5, 6.7, 13.95, 22.75
52, 2013-02-10, Away, MIA, L, L, 9, O, 203.5, 0, 0, 100.55, 101.2, 37.8, 82.2, 8.3, 24.5, 16.65, 23.8, 9.85, 43.4, 23.55, 6.65, 5.2, 14.4, 17.3, 40.35, 88.5, 6.4, 18.7, 14.1, 19.25, 11.75, 43.45, 23.8, 9.25, 4.85, 12.25, 21.1, 101.8, 95.2, 38.3, 79.05, 7.35, 20.5, 17.85, 24.1, 9.3, 39.3, 21.85, 8.6, 5.25, 12.2, 20.15, 35.2, 81.3, 7.4, 20.35, 17.4, 22.55, 12.0, 41.6, 20.55, 7.8, 3.35, 14.25, 21.1
53, 2013-02-12, Home, PHO, W, L, -8.5, U, 201.5, 0, 0, 100.3, 101.2, 37.8, 81.9, 8.35, 23.85, 16.35, 23.3, 9.6, 43.05, 23.4, 6.65, 5.05, 14.5, 17.05, 40.5, 88.4, 6.4, 18.8, 13.8, 18.7, 11.5, 43.0, 23.4, 9.35, 4.8, 12.05, 20.9, 90.8, 98.0, 35.5, 82.0, 4.65, 15.2, 15.15, 19.85, 11.5, 42.4, 21.25, 7.25, 5.05, 15.65, 20.4, 38.6, 83.05, 5.85, 15.55, 14.95, 20.05, 11.75, 42.9, 22.3, 8.6, 5.5, 13.6, 18.2
54, 2013-02-14, Home, LAC, L, L, 4, O, 201, 1, 0, 99.6, 99.85, 37.7, 81.95, 8.2, 23.4, 16.0, 22.85, 9.55, 43.05, 23.05, 6.9, 4.75, 14.55, 16.8, 40.05, 87.6, 6.1, 18.25, 13.65, 18.4, 11.25, 43.2, 23.1, 9.35, 4.9, 12.6, 20.9, 96.65, 94.4, 37.25, 79.95, 7.1, 19.45, 15.05, 22.1, 11.8, 41.85, 22.65, 8.75, 5.25, 14.85, 19.75, 34.65, 78.5, 8.55, 21.55, 16.55, 22.25, 11.05, 39.3, 22.0, 8.35, 3.35, 15.1, 20.45
55, 2013-02-20, Home, BOS, W, W, -6.5, O, 193.5, 1, 0, 99.05, 99.85, 37.45, 81.15, 7.8, 22.85, 16.35, 23.55, 9.6, 43.05, 23.3, 6.85, 4.6, 14.55, 16.6, 39.95, 87.7, 6.35, 18.5, 13.6, 18.35, 11.65, 43.45, 23.05, 9.4, 5.1, 12.4, 21.4, 96.55, 94.3, 36.9, 81.6, 5.95, 17.9, 16.8, 21.4, 9.2, 42.25, 23.6, 8.65, 4.65, 13.85, 22.6, 35.05, 82.75, 6.35, 21.05, 17.85, 25.05, 12.3, 45.5, 20.05, 7.45, 4.35, 15.3, 20.65
56, 2013-02-22, Home, POR, W, L, -9.5, O, 203.5, 0, 0, 99.45, 99.4, 37.35, 80.55, 7.75, 22.6, 17.0, 24.35, 10.0, 43.5, 23.4, 6.5, 4.65, 14.7, 16.95, 39.85, 87.6, 6.2, 18.25, 13.5, 18.55, 11.6, 42.75, 23.0, 9.2, 4.95, 12.1, 21.95, 95.65, 100.5, 35.45, 79.9, 7.8, 23.9, 16.95, 21.35, 10.05, 41.55, 21.6, 5.7, 4.4, 15.2, 17.5, 39.65, 83.6, 6.5, 17.95, 14.7, 19.4, 10.5, 41.8, 24.8, 8.2, 3.8, 11.75, 19.85
57, 2013-02-24, Away, DAL, W, W, 3, U, 212, 0, 0, 99.95, 98.95, 37.4, 79.9, 7.75, 22.1, 17.4, 24.95, 9.8, 43.55, 23.15, 6.55, 4.65, 14.9, 16.7, 39.95, 87.95, 6.15, 17.8, 12.9, 17.75, 11.35, 42.2, 22.85, 9.25, 4.75, 11.95, 22.25, 106.45, 101.5, 39.95, 86.0, 7.7, 19.75, 18.85, 22.9, 10.0, 44.2, 25.0, 8.0, 5.85, 11.8, 20.4, 36.9, 84.15, 7.25, 20.75, 20.45, 26.5, 11.45, 45.65, 21.6, 7.15, 4.2, 14.05, 19.55
58, 2013-02-25, Away, DEN, L, L, 7.5, O, 217.5, 0, 1, 99.45, 99.25, 37.1, 80.05, 7.75, 22.1, 17.5, 25.15, 9.8, 43.75, 22.4, 6.35, 4.5, 14.6, 16.85, 39.95, 87.55, 6.35, 17.65, 13.0, 18.1, 11.1, 42.45, 22.6, 9.3, 4.7, 11.75, 22.35, 110.9, 105.4, 41.75, 85.75, 7.3, 20.25, 20.1, 27.85, 12.5, 43.4, 25.25, 10.2, 6.4, 15.1, 21.3, 39.6, 84.8, 8.85, 22.8, 17.35, 23.2, 11.25, 40.25, 23.95, 7.95, 6.4, 17.4, 23.0
59, 2013-02-28, Home, MIN, W, W, -10, O, 205, 0, 0, 99.65, 100.8, 37.15, 79.75, 7.65, 21.6, 17.7, 25.8, 9.8, 43.25, 21.95, 6.4, 4.4, 14.95, 16.7, 40.7, 87.2, 6.25, 17.15, 13.15, 18.35, 10.7, 41.95, 23.35, 9.75, 4.85, 11.65, 22.9, 95.35, 99.1, 35.65, 80.1, 5.0, 16.4, 19.05, 26.25, 11.55, 40.2, 22.0, 8.9, 4.05, 14.65, 20.0, 37.95, 79.7, 6.45, 17.2, 16.75, 22.35, 10.95, 41.5, 22.55, 8.6, 5.75, 16.55, 22.65
60, 2013-03-03, Home, ATL, W, L, -5.5, U, 206.5, 0, 0, 100.95, 100.55, 37.8, 80.3, 7.95, 22.1, 17.4, 25.45, 10.05, 43.6, 22.35, 6.6, 4.65, 14.65, 16.55, 40.55, 87.1, 6.5, 17.55, 12.95, 17.95, 10.8, 41.95, 23.55, 9.5, 5.05, 11.95, 22.5, 101.6, 98.5, 38.5, 79.85, 9.75, 24.55, 14.85, 20.8, 8.9, 41.45, 26.9, 7.2, 4.5, 14.85, 19.35, 37.4, 82.95, 7.6, 19.45, 16.1, 21.2, 10.6, 41.7, 22.3, 7.85, 3.6, 14.1, 19.05
61, 2013-03-05, Away, OKC, L, L, 9.5, O, 215, 0, 0, 100.75, 100.05, 37.8, 79.8, 8.0, 21.8, 17.15, 25.3, 9.8, 43.9, 22.4, 6.7, 4.5, 15.05, 16.75, 40.3, 87.0, 6.6, 17.65, 12.85, 17.85, 10.45, 41.75, 23.9, 9.6, 5.35, 11.9, 22.35, 109.35, 100.05, 39.5, 80.65, 7.65, 19.65, 22.7, 27.65, 10.05, 43.0, 22.5, 8.95, 8.35, 15.75, 19.95, 38.0, 87.3, 7.2, 20.1, 16.85, 21.85, 12.25, 41.85, 21.8, 9.35, 4.4, 15.7, 21.95
62, 2013-03-06, Away, NOH, W, W, -2, O, 204, 0, 1, 101.85, 101.4, 37.75, 79.6, 8.45, 22.4, 17.9, 26.15, 9.85, 43.7, 22.2, 6.45, 4.1, 15.1, 17.0, 40.65, 87.15, 6.55, 17.95, 13.55, 18.45, 10.45, 41.85, 23.65, 9.65, 5.05, 11.6, 22.7, 96.55, 99.35, 36.85, 80.75, 6.35, 17.1, 16.5, 21.6, 10.9, 39.85, 21.45, 6.1, 6.35, 12.95, 20.85, 37.35, 78.85, 7.15, 18.95, 17.5, 23.0, 11.2, 40.8, 25.15, 7.8, 5.85, 13.15, 18.5
63, 2013-03-08, Home, TOR, W, L, -7.5, O, 207, 0, 0, 102.6, 101.2, 38.1, 79.85, 8.65, 22.95, 17.75, 26.0, 9.8, 43.8, 22.75, 6.65, 4.0, 14.9, 17.2, 40.2, 86.75, 6.8, 18.5, 14.0, 18.95, 10.4, 41.85, 23.75, 9.55, 5.05, 11.85, 22.45, 96.75, 96.7, 35.75, 81.45, 6.7, 19.05, 18.55, 23.05, 11.15, 40.05, 20.1, 7.45, 5.1, 13.85, 22.5, 35.6, 78.25, 6.5, 17.55, 19.0, 24.85, 10.85, 42.1, 20.85, 6.9, 5.0, 15.35, 20.6
64, 2013-03-10, Home, CHI, W, W, -4.5, U, 194, 0, 0, 103.4, 102.8, 37.9, 80.4, 8.9, 23.85, 18.7, 27.15, 9.9, 43.9, 22.6, 6.8, 4.1, 14.65, 17.2, 40.9, 87.35, 7.05, 18.9, 13.95, 18.95, 10.3, 42.5, 24.55, 9.25, 5.15, 12.2, 23.1, 89.55, 91.7, 34.95, 81.75, 5.15, 16.25, 14.5, 18.3, 13.35, 42.3, 23.2, 7.75, 5.85, 13.45, 18.85, 35.55, 78.0, 5.25, 14.45, 15.35, 21.4, 11.15, 41.55, 19.1, 7.2, 6.25, 13.25, 18.05
65, 2013-03-12, Away, ORL, W, W, -8.5, U, 208.5, 0, 0, 102.65, 102.05, 37.8, 81.0, 8.8, 24.3, 18.25, 26.4, 10.55, 44.25, 22.2, 6.75, 4.4, 14.65, 17.0, 40.75, 87.75, 7.05, 18.9, 13.5, 18.25, 10.7, 42.85, 24.2, 9.2, 5.05, 12.4, 22.65, 92.55, 103.7, 37.7, 84.1, 5.4, 18.8, 11.75, 15.8, 11.0, 41.9, 23.85, 6.3, 4.05, 14.35, 18.95, 39.75, 82.6, 8.4, 22.9, 15.8, 21.35, 10.45, 42.05, 26.65, 7.55, 5.25, 12.0, 16.35
66, 2013-03-13, Away, ATL, L, L, -3.5, U, 204, 1, 1, 102.4, 101.6, 37.55, 80.7, 8.65, 23.9, 18.65, 27.1, 10.45, 43.8, 21.5, 6.8, 4.45, 14.45, 16.95, 40.65, 87.8, 7.1, 19.55, 13.2, 18.05, 10.95, 43.2, 24.05, 9.05, 5.25, 12.65, 23.15, 98.3, 99.05, 37.7, 79.8, 9.05, 24.4, 13.85, 19.2, 8.25, 40.7, 26.1, 7.15, 4.65, 14.85, 18.6, 38.15, 83.1, 7.8, 19.05, 14.95, 20.15, 10.3, 42.65, 23.55, 8.15, 3.55, 13.85, 17.9
67, 2013-03-15, Away, IND, W, W, 8.5, O, 191, 0, 0, 102.7, 101.8, 37.7, 81.4, 8.65, 24.0, 18.65, 26.95, 10.5, 43.75, 21.4, 6.75, 4.3, 13.9, 17.2, 40.6, 87.6, 7.35, 20.05, 13.25, 18.35, 11.05, 44.0, 24.1, 8.55, 5.25, 12.7, 23.0, 100.45, 89.4, 36.45, 78.9, 8.0, 20.5, 19.55, 26.05, 12.2, 45.6, 21.95, 7.7, 6.3, 14.55, 21.45, 33.3, 80.95, 5.1, 16.4, 17.7, 23.95, 11.05, 39.6, 17.55, 8.15, 5.75, 13.85, 24.15
68, 2013-03-17, Home, SAC, W, W, -8.5, U, 216, 0, 0, 102.1, 101.45, 37.4, 80.7, 8.7, 23.7, 18.6, 27.2, 10.0, 43.3, 21.4, 6.9, 4.4, 14.05, 17.35, 40.4, 88.1, 7.45, 20.3, 13.2, 17.9, 11.5, 44.7, 23.8, 8.45, 5.35, 12.85, 23.4, 105.1, 108.25, 38.55, 84.65, 8.4, 21.75, 19.6, 24.65, 10.85, 40.5, 22.15, 9.25, 3.3, 14.55, 20.75, 40.85, 83.3, 7.9, 22.0, 18.65, 23.4, 9.85, 42.35, 26.7, 7.9, 5.9, 14.85, 20.95
69, 2013-03-18, Away, PHO, L, L, -3.5, U, 200.5, 0, 1, 102.85, 101.7, 37.5, 80.15, 9.0, 24.1, 18.85, 27.55, 9.95, 43.4, 21.6, 6.55, 4.6, 14.0, 17.2, 40.45, 88.3, 7.7, 21.15, 13.1, 17.55, 11.35, 44.0, 23.55, 8.3, 5.1, 12.4, 23.6, 92.1, 103.75, 36.4, 83.6, 5.2, 16.75, 14.1, 19.75, 12.55, 44.05, 22.6, 8.3, 4.85, 17.75, 21.05, 38.95, 81.9, 8.9, 20.4, 16.95, 22.55, 10.4, 41.7, 24.3, 9.5, 4.75, 15.35, 18.2
70, 2013-03-22, Home, WAS, L, L, -8.5, O, 199, 0, 0, 102.05, 102.5, 37.1, 80.4, 9.1, 24.55, 18.75, 27.45, 10.4, 43.65, 21.35, 6.8, 4.4, 14.25, 16.95, 41.0, 88.2, 7.8, 21.0, 12.7, 17.35, 11.05, 44.15, 23.8, 8.45, 5.2, 12.4, 23.5, 97.1, 93.9, 36.8, 78.45, 7.2, 16.7, 16.3, 21.8, 10.15, 43.2, 23.1, 6.55, 4.5, 15.3, 21.1, 34.65, 81.4, 7.15, 21.65, 17.45, 23.75, 11.1, 41.6, 20.45, 8.5, 3.45, 13.1, 18.7
71, 2013-03-25, Away, GSW, L, L, 1, O, 205.5, 0, 0, 102.3, 101.85, 37.25, 80.1, 9.4, 24.55, 18.4, 26.8, 10.2, 43.9, 21.9, 6.95, 4.4, 14.5, 16.75, 40.7, 88.2, 8.1, 21.75, 12.35, 16.9, 10.75, 43.7, 23.95, 8.35, 5.2, 12.4, 23.0, 99.4, 98.05, 36.8, 81.7, 8.45, 19.85, 17.35, 22.4, 10.1, 45.1, 21.1, 7.0, 4.6, 15.15, 20.5, 36.4, 84.0, 7.8, 23.05, 17.45, 22.8, 10.75, 42.85, 22.85, 8.8, 4.3, 13.3, 20.2
72, 2013-03-27, Away, MIN, W, L, -4.5, O, 205.5, 1, 0, 102.45, 102.65, 37.25, 80.65, 9.3, 24.55, 18.65, 27.35, 10.65, 44.15, 21.6, 6.95, 4.0, 14.3, 16.65, 40.95, 88.25, 8.4, 22.2, 12.35, 16.9, 10.8, 43.8, 23.55, 8.0, 5.2, 12.45, 23.35, 94.5, 98.4, 35.75, 82.3, 5.2, 17.8, 17.8, 24.15, 10.65, 41.05, 22.55, 8.65, 4.85, 13.65, 19.35, 38.2, 82.4, 7.2, 19.9, 14.8, 20.15, 12.25, 46.7, 22.55, 7.7, 5.6, 16.3, 22.8
73, 2013-03-28, Away, MIL, L, L, -2, O, 210.5, 1, 1, 103.6, 103.15, 37.7, 81.25, 9.45, 25.05, 18.75, 27.95, 11.0, 44.9, 22.15, 7.0, 4.3, 14.65, 17.05, 41.0, 89.1, 8.35, 22.25, 12.8, 17.7, 11.15, 44.15, 23.75, 8.25, 5.05, 12.65, 23.3, 101.35, 104.15, 39.35, 88.55, 7.55, 20.65, 15.1, 20.2, 12.6, 44.85, 24.5, 7.45, 5.8, 12.85, 18.65, 40.35, 86.35, 7.7, 20.3, 15.75, 20.95, 11.6, 45.6, 24.2, 7.8, 4.0, 14.1, 18.4
74, 2013-03-30, Away, SAC, W, W, -2.5, U, 218.5, 0, 0, 104.2, 104.55, 37.6, 80.95, 9.35, 25.0, 19.65, 29.0, 10.95, 44.5, 21.95, 6.9, 4.35, 14.6, 17.3, 41.5, 89.5, 8.55, 22.55, 13.0, 17.95, 11.3, 43.9, 23.5, 8.35, 4.85, 12.3, 23.5, 108.5, 108.1, 40.3, 85.4, 9.7, 24.35, 18.2, 22.5, 10.05, 41.0, 23.35, 7.55, 3.6, 14.1, 21.1, 40.85, 86.4, 7.5, 22.3, 18.9, 24.65, 11.05, 42.25, 28.0, 8.2, 5.85, 13.15, 20.05
75, 2013-04-02, Home, DAL, W, W, -3.5, U, 207.5, 0, 0, 104.3, 103.2, 37.6, 81.3, 9.55, 25.5, 19.55, 28.95, 11.2, 44.75, 21.85, 6.9, 4.6, 14.15, 17.25, 41.15, 89.35, 8.1, 22.25, 12.8, 17.65, 11.25, 43.75, 23.2, 7.95, 4.55, 12.15, 23.15, 101.1, 101.1, 39.45, 81.9, 7.85, 20.35, 14.35, 18.4, 8.55, 40.05, 23.3, 8.0, 5.75, 13.7, 20.55, 37.6, 82.3, 7.75, 21.35, 18.15, 24.2, 10.35, 43.1, 22.25, 8.05, 3.3, 13.7, 18.5
76, 2013-04-05, Home, MEM, W, P, -2, U, 190, 0, 0, 103.7, 102.3, 37.3, 81.2, 9.6, 25.6, 19.5, 29.05, 11.45, 45.15, 21.8, 7.05, 4.85, 14.35, 17.0, 40.9, 89.3, 8.0, 22.2, 12.5, 17.25, 11.3, 43.9, 23.15, 8.25, 4.65, 12.2, 23.1, 94.95, 90.4, 36.25, 79.05, 4.75, 13.15, 17.7, 22.95, 11.75, 41.3, 20.95, 7.75, 4.95, 12.35, 21.35, 33.1, 75.85, 5.55, 18.85, 18.65, 24.05, 10.05, 38.5, 18.55, 6.45, 5.2, 13.35, 20.55
77, 2013-04-07, Away, LAC, L, L, 4.5, O, 199, 0, 0, 102.45, 101.15, 37.0, 80.65, 9.55, 25.7, 18.9, 28.25, 11.25, 44.95, 22.0, 6.9, 4.7, 14.45, 17.15, 40.5, 88.9, 7.75, 21.9, 12.4, 17.0, 11.35, 43.6, 23.1, 8.4, 4.75, 11.85, 22.5, 102.6, 97.9, 39.0, 80.05, 8.4, 23.75, 16.2, 22.15, 10.75, 39.3, 24.5, 8.9, 4.75, 13.35, 21.75, 35.7, 75.85, 8.0, 20.6, 18.5, 24.05, 9.4, 36.5, 23.65, 7.1, 3.95, 14.7, 21.15
78, 2013-04-09, Home, NOH, W, L, -8.5, O, 193.5, 0, 0, 102.05, 101.65, 36.95, 80.85, 9.25, 25.65, 18.9, 28.2, 11.4, 44.5, 22.4, 6.85, 4.85, 14.2, 17.05, 40.65, 88.75, 7.75, 22.05, 12.6, 17.1, 11.55, 43.9, 23.45, 8.15, 4.75, 11.75, 22.45, 92.75, 97.95, 35.35, 79.75, 5.9, 17.35, 16.15, 20.05, 12.95, 41.25, 20.05, 6.55, 5.5, 13.5, 20.8, 36.6, 75.4, 8.0, 19.7, 16.75, 21.0, 9.35, 36.8, 22.1, 7.8, 5.75, 12.45, 18.3
79, 2013-04-10, Away, POR, W, W, -6.5, O, 202, 0, 1, 101.85, 100.5, 36.8, 80.9, 9.2, 25.95, 19.05, 27.75, 11.45, 44.8, 22.65, 7.0, 5.0, 14.2, 17.0, 40.05, 88.55, 7.75, 22.15, 12.65, 16.65, 11.3, 43.5, 23.1, 7.85, 4.6, 12.05, 22.4, 99.8, 101.7, 38.2, 81.45, 8.55, 22.0, 14.85, 19.45, 9.75, 40.3, 23.25, 5.6, 4.0, 13.1, 18.05, 40.8, 84.3, 5.65, 17.2, 14.45, 20.1, 11.7, 42.5, 24.65, 8.1, 4.7, 10.5, 17.6
80, 2013-04-12, Home, GSW, W, L, -7, O, 208.5, 1, 0, 101.7, 101.1, 36.75, 80.4, 8.7, 25.3, 19.5, 27.9, 11.1, 44.3, 22.1, 7.0, 5.15, 14.25, 16.85, 40.1, 88.75, 8.0, 22.4, 12.9, 16.9, 11.45, 43.3, 23.0, 7.9, 4.3, 11.95, 22.65, 100.5, 96.2, 38.1, 82.15, 8.3, 19.5, 16.0, 20.95, 9.75, 44.25, 22.35, 7.15, 4.65, 14.6, 19.7, 36.05, 84.2, 8.3, 23.15, 15.8, 20.45, 10.85, 42.55, 23.05, 8.0, 3.8, 13.65, 18.95
81, 2013-04-14, Home, SAS, W, W, 3.5, U, 196, 0, 0, 102.65, 102.0, 36.55, 79.8, 8.8, 25.5, 20.75, 29.5, 10.9, 43.95, 22.15, 6.65, 5.2, 13.8, 16.75, 40.35, 89.5, 8.15, 22.6, 13.15, 16.95, 12.05, 43.7, 22.55, 7.6, 4.1, 11.65, 23.35, 100.6, 97.25, 38.9, 81.25, 7.4, 20.05, 15.4, 19.3, 8.8, 42.25, 25.75, 7.65, 6.45, 14.2, 16.05, 37.9, 84.15, 7.65, 17.95, 13.8, 18.15, 10.25, 40.55, 22.2, 8.9, 6.05, 13.3, 19.6
82, 2013-04-17, Home, HOU, W, W, -2.5, U, 203, 0, 0, 101.95, 100.2, 36.55, 80.2, 8.65, 25.4, 20.2, 29.05, 10.9, 44.55, 22.5, 6.95, 5.5, 13.7, 16.4, 39.7, 89.15, 8.05, 22.35, 12.75, 16.7, 11.85, 43.9, 22.8, 7.65, 4.25, 11.95, 23.15, 103.2, 99.0, 36.25, 81.45, 10.55, 29.2, 20.15, 26.55, 11.9, 44.95, 22.25, 7.65, 5.7, 16.15, 20.25, 37.8, 86.1, 7.05, 20.2, 16.35, 20.9, 10.5, 41.45, 22.65, 9.1, 5.75, 13.4, 21.45
