19, 2014-12-02, Home, IND, W, W, -5, O, 196.5, 0, 1881.0, 1860.0, 697.0, 1540.0, 168.0, 469.0, 319.0, 386.0, 183.0, 762.0, 371.0, 136.0, 75.0, 267.0, 426.0, 665.0, 1485.0, 125.0, 362.0, 405.0, 523.0, 203.0, 809.0, 353.0, 148.0, 75.0, 285.0, 392.0
20, 2014-12-05, Away, DAL, W, W, 5.5, O, 216, 0, 1878.0, 1860.0, 695.0, 1544.0, 164.0, 462.0, 324.0, 394.0, 183.0, 766.0, 366.0, 144.0, 77.0, 265.0, 420.0, 669.0, 1484.0, 125.0, 362.0, 397.0, 515.0, 199.0, 812.0, 353.0, 147.0, 75.0, 291.0, 398.0
21, 2014-12-06, Away, HOU, L, L, -2, U, 207.5, 1, 1902.0, 1877.0, 705.0, 1537.0, 175.0, 470.0, 317.0, 385.0, 178.0, 757.0, 378.0, 147.0, 75.0, 271.0, 424.0, 677.0, 1494.0, 121.0, 356.0, 402.0, 522.0, 210.0, 811.0, 346.0, 149.0, 73.0, 290.0, 389.0
22, 2014-12-08, Away, LAC, L, W, 7.5, O, 216, 0, 1906.0, 1859.0, 703.0, 1543.0, 175.0, 467.0, 325.0, 396.0, 188.0, 763.0, 377.0, 153.0, 76.0, 272.0, 422.0, 668.0, 1487.0, 125.0, 357.0, 398.0, 520.0, 216.0, 816.0, 343.0, 146.0, 74.0, 299.0, 397.0
23, 2014-12-09, Home, MIA, L, L, -4.5, U, 202.5, 1, 1914.0, 1874.0, 706.0, 1543.0, 185.0, 486.0, 317.0, 385.0, 182.0, 754.0, 381.0, 156.0, 72.0, 275.0, 421.0, 677.0, 1495.0, 128.0, 372.0, 392.0, 509.0, 208.0, 812.0, 354.0, 146.0, 71.0, 298.0, 394.0
24, 2014-12-12, Home, DET, L, L, -9.5, O, 205, 0, 1920.0, 1875.0, 711.0, 1551.0, 194.0, 500.0, 304.0, 373.0, 187.0, 756.0, 392.0, 152.0, 73.0, 279.0, 421.0, 680.0, 1495.0, 128.0, 372.0, 387.0, 504.0, 209.0, 809.0, 354.0, 150.0, 74.0, 293.0, 387.0
25, 2014-12-14, Away, OKC, L, L, 7.5, U, 211, 0, 1911.0, 1866.0, 708.0, 1536.0, 194.0, 500.0, 301.0, 367.0, 188.0, 751.0, 389.0, 156.0, 71.0, 284.0, 412.0, 681.0, 1488.0, 129.0, 371.0, 375.0, 492.0, 209.0, 796.0, 355.0, 155.0, 73.0, 296.0, 378.0
26, 2014-12-15, Home, MIL, L, L, -5.5, U, 209.5, 1, 1892.0, 1883.0, 708.0, 1556.0, 189.0, 501.0, 287.0, 352.0, 193.0, 752.0, 393.0, 158.0, 72.0, 273.0, 415.0, 687.0, 1499.0, 122.0, 365.0, 387.0, 505.0, 220.0, 823.0, 359.0, 153.0, 71.0, 288.0, 371.0
27, 2014-12-17, Away, CHO, W, W, -2.5, O, 201.5, 0, 1874.0, 1875.0, 699.0, 1550.0, 193.0, 515.0, 283.0, 350.0, 197.0, 750.0, 390.0, 160.0, 75.0, 273.0, 417.0, 687.0, 1498.0, 121.0, 360.0, 380.0, 495.0, 217.0, 819.0, 365.0, 154.0, 68.0, 290.0, 373.0
28, 2014-12-20, Away, NYK, W, W, -6, U, 199.5, 0, 1890.0, 1878.0, 705.0, 1546.0, 194.0, 511.0, 286.0, 357.0, 194.0, 748.0, 396.0, 161.0, 76.0, 270.0, 409.0, 688.0, 1493.0, 124.0, 368.0, 378.0, 498.0, 211.0, 808.0, 366.0, 155.0, 68.0, 289.0, 374.0
29, 2014-12-21, Away, WAS, W, W, 5.5, U, 205.5, 1, 1882.0, 1848.0, 702.0, 1525.0, 193.0, 506.0, 285.0, 357.0, 190.0, 748.0, 385.0, 162.0, 76.0, 274.0, 391.0, 687.0, 1513.0, 117.0, 361.0, 357.0, 471.0, 224.0, 806.0, 359.0, 161.0, 60.0, 283.0, 369.0
30, 2014-12-23, Home, DAL, W, W, -1.5, O, 216.5, 0, 1868.0, 1826.0, 694.0, 1510.0, 190.0, 502.0, 290.0, 366.0, 194.0, 753.0, 368.0, 154.0, 82.0, 273.0, 392.0, 676.0, 1509.0, 116.0, 365.0, 358.0, 469.0, 228.0, 804.0, 342.0, 162.0, 60.0, 276.0, 373.0
31, 2014-12-26, Away, SAC, W, W, -5, O, 212.5, 0, 1904.0, 1855.0, 701.0, 1532.0, 199.0, 520.0, 303.0, 385.0, 203.0, 756.0, 377.0, 156.0, 81.0, 268.0, 396.0, 684.0, 1510.0, 118.0, 365.0, 369.0, 479.0, 227.0, 810.0, 343.0, 157.0, 60.0, 282.0, 384.0
32, 2014-12-28, Away, LAL, W, W, -5, O, 216.5, 0, 1897.0, 1865.0, 703.0, 1540.0, 200.0, 522.0, 291.0, 374.0, 208.0, 756.0, 378.0, 151.0, 92.0, 269.0, 388.0, 689.0, 1525.0, 121.0, 362.0, 366.0, 470.0, 235.0, 819.0, 343.0, 155.0, 61.0, 277.0, 376.0
33, 2014-12-30, Away, NOP, L, L, 2, O, 213, 0, 1907.0, 1889.0, 709.0, 1542.0, 197.0, 513.0, 292.0, 378.0, 203.0, 750.0, 385.0, 153.0, 93.0, 269.0, 384.0, 700.0, 1522.0, 126.0, 359.0, 363.0, 470.0, 224.0, 807.0, 347.0, 154.0, 62.0, 280.0, 375.0
34, 2014-12-31, Away, OKC, L, W, 8, O, 213, 1, 1913.0, 1895.0, 711.0, 1544.0, 192.0, 501.0, 299.0, 386.0, 203.0, 746.0, 380.0, 154.0, 96.0, 255.0, 379.0, 705.0, 1521.0, 130.0, 360.0, 355.0, 467.0, 229.0, 819.0, 345.0, 149.0, 61.0, 278.0, 373.0
35, 2015-01-02, Home, PHI, W, W, -13.5, U, 208.5, 0, 1927.0, 1920.0, 712.0, 1546.0, 192.0, 503.0, 311.0, 400.0, 197.0, 744.0, 370.0, 152.0, 91.0, 252.0, 392.0, 707.0, 1530.0, 133.0, 370.0, 373.0, 482.0, 228.0, 822.0, 348.0, 145.0, 61.0, 273.0, 378.0
36, 2015-01-04, Home, TOR, W, W, -1, O, 216.5, 0, 1942.0, 1894.0, 721.0, 1545.0, 198.0, 512.0, 302.0, 387.0, 201.0, 758.0, 380.0, 157.0, 98.0, 256.0, 389.0, 703.0, 1529.0, 132.0, 375.0, 356.0, 471.0, 228.0, 805.0, 348.0, 147.0, 65.0, 271.0, 366.0
37, 2015-01-06, Away, MIL, W, W, -4.5, U, 209, 0, 1977.0, 1910.0, 735.0, 1549.0, 199.0, 509.0, 308.0, 397.0, 198.0, 756.0, 384.0, 167.0, 97.0, 253.0, 400.0, 706.0, 1536.0, 136.0, 386.0, 362.0, 475.0, 227.0, 801.0, 356.0, 148.0, 66.0, 269.0, 368.0
38, 2015-01-07, Away, MIN, W, L, -8, O, 216, 1, 1963.0, 1907.0, 729.0, 1544.0, 194.0, 509.0, 311.0, 398.0, 201.0, 758.0, 385.0, 161.0, 98.0, 260.0, 397.0, 702.0, 1539.0, 135.0, 393.0, 368.0, 480.0, 232.0, 804.0, 358.0, 149.0, 68.0, 267.0, 365.0
39, 2015-01-09, Away, SAS, L, P, 5, U, 212, 0, 1958.0, 1912.0, 730.0, 1560.0, 186.0, 509.0, 312.0, 400.0, 208.0, 758.0, 370.0, 170.0, 103.0, 260.0, 392.0, 706.0, 1543.0, 138.0, 391.0, 362.0, 469.0, 232.0, 806.0, 375.0, 152.0, 70.0, 275.0, 366.0
40, 2015-01-11, Away, MEM, L, L, 3.5, O, 209, 0, 1958.0, 1912.0, 733.0, 1550.0, 186.0, 507.0, 306.0, 395.0, 201.0, 766.0, 377.0, 166.0, 101.0, 267.0, 392.0, 711.0, 1551.0, 138.0, 387.0, 352.0, 456.0, 220.0, 789.0, 387.0, 157.0, 65.0, 268.0, 363.0
41, 2015-01-13, Home, CLE, W, W, -4.5, U, 212.5, 0, 1948.0, 1913.0, 731.0, 1559.0, 178.0, 505.0, 308.0, 398.0, 203.0, 769.0, 365.0, 171.0, 105.0, 271.0, 391.0, 715.0, 1555.0, 138.0, 377.0, 345.0, 450.0, 221.0, 798.0, 384.0, 157.0, 68.0, 281.0, 366.0
42, 2015-01-16, Home, MIN, W, L, -13.5, U, 216.5, 0, 1958.0, 1910.0, 734.0, 1558.0, 168.0, 490.0, 322.0, 416.0, 202.0, 766.0, 364.0, 174.0, 102.0, 260.0, 391.0, 708.0, 1557.0, 142.0, 395.0, 352.0, 458.0, 228.0, 806.0, 375.0, 150.0, 65.0, 289.0, 373.0
43, 2015-01-19, Home, LAL, W, W, -10.5, P, 215, 0, 1965.0, 1904.0, 743.0, 1562.0, 163.0, 474.0, 316.0, 408.0, 207.0, 775.0, 366.0, 168.0, 102.0, 259.0, 383.0, 710.0, 1564.0, 146.0, 402.0, 338.0, 443.0, 228.0, 795.0, 384.0, 145.0, 65.0, 281.0, 369.0
44, 2015-01-21, Home, POR, W, L, -7.5, O, 211.5, 0, 1992.0, 1892.0, 752.0, 1549.0, 169.0, 475.0, 319.0, 412.0, 203.0, 776.0, 368.0, 173.0, 106.0, 264.0, 383.0, 705.0, 1559.0, 150.0, 401.0, 332.0, 444.0, 227.0, 778.0, 388.0, 147.0, 63.0, 286.0, 370.0
45, 2015-01-23, Home, HOU, L, L, -2.5, O, 220.5, 0, 2016.0, 1909.0, 769.0, 1566.0, 166.0, 464.0, 312.0, 409.0, 198.0, 784.0, 375.0, 172.0, 102.0, 257.0, 380.0, 709.0, 1573.0, 155.0, 417.0, 336.0, 450.0, 232.0, 789.0, 386.0, 145.0, 66.0, 279.0, 361.0
46, 2015-01-25, Home, LAC, L, L, 2.5, U, 223, 0, 2016.0, 1916.0, 768.0, 1575.0, 167.0, 469.0, 313.0, 412.0, 203.0, 785.0, 374.0, 172.0, 101.0, 261.0, 388.0, 713.0, 1571.0, 155.0, 420.0, 335.0, 448.0, 230.0, 795.0, 388.0, 146.0, 69.0, 287.0, 366.0
47, 2015-01-28, Home, WAS, W, W, -6.5, U, 211, 0, 2017.0, 1946.0, 767.0, 1577.0, 167.0, 473.0, 316.0, 416.0, 196.0, 773.0, 382.0, 167.0, 106.0, 258.0, 401.0, 721.0, 1570.0, 158.0, 421.0, 346.0, 468.0, 227.0, 800.0, 399.0, 142.0, 70.0, 284.0, 365.0
48, 2015-01-30, Home, CHI, W, L, -7, U, 212.5, 0, 2019.0, 1952.0, 767.0, 1587.0, 172.0, 485.0, 313.0, 409.0, 191.0, 769.0, 392.0, 174.0, 100.0, 250.0, 393.0, 724.0, 1575.0, 163.0, 425.0, 341.0, 462.0, 227.0, 808.0, 401.0, 133.0, 69.0, 286.0, 358.0
49, 2015-01-31, Away, GSW, L, L, 10.5, U, 225, 1, 1994.0, 1930.0, 762.0, 1580.0, 165.0, 474.0, 305.0, 394.0, 188.0, 775.0, 378.0, 169.0, 102.0, 251.0, 388.0, 719.0, 1574.0, 158.0, 418.0, 334.0, 460.0, 225.0, 808.0, 399.0, 135.0, 71.0, 277.0, 349.0
50, 2015-02-02, Home, MEM, L, W, 2.5, U, 204, 0, 1966.0, 1930.0, 749.0, 1577.0, 160.0, 467.0, 308.0, 399.0, 187.0, 781.0, 375.0, 173.0, 96.0, 257.0, 388.0, 718.0, 1568.0, 163.0, 430.0, 331.0, 454.0, 216.0, 804.0, 408.0, 138.0, 77.0, 280.0, 354.0
51, 2015-02-05, Away, POR, L, L, 5, U, 211.5, 0, 1951.0, 1925.0, 747.0, 1574.0, 157.0, 461.0, 300.0, 393.0, 190.0, 774.0, 369.0, 173.0, 97.0, 261.0, 398.0, 712.0, 1570.0, 154.0, 421.0, 347.0, 468.0, 228.0, 815.0, 405.0, 142.0, 75.0, 277.0, 352.0
52, 2015-02-06, Home, UTA, W, W, -5.5, U, 202, 1, 1932.0, 1923.0, 740.0, 1576.0, 154.0, 463.0, 298.0, 391.0, 190.0, 778.0, 372.0, 177.0, 93.0, 271.0, 398.0, 710.0, 1579.0, 154.0, 434.0, 349.0, 462.0, 228.0, 823.0, 407.0, 145.0, 80.0, 281.0, 348.0
53, 2015-02-08, Away, SAC, L, L, -8, U, 207.5, 0, 1898.0, 1879.0, 732.0, 1570.0, 155.0, 463.0, 279.0, 370.0, 193.0, 783.0, 375.0, 180.0, 95.0, 269.0, 379.0, 706.0, 1560.0, 150.0, 419.0, 317.0, 431.0, 215.0, 816.0, 408.0, 147.0, 80.0, 283.0, 337.0
54, 2015-02-10, Home, HOU, L, L, -2.5, O, 217.5, 0, 1869.0, 1868.0, 723.0, 1577.0, 146.0, 459.0, 277.0, 371.0, 191.0, 778.0, 368.0, 180.0, 87.0, 260.0, 380.0, 703.0, 1548.0, 147.0, 405.0, 315.0, 427.0, 203.0, 818.0, 408.0, 136.0, 78.0, 282.0, 339.0
55, 2015-02-20, Away, MIN, L, L, 1.5, O, 207, 0, 1862.0, 1886.0, 716.0, 1575.0, 150.0, 462.0, 280.0, 373.0, 196.0, 776.0, 360.0, 174.0, 90.0, 258.0, 369.0, 713.0, 1560.0, 153.0, 416.0, 307.0, 421.0, 209.0, 822.0, 414.0, 136.0, 77.0, 275.0, 339.0
56, 2015-02-21, Away, CHI, L, W, 8, O, 204.5, 1, 1869.0, 1901.0, 719.0, 1583.0, 150.0, 454.0, 281.0, 377.0, 201.0, 778.0, 364.0, 175.0, 93.0, 252.0, 381.0, 716.0, 1558.0, 154.0, 411.0, 315.0, 437.0, 213.0, 829.0, 416.0, 134.0, 79.0, 272.0, 346.0
57, 2015-02-23, Home, BOS, L, L, -8, O, 211.5, 0, 1863.0, 1902.0, 720.0, 1575.0, 155.0, 453.0, 268.0, 366.0, 195.0, 773.0, 377.0, 171.0, 87.0, 252.0, 376.0, 715.0, 1555.0, 159.0, 418.0, 313.0, 434.0, 211.0, 830.0, 413.0, 131.0, 79.0, 270.0, 343.0
58, 2015-02-25, Away, DEN, W, W, -6, U, 214, 0, 1878.0, 1917.0, 727.0, 1589.0, 157.0, 459.0, 267.0, 361.0, 201.0, 775.0, 379.0, 170.0, 88.0, 250.0, 380.0, 716.0, 1555.0, 162.0, 424.0, 323.0, 446.0, 213.0, 832.0, 411.0, 132.0, 78.0, 270.0, 337.0
59, 2015-02-26, Home, OKC, W, W, 5, O, 216.5, 1, 1878.0, 1891.0, 724.0, 1580.0, 157.0, 448.0, 273.0, 370.0, 215.0, 794.0, 378.0, 165.0, 88.0, 249.0, 378.0, 699.0, 1536.0, 165.0, 437.0, 328.0, 455.0, 212.0, 818.0, 409.0, 136.0, 75.0, 261.0, 331.0
60, 2015-02-28, Home, SAS, L, L, -2, U, 207, 0, 1888.0, 1904.0, 732.0, 1601.0, 159.0, 454.0, 265.0, 364.0, 216.0, 812.0, 376.0, 159.0, 95.0, 251.0, 382.0, 702.0, 1555.0, 160.0, 426.0, 340.0, 465.0, 209.0, 826.0, 410.0, 135.0, 78.0, 252.0, 334.0
61, 2015-03-02, Away, MIA, L, L, 1.5, O, 206, 0, 1852.0, 1906.0, 709.0, 1598.0, 159.0, 455.0, 275.0, 377.0, 209.0, 808.0, 371.0, 161.0, 94.0, 253.0, 388.0, 701.0, 1556.0, 156.0, 423.0, 348.0, 470.0, 206.0, 846.0, 402.0, 136.0, 81.0, 256.0, 344.0
62, 2015-03-04, Away, ORL, W, W, -4.5, O, 202, 0, 1835.0, 1921.0, 699.0, 1590.0, 153.0, 454.0, 284.0, 393.0, 213.0, 810.0, 365.0, 152.0, 89.0, 257.0, 393.0, 710.0, 1563.0, 155.0, 420.0, 346.0, 465.0, 205.0, 845.0, 397.0, 141.0, 82.0, 247.0, 355.0
63, 2015-03-06, Away, BRK, W, W, 2, U, 212, 0, 1822.0, 1908.0, 689.0, 1577.0, 152.0, 448.0, 292.0, 396.0, 211.0, 794.0, 363.0, 151.0, 91.0, 263.0, 387.0, 712.0, 1563.0, 147.0, 408.0, 337.0, 452.0, 204.0, 843.0, 397.0, 146.0, 83.0, 253.0, 363.0
64, 2015-03-07, Away, CLE, L, W, 11, U, 211.5, 1, 1819.0, 1895.0, 686.0, 1577.0, 145.0, 444.0, 302.0, 407.0, 210.0, 801.0, 361.0, 160.0, 87.0, 266.0, 388.0, 702.0, 1576.0, 145.0, 403.0, 346.0, 461.0, 216.0, 859.0, 394.0, 144.0, 78.0, 259.0, 371.0
65, 2015-03-09, Home, GSW, L, L, 5.5, U, 213.5, 0, 1798.0, 1864.0, 682.0, 1581.0, 144.0, 440.0, 290.0, 394.0, 218.0, 813.0, 358.0, 161.0, 83.0, 265.0, 383.0, 690.0, 1564.0, 143.0, 400.0, 341.0, 448.0, 214.0, 855.0, 388.0, 142.0, 74.0, 262.0, 365.0
66, 2015-03-11, Home, MIN, W, W, -5, U, 204.5, 0, 1772.0, 1864.0, 671.0, 1570.0, 137.0, 422.0, 293.0, 399.0, 217.0, 809.0, 348.0, 162.0, 82.0, 274.0, 386.0, 688.0, 1559.0, 148.0, 413.0, 340.0, 444.0, 208.0, 853.0, 392.0, 151.0, 79.0, 267.0, 370.0
67, 2015-03-13, Home, ATL, L, L, 6.5, U, 202.5, 0, 1779.0, 1868.0, 677.0, 1570.0, 137.0, 424.0, 288.0, 395.0, 222.0, 804.0, 357.0, 162.0, 79.0, 277.0, 384.0, 688.0, 1553.0, 145.0, 408.0, 347.0, 443.0, 208.0, 838.0, 391.0, 150.0, 78.0, 266.0, 368.0
68, 2015-03-15, Home, NYK, W, W, -11.5, U, 196, 0, 1779.0, 1858.0, 676.0, 1557.0, 138.0, 424.0, 289.0, 399.0, 218.0, 797.0, 354.0, 159.0, 80.0, 275.0, 381.0, 687.0, 1549.0, 141.0, 394.0, 343.0, 437.0, 206.0, 832.0, 386.0, 150.0, 76.0, 262.0, 368.0
69, 2015-03-19, Home, NOP, W, W, PK, U, 198.5, 0, 1780.0, 1845.0, 675.0, 1556.0, 138.0, 426.0, 292.0, 404.0, 220.0, 810.0, 360.0, 156.0, 75.0, 271.0, 378.0, 683.0, 1539.0, 143.0, 397.0, 336.0, 433.0, 196.0, 821.0, 389.0, 148.0, 74.0, 261.0, 373.0
70, 2015-03-21, Away, HOU, W, W, 7.5, O, 207, 0, 1767.0, 1809.0, 670.0, 1551.0, 134.0, 425.0, 293.0, 408.0, 223.0, 825.0, 351.0, 150.0, 81.0, 267.0, 372.0, 674.0, 1532.0, 140.0, 384.0, 321.0, 420.0, 192.0, 809.0, 387.0, 145.0, 71.0, 256.0, 377.0
71, 2015-03-22, Home, DAL, W, W, 4.5, U, 207, 1, 1784.0, 1818.0, 678.0, 1559.0, 128.0, 413.0, 300.0, 418.0, 227.0, 830.0, 351.0, 150.0, 81.0, 270.0, 372.0, 678.0, 1539.0, 143.0, 398.0, 319.0, 414.0, 190.0, 802.0, 392.0, 144.0, 72.0, 260.0, 382.0
72, 2015-03-25, Home, SAC, L, L, -8, U, 213, 0, 1799.0, 1825.0, 684.0, 1544.0, 129.0, 406.0, 302.0, 424.0, 225.0, 836.0, 356.0, 151.0, 84.0, 279.0, 370.0, 681.0, 1560.0, 144.0, 405.0, 319.0, 415.0, 201.0, 799.0, 393.0, 152.0, 68.0, 257.0, 387.0
73, 2015-03-27, Home, POR, L, L, 1, U, 201, 0, 1780.0, 1806.0, 681.0, 1544.0, 123.0, 405.0, 295.0, 420.0, 226.0, 843.0, 354.0, 152.0, 85.0, 283.0, 371.0, 673.0, 1546.0, 137.0, 389.0, 323.0, 415.0, 194.0, 795.0, 392.0, 151.0, 68.0, 263.0, 387.0
74, 2015-03-29, Home, OKC, L, L, -2, U, 211.5, 0, 1752.0, 1782.0, 673.0, 1542.0, 122.0, 408.0, 284.0, 401.0, 220.0, 843.0, 345.0, 149.0, 77.0, 283.0, 362.0, 669.0, 1549.0, 140.0, 400.0, 304.0, 395.0, 192.0, 798.0, 383.0, 148.0, 65.0, 262.0, 377.0
75, 2015-03-30, Away, POR, L, L, 8.5, U, 199, 1, 1742.0, 1779.0, 663.0, 1536.0, 117.0, 405.0, 299.0, 417.0, 220.0, 847.0, 343.0, 148.0, 79.0, 288.0, 367.0, 666.0, 1546.0, 138.0, 402.0, 309.0, 405.0, 189.0, 799.0, 372.0, 152.0, 66.0, 260.0, 383.0
76, 2015-04-02, Away, GSW, L, W, 12.5, O, 210, 0, 1718.0, 1773.0, 657.0, 1526.0, 111.0, 389.0, 293.0, 411.0, 213.0, 835.0, 336.0, 145.0, 74.0, 283.0, 354.0, 671.0, 1543.0, 136.0, 400.0, 295.0, 385.0, 189.0, 804.0, 372.0, 145.0, 70.0, 259.0, 379.0
77, 2015-04-04, Home, UTA, W, W, -1, U, 187, 0, 1714.0, 1784.0, 660.0, 1525.0, 108.0, 384.0, 286.0, 405.0, 199.0, 817.0, 342.0, 142.0, 70.0, 275.0, 345.0, 683.0, 1555.0, 134.0, 392.0, 284.0, 369.0, 194.0, 814.0, 379.0, 140.0, 70.0, 257.0, 380.0
78, 2015-04-07, Away, ATL, L, L, 7, U, 200.5, 0, 1684.0, 1756.0, 642.0, 1497.0, 104.0, 372.0, 296.0, 413.0, 195.0, 797.0, 333.0, 149.0, 68.0, 277.0, 342.0, 673.0, 1528.0, 133.0, 389.0, 277.0, 363.0, 194.0, 811.0, 379.0, 144.0, 68.0, 265.0, 379.0
79, 2015-04-08, Away, DAL, L, W, 8.5, O, 205.5, 1, 1679.0, 1751.0, 643.0, 1496.0, 103.0, 376.0, 290.0, 407.0, 196.0, 792.0, 336.0, 147.0, 70.0, 274.0, 329.0, 673.0, 1519.0, 133.0, 395.0, 272.0, 360.0, 192.0, 809.0, 382.0, 146.0, 66.0, 266.0, 372.0
80, 2015-04-10, Away, NOP, L, L, 9, U, 194, 0, 1685.0, 1743.0, 650.0, 1500.0, 104.0, 370.0, 281.0, 388.0, 190.0, 786.0, 341.0, 146.0, 73.0, 267.0, 327.0, 675.0, 1531.0, 130.0, 399.0, 263.0, 346.0, 195.0, 811.0, 381.0, 135.0, 65.0, 260.0, 358.0
81, 2015-04-12, Away, SAS, L, W, 17, U, 199.5, 0, 1655.0, 1733.0, 643.0, 1506.0, 103.0, 374.0, 266.0, 371.0, 191.0, 795.0, 337.0, 145.0, 74.0, 258.0, 330.0, 671.0, 1528.0, 130.0, 398.0, 261.0, 350.0, 201.0, 825.0, 389.0, 126.0, 73.0, 251.0, 344.0
82, 2015-04-14, Home, LAC, L, P, 11, O, 207, 0, 1638.0, 1740.0, 639.0, 1500.0, 104.0, 364.0, 256.0, 359.0, 192.0, 785.0, 335.0, 138.0, 75.0, 253.0, 329.0, 672.0, 1500.0, 130.0, 395.0, 266.0, 355.0, 189.0, 811.0, 390.0, 128.0, 78.0, 246.0, 337.0
