15, 2014-11-24, Away, TOR, L, W, 4.5, U, 210, 0, 1474.0, 1429.0, 546.0, 1198.0, 126.0, 362.0, 256.0, 307.0, 139.0, 602.0, 286.0, 112.0, 56.0, 197.0, 333.0, 513.0, 1149.0, 100.0, 284.0, 303.0, 396.0, 149.0, 620.0, 279.0, 111.0, 62.0, 216.0, 301.0
16, 2014-11-26, Home, DEN, W, W, -7.5, O, 215.5, 0, 1455.0, 1434.0, 540.0, 1200.0, 124.0, 363.0, 251.0, 300.0, 141.0, 604.0, 285.0, 113.0, 56.0, 203.0, 334.0, 513.0, 1145.0, 100.0, 288.0, 308.0, 403.0, 145.0, 619.0, 280.0, 111.0, 62.0, 215.0, 303.0
17, 2014-11-28, Away, DEN, L, L, 2, O, 215.5, 0, 1481.0, 1457.0, 550.0, 1201.0, 135.0, 370.0, 246.0, 295.0, 142.0, 595.0, 297.0, 120.0, 59.0, 212.0, 335.0, 520.0, 1157.0, 100.0, 288.0, 317.0, 414.0, 160.0, 621.0, 279.0, 118.0, 63.0, 220.0, 300.0
18, 2014-11-30, Home, ORL, L, L, -9, U, 204.5, 0, 1487.0, 1461.0, 547.0, 1199.0, 136.0, 362.0, 257.0, 309.0, 145.0, 595.0, 294.0, 116.0, 57.0, 216.0, 340.0, 519.0, 1157.0, 101.0, 283.0, 322.0, 417.0, 163.0, 627.0, 280.0, 118.0, 60.0, 225.0, 312.0
19, 2014-12-02, Home, IND, W, W, -5, O, 196.5, 0, 1465.0, 1448.0, 540.0, 1193.0, 137.0, 370.0, 248.0, 296.0, 143.0, 586.0, 288.0, 115.0, 53.0, 222.0, 329.0, 519.0, 1145.0, 100.0, 282.0, 310.0, 401.0, 155.0, 625.0, 278.0, 119.0, 55.0, 235.0, 309.0
20, 2014-12-05, Away, DAL, W, W, 5.5, O, 216, 0, 1490.0, 1445.0, 551.0, 1210.0, 141.0, 374.0, 247.0, 301.0, 147.0, 595.0, 293.0, 117.0, 54.0, 216.0, 328.0, 520.0, 1150.0, 95.0, 278.0, 310.0, 401.0, 155.0, 629.0, 273.0, 117.0, 57.0, 238.0, 312.0
21, 2014-12-06, Away, HOU, L, L, -2, U, 207.5, 1, 1496.0, 1437.0, 554.0, 1192.0, 144.0, 369.0, 244.0, 293.0, 145.0, 594.0, 301.0, 115.0, 50.0, 217.0, 320.0, 521.0, 1147.0, 96.0, 281.0, 299.0, 392.0, 158.0, 613.0, 270.0, 116.0, 54.0, 234.0, 301.0
22, 2014-12-08, Away, LAC, L, W, 7.5, O, 216, 0, 1484.0, 1442.0, 554.0, 1206.0, 139.0, 367.0, 237.0, 286.0, 152.0, 595.0, 300.0, 120.0, 56.0, 208.0, 321.0, 521.0, 1159.0, 96.0, 284.0, 304.0, 402.0, 174.0, 634.0, 270.0, 114.0, 54.0, 230.0, 298.0
23, 2014-12-09, Home, MIA, L, L, -4.5, U, 202.5, 1, 1492.0, 1459.0, 559.0, 1216.0, 147.0, 380.0, 227.0, 277.0, 147.0, 594.0, 312.0, 119.0, 57.0, 204.0, 327.0, 530.0, 1181.0, 96.0, 294.0, 303.0, 400.0, 176.0, 642.0, 280.0, 112.0, 55.0, 222.0, 295.0
24, 2014-12-12, Home, DET, L, L, -9.5, O, 205, 0, 1494.0, 1459.0, 559.0, 1207.0, 156.0, 386.0, 220.0, 272.0, 146.0, 586.0, 320.0, 123.0, 56.0, 215.0, 324.0, 534.0, 1170.0, 98.0, 295.0, 293.0, 393.0, 171.0, 630.0, 284.0, 121.0, 56.0, 226.0, 294.0
25, 2014-12-14, Away, OKC, L, L, 7.5, U, 211, 0, 1490.0, 1444.0, 560.0, 1191.0, 155.0, 387.0, 215.0, 268.0, 140.0, 580.0, 310.0, 125.0, 58.0, 222.0, 318.0, 538.0, 1186.0, 88.0, 281.0, 280.0, 377.0, 180.0, 630.0, 277.0, 127.0, 47.0, 224.0, 286.0
26, 2014-12-15, Home, MIL, L, L, -5.5, U, 209.5, 1, 1460.0, 1442.0, 546.0, 1197.0, 153.0, 397.0, 215.0, 270.0, 146.0, 580.0, 301.0, 125.0, 59.0, 214.0, 317.0, 532.0, 1179.0, 88.0, 289.0, 290.0, 380.0, 183.0, 649.0, 269.0, 124.0, 48.0, 224.0, 286.0
27, 2014-12-17, Away, CHO, W, W, -2.5, O, 201.5, 0, 1466.0, 1452.0, 539.0, 1197.0, 161.0, 420.0, 227.0, 284.0, 157.0, 581.0, 297.0, 127.0, 60.0, 217.0, 319.0, 534.0, 1165.0, 89.0, 280.0, 295.0, 383.0, 173.0, 639.0, 271.0, 125.0, 48.0, 231.0, 297.0
28, 2014-12-20, Away, NYK, W, W, -6, U, 199.5, 0, 1455.0, 1462.0, 538.0, 1193.0, 157.0, 414.0, 222.0, 282.0, 154.0, 578.0, 295.0, 120.0, 67.0, 212.0, 309.0, 538.0, 1173.0, 95.0, 281.0, 291.0, 372.0, 171.0, 635.0, 275.0, 121.0, 50.0, 220.0, 290.0
29, 2014-12-21, Away, WAS, W, W, 5.5, U, 205.5, 1, 1448.0, 1469.0, 535.0, 1186.0, 155.0, 408.0, 223.0, 285.0, 153.0, 570.0, 293.0, 120.0, 66.0, 214.0, 302.0, 542.0, 1177.0, 95.0, 280.0, 290.0, 368.0, 173.0, 633.0, 274.0, 123.0, 49.0, 220.0, 291.0
30, 2014-12-23, Home, DAL, W, W, -1.5, O, 216.5, 0, 1452.0, 1457.0, 536.0, 1180.0, 147.0, 392.0, 233.0, 299.0, 154.0, 573.0, 284.0, 117.0, 71.0, 211.0, 300.0, 539.0, 1178.0, 94.0, 277.0, 285.0, 365.0, 180.0, 638.0, 264.0, 125.0, 50.0, 219.0, 294.0
31, 2014-12-26, Away, SAC, W, W, -5, O, 212.5, 0, 1456.0, 1460.0, 535.0, 1189.0, 147.0, 400.0, 239.0, 310.0, 155.0, 576.0, 287.0, 120.0, 66.0, 207.0, 304.0, 541.0, 1176.0, 95.0, 277.0, 283.0, 360.0, 174.0, 640.0, 267.0, 119.0, 47.0, 222.0, 299.0
32, 2014-12-28, Away, LAL, W, W, -5, O, 216.5, 0, 1474.0, 1444.0, 548.0, 1198.0, 153.0, 410.0, 225.0, 293.0, 162.0, 588.0, 298.0, 122.0, 72.0, 206.0, 294.0, 541.0, 1181.0, 94.0, 276.0, 268.0, 348.0, 176.0, 630.0, 265.0, 117.0, 46.0, 216.0, 287.0
33, 2014-12-30, Away, NOP, L, L, 2, O, 213, 0, 1500.0, 1458.0, 558.0, 1200.0, 155.0, 406.0, 229.0, 299.0, 159.0, 590.0, 300.0, 129.0, 74.0, 199.0, 291.0, 548.0, 1186.0, 101.0, 281.0, 261.0, 343.0, 170.0, 618.0, 273.0, 117.0, 49.0, 211.0, 284.0
34, 2014-12-31, Away, OKC, L, W, 8, O, 213, 1, 1490.0, 1469.0, 556.0, 1200.0, 152.0, 402.0, 226.0, 292.0, 161.0, 584.0, 299.0, 123.0, 75.0, 193.0, 293.0, 549.0, 1182.0, 105.0, 286.0, 266.0, 355.0, 175.0, 626.0, 272.0, 113.0, 48.0, 202.0, 278.0
35, 2015-01-02, Home, PHI, W, W, -13.5, U, 208.5, 0, 1506.0, 1500.0, 557.0, 1210.0, 152.0, 403.0, 240.0, 310.0, 161.0, 582.0, 289.0, 125.0, 75.0, 193.0, 303.0, 550.0, 1193.0, 112.0, 302.0, 288.0, 374.0, 178.0, 632.0, 281.0, 114.0, 51.0, 203.0, 289.0
36, 2015-01-04, Home, TOR, W, W, -1, O, 216.5, 0, 1523.0, 1496.0, 565.0, 1201.0, 159.0, 407.0, 234.0, 300.0, 158.0, 590.0, 297.0, 120.0, 79.0, 200.0, 307.0, 554.0, 1199.0, 108.0, 301.0, 280.0, 368.0, 175.0, 616.0, 285.0, 119.0, 51.0, 197.0, 281.0
37, 2015-01-06, Away, MIL, W, W, -4.5, U, 209, 0, 1528.0, 1484.0, 569.0, 1199.0, 151.0, 393.0, 239.0, 308.0, 159.0, 588.0, 291.0, 126.0, 78.0, 200.0, 308.0, 548.0, 1186.0, 108.0, 296.0, 280.0, 367.0, 174.0, 614.0, 280.0, 121.0, 50.0, 206.0, 283.0
38, 2015-01-07, Away, MIN, W, L, -8, O, 216, 1, 1533.0, 1477.0, 569.0, 1203.0, 141.0, 383.0, 254.0, 326.0, 161.0, 597.0, 286.0, 126.0, 79.0, 197.0, 304.0, 542.0, 1194.0, 102.0, 299.0, 291.0, 377.0, 178.0, 624.0, 277.0, 116.0, 51.0, 212.0, 290.0
39, 2015-01-09, Away, SAS, L, P, 5, U, 212, 0, 1543.0, 1483.0, 576.0, 1216.0, 136.0, 378.0, 255.0, 326.0, 165.0, 601.0, 282.0, 129.0, 82.0, 193.0, 300.0, 546.0, 1202.0, 105.0, 301.0, 286.0, 369.0, 181.0, 623.0, 290.0, 113.0, 51.0, 213.0, 289.0
40, 2015-01-11, Away, MEM, L, L, 3.5, O, 209, 0, 1550.0, 1471.0, 579.0, 1200.0, 136.0, 373.0, 256.0, 329.0, 160.0, 609.0, 284.0, 128.0, 85.0, 202.0, 298.0, 545.0, 1211.0, 112.0, 306.0, 269.0, 353.0, 174.0, 600.0, 298.0, 118.0, 48.0, 210.0, 290.0
41, 2015-01-13, Home, CLE, W, W, -4.5, U, 212.5, 0, 1566.0, 1497.0, 591.0, 1225.0, 132.0, 370.0, 252.0, 325.0, 153.0, 613.0, 287.0, 130.0, 87.0, 202.0, 301.0, 558.0, 1238.0, 113.0, 311.0, 268.0, 355.0, 180.0, 621.0, 299.0, 115.0, 55.0, 213.0, 288.0
42, 2015-01-16, Home, MIN, W, L, -13.5, U, 216.5, 0, 1562.0, 1491.0, 588.0, 1219.0, 130.0, 365.0, 256.0, 331.0, 154.0, 604.0, 288.0, 136.0, 82.0, 205.0, 306.0, 554.0, 1234.0, 116.0, 322.0, 267.0, 353.0, 188.0, 628.0, 293.0, 116.0, 53.0, 226.0, 293.0
43, 2015-01-19, Home, LAL, W, W, -10.5, P, 215, 0, 1573.0, 1500.0, 601.0, 1228.0, 125.0, 355.0, 246.0, 319.0, 157.0, 607.0, 291.0, 131.0, 84.0, 207.0, 310.0, 561.0, 1237.0, 117.0, 322.0, 261.0, 349.0, 184.0, 619.0, 302.0, 111.0, 52.0, 222.0, 286.0
44, 2015-01-21, Home, POR, W, L, -7.5, O, 211.5, 0, 1584.0, 1508.0, 604.0, 1236.0, 132.0, 370.0, 244.0, 316.0, 155.0, 603.0, 301.0, 144.0, 83.0, 205.0, 308.0, 561.0, 1229.0, 122.0, 325.0, 264.0, 355.0, 182.0, 623.0, 315.0, 109.0, 51.0, 234.0, 283.0
45, 2015-01-23, Home, HOU, L, L, -2.5, O, 220.5, 0, 1578.0, 1506.0, 607.0, 1231.0, 128.0, 364.0, 236.0, 308.0, 152.0, 609.0, 295.0, 143.0, 81.0, 206.0, 303.0, 559.0, 1228.0, 126.0, 332.0, 262.0, 354.0, 178.0, 618.0, 314.0, 113.0, 54.0, 228.0, 274.0
46, 2015-01-25, Home, LAC, L, L, 2.5, U, 223, 0, 1574.0, 1513.0, 603.0, 1228.0, 124.0, 361.0, 244.0, 320.0, 149.0, 607.0, 291.0, 141.0, 76.0, 204.0, 309.0, 562.0, 1219.0, 129.0, 339.0, 260.0, 350.0, 166.0, 611.0, 320.0, 112.0, 58.0, 230.0, 280.0
47, 2015-01-28, Home, WAS, W, W, -6.5, U, 211, 0, 1558.0, 1526.0, 593.0, 1221.0, 125.0, 368.0, 247.0, 323.0, 146.0, 593.0, 290.0, 134.0, 79.0, 203.0, 319.0, 563.0, 1225.0, 127.0, 342.0, 273.0, 366.0, 176.0, 626.0, 326.0, 111.0, 57.0, 224.0, 281.0
48, 2015-01-30, Home, CHI, W, L, -7, U, 212.5, 0, 1558.0, 1514.0, 592.0, 1223.0, 127.0, 376.0, 247.0, 322.0, 142.0, 596.0, 296.0, 137.0, 75.0, 206.0, 314.0, 558.0, 1232.0, 127.0, 342.0, 271.0, 360.0, 178.0, 627.0, 320.0, 109.0, 58.0, 227.0, 279.0
49, 2015-01-31, Away, GSW, L, L, 10.5, U, 225, 1, 1523.0, 1470.0, 585.0, 1223.0, 120.0, 371.0, 233.0, 304.0, 146.0, 607.0, 295.0, 137.0, 77.0, 206.0, 300.0, 553.0, 1220.0, 120.0, 325.0, 244.0, 338.0, 171.0, 626.0, 318.0, 109.0, 57.0, 226.0, 270.0
50, 2015-02-02, Home, MEM, L, W, 2.5, U, 204, 0, 1498.0, 1480.0, 576.0, 1230.0, 115.0, 365.0, 231.0, 305.0, 148.0, 611.0, 293.0, 138.0, 70.0, 207.0, 293.0, 556.0, 1220.0, 125.0, 331.0, 243.0, 331.0, 164.0, 629.0, 325.0, 108.0, 58.0, 225.0, 275.0
51, 2015-02-05, Away, POR, L, L, 5, U, 211.5, 0, 1474.0, 1473.0, 570.0, 1225.0, 113.0, 358.0, 221.0, 295.0, 151.0, 608.0, 285.0, 135.0, 74.0, 207.0, 289.0, 554.0, 1220.0, 119.0, 316.0, 246.0, 336.0, 171.0, 632.0, 322.0, 111.0, 58.0, 219.0, 268.0
52, 2015-02-06, Home, UTA, W, W, -5.5, U, 202, 1, 1459.0, 1485.0, 567.0, 1232.0, 112.0, 356.0, 213.0, 285.0, 150.0, 604.0, 286.0, 139.0, 70.0, 204.0, 294.0, 557.0, 1222.0, 124.0, 327.0, 247.0, 337.0, 171.0, 645.0, 321.0, 109.0, 60.0, 216.0, 261.0
53, 2015-02-08, Away, SAC, L, L, -8, U, 207.5, 0, 1446.0, 1467.0, 559.0, 1220.0, 121.0, 357.0, 207.0, 280.0, 146.0, 607.0, 294.0, 135.0, 67.0, 202.0, 290.0, 550.0, 1210.0, 124.0, 330.0, 243.0, 336.0, 161.0, 642.0, 314.0, 109.0, 61.0, 211.0, 260.0
54, 2015-02-10, Home, HOU, L, L, -2.5, O, 217.5, 0, 1434.0, 1452.0, 555.0, 1228.0, 119.0, 359.0, 205.0, 276.0, 148.0, 602.0, 288.0, 134.0, 65.0, 193.0, 295.0, 546.0, 1196.0, 117.0, 319.0, 243.0, 339.0, 158.0, 645.0, 306.0, 98.0, 64.0, 211.0, 257.0
55, 2015-02-20, Away, MIN, L, L, 1.5, O, 207, 0, 1442.0, 1457.0, 554.0, 1215.0, 123.0, 350.0, 211.0, 283.0, 152.0, 595.0, 286.0, 129.0, 63.0, 187.0, 286.0, 546.0, 1191.0, 123.0, 335.0, 242.0, 338.0, 162.0, 638.0, 310.0, 100.0, 59.0, 200.0, 256.0
56, 2015-02-21, Away, CHI, L, W, 8, O, 204.5, 1, 1444.0, 1468.0, 554.0, 1228.0, 123.0, 347.0, 213.0, 287.0, 160.0, 609.0, 286.0, 127.0, 70.0, 189.0, 294.0, 550.0, 1195.0, 114.0, 315.0, 254.0, 356.0, 163.0, 647.0, 318.0, 100.0, 65.0, 195.0, 263.0
57, 2015-02-23, Home, BOS, L, L, -8, O, 211.5, 0, 1441.0, 1481.0, 553.0, 1229.0, 128.0, 357.0, 207.0, 284.0, 153.0, 599.0, 293.0, 132.0, 67.0, 186.0, 293.0, 551.0, 1193.0, 118.0, 317.0, 261.0, 360.0, 164.0, 658.0, 319.0, 99.0, 65.0, 202.0, 263.0
58, 2015-02-25, Away, DEN, W, W, -6, U, 214, 0, 1436.0, 1496.0, 554.0, 1240.0, 124.0, 357.0, 204.0, 278.0, 158.0, 608.0, 295.0, 125.0, 67.0, 188.0, 295.0, 556.0, 1207.0, 124.0, 329.0, 260.0, 355.0, 160.0, 654.0, 321.0, 103.0, 63.0, 194.0, 257.0
59, 2015-02-26, Home, OKC, W, W, 5, O, 216.5, 1, 1428.0, 1479.0, 546.0, 1239.0, 123.0, 354.0, 213.0, 286.0, 170.0, 623.0, 290.0, 123.0, 73.0, 194.0, 299.0, 548.0, 1201.0, 123.0, 331.0, 260.0, 360.0, 160.0, 650.0, 322.0, 106.0, 64.0, 195.0, 258.0
60, 2015-02-28, Home, SAS, L, L, -2, U, 207, 0, 1434.0, 1479.0, 552.0, 1245.0, 122.0, 350.0, 208.0, 283.0, 167.0, 631.0, 290.0, 123.0, 76.0, 195.0, 300.0, 543.0, 1218.0, 121.0, 328.0, 272.0, 370.0, 167.0, 659.0, 315.0, 105.0, 62.0, 191.0, 261.0
61, 2015-03-02, Away, MIA, L, L, 1.5, O, 206, 0, 1408.0, 1460.0, 543.0, 1249.0, 117.0, 337.0, 205.0, 280.0, 170.0, 642.0, 280.0, 125.0, 72.0, 202.0, 297.0, 541.0, 1223.0, 115.0, 324.0, 263.0, 351.0, 163.0, 665.0, 305.0, 105.0, 63.0, 194.0, 265.0
62, 2015-03-04, Away, ORL, W, W, -4.5, O, 202, 0, 1400.0, 1477.0, 536.0, 1239.0, 113.0, 339.0, 215.0, 300.0, 177.0, 644.0, 274.0, 122.0, 72.0, 212.0, 308.0, 547.0, 1217.0, 114.0, 320.0, 269.0, 358.0, 160.0, 660.0, 311.0, 117.0, 64.0, 195.0, 280.0
63, 2015-03-06, Away, BRK, W, W, 2, U, 212, 0, 1406.0, 1484.0, 534.0, 1228.0, 115.0, 338.0, 223.0, 310.0, 175.0, 628.0, 280.0, 125.0, 70.0, 218.0, 302.0, 552.0, 1217.0, 115.0, 322.0, 265.0, 346.0, 157.0, 653.0, 312.0, 124.0, 66.0, 204.0, 288.0
64, 2015-03-07, Away, CLE, L, W, 11, U, 211.5, 1, 1427.0, 1478.0, 540.0, 1228.0, 109.0, 338.0, 238.0, 328.0, 172.0, 627.0, 277.0, 128.0, 67.0, 213.0, 309.0, 546.0, 1227.0, 111.0, 312.0, 275.0, 357.0, 166.0, 666.0, 306.0, 118.0, 59.0, 209.0, 297.0
65, 2015-03-09, Home, GSW, L, L, 5.5, U, 213.5, 0, 1405.0, 1465.0, 528.0, 1228.0, 112.0, 347.0, 237.0, 324.0, 174.0, 632.0, 279.0, 122.0, 65.0, 207.0, 304.0, 541.0, 1219.0, 116.0, 321.0, 267.0, 346.0, 162.0, 666.0, 309.0, 111.0, 56.0, 209.0, 294.0
66, 2015-03-11, Home, MIN, W, W, -5, U, 204.5, 0, 1398.0, 1455.0, 523.0, 1217.0, 110.0, 335.0, 242.0, 330.0, 169.0, 627.0, 272.0, 122.0, 64.0, 209.0, 302.0, 536.0, 1212.0, 121.0, 321.0, 262.0, 342.0, 158.0, 657.0, 305.0, 115.0, 57.0, 213.0, 301.0
67, 2015-03-13, Home, ATL, L, L, 6.5, U, 202.5, 0, 1404.0, 1459.0, 530.0, 1223.0, 102.0, 332.0, 242.0, 329.0, 175.0, 628.0, 277.0, 119.0, 61.0, 214.0, 305.0, 535.0, 1213.0, 115.0, 314.0, 274.0, 350.0, 164.0, 648.0, 301.0, 112.0, 55.0, 209.0, 301.0
68, 2015-03-15, Home, NYK, W, W, -11.5, U, 196, 0, 1408.0, 1470.0, 529.0, 1210.0, 107.0, 330.0, 243.0, 333.0, 175.0, 630.0, 279.0, 117.0, 63.0, 222.0, 294.0, 540.0, 1221.0, 119.0, 320.0, 271.0, 341.0, 167.0, 643.0, 303.0, 122.0, 56.0, 205.0, 304.0
69, 2015-03-19, Home, NOP, W, W, PK, U, 198.5, 0, 1392.0, 1432.0, 529.0, 1206.0, 101.0, 322.0, 233.0, 326.0, 175.0, 642.0, 285.0, 117.0, 59.0, 220.0, 298.0, 524.0, 1199.0, 109.0, 297.0, 275.0, 348.0, 158.0, 631.0, 297.0, 123.0, 55.0, 205.0, 302.0
70, 2015-03-21, Away, HOU, W, W, 7.5, O, 207, 0, 1357.0, 1393.0, 518.0, 1200.0, 96.0, 327.0, 225.0, 316.0, 172.0, 651.0, 273.0, 114.0, 58.0, 219.0, 285.0, 515.0, 1196.0, 110.0, 300.0, 253.0, 320.0, 150.0, 625.0, 292.0, 120.0, 52.0, 200.0, 292.0
71, 2015-03-22, Home, DAL, W, W, 4.5, U, 207, 1, 1367.0, 1383.0, 517.0, 1204.0, 94.0, 317.0, 239.0, 332.0, 178.0, 664.0, 268.0, 114.0, 61.0, 220.0, 286.0, 513.0, 1194.0, 108.0, 310.0, 249.0, 316.0, 140.0, 614.0, 293.0, 122.0, 54.0, 201.0, 299.0
72, 2015-03-25, Home, SAC, L, L, -8, U, 213, 0, 1355.0, 1360.0, 512.0, 1183.0, 91.0, 306.0, 240.0, 339.0, 172.0, 663.0, 265.0, 115.0, 61.0, 222.0, 285.0, 511.0, 1201.0, 99.0, 300.0, 239.0, 308.0, 146.0, 612.0, 288.0, 118.0, 54.0, 198.0, 307.0
73, 2015-03-27, Home, POR, L, L, 1, U, 201, 0, 1344.0, 1372.0, 511.0, 1179.0, 89.0, 307.0, 233.0, 333.0, 163.0, 644.0, 262.0, 116.0, 60.0, 221.0, 279.0, 520.0, 1201.0, 95.0, 287.0, 237.0, 298.0, 144.0, 615.0, 293.0, 115.0, 52.0, 202.0, 312.0
74, 2015-03-29, Home, OKC, L, L, -2, U, 211.5, 0, 1308.0, 1346.0, 495.0, 1169.0, 86.0, 301.0, 232.0, 324.0, 164.0, 640.0, 255.0, 117.0, 52.0, 221.0, 274.0, 517.0, 1189.0, 94.0, 289.0, 218.0, 286.0, 146.0, 619.0, 291.0, 113.0, 52.0, 205.0, 306.0
75, 2015-03-30, Away, POR, L, L, 8.5, U, 199, 1, 1331.0, 1354.0, 507.0, 1167.0, 86.0, 307.0, 231.0, 324.0, 164.0, 638.0, 265.0, 119.0, 52.0, 221.0, 272.0, 516.0, 1183.0, 100.0, 296.0, 222.0, 295.0, 147.0, 611.0, 289.0, 115.0, 50.0, 206.0, 302.0
76, 2015-04-02, Away, GSW, L, W, 12.5, O, 210, 0, 1319.0, 1348.0, 512.0, 1176.0, 82.0, 292.0, 213.0, 296.0, 158.0, 633.0, 266.0, 118.0, 52.0, 214.0, 256.0, 517.0, 1187.0, 105.0, 309.0, 209.0, 275.0, 144.0, 613.0, 296.0, 107.0, 51.0, 206.0, 281.0
77, 2015-04-04, Home, UTA, W, W, -1, U, 187, 0, 1320.0, 1355.0, 517.0, 1187.0, 79.0, 290.0, 207.0, 295.0, 158.0, 646.0, 269.0, 114.0, 52.0, 206.0, 257.0, 519.0, 1193.0, 110.0, 315.0, 207.0, 277.0, 150.0, 621.0, 304.0, 100.0, 51.0, 199.0, 275.0
78, 2015-04-07, Away, ATL, L, L, 7, U, 200.5, 0, 1299.0, 1340.0, 508.0, 1165.0, 81.0, 278.0, 202.0, 289.0, 152.0, 627.0, 262.0, 112.0, 57.0, 206.0, 254.0, 514.0, 1170.0, 109.0, 314.0, 203.0, 272.0, 145.0, 611.0, 300.0, 105.0, 52.0, 197.0, 269.0
79, 2015-04-08, Away, DAL, L, W, 8.5, O, 205.5, 1, 1289.0, 1347.0, 504.0, 1164.0, 76.0, 273.0, 205.0, 293.0, 148.0, 621.0, 258.0, 111.0, 59.0, 211.0, 243.0, 524.0, 1178.0, 105.0, 319.0, 194.0, 263.0, 141.0, 619.0, 299.0, 109.0, 55.0, 198.0, 272.0
80, 2015-04-10, Away, NOP, L, L, 9, U, 194, 0, 1313.0, 1356.0, 515.0, 1169.0, 80.0, 287.0, 203.0, 289.0, 150.0, 621.0, 267.0, 106.0, 63.0, 205.0, 249.0, 534.0, 1189.0, 96.0, 306.0, 192.0, 260.0, 147.0, 618.0, 300.0, 101.0, 50.0, 188.0, 268.0
81, 2015-04-12, Away, SAS, L, W, 17, U, 199.5, 0, 1282.0, 1349.0, 500.0, 1164.0, 81.0, 288.0, 201.0, 286.0, 144.0, 619.0, 260.0, 108.0, 65.0, 199.0, 248.0, 535.0, 1192.0, 100.0, 312.0, 179.0, 253.0, 150.0, 640.0, 310.0, 100.0, 61.0, 189.0, 264.0
82, 2015-04-14, Home, LAC, L, P, 11, O, 207, 0, 1286.0, 1360.0, 503.0, 1171.0, 75.0, 278.0, 205.0, 288.0, 146.0, 615.0, 258.0, 107.0, 62.0, 191.0, 257.0, 531.0, 1178.0, 100.0, 313.0, 198.0, 275.0, 149.0, 645.0, 310.0, 96.0, 61.0, 193.0, 266.0
