19, 2013-12-06, Away, NYK, L, L, 6, O, 195.5, 0, 1796.0, 1841.0, 684.0, 1478.0, 135.0, 371.0, 293.0, 384.0, 167.0, 753.0, 385.0, 146.0, 80.0, 300.0, 375.0, 692.0, 1525.0, 132.0, 356.0, 325.0, 410.0, 186.0, 757.0, 409.0, 147.0, 106.0, 263.0, 337.0
20, 2013-12-08, Away, HOU, L, W, 13.5, U, 210, 0, 1792.0, 1865.0, 678.0, 1455.0, 136.0, 377.0, 300.0, 394.0, 158.0, 745.0, 387.0, 141.0, 77.0, 295.0, 368.0, 702.0, 1537.0, 142.0, 373.0, 319.0, 397.0, 186.0, 758.0, 417.0, 151.0, 93.0, 253.0, 344.0
21, 2013-12-09, Away, MEM, L, L, 8.5, U, 188, 1, 1765.0, 1843.0, 663.0, 1448.0, 134.0, 379.0, 305.0, 404.0, 159.0, 734.0, 380.0, 147.0, 78.0, 284.0, 368.0, 692.0, 1513.0, 144.0, 381.0, 315.0, 405.0, 187.0, 769.0, 412.0, 149.0, 100.0, 257.0, 345.0
22, 2013-12-11, Away, CHA, W, W, 5, U, 193, 0, 1740.0, 1847.0, 654.0, 1453.0, 129.0, 379.0, 303.0, 397.0, 157.0, 725.0, 370.0, 143.0, 79.0, 278.0, 364.0, 696.0, 1507.0, 148.0, 386.0, 307.0, 396.0, 181.0, 777.0, 419.0, 146.0, 99.0, 259.0, 345.0
23, 2013-12-13, Home, CLE, L, L, -2, O, 195, 0, 1725.0, 1844.0, 650.0, 1454.0, 129.0, 381.0, 296.0, 384.0, 158.0, 723.0, 369.0, 142.0, 79.0, 277.0, 362.0, 693.0, 1502.0, 148.0, 386.0, 310.0, 399.0, 179.0, 776.0, 419.0, 147.0, 98.0, 257.0, 336.0
24, 2013-12-15, Away, OKC, L, W, 13, U, 205.5, 0, 1727.0, 1863.0, 647.0, 1457.0, 135.0, 395.0, 298.0, 383.0, 159.0, 717.0, 370.0, 142.0, 80.0, 274.0, 366.0, 699.0, 1494.0, 153.0, 388.0, 312.0, 398.0, 171.0, 769.0, 417.0, 144.0, 96.0, 254.0, 333.0
25, 2013-12-16, Away, CHI, W, W, 7, U, 185.5, 1, 1736.0, 1873.0, 651.0, 1456.0, 138.0, 399.0, 296.0, 380.0, 152.0, 706.0, 370.0, 145.0, 78.0, 268.0, 360.0, 704.0, 1486.0, 156.0, 393.0, 309.0, 392.0, 163.0, 764.0, 421.0, 143.0, 98.0, 256.0, 328.0
26, 2013-12-18, Home, UTA, L, L, -3, U, 195, 0, 1725.0, 1851.0, 646.0, 1457.0, 135.0, 394.0, 298.0, 378.0, 152.0, 724.0, 369.0, 140.0, 79.0, 262.0, 356.0, 689.0, 1477.0, 155.0, 392.0, 318.0, 401.0, 163.0, 770.0, 404.0, 138.0, 97.0, 249.0, 333.0
27, 2013-12-21, Home, SAC, L, L, -3, O, 203.5, 0, 1702.0, 1817.0, 635.0, 1458.0, 135.0, 391.0, 297.0, 375.0, 151.0, 735.0, 354.0, 140.0, 81.0, 254.0, 356.0, 671.0, 1474.0, 158.0, 401.0, 317.0, 401.0, 166.0, 781.0, 395.0, 132.0, 100.0, 252.0, 331.0
28, 2013-12-23, Home, NYK, L, L, 1.5, O, 192.5, 0, 1708.0, 1831.0, 639.0, 1458.0, 134.0, 385.0, 296.0, 377.0, 149.0, 732.0, 351.0, 141.0, 79.0, 256.0, 363.0, 677.0, 1479.0, 165.0, 411.0, 312.0, 402.0, 171.0, 786.0, 396.0, 131.0, 97.0, 249.0, 335.0
29, 2013-12-27, Home, DET, W, W, 4, U, 203.5, 0, 1706.0, 1826.0, 639.0, 1477.0, 138.0, 395.0, 290.0, 371.0, 156.0, 736.0, 353.0, 141.0, 82.0, 248.0, 363.0, 673.0, 1481.0, 165.0, 405.0, 315.0, 403.0, 175.0, 803.0, 388.0, 122.0, 98.0, 250.0, 334.0
30, 2013-12-29, Home, ATL, W, W, -3, O, 202.5, 0, 1723.0, 1798.0, 655.0, 1491.0, 127.0, 380.0, 286.0, 373.0, 161.0, 760.0, 360.0, 138.0, 79.0, 237.0, 359.0, 674.0, 1502.0, 155.0, 399.0, 295.0, 389.0, 182.0, 811.0, 377.0, 116.0, 97.0, 244.0, 341.0
31, 2013-12-31, Home, GSW, L, L, 6, U, 202, 0, 1733.0, 1799.0, 662.0, 1492.0, 125.0, 378.0, 284.0, 368.0, 155.0, 759.0, 371.0, 140.0, 79.0, 238.0, 356.0, 673.0, 1505.0, 164.0, 413.0, 289.0, 384.0, 185.0, 814.0, 378.0, 119.0, 97.0, 245.0, 345.0
32, 2014-01-02, Away, CLE, L, L, 2, U, 194, 0, 1718.0, 1789.0, 657.0, 1497.0, 124.0, 376.0, 280.0, 367.0, 157.0, 755.0, 366.0, 143.0, 77.0, 235.0, 354.0, 668.0, 1495.0, 159.0, 411.0, 294.0, 391.0, 187.0, 826.0, 374.0, 117.0, 99.0, 253.0, 344.0
33, 2014-01-04, Home, MIA, L, L, 10, O, 199.5, 0, 1690.0, 1784.0, 647.0, 1498.0, 123.0, 379.0, 273.0, 365.0, 159.0, 761.0, 358.0, 140.0, 86.0, 237.0, 354.0, 671.0, 1518.0, 154.0, 408.0, 288.0, 388.0, 200.0, 850.0, 374.0, 116.0, 99.0, 251.0, 346.0
34, 2014-01-06, Away, LAC, L, L, 7.5, U, 197, 0, 1679.0, 1800.0, 637.0, 1496.0, 127.0, 386.0, 278.0, 368.0, 164.0, 757.0, 352.0, 136.0, 83.0, 235.0, 362.0, 673.0, 1507.0, 153.0, 402.0, 301.0, 402.0, 198.0, 850.0, 375.0, 117.0, 97.0, 251.0, 347.0
35, 2014-01-08, Away, POR, L, L, 12.5, U, 206.5, 0, 1669.0, 1792.0, 633.0, 1502.0, 125.0, 386.0, 278.0, 374.0, 175.0, 779.0, 347.0, 136.0, 79.0, 237.0, 369.0, 666.0, 1514.0, 156.0, 416.0, 304.0, 409.0, 204.0, 858.0, 381.0, 116.0, 103.0, 246.0, 352.0
36, 2014-01-10, Away, SAC, L, L, 7, U, 206, 0, 1683.0, 1804.0, 636.0, 1508.0, 129.0, 391.0, 282.0, 382.0, 176.0, 781.0, 354.0, 132.0, 77.0, 230.0, 357.0, 678.0, 1536.0, 156.0, 433.0, 292.0, 393.0, 208.0, 863.0, 387.0, 117.0, 108.0, 236.0, 346.0
37, 2014-01-11, Away, DEN, L, L, 12.5, O, 200.5, 1, 1641.0, 1781.0, 615.0, 1492.0, 131.0, 392.0, 280.0, 379.0, 179.0, 784.0, 341.0, 128.0, 76.0, 225.0, 349.0, 673.0, 1520.0, 148.0, 418.0, 287.0, 379.0, 199.0, 861.0, 390.0, 114.0, 107.0, 227.0, 341.0
38, 2014-01-13, Away, DAL, L, L, 12.5, U, 198, 0, 1652.0, 1780.0, 622.0, 1506.0, 125.0, 387.0, 283.0, 382.0, 183.0, 793.0, 345.0, 127.0, 77.0, 224.0, 349.0, 673.0, 1524.0, 143.0, 412.0, 291.0, 386.0, 201.0, 866.0, 395.0, 111.0, 109.0, 227.0, 342.0
39, 2014-01-15, Home, CHI, L, W, 6, O, 181.5, 0, 1652.0, 1789.0, 624.0, 1489.0, 124.0, 382.0, 280.0, 370.0, 176.0, 787.0, 349.0, 122.0, 71.0, 232.0, 338.0, 681.0, 1527.0, 146.0, 406.0, 281.0, 359.0, 195.0, 846.0, 394.0, 112.0, 105.0, 221.0, 338.0
40, 2014-01-17, Home, CHA, L, L, 1.5, O, 188.5, 0, 1692.0, 1823.0, 647.0, 1518.0, 124.0, 386.0, 274.0, 366.0, 181.0, 804.0, 361.0, 124.0, 68.0, 238.0, 351.0, 693.0, 1554.0, 148.0, 422.0, 289.0, 365.0, 202.0, 853.0, 402.0, 117.0, 107.0, 224.0, 339.0
41, 2014-01-19, Home, BOS, W, W, 3, U, 195.5, 0, 1701.0, 1851.0, 647.0, 1510.0, 127.0, 392.0, 280.0, 378.0, 173.0, 790.0, 368.0, 123.0, 70.0, 238.0, 356.0, 701.0, 1544.0, 151.0, 420.0, 298.0, 382.0, 197.0, 848.0, 404.0, 117.0, 106.0, 226.0, 340.0
42, 2014-01-21, Away, BRK, L, L, 9, U, 193.5, 0, 1694.0, 1833.0, 640.0, 1496.0, 120.0, 377.0, 294.0, 398.0, 176.0, 794.0, 366.0, 122.0, 70.0, 243.0, 353.0, 692.0, 1547.0, 146.0, 412.0, 303.0, 386.0, 205.0, 850.0, 402.0, 118.0, 108.0, 226.0, 349.0
43, 2014-01-22, Home, ATL, L, W, 5.5, O, 202, 1, 1686.0, 1833.0, 636.0, 1486.0, 120.0, 372.0, 294.0, 395.0, 173.0, 786.0, 370.0, 120.0, 70.0, 242.0, 349.0, 693.0, 1541.0, 151.0, 421.0, 296.0, 379.0, 200.0, 841.0, 408.0, 117.0, 106.0, 221.0, 346.0
44, 2014-01-24, Home, LAL, W, W, -2.5, O, 210.5, 0, 1712.0, 1863.0, 644.0, 1486.0, 121.0, 372.0, 303.0, 403.0, 170.0, 765.0, 373.0, 123.0, 68.0, 245.0, 352.0, 706.0, 1543.0, 155.0, 428.0, 296.0, 377.0, 201.0, 838.0, 415.0, 124.0, 108.0, 233.0, 339.0
45, 2014-01-26, Away, NOP, L, L, 6.5, U, 197.5, 0, 1744.0, 1882.0, 655.0, 1481.0, 123.0, 374.0, 311.0, 417.0, 165.0, 768.0, 385.0, 126.0, 65.0, 250.0, 354.0, 714.0, 1551.0, 159.0, 429.0, 295.0, 379.0, 197.0, 831.0, 424.0, 125.0, 103.0, 228.0, 342.0
46, 2014-01-28, Away, DET, L, L, 6.5, U, 205, 0, 1736.0, 1877.0, 652.0, 1476.0, 118.0, 369.0, 314.0, 413.0, 158.0, 758.0, 383.0, 125.0, 61.0, 249.0, 354.0, 712.0, 1553.0, 152.0, 418.0, 301.0, 383.0, 201.0, 835.0, 428.0, 127.0, 109.0, 227.0, 345.0
47, 2014-01-29, Away, TOR, L, L, 9.5, U, 194.5, 1, 1725.0, 1877.0, 647.0, 1464.0, 118.0, 364.0, 313.0, 416.0, 154.0, 754.0, 378.0, 131.0, 59.0, 255.0, 350.0, 712.0, 1553.0, 148.0, 417.0, 305.0, 392.0, 209.0, 844.0, 431.0, 131.0, 112.0, 233.0, 344.0
48, 2014-01-31, Home, MIL, W, W, -6, O, 195, 0, 1699.0, 1883.0, 630.0, 1463.0, 120.0, 369.0, 319.0, 419.0, 152.0, 744.0, 369.0, 131.0, 62.0, 248.0, 345.0, 710.0, 1545.0, 157.0, 430.0, 306.0, 387.0, 203.0, 850.0, 441.0, 130.0, 110.0, 232.0, 342.0
49, 2014-02-02, Away, BOS, L, L, 6, U, 191, 0, 1703.0, 1883.0, 632.0, 1472.0, 119.0, 364.0, 320.0, 420.0, 154.0, 748.0, 366.0, 131.0, 63.0, 246.0, 347.0, 713.0, 1551.0, 152.0, 412.0, 305.0, 390.0, 208.0, 857.0, 444.0, 129.0, 114.0, 234.0, 339.0
50, 2014-02-03, Away, IND, L, L, 15, U, 189, 1, 1711.0, 1885.0, 631.0, 1463.0, 119.0, 359.0, 330.0, 429.0, 158.0, 750.0, 365.0, 133.0, 64.0, 251.0, 347.0, 713.0, 1548.0, 150.0, 399.0, 309.0, 392.0, 206.0, 845.0, 447.0, 133.0, 106.0, 233.0, 344.0
51, 2014-02-05, Home, DET, W, W, 2.5, O, 203, 0, 1709.0, 1896.0, 632.0, 1462.0, 119.0, 350.0, 326.0, 421.0, 159.0, 739.0, 365.0, 133.0, 56.0, 250.0, 345.0, 718.0, 1542.0, 154.0, 405.0, 306.0, 385.0, 202.0, 838.0, 446.0, 131.0, 106.0, 230.0, 336.0
52, 2014-02-07, Home, OKC, W, W, 9.5, O, 198, 0, 1727.0, 1884.0, 643.0, 1471.0, 117.0, 342.0, 324.0, 417.0, 159.0, 742.0, 378.0, 137.0, 61.0, 246.0, 341.0, 717.0, 1553.0, 154.0, 409.0, 296.0, 377.0, 206.0, 834.0, 442.0, 130.0, 108.0, 230.0, 340.0
53, 2014-02-09, Home, IND, W, W, 8, U, 190.5, 0, 1749.0, 1885.0, 651.0, 1467.0, 115.0, 335.0, 332.0, 422.0, 154.0, 728.0, 388.0, 139.0, 62.0, 238.0, 334.0, 719.0, 1543.0, 153.0, 400.0, 294.0, 372.0, 197.0, 817.0, 437.0, 127.0, 107.0, 232.0, 343.0
54, 2014-02-12, Home, MEM, L, L, 1.5, U, 181, 0, 1748.0, 1867.0, 652.0, 1467.0, 113.0, 327.0, 331.0, 421.0, 155.0, 734.0, 380.0, 143.0, 61.0, 242.0, 338.0, 709.0, 1527.0, 155.0, 394.0, 294.0, 378.0, 193.0, 811.0, 429.0, 127.0, 104.0, 240.0, 347.0
55, 2014-02-18, Away, MIL, L, L, -3, O, 195.5, 0, 1746.0, 1850.0, 660.0, 1472.0, 109.0, 313.0, 317.0, 402.0, 159.0, 739.0, 383.0, 137.0, 68.0, 242.0, 332.0, 704.0, 1524.0, 154.0, 392.0, 288.0, 377.0, 190.0, 793.0, 423.0, 127.0, 108.0, 234.0, 339.0
56, 2014-02-19, Away, CLE, L, L, 5.5, U, 197.5, 1, 1752.0, 1834.0, 663.0, 1468.0, 116.0, 318.0, 310.0, 395.0, 158.0, 736.0, 386.0, 141.0, 72.0, 245.0, 337.0, 695.0, 1519.0, 154.0, 390.0, 290.0, 381.0, 190.0, 786.0, 418.0, 130.0, 105.0, 234.0, 333.0
57, 2014-02-21, Home, NYK, W, W, 3.5, O, 197, 0, 1757.0, 1828.0, 664.0, 1481.0, 115.0, 316.0, 314.0, 403.0, 160.0, 744.0, 389.0, 140.0, 73.0, 236.0, 344.0, 688.0, 1520.0, 146.0, 383.0, 306.0, 403.0, 191.0, 797.0, 419.0, 130.0, 104.0, 233.0, 337.0
58, 2014-02-23, Away, TOR, L, L, 11, O, 194.5, 0, 1761.0, 1821.0, 660.0, 1476.0, 118.0, 306.0, 323.0, 413.0, 159.0, 741.0, 394.0, 138.0, 71.0, 229.0, 335.0, 685.0, 1502.0, 149.0, 384.0, 302.0, 403.0, 180.0, 782.0, 412.0, 127.0, 102.0, 229.0, 336.0
59, 2014-02-25, Away, WAS, L, P, 9, O, 195, 0, 1750.0, 1815.0, 658.0, 1481.0, 113.0, 295.0, 321.0, 409.0, 162.0, 735.0, 389.0, 147.0, 67.0, 224.0, 338.0, 680.0, 1493.0, 151.0, 386.0, 304.0, 404.0, 185.0, 796.0, 410.0, 125.0, 100.0, 240.0, 343.0
60, 2014-02-26, Away, PHI, W, W, -4, U, 215, 1, 1763.0, 1839.0, 671.0, 1496.0, 117.0, 305.0, 304.0, 387.0, 166.0, 731.0, 393.0, 146.0, 65.0, 224.0, 346.0, 689.0, 1483.0, 158.0, 389.0, 303.0, 408.0, 179.0, 786.0, 418.0, 126.0, 97.0, 242.0, 333.0
61, 2014-03-01, Away, MIA, L, P, 14, O, 199, 0, 1774.0, 1828.0, 677.0, 1518.0, 119.0, 304.0, 301.0, 380.0, 170.0, 749.0, 393.0, 147.0, 73.0, 221.0, 353.0, 681.0, 1489.0, 153.0, 383.0, 313.0, 423.0, 182.0, 792.0, 405.0, 123.0, 98.0, 242.0, 335.0
62, 2014-03-02, Home, PHI, W, W, -10.5, U, 211.5, 1, 1763.0, 1828.0, 672.0, 1518.0, 117.0, 310.0, 302.0, 385.0, 179.0, 755.0, 387.0, 149.0, 73.0, 219.0, 349.0, 683.0, 1480.0, 150.0, 374.0, 312.0, 423.0, 183.0, 789.0, 399.0, 120.0, 97.0, 242.0, 342.0
63, 2014-03-05, Home, HOU, L, L, 8, U, 204.5, 0, 1741.0, 1804.0, 668.0, 1520.0, 109.0, 306.0, 296.0, 378.0, 182.0, 751.0, 380.0, 151.0, 76.0, 217.0, 349.0, 674.0, 1476.0, 143.0, 376.0, 313.0, 424.0, 189.0, 794.0, 387.0, 121.0, 97.0, 250.0, 344.0
64, 2014-03-08, Away, SAS, L, W, 16, O, 203.5, 0, 1738.0, 1805.0, 670.0, 1527.0, 109.0, 305.0, 289.0, 371.0, 187.0, 753.0, 388.0, 158.0, 80.0, 218.0, 351.0, 677.0, 1477.0, 144.0, 386.0, 307.0, 421.0, 187.0, 795.0, 387.0, 119.0, 91.0, 257.0, 333.0
65, 2014-03-10, Away, MIL, L, L, -1, U, 203.5, 0, 1763.0, 1823.0, 684.0, 1546.0, 108.0, 303.0, 287.0, 363.0, 191.0, 758.0, 393.0, 156.0, 82.0, 212.0, 360.0, 681.0, 1472.0, 147.0, 386.0, 314.0, 428.0, 178.0, 783.0, 391.0, 116.0, 92.0, 255.0, 328.0
66, 2014-03-12, Home, DEN, L, L, 3, O, 213.5, 0, 1778.0, 1830.0, 698.0, 1550.0, 111.0, 307.0, 271.0, 345.0, 193.0, 762.0, 399.0, 152.0, 79.0, 223.0, 368.0, 682.0, 1469.0, 141.0, 382.0, 325.0, 440.0, 175.0, 771.0, 390.0, 116.0, 93.0, 252.0, 317.0
67, 2014-03-14, Home, WAS, L, W, 5, O, 200.5, 0, 1777.0, 1848.0, 700.0, 1560.0, 113.0, 315.0, 264.0, 333.0, 194.0, 756.0, 395.0, 148.0, 81.0, 216.0, 369.0, 690.0, 1474.0, 141.0, 383.0, 327.0, 440.0, 175.0, 780.0, 397.0, 112.0, 92.0, 251.0, 313.0
68, 2014-03-18, Away, GSW, L, L, 12, U, 206.5, 0, 1789.0, 1857.0, 710.0, 1577.0, 115.0, 326.0, 254.0, 321.0, 190.0, 763.0, 403.0, 145.0, 83.0, 216.0, 380.0, 685.0, 1482.0, 147.0, 392.0, 340.0, 457.0, 176.0, 788.0, 397.0, 110.0, 93.0, 246.0, 309.0
69, 2014-03-19, Away, PHO, L, L, 12, U, 211, 1, 1799.0, 1862.0, 712.0, 1571.0, 112.0, 323.0, 263.0, 331.0, 186.0, 765.0, 404.0, 142.0, 81.0, 219.0, 379.0, 684.0, 1474.0, 149.0, 394.0, 345.0, 461.0, 172.0, 780.0, 397.0, 113.0, 90.0, 248.0, 315.0
70, 2014-03-22, Away, UTA, L, W, 4.5, U, 196, 0, 1780.0, 1873.0, 700.0, 1562.0, 112.0, 318.0, 268.0, 341.0, 187.0, 764.0, 393.0, 141.0, 76.0, 227.0, 374.0, 690.0, 1478.0, 154.0, 399.0, 339.0, 450.0, 171.0, 787.0, 400.0, 116.0, 92.0, 249.0, 317.0
71, 2014-03-23, Away, LAL, L, L, 3.5, U, 217, 1, 1765.0, 1860.0, 693.0, 1561.0, 114.0, 323.0, 265.0, 339.0, 183.0, 773.0, 388.0, 138.0, 79.0, 231.0, 384.0, 682.0, 1480.0, 155.0, 404.0, 341.0, 457.0, 173.0, 792.0, 392.0, 116.0, 89.0, 247.0, 317.0
72, 2014-03-25, Home, POR, W, W, 6.5, U, 204.5, 0, 1766.0, 1871.0, 696.0, 1560.0, 115.0, 330.0, 259.0, 330.0, 185.0, 771.0, 401.0, 134.0, 81.0, 236.0, 392.0, 684.0, 1481.0, 150.0, 396.0, 353.0, 467.0, 173.0, 785.0, 393.0, 119.0, 87.0, 246.0, 313.0
73, 2014-03-28, Home, CHA, W, W, 4.5, O, 192, 0, 1780.0, 1870.0, 699.0, 1562.0, 117.0, 334.0, 265.0, 342.0, 186.0, 779.0, 402.0, 141.0, 75.0, 236.0, 395.0, 680.0, 1490.0, 155.0, 410.0, 355.0, 466.0, 181.0, 799.0, 393.0, 116.0, 84.0, 253.0, 313.0
74, 2014-03-30, Home, TOR, L, P, 5, U, 194, 0, 1790.0, 1871.0, 698.0, 1569.0, 112.0, 327.0, 282.0, 361.0, 198.0, 799.0, 393.0, 139.0, 73.0, 239.0, 385.0, 688.0, 1505.0, 151.0, 406.0, 344.0, 450.0, 178.0, 792.0, 392.0, 115.0, 87.0, 253.0, 320.0
75, 2014-04-02, Home, CLE, L, L, 2, O, 196.5, 0, 1790.0, 1868.0, 701.0, 1549.0, 113.0, 324.0, 275.0, 351.0, 194.0, 787.0, 396.0, 138.0, 75.0, 251.0, 383.0, 688.0, 1498.0, 152.0, 405.0, 340.0, 440.0, 176.0, 771.0, 383.0, 118.0, 84.0, 256.0, 314.0
76, 2014-04-04, Away, CHA, L, L, 9.5, U, 194, 0, 1759.0, 1866.0, 687.0, 1529.0, 115.0, 336.0, 270.0, 345.0, 196.0, 772.0, 388.0, 137.0, 76.0, 257.0, 385.0, 688.0, 1481.0, 146.0, 389.0, 344.0, 441.0, 175.0, 764.0, 387.0, 119.0, 84.0, 255.0, 308.0
77, 2014-04-05, Home, MIN, W, W, 2.5, U, 201.5, 1, 1749.0, 1852.0, 682.0, 1529.0, 113.0, 333.0, 272.0, 346.0, 201.0, 783.0, 383.0, 131.0, 84.0, 261.0, 385.0, 687.0, 1494.0, 143.0, 388.0, 335.0, 428.0, 175.0, 760.0, 384.0, 120.0, 87.0, 246.0, 301.0
78, 2014-04-09, Home, BRK, W, W, 5, O, 191.5, 0, 1743.0, 1829.0, 682.0, 1522.0, 114.0, 325.0, 265.0, 341.0, 199.0, 778.0, 388.0, 133.0, 85.0, 266.0, 382.0, 681.0, 1491.0, 134.0, 386.0, 333.0, 428.0, 174.0, 754.0, 386.0, 123.0, 91.0, 247.0, 296.0
79, 2014-04-11, Home, WAS, L, L, 7.5, U, 194, 0, 1757.0, 1850.0, 686.0, 1505.0, 116.0, 331.0, 269.0, 355.0, 200.0, 764.0, 391.0, 137.0, 80.0, 270.0, 385.0, 687.0, 1483.0, 139.0, 393.0, 337.0, 434.0, 178.0, 753.0, 392.0, 124.0, 85.0, 252.0, 301.0
80, 2014-04-13, Away, BRK, L, W, 11.5, U, 195, 0, 1745.0, 1834.0, 682.0, 1499.0, 116.0, 332.0, 265.0, 350.0, 195.0, 767.0, 394.0, 137.0, 84.0, 274.0, 397.0, 679.0, 1491.0, 135.0, 396.0, 341.0, 443.0, 182.0, 758.0, 396.0, 123.0, 83.0, 247.0, 300.0
81, 2014-04-14, Away, CHI, L, L, 11, O, 182.5, 1, 1741.0, 1850.0, 682.0, 1490.0, 123.0, 339.0, 254.0, 337.0, 192.0, 751.0, 399.0, 138.0, 80.0, 280.0, 400.0, 681.0, 1478.0, 142.0, 401.0, 346.0, 448.0, 183.0, 756.0, 403.0, 127.0, 83.0, 251.0, 294.0
82, 2014-04-16, Home, IND, L, L, -3.5, P, 187, 0, 1747.0, 1857.0, 680.0, 1478.0, 127.0, 340.0, 260.0, 344.0, 187.0, 749.0, 402.0, 128.0, 80.0, 279.0, 401.0, 680.0, 1473.0, 141.0, 392.0, 356.0, 456.0, 177.0, 743.0, 409.0, 127.0, 82.0, 238.0, 298.0
