16, 2013-11-29, Home, SAS, L, L, 9, O, 193.5, 0, 1500.0, 1508.0, 573.0, 1229.0, 117.0, 311.0, 237.0, 318.0, 146.0, 651.0, 323.0, 116.0, 68.0, 251.0, 311.0, 571.0, 1280.0, 104.0, 297.0, 262.0, 331.0, 152.0, 616.0, 344.0, 122.0, 94.0, 204.0, 276.0
17, 2013-12-02, Away, WAS, L, L, 6.5, U, 194, 0, 1504.0, 1520.0, 571.0, 1214.0, 117.0, 311.0, 245.0, 323.0, 137.0, 640.0, 326.0, 114.0, 67.0, 249.0, 298.0, 579.0, 1285.0, 105.0, 297.0, 257.0, 316.0, 149.0, 615.0, 351.0, 128.0, 80.0, 203.0, 275.0
18, 2013-12-03, Away, PHI, L, W, 3.5, O, 206, 1, 1469.0, 1498.0, 554.0, 1191.0, 110.0, 299.0, 251.0, 324.0, 132.0, 626.0, 319.0, 116.0, 65.0, 247.0, 293.0, 570.0, 1258.0, 106.0, 285.0, 252.0, 311.0, 142.0, 608.0, 345.0, 126.0, 81.0, 206.0, 278.0
19, 2013-12-06, Away, NYK, L, L, 6, O, 195.5, 0, 1484.0, 1534.0, 562.0, 1215.0, 105.0, 303.0, 255.0, 329.0, 135.0, 616.0, 325.0, 118.0, 61.0, 247.0, 301.0, 584.0, 1262.0, 111.0, 302.0, 255.0, 318.0, 145.0, 620.0, 349.0, 129.0, 80.0, 217.0, 284.0
20, 2013-12-08, Away, HOU, L, W, 13.5, U, 210, 0, 1460.0, 1569.0, 550.0, 1196.0, 108.0, 311.0, 252.0, 327.0, 126.0, 593.0, 325.0, 116.0, 60.0, 244.0, 301.0, 594.0, 1256.0, 124.0, 319.0, 257.0, 322.0, 144.0, 623.0, 351.0, 132.0, 77.0, 215.0, 281.0
21, 2013-12-09, Away, MEM, L, L, 8.5, U, 188, 1, 1450.0, 1577.0, 542.0, 1207.0, 111.0, 324.0, 255.0, 338.0, 134.0, 585.0, 318.0, 122.0, 63.0, 236.0, 313.0, 590.0, 1237.0, 131.0, 333.0, 266.0, 343.0, 144.0, 632.0, 353.0, 128.0, 82.0, 220.0, 282.0
22, 2013-12-11, Away, CHA, W, W, 5, U, 193, 0, 1446.0, 1580.0, 539.0, 1199.0, 113.0, 326.0, 255.0, 329.0, 121.0, 564.0, 311.0, 125.0, 67.0, 228.0, 304.0, 592.0, 1228.0, 139.0, 336.0, 257.0, 334.0, 136.0, 634.0, 357.0, 121.0, 81.0, 223.0, 279.0
23, 2013-12-13, Home, CLE, L, L, -2, O, 195, 0, 1444.0, 1559.0, 539.0, 1207.0, 112.0, 328.0, 254.0, 320.0, 126.0, 580.0, 307.0, 122.0, 69.0, 225.0, 297.0, 580.0, 1222.0, 137.0, 334.0, 262.0, 335.0, 138.0, 636.0, 344.0, 118.0, 82.0, 221.0, 278.0
24, 2013-12-15, Away, OKC, L, W, 13, U, 205.5, 0, 1439.0, 1548.0, 537.0, 1207.0, 116.0, 340.0, 249.0, 313.0, 120.0, 588.0, 302.0, 122.0, 70.0, 219.0, 300.0, 571.0, 1224.0, 140.0, 343.0, 266.0, 340.0, 137.0, 644.0, 334.0, 113.0, 78.0, 218.0, 275.0
25, 2013-12-16, Away, CHI, W, W, 7, U, 185.5, 1, 1443.0, 1558.0, 539.0, 1207.0, 114.0, 338.0, 251.0, 318.0, 116.0, 588.0, 301.0, 122.0, 64.0, 218.0, 301.0, 577.0, 1237.0, 140.0, 349.0, 264.0, 338.0, 141.0, 650.0, 341.0, 114.0, 78.0, 213.0, 275.0
26, 2013-12-18, Home, UTA, L, L, -3, U, 195, 0, 1426.0, 1532.0, 535.0, 1220.0, 115.0, 335.0, 241.0, 306.0, 120.0, 602.0, 300.0, 122.0, 66.0, 212.0, 300.0, 562.0, 1234.0, 135.0, 340.0, 273.0, 346.0, 143.0, 665.0, 333.0, 106.0, 80.0, 210.0, 273.0
27, 2013-12-21, Home, SAC, L, L, -3, O, 203.5, 0, 1416.0, 1498.0, 534.0, 1235.0, 107.0, 321.0, 241.0, 305.0, 126.0, 625.0, 293.0, 116.0, 67.0, 198.0, 295.0, 557.0, 1242.0, 128.0, 337.0, 256.0, 329.0, 142.0, 672.0, 325.0, 99.0, 84.0, 205.0, 275.0
28, 2013-12-23, Home, NYK, L, L, 1.5, O, 192.5, 0, 1417.0, 1502.0, 539.0, 1244.0, 105.0, 318.0, 234.0, 299.0, 127.0, 626.0, 291.0, 116.0, 70.0, 199.0, 296.0, 559.0, 1243.0, 134.0, 335.0, 250.0, 326.0, 150.0, 683.0, 323.0, 101.0, 85.0, 208.0, 279.0
29, 2013-12-27, Home, DET, W, W, 4, U, 203.5, 0, 1419.0, 1501.0, 537.0, 1249.0, 107.0, 322.0, 238.0, 307.0, 132.0, 629.0, 291.0, 116.0, 69.0, 196.0, 302.0, 552.0, 1234.0, 133.0, 327.0, 264.0, 342.0, 149.0, 686.0, 317.0, 99.0, 80.0, 208.0, 286.0
30, 2013-12-29, Home, ATL, W, W, -3, O, 202.5, 0, 1419.0, 1501.0, 540.0, 1251.0, 103.0, 314.0, 236.0, 310.0, 138.0, 635.0, 288.0, 118.0, 68.0, 197.0, 301.0, 561.0, 1256.0, 129.0, 323.0, 250.0, 333.0, 164.0, 699.0, 311.0, 98.0, 80.0, 209.0, 289.0
31, 2013-12-31, Home, GSW, L, L, 6, U, 202, 0, 1423.0, 1509.0, 538.0, 1243.0, 107.0, 316.0, 240.0, 313.0, 135.0, 630.0, 296.0, 118.0, 65.0, 197.0, 305.0, 559.0, 1252.0, 137.0, 340.0, 254.0, 337.0, 162.0, 695.0, 309.0, 99.0, 79.0, 207.0, 297.0
32, 2014-01-02, Away, CLE, L, L, 2, U, 194, 0, 1413.0, 1494.0, 538.0, 1254.0, 103.0, 316.0, 234.0, 311.0, 140.0, 639.0, 295.0, 117.0, 63.0, 191.0, 305.0, 558.0, 1261.0, 135.0, 350.0, 243.0, 330.0, 167.0, 708.0, 306.0, 92.0, 86.0, 205.0, 298.0
33, 2014-01-04, Home, MIA, L, L, 10, O, 199.5, 0, 1414.0, 1483.0, 540.0, 1261.0, 107.0, 326.0, 227.0, 310.0, 139.0, 648.0, 302.0, 113.0, 71.0, 189.0, 301.0, 558.0, 1284.0, 130.0, 356.0, 237.0, 325.0, 177.0, 725.0, 307.0, 93.0, 87.0, 200.0, 297.0
34, 2014-01-06, Away, LAC, L, L, 7.5, U, 197, 0, 1383.0, 1467.0, 526.0, 1247.0, 109.0, 326.0, 222.0, 302.0, 143.0, 655.0, 290.0, 106.0, 71.0, 186.0, 298.0, 552.0, 1262.0, 125.0, 343.0, 238.0, 323.0, 164.0, 709.0, 310.0, 92.0, 85.0, 192.0, 286.0
35, 2014-01-08, Away, POR, L, L, 12.5, U, 206.5, 0, 1381.0, 1447.0, 526.0, 1261.0, 106.0, 320.0, 223.0, 303.0, 154.0, 674.0, 286.0, 109.0, 69.0, 191.0, 299.0, 543.0, 1262.0, 119.0, 340.0, 242.0, 328.0, 167.0, 715.0, 315.0, 93.0, 90.0, 196.0, 283.0
36, 2014-01-10, Away, SAC, L, L, 7, U, 206, 0, 1387.0, 1459.0, 527.0, 1251.0, 105.0, 311.0, 228.0, 302.0, 149.0, 673.0, 293.0, 101.0, 64.0, 193.0, 282.0, 556.0, 1281.0, 118.0, 337.0, 229.0, 299.0, 163.0, 702.0, 320.0, 94.0, 89.0, 185.0, 279.0
37, 2014-01-11, Away, DEN, L, L, 12.5, O, 200.5, 1, 1385.0, 1468.0, 523.0, 1254.0, 107.0, 316.0, 232.0, 311.0, 157.0, 675.0, 296.0, 103.0, 58.0, 194.0, 286.0, 561.0, 1275.0, 111.0, 334.0, 235.0, 301.0, 163.0, 704.0, 320.0, 97.0, 88.0, 185.0, 280.0
38, 2014-01-13, Away, DAL, L, L, 12.5, U, 198, 0, 1387.0, 1505.0, 522.0, 1248.0, 104.0, 317.0, 239.0, 325.0, 151.0, 663.0, 301.0, 101.0, 58.0, 191.0, 288.0, 574.0, 1278.0, 119.0, 345.0, 238.0, 309.0, 166.0, 713.0, 327.0, 96.0, 88.0, 185.0, 287.0
39, 2014-01-15, Home, CHI, L, W, 6, O, 181.5, 0, 1375.0, 1503.0, 519.0, 1239.0, 100.0, 311.0, 237.0, 325.0, 151.0, 655.0, 297.0, 102.0, 54.0, 194.0, 285.0, 572.0, 1270.0, 124.0, 351.0, 235.0, 304.0, 168.0, 709.0, 330.0, 96.0, 91.0, 187.0, 287.0
40, 2014-01-17, Home, CHA, L, L, 1.5, O, 188.5, 0, 1402.0, 1530.0, 535.0, 1261.0, 99.0, 313.0, 233.0, 315.0, 150.0, 662.0, 302.0, 104.0, 57.0, 198.0, 295.0, 581.0, 1296.0, 131.0, 365.0, 237.0, 307.0, 175.0, 723.0, 338.0, 95.0, 90.0, 191.0, 290.0
41, 2014-01-19, Home, BOS, W, W, 3, U, 195.5, 0, 1420.0, 1559.0, 540.0, 1260.0, 104.0, 326.0, 236.0, 320.0, 147.0, 646.0, 306.0, 105.0, 60.0, 201.0, 297.0, 592.0, 1289.0, 133.0, 362.0, 242.0, 316.0, 172.0, 714.0, 344.0, 97.0, 91.0, 198.0, 285.0
42, 2014-01-21, Away, BRK, L, L, 9, U, 193.5, 0, 1431.0, 1564.0, 542.0, 1245.0, 101.0, 326.0, 246.0, 336.0, 145.0, 647.0, 314.0, 104.0, 59.0, 208.0, 297.0, 592.0, 1297.0, 128.0, 354.0, 252.0, 325.0, 176.0, 713.0, 341.0, 99.0, 86.0, 192.0, 293.0
43, 2014-01-22, Home, ATL, L, W, 5.5, O, 202, 1, 1421.0, 1560.0, 536.0, 1235.0, 100.0, 325.0, 249.0, 336.0, 140.0, 642.0, 320.0, 101.0, 55.0, 204.0, 287.0, 593.0, 1299.0, 126.0, 359.0, 248.0, 315.0, 170.0, 705.0, 353.0, 100.0, 87.0, 185.0, 286.0
44, 2014-01-24, Home, LAL, W, W, -2.5, O, 210.5, 0, 1432.0, 1569.0, 540.0, 1229.0, 98.0, 312.0, 254.0, 338.0, 134.0, 631.0, 320.0, 104.0, 52.0, 209.0, 289.0, 595.0, 1296.0, 125.0, 363.0, 254.0, 320.0, 169.0, 700.0, 360.0, 108.0, 90.0, 193.0, 278.0
45, 2014-01-26, Away, NOP, L, L, 6.5, U, 197.5, 0, 1437.0, 1582.0, 534.0, 1225.0, 103.0, 315.0, 266.0, 349.0, 130.0, 633.0, 318.0, 104.0, 53.0, 211.0, 290.0, 597.0, 1291.0, 132.0, 367.0, 256.0, 319.0, 157.0, 692.0, 372.0, 108.0, 90.0, 189.0, 276.0
46, 2014-01-28, Away, DET, L, L, 6.5, U, 205, 0, 1420.0, 1580.0, 529.0, 1228.0, 98.0, 309.0, 264.0, 344.0, 130.0, 625.0, 303.0, 101.0, 52.0, 210.0, 294.0, 598.0, 1291.0, 122.0, 340.0, 262.0, 325.0, 166.0, 704.0, 373.0, 109.0, 97.0, 190.0, 279.0
47, 2014-01-29, Away, TOR, L, L, 9.5, U, 194.5, 1, 1426.0, 1589.0, 527.0, 1216.0, 101.0, 310.0, 271.0, 356.0, 129.0, 628.0, 303.0, 104.0, 51.0, 216.0, 298.0, 596.0, 1292.0, 122.0, 333.0, 275.0, 343.0, 171.0, 704.0, 374.0, 113.0, 93.0, 188.0, 286.0
48, 2014-01-31, Home, MIL, W, W, -6, O, 195, 0, 1428.0, 1600.0, 523.0, 1216.0, 100.0, 304.0, 282.0, 364.0, 131.0, 618.0, 299.0, 109.0, 44.0, 208.0, 292.0, 600.0, 1283.0, 132.0, 345.0, 268.0, 332.0, 167.0, 699.0, 378.0, 112.0, 91.0, 190.0, 285.0
49, 2014-02-02, Away, BOS, L, L, 6, U, 191, 0, 1447.0, 1592.0, 533.0, 1219.0, 99.0, 294.0, 282.0, 365.0, 125.0, 621.0, 310.0, 113.0, 45.0, 208.0, 290.0, 599.0, 1296.0, 136.0, 350.0, 258.0, 325.0, 172.0, 702.0, 378.0, 111.0, 96.0, 190.0, 289.0
50, 2014-02-03, Away, IND, L, L, 15, U, 189, 1, 1455.0, 1587.0, 536.0, 1215.0, 97.0, 289.0, 286.0, 366.0, 123.0, 610.0, 313.0, 114.0, 48.0, 205.0, 283.0, 605.0, 1295.0, 129.0, 333.0, 248.0, 313.0, 169.0, 695.0, 372.0, 109.0, 89.0, 192.0, 290.0
51, 2014-02-05, Home, DET, W, W, 2.5, O, 203, 0, 1440.0, 1575.0, 536.0, 1215.0, 97.0, 285.0, 271.0, 349.0, 122.0, 606.0, 313.0, 114.0, 50.0, 209.0, 289.0, 598.0, 1290.0, 128.0, 328.0, 251.0, 317.0, 171.0, 700.0, 366.0, 107.0, 85.0, 194.0, 287.0
52, 2014-02-07, Home, OKC, W, W, 9.5, O, 198, 0, 1469.0, 1570.0, 554.0, 1226.0, 95.0, 276.0, 266.0, 340.0, 123.0, 613.0, 327.0, 115.0, 56.0, 207.0, 290.0, 596.0, 1295.0, 131.0, 334.0, 247.0, 321.0, 171.0, 682.0, 362.0, 108.0, 86.0, 195.0, 285.0
53, 2014-02-09, Home, IND, W, W, 8, U, 190.5, 0, 1478.0, 1552.0, 555.0, 1222.0, 96.0, 268.0, 272.0, 343.0, 125.0, 609.0, 329.0, 121.0, 54.0, 205.0, 284.0, 589.0, 1281.0, 129.0, 328.0, 245.0, 314.0, 163.0, 666.0, 357.0, 109.0, 88.0, 201.0, 284.0
54, 2014-02-12, Home, MEM, L, L, 1.5, U, 181, 0, 1483.0, 1537.0, 555.0, 1229.0, 94.0, 256.0, 279.0, 353.0, 128.0, 620.0, 324.0, 122.0, 54.0, 203.0, 282.0, 584.0, 1281.0, 127.0, 325.0, 242.0, 318.0, 161.0, 667.0, 355.0, 109.0, 88.0, 204.0, 288.0
55, 2014-02-18, Away, MIL, L, L, -3, O, 195.5, 0, 1439.0, 1495.0, 536.0, 1208.0, 92.0, 243.0, 275.0, 347.0, 135.0, 610.0, 318.0, 116.0, 58.0, 198.0, 267.0, 572.0, 1245.0, 117.0, 304.0, 234.0, 313.0, 151.0, 644.0, 341.0, 107.0, 89.0, 195.0, 280.0
56, 2014-02-19, Away, CLE, L, L, 5.5, U, 197.5, 1, 1438.0, 1488.0, 538.0, 1206.0, 93.0, 243.0, 269.0, 342.0, 136.0, 609.0, 319.0, 119.0, 60.0, 198.0, 269.0, 568.0, 1253.0, 122.0, 315.0, 230.0, 308.0, 159.0, 651.0, 341.0, 109.0, 87.0, 193.0, 280.0
57, 2014-02-21, Home, NYK, W, W, 3.5, O, 197, 0, 1438.0, 1498.0, 543.0, 1224.0, 95.0, 250.0, 257.0, 330.0, 135.0, 605.0, 320.0, 120.0, 57.0, 187.0, 276.0, 568.0, 1243.0, 124.0, 322.0, 238.0, 321.0, 154.0, 656.0, 347.0, 108.0, 87.0, 194.0, 275.0
58, 2014-02-23, Away, TOR, L, L, 11, O, 194.5, 0, 1477.0, 1518.0, 559.0, 1251.0, 97.0, 247.0, 262.0, 333.0, 136.0, 617.0, 326.0, 122.0, 58.0, 185.0, 281.0, 573.0, 1257.0, 129.0, 328.0, 243.0, 331.0, 155.0, 664.0, 342.0, 105.0, 86.0, 199.0, 280.0
59, 2014-02-25, Away, WAS, L, P, 9, O, 195, 0, 1458.0, 1511.0, 554.0, 1255.0, 96.0, 249.0, 254.0, 326.0, 139.0, 616.0, 322.0, 129.0, 59.0, 180.0, 283.0, 566.0, 1239.0, 129.0, 320.0, 250.0, 343.0, 156.0, 672.0, 339.0, 98.0, 83.0, 205.0, 289.0
60, 2014-02-26, Away, PHI, W, W, -4, U, 215, 1, 1450.0, 1521.0, 558.0, 1260.0, 95.0, 257.0, 239.0, 306.0, 146.0, 610.0, 322.0, 124.0, 59.0, 182.0, 289.0, 567.0, 1229.0, 127.0, 314.0, 260.0, 354.0, 158.0, 668.0, 335.0, 100.0, 80.0, 206.0, 284.0
61, 2014-03-01, Away, MIA, L, P, 14, O, 199, 0, 1459.0, 1511.0, 561.0, 1277.0, 101.0, 260.0, 236.0, 303.0, 152.0, 633.0, 330.0, 123.0, 67.0, 176.0, 286.0, 562.0, 1235.0, 127.0, 324.0, 260.0, 355.0, 151.0, 662.0, 330.0, 96.0, 76.0, 200.0, 276.0
62, 2014-03-02, Home, PHI, W, W, -10.5, U, 211.5, 1, 1470.0, 1520.0, 565.0, 1283.0, 97.0, 258.0, 243.0, 307.0, 159.0, 632.0, 329.0, 122.0, 66.0, 173.0, 288.0, 566.0, 1223.0, 127.0, 320.0, 261.0, 351.0, 143.0, 645.0, 328.0, 97.0, 75.0, 202.0, 276.0
63, 2014-03-05, Home, HOU, L, L, 8, U, 204.5, 0, 1479.0, 1503.0, 572.0, 1282.0, 92.0, 252.0, 243.0, 308.0, 160.0, 640.0, 329.0, 124.0, 67.0, 180.0, 294.0, 561.0, 1222.0, 118.0, 313.0, 263.0, 356.0, 143.0, 636.0, 318.0, 99.0, 77.0, 207.0, 278.0
64, 2014-03-08, Away, SAS, L, W, 16, O, 203.5, 0, 1455.0, 1502.0, 567.0, 1283.0, 88.0, 250.0, 233.0, 295.0, 163.0, 630.0, 325.0, 128.0, 69.0, 182.0, 298.0, 562.0, 1217.0, 114.0, 314.0, 264.0, 356.0, 145.0, 642.0, 316.0, 99.0, 74.0, 213.0, 273.0
65, 2014-03-10, Away, MIL, L, L, -1, U, 203.5, 0, 1478.0, 1527.0, 580.0, 1299.0, 90.0, 254.0, 228.0, 290.0, 162.0, 636.0, 331.0, 127.0, 69.0, 177.0, 311.0, 564.0, 1216.0, 119.0, 320.0, 280.0, 379.0, 143.0, 642.0, 318.0, 96.0, 79.0, 210.0, 270.0
66, 2014-03-12, Home, DEN, L, L, 3, O, 213.5, 0, 1497.0, 1534.0, 589.0, 1304.0, 92.0, 261.0, 227.0, 288.0, 165.0, 641.0, 333.0, 128.0, 67.0, 181.0, 315.0, 564.0, 1210.0, 119.0, 322.0, 287.0, 387.0, 140.0, 632.0, 322.0, 97.0, 78.0, 212.0, 266.0
67, 2014-03-14, Home, WAS, L, W, 5, O, 200.5, 0, 1497.0, 1556.0, 590.0, 1308.0, 95.0, 267.0, 222.0, 281.0, 160.0, 635.0, 327.0, 124.0, 65.0, 178.0, 318.0, 572.0, 1217.0, 123.0, 324.0, 289.0, 388.0, 141.0, 648.0, 333.0, 93.0, 80.0, 211.0, 262.0
68, 2014-03-18, Away, GSW, L, L, 12, U, 206.5, 0, 1495.0, 1559.0, 595.0, 1325.0, 97.0, 280.0, 208.0, 265.0, 159.0, 645.0, 328.0, 120.0, 69.0, 183.0, 329.0, 571.0, 1234.0, 123.0, 325.0, 294.0, 398.0, 148.0, 666.0, 332.0, 92.0, 75.0, 206.0, 256.0
69, 2014-03-19, Away, PHO, L, L, 12, U, 211, 1, 1491.0, 1570.0, 596.0, 1319.0, 96.0, 281.0, 203.0, 259.0, 153.0, 637.0, 337.0, 113.0, 70.0, 186.0, 330.0, 573.0, 1237.0, 122.0, 328.0, 302.0, 400.0, 150.0, 669.0, 334.0, 93.0, 71.0, 202.0, 255.0
70, 2014-03-22, Away, UTA, L, W, 4.5, U, 196, 0, 1503.0, 1593.0, 594.0, 1316.0, 98.0, 281.0, 217.0, 279.0, 151.0, 638.0, 337.0, 119.0, 64.0, 192.0, 332.0, 582.0, 1249.0, 131.0, 341.0, 298.0, 394.0, 152.0, 676.0, 339.0, 97.0, 70.0, 210.0, 263.0
71, 2014-03-23, Away, LAL, L, L, 3.5, U, 217, 1, 1491.0, 1578.0, 585.0, 1315.0, 94.0, 273.0, 227.0, 287.0, 150.0, 646.0, 331.0, 118.0, 61.0, 191.0, 331.0, 576.0, 1242.0, 130.0, 342.0, 296.0, 390.0, 146.0, 672.0, 331.0, 95.0, 72.0, 214.0, 268.0
72, 2014-03-25, Home, POR, W, W, 6.5, U, 204.5, 0, 1492.0, 1580.0, 587.0, 1308.0, 94.0, 270.0, 224.0, 280.0, 153.0, 647.0, 336.0, 116.0, 62.0, 203.0, 330.0, 580.0, 1242.0, 131.0, 338.0, 289.0, 382.0, 143.0, 655.0, 329.0, 98.0, 71.0, 217.0, 264.0
73, 2014-03-28, Home, CHA, W, W, 4.5, O, 192, 0, 1458.0, 1544.0, 575.0, 1294.0, 91.0, 271.0, 217.0, 276.0, 162.0, 648.0, 326.0, 119.0, 62.0, 205.0, 327.0, 567.0, 1233.0, 123.0, 330.0, 287.0, 376.0, 152.0, 661.0, 322.0, 96.0, 71.0, 219.0, 257.0
74, 2014-03-30, Home, TOR, L, P, 5, U, 194, 0, 1478.0, 1544.0, 578.0, 1294.0, 92.0, 275.0, 230.0, 294.0, 172.0, 673.0, 323.0, 111.0, 66.0, 213.0, 316.0, 576.0, 1265.0, 122.0, 335.0, 270.0, 354.0, 152.0, 647.0, 323.0, 99.0, 74.0, 206.0, 257.0
75, 2014-04-02, Home, CLE, L, L, 2, O, 196.5, 0, 1465.0, 1527.0, 573.0, 1277.0, 91.0, 269.0, 228.0, 294.0, 163.0, 661.0, 323.0, 112.0, 67.0, 214.0, 313.0, 567.0, 1258.0, 118.0, 338.0, 275.0, 353.0, 151.0, 641.0, 312.0, 100.0, 74.0, 208.0, 256.0
76, 2014-04-04, Away, CHA, L, L, 9.5, U, 194, 0, 1462.0, 1556.0, 569.0, 1262.0, 93.0, 279.0, 231.0, 298.0, 162.0, 640.0, 321.0, 112.0, 61.0, 221.0, 313.0, 580.0, 1249.0, 122.0, 334.0, 274.0, 349.0, 148.0, 636.0, 324.0, 101.0, 72.0, 212.0, 253.0
77, 2014-04-05, Home, MIN, W, W, 2.5, U, 201.5, 1, 1444.0, 1535.0, 564.0, 1266.0, 92.0, 272.0, 224.0, 287.0, 161.0, 644.0, 318.0, 111.0, 70.0, 222.0, 319.0, 570.0, 1253.0, 122.0, 334.0, 273.0, 348.0, 148.0, 643.0, 324.0, 98.0, 73.0, 209.0, 248.0
78, 2014-04-09, Home, BRK, W, W, 5, O, 191.5, 0, 1452.0, 1546.0, 572.0, 1262.0, 100.0, 276.0, 208.0, 269.0, 163.0, 637.0, 330.0, 106.0, 68.0, 231.0, 322.0, 574.0, 1244.0, 118.0, 324.0, 280.0, 358.0, 143.0, 628.0, 334.0, 102.0, 74.0, 203.0, 236.0
79, 2014-04-11, Home, WAS, L, L, 7.5, U, 194, 0, 1478.0, 1556.0, 577.0, 1255.0, 108.0, 286.0, 216.0, 287.0, 165.0, 644.0, 333.0, 102.0, 67.0, 228.0, 320.0, 572.0, 1241.0, 122.0, 331.0, 290.0, 368.0, 142.0, 620.0, 335.0, 101.0, 70.0, 195.0, 244.0
80, 2014-04-13, Away, BRK, L, W, 11.5, U, 195, 0, 1452.0, 1531.0, 563.0, 1236.0, 105.0, 287.0, 221.0, 294.0, 163.0, 641.0, 330.0, 103.0, 68.0, 235.0, 325.0, 564.0, 1242.0, 115.0, 330.0, 288.0, 366.0, 147.0, 620.0, 333.0, 104.0, 66.0, 194.0, 248.0
81, 2014-04-14, Away, CHI, L, L, 11, O, 182.5, 1, 1442.0, 1523.0, 556.0, 1222.0, 104.0, 284.0, 226.0, 300.0, 159.0, 629.0, 329.0, 110.0, 68.0, 237.0, 326.0, 560.0, 1231.0, 119.0, 332.0, 284.0, 364.0, 151.0, 621.0, 331.0, 110.0, 67.0, 206.0, 255.0
82, 2014-04-16, Home, IND, L, L, -3.5, P, 187, 0, 1425.0, 1511.0, 547.0, 1201.0, 102.0, 275.0, 229.0, 306.0, 156.0, 623.0, 332.0, 108.0, 68.0, 245.0, 330.0, 552.0, 1216.0, 114.0, 323.0, 293.0, 372.0, 147.0, 605.0, 328.0, 114.0, 64.0, 200.0, 258.0
