7, 2012-11-12, Home, UTA, L, L, 3, O, 192.5, 0, 0, 94.67, 98.83, 34.33, 84.5, 7.83, 22.33, 18.17, 22.17, 11.0, 38.0, 19.33, 8.83, 3.83, 12.0, 24.33, 35.17, 75.67, 6.67, 17.0, 21.83, 29.67, 9.67, 43.67, 21.0, 6.5, 7.0, 17.0, 19.33, 92.17, 95.33, 36.67, 83.33, 5.17, 18.33, 13.67, 18.5, 11.5, 42.0, 19.67, 7.67, 7.83, 15.17, 22.33, 35.67, 83.17, 5.17, 16.17, 18.83, 25.0, 11.83, 44.0, 20.83, 9.5, 6.5, 13.33, 17.83
8, 2012-11-13, Away, IND, W, W, 9, U, 185.5, 0, 1, 102.17, 107.17, 37.33, 87.33, 8.17, 23.5, 19.33, 24.0, 11.83, 39.67, 21.5, 9.0, 3.33, 13.17, 26.5, 36.67, 78.17, 8.17, 19.5, 25.67, 34.17, 10.0, 43.67, 22.33, 7.67, 7.17, 17.0, 21.0, 90.5, 93.17, 34.17, 85.0, 6.17, 21.33, 16.0, 21.0, 14.67, 48.83, 16.33, 6.5, 6.83, 16.17, 16.5, 36.17, 85.0, 7.0, 19.0, 13.83, 17.33, 10.67, 43.0, 22.5, 9.33, 6.17, 12.5, 19.5
9, 2012-11-17, Away, BOS, L, L, 7, O, 187.5, 0, 0, 97.83, 101.33, 35.5, 85.67, 8.0, 22.5, 18.83, 23.0, 11.5, 41.0, 19.83, 8.33, 2.67, 12.83, 25.17, 34.5, 77.17, 8.0, 19.5, 24.33, 32.17, 10.83, 45.0, 21.33, 8.0, 7.5, 16.17, 20.5, 98.67, 97.0, 35.83, 76.17, 4.5, 12.83, 22.5, 28.17, 7.0, 37.67, 24.33, 7.5, 4.0, 12.33, 20.5, 36.17, 84.33, 6.33, 17.83, 18.33, 23.83, 13.0, 43.5, 22.17, 7.17, 5.0, 13.67, 21.0
10, 2012-11-18, Home, ORL, W, W, -4, U, 187, 0, 1, 95.17, 104.83, 33.83, 82.33, 7.67, 22.67, 19.83, 25.33, 10.33, 40.33, 20.5, 8.0, 2.83, 13.5, 25.0, 36.83, 79.17, 8.0, 19.33, 23.17, 30.17, 10.67, 45.17, 24.5, 7.83, 6.5, 14.33, 21.5, 84.83, 97.17, 34.17, 80.67, 4.67, 14.33, 11.83, 16.17, 10.67, 41.17, 22.67, 5.5, 5.0, 15.5, 19.0, 38.17, 81.0, 6.0, 17.5, 14.83, 21.17, 10.17, 42.17, 21.0, 8.5, 5.83, 12.83, 15.33
11, 2012-11-20, Away, PHI, L, L, 5.5, O, 183.5, 0, 0, 96.67, 101.17, 35.17, 81.67, 7.67, 20.67, 18.67, 25.0, 10.67, 40.83, 21.5, 7.5, 3.5, 12.33, 24.5, 36.33, 80.17, 7.17, 17.33, 21.33, 28.0, 10.83, 44.17, 23.5, 6.5, 5.17, 14.0, 21.5, 92.67, 92.33, 35.0, 81.83, 7.83, 17.5, 14.83, 19.67, 8.67, 39.5, 22.0, 9.33, 5.67, 11.83, 18.33, 34.83, 78.83, 6.33, 17.5, 16.33, 21.5, 10.0, 43.17, 23.33, 6.33, 5.17, 15.33, 19.17
12, 2012-11-21, Away, CHA, L, W, 2.5, O, 192.5, 0, 1, 95.67, 100.67, 35.33, 81.83, 7.5, 19.67, 17.5, 24.67, 11.0, 42.5, 22.67, 6.67, 4.17, 12.83, 23.17, 36.5, 80.33, 7.33, 17.83, 20.33, 25.33, 9.67, 43.17, 24.17, 6.83, 5.83, 13.5, 21.5, 95.0, 93.17, 36.17, 84.5, 4.0, 15.67, 18.67, 25.0, 14.0, 46.17, 17.17, 8.67, 7.33, 14.67, 21.0, 34.33, 83.33, 5.17, 20.17, 19.33, 27.5, 13.17, 44.83, 21.83, 6.83, 9.0, 15.0, 21.17
13, 2012-11-23, Away, DET, L, W, 1.5, U, 192, 0, 0, 98.0, 101.5, 36.5, 82.0, 7.0, 19.17, 18.0, 25.33, 11.33, 42.67, 23.17, 6.5, 4.83, 13.17, 23.83, 36.83, 82.5, 6.83, 18.67, 21.0, 25.83, 9.67, 41.67, 24.17, 6.67, 6.67, 13.0, 21.83, 91.5, 91.17, 35.17, 79.17, 4.17, 13.33, 17.0, 23.67, 10.33, 43.0, 20.83, 6.67, 5.0, 14.67, 20.83, 32.83, 80.33, 5.17, 17.67, 20.33, 25.67, 9.67, 41.83, 18.5, 7.33, 4.5, 12.83, 19.83
14, 2012-11-25, Home, SAS, L, W, 6, O, 195.5, 0, 0, 90.83, 93.33, 33.33, 77.0, 6.67, 18.17, 17.5, 24.5, 9.5, 40.17, 21.33, 5.33, 5.0, 12.17, 22.5, 35.17, 80.0, 5.17, 16.5, 17.83, 23.0, 10.33, 41.67, 22.0, 5.67, 5.17, 12.33, 21.17, 102.17, 95.83, 39.17, 84.5, 7.83, 21.5, 16.0, 20.17, 10.5, 41.0, 22.83, 8.5, 4.17, 12.0, 19.17, 38.0, 82.0, 5.33, 15.5, 14.5, 21.33, 12.0, 42.33, 19.17, 6.0, 5.67, 14.5, 18.83
15, 2012-11-27, Away, HOU, L, L, 6, O, 203, 0, 0, 96.17, 99.83, 35.67, 83.33, 6.67, 20.17, 18.17, 25.33, 11.0, 42.83, 22.67, 5.67, 6.17, 12.17, 22.83, 38.5, 84.67, 5.67, 18.5, 17.17, 22.0, 9.17, 42.17, 23.83, 5.0, 4.83, 12.17, 21.5, 106.67, 104.67, 38.17, 84.5, 9.33, 23.67, 21.0, 26.83, 11.67, 45.33, 21.33, 6.67, 5.33, 15.83, 20.83, 39.33, 88.0, 9.17, 24.17, 16.83, 22.33, 10.67, 41.5, 22.83, 7.17, 7.67, 13.5, 20.17
16, 2012-11-28, Away, MEM, L, L, 10.5, U, 189, 0, 1, 98.17, 101.5, 37.67, 86.0, 6.67, 20.33, 16.17, 22.17, 11.33, 43.5, 23.17, 5.5, 5.83, 12.33, 21.5, 38.67, 85.83, 6.83, 20.33, 17.33, 22.33, 10.0, 43.5, 22.67, 5.67, 4.67, 12.33, 20.17, 98.0, 92.0, 36.5, 78.83, 5.0, 14.17, 20.0, 24.17, 11.83, 37.17, 19.33, 8.5, 4.67, 13.67, 21.83, 34.0, 76.67, 6.0, 17.17, 18.0, 23.67, 13.5, 39.33, 18.33, 7.5, 5.0, 15.83, 22.67
17, 2012-11-30, Home, PHO, W, W, -3, U, 200, 0, 0, 95.67, 104.33, 36.17, 85.0, 6.33, 20.17, 17.0, 22.33, 10.83, 42.33, 21.33, 5.0, 5.67, 13.5, 22.83, 39.67, 85.83, 7.5, 21.17, 17.5, 23.5, 10.67, 44.5, 24.33, 7.0, 5.67, 11.83, 19.67, 97.0, 98.5, 38.0, 81.67, 6.5, 18.17, 14.5, 19.33, 9.17, 37.83, 20.5, 9.17, 4.83, 14.17, 20.0, 36.33, 77.83, 8.17, 19.0, 17.67, 23.83, 8.5, 38.33, 22.17, 7.83, 4.0, 15.83, 20.67
18, 2012-12-03, Away, DEN, L, W, 10.5, O, 200.5, 0, 0, 96.17, 102.83, 36.5, 84.83, 7.0, 19.83, 16.17, 21.17, 10.5, 41.17, 20.67, 5.83, 5.5, 13.83, 22.83, 39.17, 84.5, 7.0, 19.83, 17.5, 23.5, 9.83, 43.33, 24.83, 7.0, 5.33, 12.83, 19.17, 102.67, 100.33, 38.83, 80.17, 7.0, 18.67, 18.0, 25.83, 11.67, 40.83, 22.17, 7.67, 6.67, 15.33, 20.5, 38.17, 84.17, 9.33, 21.83, 14.67, 21.17, 12.83, 41.67, 24.17, 9.17, 5.33, 14.33, 23.83
19, 2012-12-05, Away, SAC, L, L, 2.5, O, 197.5, 0, 0, 98.33, 105.33, 37.33, 85.83, 7.0, 20.67, 16.67, 21.0, 10.5, 41.33, 20.0, 6.5, 5.67, 14.17, 23.67, 39.83, 84.33, 7.5, 19.17, 18.17, 26.0, 12.17, 46.0, 25.5, 7.67, 5.0, 13.67, 19.0, 97.5, 101.33, 37.0, 78.33, 7.33, 17.5, 16.17, 21.17, 9.17, 37.83, 20.33, 6.83, 3.67, 14.17, 21.17, 36.5, 80.17, 8.83, 23.0, 19.5, 25.83, 11.67, 41.17, 24.17, 8.5, 5.67, 13.17, 20.0
20, 2012-12-07, Away, UTA, L, L, 6.5, O, 198, 0, 0, 100.0, 108.0, 37.83, 87.17, 7.0, 21.5, 17.33, 21.5, 10.67, 41.83, 20.83, 6.5, 6.17, 14.17, 23.67, 40.17, 85.0, 7.83, 19.5, 19.83, 27.33, 11.33, 46.17, 25.67, 7.83, 5.83, 13.83, 18.33, 100.33, 100.5, 37.83, 79.67, 7.0, 17.67, 17.67, 22.83, 11.5, 37.83, 22.33, 9.33, 5.5, 14.83, 23.33, 38.67, 78.33, 5.0, 17.0, 18.17, 25.5, 12.83, 40.5, 19.67, 7.5, 6.17, 17.0, 20.5
21, 2012-12-09, Away, LAC, L, L, 10.5, U, 201.5, 1, 0, 98.83, 111.33, 36.67, 82.5, 7.17, 21.5, 18.33, 22.67, 9.83, 38.5, 19.5, 6.33, 6.0, 14.67, 24.17, 40.33, 83.0, 8.67, 18.83, 22.0, 30.0, 12.67, 46.0, 26.67, 8.83, 6.33, 13.83, 19.67, 108.17, 95.67, 42.67, 86.33, 8.5, 24.0, 14.33, 20.33, 11.5, 39.0, 26.67, 12.17, 5.17, 11.17, 18.83, 34.67, 77.5, 8.83, 22.17, 17.5, 21.67, 11.17, 41.17, 22.17, 5.5, 4.83, 18.17, 21.5
22, 2012-12-10, Away, POR, L, L, 2.5, U, 194, 0, 1, 95.83, 108.83, 34.67, 81.0, 7.5, 22.0, 19.0, 23.5, 9.83, 38.5, 19.0, 5.83, 6.5, 14.33, 25.33, 39.0, 82.33, 7.5, 17.67, 23.33, 32.17, 13.17, 46.0, 25.17, 8.83, 7.17, 13.0, 20.0, 94.67, 101.17, 34.33, 82.5, 8.0, 24.83, 18.0, 23.67, 12.17, 42.5, 18.83, 7.67, 5.33, 14.5, 19.67, 37.17, 82.83, 9.17, 22.5, 17.67, 20.67, 9.83, 42.83, 23.33, 9.17, 4.5, 14.83, 19.0
23, 2012-12-12, Home, BRK, L, W, 7, U, 185, 1, 0, 94.5, 107.0, 34.17, 81.0, 7.17, 22.67, 19.0, 23.0, 10.17, 40.5, 19.33, 5.83, 6.5, 13.83, 23.83, 38.67, 83.83, 6.17, 18.0, 23.5, 31.17, 13.0, 46.33, 23.17, 8.5, 6.5, 12.17, 19.83, 97.5, 101.83, 35.83, 80.5, 8.83, 26.33, 17.0, 22.83, 11.67, 40.67, 21.67, 6.0, 3.83, 13.5, 19.5, 38.33, 76.83, 7.5, 18.0, 17.67, 21.67, 8.17, 36.5, 21.17, 8.33, 3.67, 11.67, 20.67
24, 2012-12-14, Home, DAL, W, W, 5, U, 194.5, 0, 0, 92.33, 106.5, 33.83, 80.0, 6.5, 23.33, 18.17, 22.17, 9.67, 38.83, 18.83, 6.5, 6.33, 14.0, 24.67, 37.33, 81.67, 6.83, 18.5, 25.0, 33.83, 13.67, 47.0, 21.83, 8.33, 5.33, 12.67, 19.17, 104.83, 100.83, 41.17, 87.5, 7.5, 20.5, 15.0, 19.0, 10.0, 43.67, 23.33, 8.17, 5.83, 16.33, 20.67, 37.17, 86.0, 8.17, 24.33, 18.33, 24.67, 11.17, 44.17, 23.17, 10.67, 5.0, 15.83, 19.33
25, 2012-12-16, Home, HOU, W, W, 4, U, 200.5, 0, 0, 89.83, 100.0, 32.5, 79.67, 7.0, 24.67, 17.83, 22.67, 10.5, 40.5, 19.33, 6.83, 5.33, 13.0, 23.0, 35.17, 79.0, 5.83, 18.17, 23.83, 30.5, 10.5, 44.5, 20.5, 7.17, 4.33, 12.67, 18.67, 105.67, 108.5, 37.0, 86.17, 10.83, 30.5, 20.83, 27.67, 9.83, 42.67, 23.17, 8.5, 5.67, 16.0, 20.67, 41.0, 87.83, 8.67, 23.33, 17.83, 22.5, 9.5, 46.5, 24.0, 9.17, 6.83, 15.17, 19.5
26, 2012-12-18, Away, CLE, W, W, 5, O, 189, 0, 0, 90.33, 98.17, 33.17, 79.5, 7.33, 25.83, 16.67, 21.33, 9.67, 41.0, 20.0, 6.83, 6.0, 12.33, 23.17, 34.17, 78.33, 6.0, 19.5, 23.83, 30.17, 10.17, 44.0, 19.83, 7.33, 3.33, 12.17, 18.83, 89.83, 96.33, 34.17, 84.33, 8.5, 23.67, 13.0, 18.0, 12.67, 43.5, 18.83, 8.17, 4.0, 15.33, 25.0, 33.33, 78.5, 7.17, 21.5, 22.5, 31.0, 13.67, 45.67, 19.67, 8.83, 6.17, 14.5, 19.67
27, 2012-12-19, Home, DET, W, W, -2.5, O, 186, 0, 1, 92.67, 92.83, 34.17, 78.33, 8.17, 25.83, 16.17, 20.67, 9.83, 40.17, 22.0, 7.33, 5.17, 12.17, 22.5, 32.67, 74.83, 5.0, 18.33, 22.5, 29.33, 9.5, 41.0, 17.83, 6.67, 3.17, 12.83, 18.83, 92.17, 97.5, 33.67, 81.67, 5.67, 15.83, 19.17, 26.17, 12.5, 42.5, 17.83, 5.67, 5.83, 12.33, 20.67, 38.67, 82.67, 6.33, 21.17, 13.83, 20.5, 11.17, 42.5, 21.33, 7.67, 8.17, 11.5, 21.83
28, 2012-12-21, Home, ORL, W, L, -3.5, U, 187.5, 0, 0, 95.0, 91.0, 35.0, 77.5, 8.17, 26.33, 16.83, 21.5, 9.5, 39.17, 22.67, 7.67, 5.33, 10.83, 22.83, 32.5, 75.67, 4.5, 17.17, 21.5, 28.67, 10.67, 40.83, 16.83, 5.5, 2.5, 13.0, 19.17, 96.0, 89.17, 38.83, 81.0, 6.67, 18.17, 11.67, 14.0, 9.83, 44.83, 24.67, 7.5, 4.67, 15.33, 17.17, 35.67, 83.5, 6.33, 19.33, 11.5, 15.67, 9.5, 38.83, 20.0, 6.0, 4.17, 13.5, 16.17
29, 2012-12-26, Away, SAS, L, L, 13.5, U, 200, 0, 0, 98.17, 90.67, 36.17, 78.67, 9.0, 26.0, 16.83, 21.5, 9.17, 37.0, 23.83, 9.0, 5.17, 10.0, 22.83, 32.33, 72.5, 5.17, 16.17, 20.83, 28.17, 10.17, 40.33, 17.83, 4.83, 2.33, 14.83, 18.67, 103.33, 98.33, 38.5, 81.17, 10.33, 24.67, 16.0, 21.0, 7.67, 39.17, 27.33, 10.33, 4.83, 14.67, 16.83, 37.83, 83.5, 5.17, 17.67, 17.5, 22.83, 11.33, 44.67, 20.5, 8.83, 4.83, 15.0, 18.83
30, 2012-12-28, Away, NOH, W, W, 3, O, 183, 0, 0, 96.83, 91.67, 35.5, 79.17, 9.5, 26.0, 16.33, 20.67, 9.67, 37.67, 24.33, 8.83, 5.0, 10.17, 21.83, 33.17, 73.67, 4.83, 16.17, 20.5, 27.17, 10.5, 41.33, 18.67, 5.83, 3.0, 14.83, 18.67, 88.83, 94.17, 35.0, 79.0, 5.0, 17.5, 13.83, 16.17, 11.83, 40.0, 18.5, 6.67, 4.83, 13.33, 19.33, 36.0, 77.33, 6.67, 22.0, 15.5, 19.83, 10.83, 39.17, 25.33, 7.0, 6.17, 12.33, 16.33
31, 2012-12-29, Away, ORL, W, W, 3.5, O, 187.5, 1, 1, 98.33, 95.5, 36.0, 79.33, 8.33, 24.0, 18.0, 22.33, 8.83, 36.67, 24.67, 8.67, 5.5, 9.67, 22.17, 34.83, 75.83, 5.67, 16.17, 20.17, 27.33, 11.67, 43.5, 19.67, 5.5, 3.83, 14.67, 19.67, 94.33, 94.67, 37.67, 79.0, 8.0, 21.0, 11.0, 13.83, 9.33, 43.17, 24.33, 6.33, 3.0, 15.5, 16.83, 37.0, 83.5, 6.5, 18.5, 14.17, 17.17, 9.83, 38.67, 21.67, 7.0, 4.83, 11.67, 17.33
32, 2013-01-02, Home, POR, W, W, -4, U, 192, 1, 0, 101.67, 94.17, 37.17, 78.83, 9.5, 23.5, 17.83, 22.5, 9.5, 36.83, 25.33, 8.17, 3.67, 9.83, 21.17, 35.5, 76.33, 5.33, 15.33, 17.83, 25.67, 12.0, 42.0, 20.33, 5.5, 5.0, 13.83, 18.67, 97.0, 96.83, 37.5, 80.83, 7.0, 23.33, 15.0, 19.17, 12.5, 44.83, 23.5, 7.0, 4.0, 15.17, 17.5, 38.67, 85.17, 7.33, 23.33, 12.17, 16.83, 12.0, 39.67, 25.17, 8.0, 3.0, 11.33, 17.0
33, 2013-01-04, Home, SAC, L, L, -7, O, 196, 0, 0, 99.83, 90.83, 37.5, 79.17, 8.83, 23.33, 16.0, 20.83, 8.5, 36.83, 26.83, 8.83, 3.67, 9.33, 20.5, 34.67, 76.33, 4.83, 16.33, 16.67, 23.33, 11.67, 42.5, 20.33, 5.17, 4.17, 14.33, 17.33, 102.83, 100.5, 39.5, 84.83, 9.17, 22.5, 14.67, 18.83, 11.67, 39.0, 26.0, 9.17, 4.67, 11.83, 19.17, 38.5, 83.83, 7.33, 23.0, 16.17, 20.33, 14.67, 44.83, 24.0, 6.0, 5.33, 15.5, 18.0
34, 2013-01-06, Home, OKC, L, L, 6.5, U, 197, 0, 0, 99.67, 93.17, 36.67, 80.33, 9.0, 24.0, 17.33, 23.33, 9.33, 37.83, 25.5, 9.33, 3.5, 10.83, 21.0, 35.5, 75.0, 5.0, 16.33, 17.17, 23.33, 9.83, 42.33, 21.67, 6.0, 4.67, 15.5, 18.17, 108.0, 98.83, 38.83, 82.17, 8.5, 20.17, 21.83, 26.17, 11.67, 45.33, 20.33, 9.33, 6.83, 15.17, 18.5, 36.67, 82.67, 9.17, 24.5, 16.33, 19.33, 9.5, 39.17, 20.33, 8.33, 3.67, 15.83, 19.33
35, 2013-01-09, Home, PHI, W, W, -5, U, 189, 1, 0, 99.5, 95.5, 36.83, 79.5, 9.0, 24.67, 16.83, 23.33, 9.33, 37.67, 26.83, 8.33, 3.33, 12.0, 20.67, 36.0, 76.17, 5.33, 17.67, 18.17, 24.17, 10.5, 41.67, 22.0, 6.67, 5.0, 15.17, 19.0, 89.5, 101.67, 36.83, 83.67, 6.33, 18.5, 9.5, 13.5, 9.0, 42.17, 21.83, 6.5, 4.5, 14.33, 17.67, 38.33, 83.0, 7.0, 20.67, 18.0, 23.5, 10.83, 47.17, 21.5, 9.5, 4.83, 13.17, 15.17
36, 2013-01-11, Home, CHA, W, W, -8, U, 195, 0, 0, 101.17, 90.83, 37.83, 79.83, 8.0, 23.5, 17.5, 23.5, 9.33, 39.5, 27.17, 8.17, 3.5, 11.33, 20.17, 35.17, 76.67, 4.33, 16.17, 16.17, 22.5, 10.33, 40.5, 20.33, 5.33, 5.17, 14.5, 18.67, 96.83, 99.17, 36.5, 80.67, 4.33, 11.33, 19.5, 28.17, 12.67, 42.83, 19.5, 7.83, 5.17, 14.17, 20.5, 37.5, 82.0, 8.17, 21.83, 16.0, 22.67, 11.67, 42.5, 23.67, 8.67, 8.83, 14.83, 24.33
37, 2013-01-13, Home, MIL, L, L, -2.5, O, 192.5, 0, 0, 100.33, 87.67, 38.17, 80.0, 9.17, 24.0, 14.83, 20.0, 11.33, 40.67, 27.33, 7.67, 3.5, 12.0, 20.17, 33.67, 75.5, 4.0, 16.0, 16.33, 22.17, 11.0, 38.83, 18.83, 6.17, 4.83, 14.0, 17.17, 98.33, 104.17, 38.33, 87.17, 6.0, 17.33, 15.67, 20.67, 14.17, 46.17, 21.17, 7.33, 10.5, 15.5, 17.67, 41.0, 89.83, 6.83, 20.33, 15.33, 22.17, 14.0, 46.67, 24.83, 8.17, 4.5, 13.67, 19.0
38, 2013-01-15, Away, BRK, L, P, 7, O, 189.5, 0, 0, 95.83, 90.83, 36.5, 80.5, 7.17, 21.67, 15.67, 21.0, 12.67, 40.0, 26.0, 8.33, 3.5, 13.17, 20.67, 34.33, 74.83, 4.5, 16.17, 17.67, 22.33, 10.67, 38.33, 20.67, 6.0, 4.5, 14.83, 19.17, 107.17, 92.17, 38.33, 81.5, 7.67, 19.33, 22.83, 28.5, 14.5, 47.33, 21.33, 7.5, 4.5, 13.5, 17.5, 36.5, 82.5, 7.17, 18.5, 12.0, 18.17, 10.67, 37.67, 21.5, 6.83, 6.5, 14.0, 22.0
39, 2013-01-16, Home, CHI, L, W, 4.5, O, 183, 0, 1, 96.5, 96.5, 36.33, 81.33, 7.0, 20.0, 16.83, 22.0, 13.67, 40.83, 23.83, 6.83, 3.33, 13.5, 20.83, 35.83, 76.67, 5.17, 16.0, 19.67, 24.33, 10.83, 38.0, 21.17, 6.83, 4.83, 12.83, 19.67, 99.33, 90.17, 37.17, 82.0, 5.33, 12.33, 19.67, 26.0, 15.0, 46.67, 23.5, 7.67, 6.33, 15.17, 19.33, 33.17, 78.67, 6.83, 17.67, 17.0, 22.17, 10.67, 38.83, 18.67, 8.0, 7.0, 14.5, 22.67
40, 2013-01-18, Away, PHI, L, L, 4, O, 190, 0, 0, 98.0, 96.83, 37.67, 82.33, 6.17, 17.17, 16.5, 21.17, 13.5, 41.5, 24.17, 6.5, 3.33, 13.0, 21.17, 35.67, 78.33, 5.0, 15.83, 20.5, 25.33, 11.33, 38.5, 21.67, 6.5, 4.33, 12.33, 20.67, 89.67, 104.67, 36.33, 81.67, 6.67, 17.83, 10.33, 14.83, 8.5, 37.5, 22.17, 6.17, 4.5, 14.0, 17.5, 40.0, 81.67, 7.83, 21.17, 16.83, 20.83, 11.17, 47.17, 23.0, 9.0, 3.17, 14.83, 16.0
41, 2013-01-20, Home, LAL, W, W, 4.5, O, 201.5, 0, 0, 99.5, 97.5, 38.67, 84.33, 6.67, 17.5, 15.5, 19.83, 14.0, 43.33, 24.33, 6.33, 3.67, 13.33, 21.33, 37.17, 80.67, 4.67, 15.33, 18.5, 23.67, 11.0, 38.17, 22.67, 6.17, 4.67, 11.5, 20.5, 104.17, 104.83, 39.83, 84.83, 10.17, 27.0, 14.33, 20.5, 9.0, 42.0, 25.67, 8.0, 4.17, 14.5, 18.33, 41.0, 88.5, 7.5, 23.5, 15.33, 20.67, 11.83, 45.17, 23.33, 8.83, 4.17, 14.33, 18.83
42, 2013-01-23, Away, MIA, L, W, 10, O, 194.5, 0, 0, 102.5, 102.67, 39.83, 85.0, 7.5, 19.0, 15.33, 20.5, 14.0, 42.33, 24.5, 6.67, 3.5, 14.0, 22.33, 38.67, 83.0, 5.83, 18.17, 19.5, 24.0, 11.5, 38.17, 23.5, 6.83, 4.33, 11.5, 20.67, 97.17, 91.17, 37.17, 78.33, 8.33, 23.33, 14.5, 19.83, 7.83, 37.67, 23.17, 9.67, 6.33, 12.0, 22.33, 32.83, 81.0, 8.0, 19.83, 17.5, 23.67, 13.5, 45.67, 20.83, 6.67, 1.83, 15.83, 19.83
43, 2013-01-24, Away, ORL, W, W, 4, U, 198.5, 0, 1, 105.33, 110.17, 40.67, 85.33, 7.83, 19.67, 16.17, 21.67, 11.67, 39.0, 24.67, 6.83, 2.67, 13.5, 23.67, 41.5, 84.17, 6.83, 19.83, 20.33, 26.67, 11.67, 40.17, 25.5, 6.5, 4.17, 11.5, 21.83, 97.83, 104.83, 38.5, 82.67, 9.33, 22.67, 11.5, 14.67, 8.33, 39.67, 25.5, 5.83, 2.33, 13.17, 18.33, 41.67, 85.83, 6.17, 16.67, 15.33, 19.5, 11.17, 43.5, 25.0, 7.33, 5.83, 10.17, 17.17
44, 2013-01-26, Home, CLE, L, L, -7, U, 200.5, 1, 0, 105.5, 108.17, 41.17, 84.17, 8.0, 20.17, 15.17, 20.33, 10.0, 38.67, 24.67, 6.17, 3.5, 12.67, 23.5, 40.67, 84.83, 6.83, 19.67, 20.0, 26.17, 12.0, 41.67, 24.33, 6.67, 3.83, 11.67, 19.67, 101.67, 105.33, 38.5, 86.83, 5.0, 17.0, 19.67, 24.67, 12.33, 40.0, 22.17, 7.83, 4.83, 12.0, 19.67, 39.0, 83.0, 9.67, 22.33, 17.67, 23.0, 13.33, 45.0, 27.17, 7.17, 6.33, 15.5, 21.33
45, 2013-01-28, Home, GSW, L, L, 2, O, 200.5, 0, 0, 104.17, 105.83, 41.17, 84.17, 7.67, 20.83, 14.17, 19.5, 9.67, 38.33, 24.83, 6.67, 4.0, 13.0, 23.83, 40.17, 84.33, 6.5, 18.0, 19.0, 25.17, 12.0, 42.5, 22.67, 6.5, 3.83, 13.17, 19.83, 100.5, 102.83, 36.0, 81.83, 8.17, 21.67, 20.33, 23.0, 9.33, 40.17, 21.67, 7.0, 2.83, 13.5, 21.0, 39.5, 84.83, 8.67, 23.67, 15.17, 21.67, 12.5, 45.83, 24.5, 7.17, 6.17, 14.33, 19.17
46, 2013-01-30, Away, ATL, L, W, 7, U, 196.5, 0, 0, 103.67, 107.0, 41.17, 84.5, 7.67, 21.33, 13.67, 18.0, 9.33, 37.33, 26.17, 6.83, 3.83, 12.67, 22.0, 41.33, 84.33, 7.0, 18.67, 17.33, 22.5, 11.83, 43.0, 22.0, 6.0, 4.83, 13.0, 18.0, 102.83, 99.5, 39.17, 80.33, 10.17, 23.67, 14.33, 20.83, 9.5, 40.17, 26.17, 7.17, 4.0, 16.5, 21.17, 36.5, 79.17, 8.5, 20.83, 18.0, 23.5, 8.83, 38.67, 21.83, 8.83, 4.0, 16.0, 20.0
47, 2013-02-01, Home, LAC, W, W, 4, U, 193.5, 0, 0, 102.17, 104.5, 40.0, 84.0, 7.33, 20.83, 14.83, 19.67, 10.17, 39.0, 24.0, 6.83, 3.83, 12.5, 21.83, 39.5, 81.67, 8.0, 19.83, 17.5, 23.17, 10.67, 42.5, 21.33, 6.67, 5.17, 14.0, 17.83, 96.0, 97.0, 37.83, 81.5, 6.17, 17.67, 14.17, 21.83, 12.17, 40.33, 23.5, 8.0, 4.33, 13.5, 20.17, 34.5, 73.5, 8.5, 20.67, 19.5, 24.33, 8.33, 38.0, 23.0, 7.5, 3.0, 15.5, 21.17
48, 2013-02-03, Home, MIA, L, L, 4.5, U, 195, 0, 0, 100.5, 99.5, 38.67, 83.5, 8.33, 21.83, 14.83, 19.67, 10.33, 39.83, 24.5, 6.17, 4.5, 12.0, 22.33, 37.33, 79.0, 7.0, 18.5, 17.83, 24.83, 10.17, 42.5, 20.0, 6.5, 5.17, 14.17, 18.0, 104.0, 96.83, 40.5, 81.83, 6.17, 18.0, 16.83, 23.67, 10.83, 40.0, 22.17, 9.0, 4.0, 12.5, 22.33, 35.83, 76.5, 7.5, 19.83, 17.67, 24.0, 8.83, 36.5, 20.67, 7.17, 3.5, 15.17, 21.0
49, 2013-02-06, Home, BOS, L, L, -3.5, O, 191.5, 0, 0, 95.33, 95.67, 36.0, 81.33, 6.67, 19.67, 16.67, 22.0, 11.5, 41.5, 22.67, 6.5, 4.83, 13.17, 21.33, 36.5, 77.83, 6.0, 16.83, 16.67, 22.33, 8.67, 39.33, 18.83, 7.33, 5.33, 14.0, 18.33, 99.83, 96.5, 37.67, 81.0, 5.83, 18.17, 18.67, 22.67, 7.83, 42.5, 24.17, 8.5, 3.83, 15.67, 21.67, 36.33, 86.67, 7.17, 24.0, 16.67, 22.0, 13.17, 46.17, 20.17, 8.83, 4.33, 15.67, 21.5
50, 2013-02-08, Away, IND, W, W, 7, O, 189.5, 0, 0, 95.0, 96.33, 35.17, 82.0, 6.67, 20.0, 18.0, 23.17, 12.33, 42.33, 21.5, 8.0, 4.0, 14.0, 21.83, 36.5, 76.5, 5.33, 17.0, 18.0, 24.0, 8.0, 39.33, 18.67, 7.0, 5.5, 14.0, 19.67, 102.33, 90.5, 36.83, 77.67, 7.83, 18.33, 20.83, 26.83, 12.17, 45.17, 23.0, 7.0, 5.33, 14.0, 20.0, 34.67, 82.33, 4.83, 15.17, 16.33, 23.0, 10.67, 39.17, 19.83, 7.5, 6.17, 13.17, 22.83
51, 2013-02-10, Home, NOH, W, W, -3.5, U, 192, 0, 0, 95.33, 96.17, 35.5, 84.33, 6.17, 18.67, 18.17, 23.33, 13.33, 43.5, 21.0, 8.5, 4.83, 13.83, 23.17, 36.17, 76.5, 5.83, 18.83, 18.0, 25.0, 8.0, 39.83, 20.5, 6.67, 6.0, 14.5, 19.67, 98.83, 104.5, 37.67, 78.83, 6.17, 16.33, 17.33, 23.0, 8.67, 36.83, 20.83, 7.17, 5.17, 14.83, 23.0, 38.67, 76.67, 7.0, 20.17, 20.17, 28.0, 9.0, 39.83, 27.67, 8.5, 5.0, 14.33, 20.0
52, 2013-02-12, Home, DEN, W, L, -1.5, O, 206.5, 0, 0, 95.33, 92.0, 35.83, 82.83, 6.5, 18.17, 17.17, 22.5, 13.5, 43.83, 20.33, 8.5, 4.83, 14.0, 23.67, 34.17, 73.67, 5.67, 18.5, 18.0, 25.83, 6.83, 37.17, 19.5, 6.5, 5.83, 15.17, 19.33, 116.0, 104.83, 44.0, 89.33, 7.17, 21.33, 20.83, 28.17, 13.0, 47.0, 25.5, 10.33, 8.67, 16.0, 19.67, 40.5, 89.33, 7.83, 22.17, 16.0, 21.83, 10.33, 40.83, 25.33, 8.17, 7.0, 17.17, 22.5
53, 2013-02-13, Away, NYK, W, W, 8, U, 197.5, 0, 1, 98.17, 94.5, 36.83, 82.5, 6.67, 18.0, 17.83, 22.5, 13.5, 41.5, 21.5, 9.17, 4.83, 14.0, 24.17, 35.5, 75.33, 5.0, 16.83, 18.5, 26.17, 9.33, 38.67, 19.17, 7.0, 5.33, 15.33, 19.67, 99.83, 92.33, 36.67, 80.0, 11.67, 31.5, 14.83, 19.33, 12.5, 44.33, 19.5, 6.5, 3.17, 13.33, 16.5, 37.17, 81.33, 6.5, 19.17, 11.5, 16.83, 11.0, 39.17, 18.33, 7.33, 3.67, 12.67, 17.33
54, 2013-02-19, Away, WAS, W, W, 3, U, 190.5, 0, 0, 97.17, 97.0, 35.67, 81.17, 6.17, 17.17, 19.67, 23.67, 13.0, 39.83, 18.5, 8.5, 5.17, 13.67, 23.33, 36.0, 76.5, 6.0, 17.83, 19.0, 26.33, 11.17, 41.17, 19.17, 7.17, 5.0, 14.83, 20.5, 94.33, 90.33, 37.83, 79.17, 6.33, 15.5, 12.33, 18.0, 8.17, 41.17, 24.0, 7.83, 4.17, 14.33, 19.17, 34.17, 81.83, 6.17, 20.67, 15.83, 22.17, 10.83, 44.67, 19.83, 8.0, 4.5, 14.33, 17.33
55, 2013-02-20, Home, MEM, L, L, 1, U, 186.5, 1, 1, 99.0, 95.0, 36.83, 81.67, 6.83, 17.5, 18.5, 21.67, 12.0, 40.5, 19.33, 8.5, 5.5, 13.83, 22.5, 34.33, 77.0, 6.5, 18.33, 19.83, 27.0, 12.0, 42.83, 19.33, 6.5, 4.83, 15.5, 20.0, 99.83, 95.33, 39.5, 79.83, 5.17, 12.67, 15.67, 20.33, 10.67, 39.0, 24.83, 8.33, 3.83, 14.0, 21.17, 37.17, 76.33, 6.17, 17.17, 14.83, 20.67, 8.67, 36.33, 22.83, 7.33, 3.17, 16.5, 21.0
56, 2013-02-22, Home, NYK, W, W, 1, O, 193, 0, 0, 96.83, 93.17, 35.5, 79.83, 7.5, 17.5, 18.33, 21.67, 11.83, 40.33, 18.67, 7.33, 5.83, 13.67, 23.33, 33.33, 78.17, 6.83, 17.33, 19.67, 27.67, 14.33, 44.17, 19.17, 7.0, 5.17, 15.0, 20.5, 93.67, 100.67, 33.0, 80.5, 8.67, 27.33, 19.0, 24.17, 13.17, 42.5, 15.83, 7.67, 3.17, 12.33, 19.17, 38.5, 80.17, 7.5, 19.83, 16.17, 22.0, 11.83, 42.33, 19.67, 6.67, 5.67, 12.67, 18.67
57, 2013-02-25, Home, WAS, L, L, -6, U, 190.5, 0, 0, 96.83, 93.17, 34.33, 77.17, 8.33, 19.0, 19.83, 23.17, 10.0, 37.83, 18.5, 7.0, 4.83, 12.83, 21.83, 33.33, 77.67, 7.0, 18.33, 19.5, 26.83, 14.33, 44.17, 18.5, 6.83, 5.33, 14.67, 21.5, 98.0, 95.33, 37.5, 78.33, 6.33, 15.67, 16.67, 21.5, 9.33, 42.33, 24.67, 7.67, 4.67, 15.83, 20.5, 34.67, 82.17, 8.33, 24.5, 17.67, 25.0, 11.67, 42.5, 21.67, 10.0, 4.5, 14.0, 18.83
58, 2013-02-27, Away, CLE, L, L, -4.5, U, 196, 1, 0, 93.83, 93.33, 32.5, 77.33, 7.83, 19.5, 21.0, 24.67, 9.5, 37.83, 16.67, 7.33, 5.33, 13.33, 21.33, 33.33, 79.67, 7.33, 18.17, 19.33, 25.5, 15.0, 46.83, 18.67, 7.5, 4.33, 15.0, 22.5, 102.67, 99.5, 40.0, 83.17, 5.67, 16.83, 17.0, 21.83, 12.83, 39.0, 22.0, 8.33, 4.5, 11.5, 17.67, 38.33, 77.83, 7.5, 17.0, 15.33, 19.67, 10.0, 37.17, 24.0, 6.17, 7.67, 14.5, 19.0
59, 2013-03-01, Home, IND, L, L, 2, U, 185.5, 1, 0, 91.0, 92.5, 31.83, 76.5, 6.5, 19.33, 20.83, 25.0, 8.5, 37.83, 17.0, 6.17, 5.83, 13.0, 22.0, 31.67, 79.17, 7.17, 17.67, 22.0, 27.5, 14.17, 46.0, 19.0, 6.5, 4.33, 13.67, 22.33, 104.83, 86.33, 38.5, 80.17, 8.33, 20.83, 19.5, 27.0, 12.33, 47.33, 23.67, 8.83, 7.17, 15.67, 22.5, 30.33, 80.5, 5.17, 20.17, 20.5, 28.33, 13.0, 41.0, 15.67, 9.0, 5.0, 15.33, 24.33
60, 2013-03-02, Away, MIL, L, L, 6.5, O, 199.5, 0, 1, 89.17, 93.33, 31.5, 76.33, 5.5, 17.67, 20.67, 25.17, 8.5, 37.0, 17.0, 7.17, 5.5, 13.5, 22.83, 32.67, 77.67, 6.83, 16.83, 21.17, 25.83, 12.5, 44.5, 20.33, 6.5, 4.67, 15.0, 22.83, 101.0, 100.33, 39.33, 86.5, 6.17, 17.67, 16.17, 22.67, 11.5, 45.33, 23.83, 7.67, 6.33, 14.0, 20.5, 38.0, 86.17, 7.5, 21.0, 16.83, 22.17, 12.67, 46.17, 23.17, 8.17, 3.83, 14.67, 19.83
61, 2013-03-04, Away, GSW, L, L, 6, O, 205, 0, 0, 92.17, 99.0, 33.33, 80.0, 5.5, 18.0, 20.0, 24.83, 9.33, 37.0, 18.33, 7.0, 5.17, 13.5, 24.0, 35.33, 80.0, 6.67, 16.67, 21.67, 26.33, 12.67, 45.17, 22.33, 6.83, 5.33, 14.67, 22.83, 98.67, 102.5, 35.5, 83.83, 9.0, 22.5, 18.67, 23.17, 11.17, 46.33, 18.67, 9.0, 3.83, 16.83, 22.5, 38.5, 85.17, 6.17, 20.17, 19.33, 26.67, 11.17, 45.17, 22.33, 10.0, 5.17, 14.67, 20.17
62, 2013-03-06, Away, PHO, W, W, -1, U, 192, 0, 0, 98.17, 105.17, 35.83, 83.83, 5.67, 19.33, 20.83, 26.33, 10.67, 37.83, 18.67, 7.17, 5.33, 13.33, 23.67, 38.33, 80.33, 7.0, 17.33, 21.5, 25.33, 10.33, 43.33, 24.5, 6.17, 4.83, 15.33, 23.5, 92.33, 98.17, 37.0, 86.0, 5.67, 15.33, 12.67, 19.5, 12.5, 45.17, 23.83, 7.67, 6.17, 16.5, 22.67, 35.83, 80.33, 7.33, 19.67, 19.17, 26.17, 9.33, 44.0, 22.67, 9.33, 5.33, 15.33, 19.83
63, 2013-03-08, Away, LAL, L, W, 7.5, O, 207, 0, 0, 97.83, 100.67, 36.17, 83.33, 6.33, 20.33, 19.17, 24.17, 10.83, 39.33, 19.67, 7.83, 5.5, 15.33, 22.83, 37.17, 80.17, 6.5, 16.5, 19.83, 24.0, 10.5, 43.0, 24.83, 7.17, 4.0, 17.33, 21.83, 106.5, 105.67, 38.0, 77.67, 11.67, 25.67, 18.83, 28.33, 9.5, 42.5, 21.0, 6.33, 3.5, 15.5, 18.33, 41.67, 87.0, 7.5, 21.0, 14.83, 20.0, 10.5, 42.17, 25.5, 10.17, 5.83, 11.0, 22.67
64, 2013-03-10, Home, CLE, W, L, -6, U, 202, 0, 0, 103.17, 105.33, 39.33, 85.67, 6.83, 20.83, 17.67, 22.33, 10.5, 40.0, 22.83, 7.67, 5.33, 15.83, 24.33, 38.0, 81.83, 7.67, 21.0, 21.67, 27.17, 11.17, 42.67, 25.83, 7.67, 4.67, 16.33, 20.33, 97.67, 100.17, 35.67, 78.67, 5.67, 16.0, 20.67, 26.33, 11.0, 37.33, 21.5, 6.83, 5.5, 12.67, 19.0, 39.33, 81.67, 7.17, 21.0, 14.33, 18.5, 10.0, 37.67, 27.17, 7.33, 7.83, 13.83, 19.67
65, 2013-03-13, Away, BOS, L, L, 5, O, 189.5, 1, 0, 104.5, 104.17, 39.0, 86.67, 7.83, 21.33, 18.67, 23.83, 10.5, 41.5, 22.33, 8.67, 4.83, 15.17, 23.83, 38.33, 82.5, 8.0, 22.33, 19.5, 26.33, 10.67, 43.5, 24.83, 7.5, 4.17, 16.83, 22.0, 91.0, 93.5, 34.67, 77.0, 7.0, 17.33, 14.67, 19.67, 6.83, 41.33, 21.83, 6.67, 5.0, 16.33, 19.33, 35.0, 85.83, 5.83, 21.83, 17.67, 22.33, 12.83, 46.5, 21.0, 8.83, 4.5, 12.83, 18.67
66, 2013-03-15, Home, CHA, W, W, -12.5, U, 194.5, 0, 0, 105.67, 107.33, 39.83, 87.83, 7.83, 21.67, 18.17, 22.83, 10.33, 42.17, 23.17, 9.0, 4.83, 15.83, 23.5, 39.17, 83.5, 7.83, 21.5, 21.17, 28.5, 10.0, 43.0, 26.33, 8.17, 4.67, 16.0, 21.17, 91.17, 105.67, 34.5, 83.17, 4.83, 17.67, 17.33, 23.0, 11.33, 36.83, 21.0, 6.33, 3.17, 10.5, 18.17, 38.83, 76.0, 10.67, 23.17, 17.33, 23.17, 10.33, 45.5, 24.0, 5.5, 6.67, 15.5, 20.17
67, 2013-03-17, Home, MIA, L, L, 7.5, O, 194.5, 0, 0, 102.0, 100.0, 37.67, 82.5, 7.0, 19.67, 19.67, 24.33, 9.83, 42.83, 21.17, 8.5, 5.67, 16.33, 23.0, 35.83, 81.5, 8.0, 22.83, 20.33, 28.33, 10.33, 41.0, 23.33, 9.17, 4.0, 15.83, 20.83, 101.17, 91.5, 37.17, 76.17, 6.5, 19.67, 20.33, 25.67, 8.83, 37.5, 23.17, 9.83, 5.67, 13.17, 15.33, 34.83, 80.17, 7.83, 23.5, 14.0, 17.33, 11.5, 40.33, 21.33, 9.17, 2.5, 15.33, 22.67
68, 2013-03-20, Away, CHA, L, L, -6.5, O, 195.5, 0, 0, 97.5, 97.17, 37.33, 82.5, 5.83, 18.67, 17.0, 20.5, 10.67, 43.5, 21.0, 8.33, 5.17, 16.83, 22.17, 34.5, 79.0, 8.33, 23.67, 19.83, 28.5, 9.67, 39.0, 23.0, 10.0, 3.67, 15.5, 18.67, 94.33, 100.83, 34.0, 79.33, 6.67, 19.83, 19.67, 26.83, 11.0, 36.5, 22.17, 8.17, 4.33, 11.0, 18.17, 37.5, 74.17, 7.5, 15.83, 18.33, 24.83, 10.17, 42.0, 22.83, 5.5, 6.33, 14.83, 22.67
69, 2013-03-22, Home, NYK, L, L, -1.5, O, 192, 0, 0, 98.0, 103.17, 37.0, 83.5, 4.83, 18.33, 19.17, 22.33, 12.0, 44.33, 20.0, 7.67, 6.0, 16.0, 23.83, 35.67, 79.17, 8.5, 22.5, 23.33, 32.67, 10.0, 39.33, 23.0, 9.83, 4.33, 12.83, 20.0, 87.17, 97.33, 31.83, 76.67, 9.67, 27.17, 13.83, 20.33, 9.0, 37.0, 18.83, 8.0, 3.5, 12.67, 23.17, 35.67, 78.33, 8.67, 22.17, 17.33, 25.83, 14.17, 49.17, 19.5, 8.0, 5.17, 14.5, 18.83
70, 2013-03-23, Away, NYK, L, L, 7, O, 191.5, 1, 1, 94.33, 100.0, 35.0, 81.17, 5.33, 20.0, 19.0, 22.0, 12.33, 42.67, 17.83, 7.5, 5.17, 15.17, 23.17, 35.5, 75.83, 7.83, 19.67, 21.17, 30.67, 9.17, 38.17, 21.83, 9.5, 4.33, 12.83, 21.67, 93.17, 97.67, 34.83, 76.33, 10.5, 26.33, 13.0, 19.67, 8.67, 36.67, 19.5, 8.17, 4.0, 12.67, 22.67, 36.33, 78.5, 8.67, 24.17, 16.33, 24.17, 13.5, 44.83, 20.0, 8.0, 4.67, 14.17, 18.5
71, 2013-03-27, Home, ATL, L, L, 2.5, O, 194, 0, 0, 91.67, 102.33, 35.17, 79.83, 4.67, 20.0, 16.67, 19.33, 12.67, 40.67, 16.33, 7.0, 4.67, 16.33, 22.83, 36.33, 74.67, 7.83, 19.33, 21.83, 30.0, 9.33, 38.0, 21.83, 10.83, 4.5, 12.5, 20.17, 101.17, 102.17, 39.33, 79.83, 8.0, 21.83, 14.5, 20.17, 7.67, 38.67, 25.83, 9.33, 5.0, 13.67, 15.5, 41.17, 89.5, 8.67, 21.0, 11.17, 15.0, 14.5, 47.0, 22.67, 7.0, 4.17, 13.67, 16.83
72, 2013-03-29, Away, DET, W, W, 1.5, U, 195.5, 0, 0, 91.67, 101.5, 35.33, 79.67, 4.83, 20.67, 16.17, 19.5, 13.17, 42.0, 16.83, 6.5, 3.83, 16.67, 22.0, 36.5, 75.5, 8.5, 20.33, 20.0, 27.5, 9.67, 38.0, 21.5, 10.83, 3.33, 12.0, 20.5, 90.5, 105.83, 36.0, 80.67, 5.83, 20.0, 12.67, 16.33, 11.33, 38.0, 22.5, 7.33, 3.17, 14.83, 19.83, 39.83, 77.17, 8.33, 19.33, 17.83, 21.83, 9.17, 40.5, 22.33, 9.17, 6.5, 12.67, 15.5
73, 2013-03-31, Away, WAS, L, L, 3.5, O, 194.5, 0, 0, 92.83, 102.17, 37.17, 82.0, 5.0, 21.17, 13.5, 16.5, 13.17, 41.33, 18.33, 6.67, 3.5, 15.17, 20.83, 37.33, 74.83, 8.33, 19.67, 19.17, 26.5, 9.0, 37.67, 23.33, 9.17, 3.5, 12.0, 19.67, 93.67, 95.67, 33.67, 80.0, 6.33, 18.5, 20.0, 27.0, 11.33, 43.0, 19.83, 7.5, 3.0, 13.67, 20.83, 34.0, 77.5, 7.17, 17.17, 20.5, 24.33, 9.83, 42.5, 21.5, 7.5, 4.17, 15.0, 19.33
74, 2013-04-01, Home, DET, L, L, -7, O, 195, 1, 1, 93.0, 102.33, 36.0, 79.83, 5.83, 21.0, 15.17, 18.83, 11.33, 40.33, 19.33, 6.17, 4.17, 14.67, 21.67, 37.67, 77.83, 8.17, 18.83, 18.83, 26.33, 11.0, 41.33, 22.17, 8.5, 4.0, 11.5, 21.67, 86.83, 102.0, 33.83, 77.83, 6.17, 20.0, 13.0, 17.5, 11.0, 39.33, 22.83, 6.67, 4.17, 16.0, 18.5, 38.5, 77.17, 7.83, 19.17, 17.17, 21.83, 8.67, 39.17, 21.0, 10.17, 6.0, 12.17, 15.33
75, 2013-04-03, Home, WAS, W, W, -4.5, U, 194, 1, 0, 92.5, 102.5, 37.0, 79.5, 6.33, 20.83, 12.17, 16.17, 9.83, 37.67, 20.33, 6.0, 4.0, 13.67, 20.0, 39.0, 78.17, 8.0, 18.67, 16.5, 23.17, 10.0, 39.17, 22.67, 7.5, 3.0, 10.83, 20.17, 95.0, 95.5, 33.83, 81.33, 6.0, 16.67, 21.33, 29.17, 13.33, 46.17, 19.17, 6.17, 3.0, 11.83, 20.83, 34.0, 78.5, 6.83, 17.83, 20.67, 24.83, 10.33, 42.83, 21.17, 6.17, 4.67, 13.33, 21.67
76, 2013-04-05, Away, MIN, W, W, 6, U, 198.5, 0, 0, 91.5, 99.0, 36.0, 77.33, 4.67, 16.83, 14.83, 19.83, 9.0, 39.5, 20.67, 5.83, 4.83, 14.17, 20.17, 37.0, 79.67, 7.17, 18.17, 17.83, 24.0, 10.17, 39.33, 22.33, 7.33, 2.5, 11.0, 20.67, 104.33, 98.67, 39.5, 82.17, 7.0, 17.5, 18.33, 23.67, 10.5, 40.0, 25.17, 10.0, 2.67, 13.33, 17.33, 38.83, 81.67, 7.17, 17.83, 13.83, 20.17, 11.0, 39.83, 21.67, 7.67, 6.67, 16.17, 21.5
77, 2013-04-06, Away, MIL, L, L, 6, U, 202.5, 1, 1, 93.33, 96.17, 37.0, 78.83, 4.67, 15.5, 14.67, 19.5, 9.0, 40.33, 21.5, 5.83, 5.5, 13.33, 21.17, 35.17, 77.67, 6.5, 17.5, 19.33, 26.83, 9.5, 38.67, 22.83, 6.5, 2.5, 11.33, 20.17, 102.67, 103.67, 40.17, 92.0, 9.83, 25.33, 12.5, 15.67, 15.0, 43.67, 21.83, 8.33, 3.67, 12.83, 17.67, 39.67, 81.17, 7.17, 20.0, 17.17, 22.0, 10.67, 43.33, 23.17, 7.33, 5.17, 15.5, 17.83
78, 2013-04-09, Away, CHI, W, W, 3.5, O, 185, 0, 0, 92.5, 95.0, 36.17, 79.67, 4.5, 14.33, 15.67, 20.0, 8.67, 39.17, 21.17, 6.0, 6.0, 12.83, 21.67, 34.5, 76.83, 5.83, 17.17, 20.17, 28.33, 9.67, 38.67, 22.83, 6.5, 4.5, 12.0, 20.33, 90.5, 93.17, 34.5, 80.33, 6.67, 18.83, 14.83, 22.0, 10.5, 39.5, 20.67, 7.33, 4.17, 10.5, 18.33, 35.5, 75.33, 6.17, 14.67, 16.0, 21.67, 8.67, 41.67, 21.33, 5.17, 5.0, 13.17, 18.5
79, 2013-04-12, Home, CHI, W, W, -2.5, U, 188.5, 1, 0, 92.83, 97.67, 35.0, 78.0, 5.0, 15.17, 17.83, 22.5, 7.5, 37.67, 20.67, 5.83, 5.5, 12.5, 22.5, 35.5, 78.5, 6.67, 17.0, 20.0, 27.83, 10.0, 39.67, 22.67, 6.33, 4.17, 11.5, 21.67, 94.33, 96.17, 35.83, 83.17, 6.67, 18.83, 16.0, 21.83, 10.83, 42.33, 21.33, 6.33, 4.67, 10.0, 20.0, 36.0, 79.5, 6.83, 17.0, 17.33, 22.67, 8.33, 41.83, 20.33, 5.17, 4.0, 11.17, 20.0
80, 2013-04-14, Home, BRK, W, W, 4, U, 194.5, 0, 0, 93.67, 94.17, 35.33, 76.5, 4.17, 13.33, 18.83, 23.67, 7.17, 36.5, 20.83, 7.17, 5.67, 12.5, 20.33, 34.33, 77.17, 6.67, 17.17, 18.83, 25.5, 9.33, 38.17, 22.33, 6.67, 3.5, 12.67, 21.33, 105.0, 94.67, 38.5, 79.17, 7.5, 19.83, 20.5, 26.5, 11.83, 43.17, 20.67, 7.5, 5.0, 13.0, 19.5, 35.83, 82.0, 6.0, 15.83, 17.0, 21.83, 11.5, 38.5, 19.67, 6.0, 4.17, 12.33, 21.83
81, 2013-04-16, Away, ATL, W, W, 5, O, 196, 0, 0, 92.83, 90.67, 34.5, 76.67, 3.83, 12.33, 20.0, 25.5, 7.83, 39.67, 20.0, 6.83, 4.5, 12.83, 20.67, 32.83, 78.33, 6.83, 19.67, 18.17, 25.17, 9.83, 39.67, 22.17, 7.33, 4.17, 12.5, 21.83, 100.67, 99.0, 38.33, 79.83, 7.0, 21.17, 17.0, 23.5, 8.17, 40.17, 25.67, 8.67, 3.0, 12.83, 16.5, 38.17, 83.0, 7.67, 19.83, 15.0, 19.67, 10.17, 44.67, 23.5, 8.0, 3.5, 14.0, 20.0
82, 2013-04-17, Home, BOS, W, W, -6, O, 195, 0, 1, 97.0, 93.67, 36.17, 78.67, 5.33, 15.5, 19.33, 24.0, 8.83, 40.17, 20.5, 7.0, 5.17, 13.33, 20.0, 34.33, 79.67, 7.5, 21.17, 17.5, 24.17, 10.5, 39.83, 23.5, 7.5, 4.0, 12.0, 20.5, 101.67, 97.33, 40.17, 80.67, 6.5, 18.0, 14.83, 19.0, 7.67, 37.17, 21.83, 8.0, 4.17, 13.0, 20.5, 36.17, 83.0, 7.0, 19.83, 18.0, 23.17, 13.0, 43.67, 21.5, 7.0, 4.33, 15.17, 18.0
