11, 2012-11-20, Away, PHI, L, L, 5.5, O, 183.5, 0, 0, 96.1, 99.8, 35.1, 83.7, 7.6, 21.0, 18.3, 23.6, 11.3, 40.0, 20.4, 8.5, 3.9, 12.6, 24.4, 35.6, 77.8, 6.9, 17.1, 21.7, 28.6, 9.8, 43.4, 22.5, 6.6, 6.3, 16.0, 20.3, 88.9, 90.1, 33.8, 82.5, 7.4, 19.1, 13.9, 18.0, 10.4, 42.2, 20.2, 8.5, 5.5, 13.2, 17.7, 34.3, 79.1, 7.0, 20.1, 14.5, 19.3, 10.4, 44.3, 21.9, 7.4, 5.5, 15.3, 17.6
13, 2012-11-23, Away, DET, L, W, 1.5, U, 192, 0, 0, 96.8, 100.5, 35.5, 82.6, 7.6, 21.4, 18.2, 24.1, 10.9, 40.5, 21.4, 7.2, 3.9, 12.7, 24.0, 35.8, 79.0, 7.0, 18.8, 21.9, 28.0, 9.8, 42.5, 22.9, 7.0, 6.7, 14.5, 21.2, 92.2, 97.4, 34.6, 79.2, 4.9, 14.6, 18.1, 24.3, 10.9, 40.0, 21.7, 6.3, 5.4, 14.9, 20.3, 35.6, 80.4, 6.6, 19.4, 19.6, 25.2, 11.7, 42.9, 19.7, 8.0, 5.3, 13.6, 20.6
14, 2012-11-25, Home, SAS, L, W, 6, O, 195.5, 0, 0, 95.3, 101.0, 34.7, 81.4, 7.2, 21.1, 18.7, 24.9, 10.2, 40.3, 21.6, 6.9, 4.2, 12.7, 23.9, 36.5, 80.4, 6.8, 18.5, 21.2, 27.5, 10.5, 43.5, 22.8, 6.6, 6.1, 13.5, 21.7, 100.7, 95.5, 38.1, 80.9, 7.5, 20.6, 17.0, 21.5, 9.3, 40.4, 23.4, 8.6, 4.5, 14.1, 18.2, 37.5, 83.4, 5.7, 16.8, 14.8, 20.4, 12.5, 42.8, 19.7, 7.7, 5.7, 14.7, 19.0
15, 2012-11-27, Away, HOU, L, L, 6, O, 203, 0, 0, 97.1, 101.3, 35.7, 84.0, 7.1, 20.5, 18.6, 24.8, 11.1, 42.7, 22.1, 6.4, 4.8, 12.2, 24.0, 37.4, 83.3, 6.7, 18.7, 19.8, 26.0, 10.5, 44.1, 22.9, 6.0, 5.7, 12.9, 21.3, 101.8, 100.9, 36.0, 82.9, 9.4, 26.2, 20.4, 25.8, 11.3, 43.8, 21.1, 7.5, 4.9, 15.8, 20.1, 38.5, 87.3, 8.5, 22.3, 15.4, 21.4, 12.2, 42.7, 21.6, 7.8, 7.2, 13.8, 19.3
16, 2012-11-28, Away, MEM, L, L, 10.5, U, 189, 0, 1, 96.8, 102.1, 36.3, 84.5, 7.4, 20.6, 16.8, 22.9, 11.2, 42.8, 22.5, 6.3, 4.9, 13.0, 22.7, 37.9, 83.2, 7.2, 19.2, 19.1, 24.6, 10.1, 43.9, 23.8, 6.7, 5.2, 13.2, 20.5, 99.6, 90.7, 37.4, 82.7, 6.1, 15.8, 18.7, 22.8, 12.5, 40.6, 20.7, 8.9, 5.5, 13.0, 20.6, 34.0, 79.6, 6.0, 17.5, 16.7, 22.7, 13.1, 40.3, 18.7, 7.6, 5.9, 15.2, 20.9
17, 2012-11-30, Home, PHO, W, W, -3, U, 200, 0, 0, 96.7, 103.1, 36.2, 84.0, 6.7, 19.7, 17.6, 23.7, 11.2, 42.6, 21.6, 6.2, 5.0, 13.5, 23.5, 38.3, 83.9, 7.4, 19.6, 19.1, 24.9, 10.4, 43.9, 24.5, 6.9, 5.5, 12.9, 20.5, 98.1, 101.1, 39.0, 86.8, 6.1, 17.2, 14.0, 18.6, 11.2, 39.3, 21.3, 8.7, 5.1, 12.8, 21.6, 38.3, 79.8, 7.2, 17.7, 17.3, 23.8, 10.2, 41.9, 23.2, 6.6, 5.5, 15.4, 19.9
18, 2012-12-03, Away, DEN, L, W, 10.5, O, 200.5, 0, 0, 93.5, 98.8, 35.0, 81.3, 6.7, 18.7, 16.8, 22.9, 10.2, 41.5, 20.9, 5.6, 4.9, 13.1, 22.4, 37.4, 82.3, 6.6, 18.6, 17.4, 22.5, 9.7, 42.7, 24.3, 6.5, 5.2, 12.5, 19.9, 100.6, 102.8, 38.6, 80.4, 6.4, 17.4, 17.0, 24.6, 13.3, 42.2, 21.8, 7.1, 6.2, 15.8, 19.8, 39.1, 84.2, 9.8, 21.4, 14.8, 20.1, 12.3, 39.2, 25.4, 8.7, 5.5, 13.4, 21.7
19, 2012-12-05, Away, SAC, L, L, 2.5, O, 197.5, 0, 0, 97.1, 102.9, 36.6, 82.7, 7.0, 20.3, 16.9, 22.9, 10.3, 40.7, 21.5, 6.1, 5.7, 13.5, 23.1, 39.0, 83.3, 6.7, 18.6, 18.2, 24.3, 10.6, 43.1, 25.4, 6.8, 5.2, 13.0, 20.3, 94.7, 102.5, 37.0, 80.2, 6.6, 17.7, 14.1, 19.3, 10.4, 37.8, 19.9, 7.5, 3.5, 14.0, 21.7, 36.8, 78.5, 8.8, 22.2, 20.1, 25.9, 11.6, 41.6, 23.4, 8.2, 5.7, 13.6, 18.3
20, 2012-12-07, Away, UTA, L, L, 6.5, O, 198, 0, 0, 98.2, 102.9, 37.1, 84.3, 6.8, 20.4, 17.2, 22.6, 10.4, 41.2, 21.8, 6.0, 6.2, 13.1, 23.1, 38.5, 83.9, 6.7, 18.6, 19.2, 25.8, 10.9, 44.1, 23.5, 6.6, 5.7, 13.2, 19.8, 98.8, 98.0, 36.3, 81.4, 6.7, 17.6, 19.5, 25.0, 14.3, 42.3, 23.2, 8.5, 6.0, 14.8, 22.4, 37.3, 79.5, 5.8, 17.2, 17.6, 24.4, 12.8, 40.4, 19.4, 7.2, 5.7, 15.8, 20.8
21, 2012-12-09, Away, LAC, L, L, 10.5, U, 201.5, 1, 0, 98.4, 107.4, 36.6, 84.5, 6.8, 21.0, 18.4, 23.4, 10.6, 41.3, 20.9, 5.7, 6.3, 13.6, 23.8, 39.8, 85.0, 7.6, 19.6, 20.2, 27.2, 11.6, 45.2, 24.8, 7.4, 6.4, 12.8, 20.2, 102.1, 96.8, 39.7, 84.3, 7.1, 21.2, 15.6, 22.1, 12.7, 41.3, 22.6, 11.7, 5.3, 13.0, 20.4, 34.5, 77.4, 8.2, 20.6, 19.6, 24.2, 11.1, 40.7, 21.4, 6.3, 4.2, 17.4, 21.2
22, 2012-12-10, Away, POR, L, L, 2.5, U, 194, 0, 1, 96.9, 107.0, 35.9, 84.0, 7.4, 22.0, 17.7, 22.2, 10.5, 40.4, 20.3, 5.8, 6.3, 13.9, 24.0, 39.4, 84.4, 7.3, 19.1, 20.9, 28.7, 12.2, 45.6, 24.4, 7.9, 6.0, 12.9, 19.6, 94.4, 102.2, 34.9, 81.3, 7.7, 22.9, 16.9, 23.0, 11.8, 39.6, 19.6, 7.8, 5.5, 14.6, 20.8, 38.2, 82.4, 7.9, 20.2, 17.9, 22.2, 11.2, 43.4, 22.9, 9.3, 4.6, 14.4, 18.9
23, 2012-12-12, Home, BRK, L, W, 7, U, 185, 1, 0, 94.6, 106.4, 34.8, 83.4, 6.8, 21.8, 18.2, 22.3, 10.5, 41.3, 19.3, 5.8, 6.0, 13.9, 23.5, 39.4, 84.7, 7.0, 19.2, 20.6, 28.1, 12.4, 46.7, 23.9, 8.0, 5.4, 12.4, 19.3, 96.0, 94.4, 35.8, 82.1, 8.2, 24.0, 16.2, 22.5, 13.3, 42.7, 21.9, 6.9, 4.5, 13.4, 19.5, 35.8, 77.1, 6.3, 17.0, 16.5, 21.3, 10.0, 38.8, 19.2, 8.2, 4.3, 13.5, 21.3
24, 2012-12-14, Home, DAL, W, W, 5, U, 194.5, 0, 0, 94.4, 106.7, 35.3, 83.1, 6.6, 21.8, 17.2, 21.5, 10.3, 40.7, 19.4, 6.3, 5.7, 14.2, 23.7, 38.7, 83.3, 7.6, 19.8, 21.7, 29.0, 11.7, 45.9, 24.2, 8.1, 5.3, 12.7, 18.7, 100.8, 103.2, 38.8, 86.4, 7.7, 21.7, 15.5, 19.7, 10.0, 41.0, 22.5, 8.7, 4.9, 15.5, 21.8, 37.1, 81.9, 8.8, 22.3, 20.2, 26.9, 10.6, 44.7, 23.1, 10.2, 4.5, 16.4, 20.0
25, 2012-12-16, Home, HOU, W, W, 4, U, 200.5, 0, 0, 93.3, 103.0, 34.7, 80.5, 7.2, 23.0, 16.7, 21.3, 10.0, 39.3, 19.5, 6.8, 5.2, 14.0, 23.2, 37.0, 79.9, 6.8, 18.4, 22.2, 29.4, 11.4, 44.5, 23.4, 8.1, 4.9, 13.3, 18.6, 110.4, 109.1, 39.4, 85.9, 11.1, 27.7, 20.5, 27.1, 10.8, 42.6, 23.7, 9.0, 5.0, 15.6, 18.9, 42.0, 88.0, 9.7, 24.4, 15.4, 19.4, 10.1, 43.2, 24.2, 8.7, 6.9, 15.1, 19.7
26, 2012-12-18, Away, CLE, W, W, 5, O, 189, 0, 0, 93.5, 100.9, 34.4, 80.4, 7.2, 23.7, 17.5, 22.1, 9.4, 39.7, 19.9, 6.8, 6.3, 13.1, 24.1, 35.8, 79.4, 6.2, 18.1, 23.1, 30.5, 11.0, 44.4, 21.8, 7.6, 4.9, 13.1, 19.0, 93.3, 99.1, 35.2, 87.0, 8.2, 23.6, 14.7, 19.4, 14.3, 45.2, 20.0, 7.8, 3.8, 14.7, 23.4, 35.4, 79.9, 7.2, 20.7, 21.1, 28.5, 12.9, 43.7, 21.1, 8.3, 7.0, 13.9, 19.7
27, 2012-12-19, Home, DET, W, W, -2.5, O, 186, 0, 1, 96.6, 100.5, 35.4, 80.5, 7.9, 24.4, 17.9, 22.4, 10.0, 40.0, 21.3, 7.1, 6.0, 12.8, 23.6, 35.6, 78.4, 6.1, 17.9, 23.2, 30.7, 10.9, 43.1, 20.9, 7.2, 4.9, 13.4, 19.7, 92.0, 96.8, 33.8, 80.8, 5.7, 16.9, 18.7, 25.6, 12.5, 42.8, 18.0, 5.7, 6.1, 12.5, 20.0, 37.9, 84.1, 6.6, 21.0, 14.4, 20.3, 12.2, 43.3, 22.2, 7.6, 7.4, 11.1, 21.1
28, 2012-12-21, Home, ORL, W, L, -3.5, U, 187.5, 0, 0, 96.2, 99.9, 35.0, 79.6, 8.1, 25.9, 18.1, 22.4, 9.9, 39.2, 21.5, 6.9, 6.2, 12.1, 24.0, 35.4, 79.1, 5.8, 17.5, 23.3, 31.8, 12.7, 44.1, 19.6, 7.0, 4.3, 13.0, 19.6, 95.4, 91.0, 38.0, 82.1, 6.1, 18.5, 13.3, 15.8, 9.4, 44.2, 24.3, 7.0, 5.2, 14.7, 19.4, 35.1, 82.4, 5.6, 18.1, 15.2, 20.6, 9.6, 41.1, 20.0, 7.0, 4.2, 13.5, 16.8
29, 2012-12-26, Away, SAS, L, L, 13.5, U, 200, 0, 0, 94.5, 97.6, 34.1, 79.1, 8.0, 25.0, 18.3, 22.6, 9.7, 38.7, 21.6, 7.3, 5.7, 11.4, 23.0, 34.9, 77.6, 5.6, 17.4, 22.2, 29.4, 11.2, 43.3, 19.3, 6.3, 3.8, 13.1, 19.1, 109.6, 100.9, 41.4, 84.3, 10.9, 25.1, 15.9, 19.8, 8.0, 42.7, 28.4, 9.4, 5.9, 14.7, 17.0, 38.3, 85.6, 7.2, 20.3, 17.1, 22.7, 10.3, 41.5, 21.5, 8.9, 5.2, 14.7, 18.0
30, 2012-12-28, Away, NOH, W, W, 3, O, 183, 0, 0, 92.5, 96.9, 33.9, 78.3, 8.1, 24.5, 16.6, 21.0, 9.7, 38.2, 21.5, 7.7, 5.0, 11.8, 22.6, 34.5, 76.5, 5.8, 17.8, 22.1, 28.9, 11.2, 43.0, 20.0, 6.9, 3.6, 13.3, 18.9, 88.3, 95.3, 34.6, 79.3, 6.2, 18.5, 12.9, 15.8, 11.2, 40.1, 18.7, 6.5, 5.4, 13.6, 20.9, 36.1, 77.4, 6.4, 19.4, 16.7, 21.5, 9.9, 40.0, 23.7, 7.5, 6.1, 12.6, 16.8
31, 2012-12-29, Away, ORL, W, W, 3.5, O, 187.5, 1, 1, 93.0, 93.5, 34.3, 78.6, 7.9, 24.5, 16.5, 21.1, 9.4, 38.2, 22.6, 8.2, 4.9, 11.0, 22.0, 33.7, 75.6, 5.0, 16.8, 21.1, 27.8, 10.8, 43.0, 19.2, 6.1, 3.4, 13.8, 18.6, 95.0, 92.7, 38.1, 79.7, 7.4, 20.1, 11.4, 14.2, 9.9, 43.8, 24.5, 6.3, 4.0, 15.5, 17.0, 36.3, 82.9, 6.1, 18.5, 14.0, 17.7, 9.6, 38.4, 20.5, 6.6, 4.7, 11.9, 16.5
32, 2013-01-02, Home, POR, W, W, -4, U, 192, 1, 0, 97.0, 92.1, 35.9, 79.1, 8.4, 24.6, 16.8, 21.5, 9.2, 38.7, 23.7, 8.2, 4.6, 10.4, 21.6, 33.7, 75.8, 4.9, 16.7, 19.8, 26.6, 10.3, 42.0, 18.9, 5.6, 3.6, 13.6, 18.2, 96.8, 93.2, 37.1, 83.4, 7.4, 25.2, 15.2, 18.7, 12.1, 44.3, 22.6, 7.5, 4.7, 13.3, 17.5, 36.5, 83.5, 6.4, 22.2, 13.8, 18.6, 12.1, 42.3, 22.8, 7.1, 3.2, 12.4, 16.8
33, 2013-01-04, Home, SAC, L, L, -7, O, 196, 0, 0, 99.8, 90.8, 37.4, 79.4, 8.9, 24.8, 16.1, 21.1, 9.0, 37.8, 25.8, 8.9, 4.3, 10.1, 21.6, 33.2, 73.9, 5.3, 16.9, 19.1, 26.0, 10.1, 40.8, 19.2, 5.2, 3.5, 14.7, 18.2, 102.0, 105.0, 37.8, 84.8, 8.3, 21.3, 18.1, 22.9, 12.8, 39.9, 22.7, 8.1, 5.0, 12.1, 19.4, 40.1, 85.2, 8.0, 22.7, 16.8, 21.5, 14.2, 45.4, 24.5, 6.4, 6.6, 14.2, 19.4
34, 2013-01-06, Home, OKC, L, L, 6.5, U, 197, 0, 0, 100.6, 91.9, 36.7, 79.8, 9.6, 26.3, 17.6, 23.1, 9.7, 38.6, 25.5, 8.6, 4.5, 10.2, 21.8, 34.3, 75.1, 4.7, 16.2, 18.6, 25.5, 10.4, 41.3, 19.5, 5.6, 3.9, 14.7, 19.0, 106.1, 98.0, 38.1, 82.7, 7.8, 20.1, 22.1, 25.5, 12.3, 45.9, 21.0, 9.3, 7.2, 15.2, 19.6, 36.3, 82.8, 8.6, 23.0, 16.8, 20.8, 9.9, 39.0, 21.1, 8.7, 4.3, 15.1, 19.2
35, 2013-01-09, Home, PHI, W, W, -5, U, 189, 1, 0, 100.3, 94.9, 36.7, 79.0, 9.2, 25.0, 17.7, 23.0, 9.0, 37.0, 26.1, 8.2, 4.5, 10.8, 21.6, 35.4, 75.9, 5.3, 17.1, 18.8, 25.6, 11.2, 41.6, 20.2, 6.0, 4.2, 14.6, 19.3, 91.6, 97.0, 37.5, 83.4, 6.8, 18.4, 9.8, 14.4, 10.0, 42.8, 22.9, 7.5, 4.8, 13.2, 17.3, 36.3, 82.1, 7.1, 20.3, 17.3, 22.6, 11.3, 45.2, 20.9, 8.6, 4.2, 13.6, 15.4
36, 2013-01-11, Home, CHA, W, W, -8, U, 195, 0, 0, 99.0, 92.5, 36.7, 78.5, 8.5, 23.1, 17.1, 22.3, 9.5, 37.3, 25.8, 8.5, 3.5, 11.2, 20.8, 35.1, 75.5, 4.8, 15.8, 17.5, 24.3, 11.3, 40.9, 20.3, 5.7, 4.7, 14.7, 18.8, 96.5, 104.6, 35.9, 82.5, 4.8, 13.3, 19.9, 28.4, 13.1, 42.9, 19.4, 7.2, 5.9, 13.4, 18.9, 40.0, 83.5, 9.8, 22.9, 14.8, 20.3, 11.3, 42.6, 26.1, 8.0, 8.5, 13.6, 23.8
37, 2013-01-13, Home, MIL, L, L, -2.5, O, 192.5, 0, 0, 97.6, 90.4, 36.7, 79.6, 8.5, 23.4, 15.7, 20.7, 10.3, 38.5, 25.8, 8.4, 3.9, 10.9, 20.6, 34.3, 76.0, 4.4, 15.4, 17.4, 23.5, 11.7, 41.7, 19.8, 5.8, 4.4, 14.5, 17.6, 97.8, 99.3, 37.7, 86.1, 6.8, 18.5, 15.6, 20.0, 13.2, 44.5, 21.6, 8.5, 8.8, 14.2, 17.8, 39.0, 87.3, 6.0, 19.1, 15.3, 21.2, 13.9, 46.9, 21.6, 7.3, 4.7, 14.5, 18.8
38, 2013-01-15, Away, BRK, L, P, 7, O, 189.5, 0, 0, 97.5, 92.0, 36.8, 80.9, 7.8, 21.8, 16.1, 21.2, 11.1, 39.2, 25.7, 8.6, 3.5, 11.8, 20.3, 34.8, 75.3, 4.9, 16.1, 17.5, 22.8, 10.3, 40.5, 21.2, 5.9, 4.8, 14.7, 18.2, 100.9, 94.6, 36.1, 80.2, 6.7, 19.6, 22.0, 27.7, 13.6, 44.4, 19.3, 8.2, 4.9, 13.6, 18.1, 36.8, 80.7, 7.1, 17.2, 13.9, 19.5, 10.7, 38.7, 21.0, 7.5, 5.2, 14.5, 21.5
39, 2013-01-16, Home, CHI, L, W, 4.5, O, 183, 0, 1, 98.8, 94.3, 37.5, 81.0, 7.7, 21.2, 16.1, 21.4, 11.7, 40.1, 25.8, 7.6, 3.2, 12.2, 20.4, 35.3, 76.4, 5.3, 16.8, 18.4, 23.7, 10.5, 39.4, 21.2, 6.4, 5.0, 13.5, 18.8, 95.7, 92.3, 36.3, 83.3, 5.4, 13.8, 17.7, 23.7, 13.4, 44.4, 23.8, 7.8, 5.7, 12.7, 20.4, 34.6, 78.7, 6.5, 17.0, 16.6, 22.7, 11.0, 42.2, 18.6, 7.0, 6.4, 14.3, 21.4
40, 2013-01-18, Away, PHI, L, L, 4, O, 190, 0, 0, 101.3, 95.0, 38.0, 81.7, 7.6, 21.0, 17.7, 23.4, 12.0, 40.9, 25.4, 7.2, 3.5, 11.9, 21.4, 35.8, 77.9, 4.8, 16.0, 18.6, 24.4, 10.9, 39.6, 21.3, 6.0, 4.7, 13.2, 20.2, 90.4, 100.7, 36.7, 83.2, 6.2, 18.0, 10.8, 15.5, 9.0, 40.8, 22.5, 6.9, 4.3, 13.2, 17.8, 38.4, 82.5, 6.8, 20.2, 17.1, 22.0, 10.8, 47.1, 21.8, 8.3, 4.1, 13.8, 16.2
41, 2013-01-20, Home, LAL, W, W, 4.5, O, 201.5, 0, 0, 101.0, 96.1, 38.3, 82.0, 8.2, 21.1, 16.2, 21.5, 12.1, 41.0, 25.9, 6.8, 3.4, 13.0, 21.1, 36.8, 78.8, 4.7, 16.6, 17.8, 23.4, 10.8, 38.4, 22.0, 6.4, 4.7, 12.7, 19.8, 103.5, 103.8, 38.9, 84.7, 8.7, 26.3, 17.0, 24.7, 10.7, 44.0, 24.9, 7.0, 5.5, 13.5, 18.4, 40.8, 88.7, 7.1, 22.0, 15.1, 20.8, 12.2, 45.7, 25.1, 8.4, 5.0, 12.8, 21.0
42, 2013-01-23, Away, MIA, L, W, 10, O, 194.5, 0, 0, 99.5, 97.6, 38.3, 82.2, 7.3, 20.4, 15.6, 21.1, 12.2, 40.6, 25.3, 7.6, 3.4, 13.7, 21.5, 37.0, 79.5, 5.1, 17.5, 18.5, 23.3, 11.0, 38.6, 22.2, 6.5, 4.3, 13.3, 20.0, 100.2, 93.3, 37.3, 79.1, 7.9, 22.8, 17.7, 23.2, 7.7, 38.3, 22.1, 9.3, 5.9, 10.9, 20.1, 34.5, 82.9, 7.7, 20.5, 16.6, 22.2, 13.6, 45.8, 21.0, 6.6, 2.4, 14.7, 20.2
43, 2013-01-24, Away, ORL, W, W, 4, U, 198.5, 0, 1, 100.9, 102.0, 38.6, 83.3, 7.9, 21.2, 15.8, 21.2, 12.2, 39.8, 24.5, 7.2, 3.3, 13.4, 22.5, 38.4, 80.7, 5.6, 17.5, 19.6, 25.5, 11.7, 40.3, 22.9, 6.6, 4.4, 12.8, 20.3, 101.1, 107.2, 39.9, 84.5, 9.4, 24.0, 11.9, 14.8, 8.7, 39.8, 25.0, 5.3, 3.7, 12.5, 20.2, 41.7, 86.8, 6.6, 18.1, 17.2, 22.4, 11.4, 42.8, 25.9, 7.0, 5.1, 9.4, 15.9
44, 2013-01-26, Home, CLE, L, L, -7, U, 200.5, 1, 0, 101.0, 101.0, 39.5, 83.2, 7.2, 19.5, 14.8, 19.4, 11.5, 39.7, 25.2, 6.7, 3.5, 12.9, 21.8, 37.9, 81.2, 6.0, 18.1, 19.2, 24.5, 11.6, 40.1, 22.8, 6.3, 4.3, 12.4, 19.1, 99.6, 104.3, 37.4, 85.6, 6.1, 18.6, 18.7, 23.5, 12.4, 39.5, 20.9, 9.0, 4.4, 12.6, 21.0, 38.8, 82.5, 9.1, 22.0, 17.6, 23.4, 13.8, 46.2, 26.3, 7.2, 6.5, 16.5, 21.0
45, 2013-01-28, Home, GSW, L, L, 2, O, 200.5, 0, 0, 101.6, 100.5, 40.1, 83.8, 6.9, 18.9, 14.5, 19.1, 11.9, 40.5, 24.6, 6.6, 3.6, 12.8, 22.3, 37.8, 81.3, 6.0, 17.0, 18.9, 24.3, 11.4, 39.9, 21.6, 6.3, 4.3, 12.3, 19.3, 97.3, 101.6, 36.2, 81.1, 7.8, 19.8, 17.1, 20.2, 8.7, 41.7, 22.6, 6.8, 3.1, 14.6, 20.8, 39.1, 86.9, 8.6, 25.8, 14.8, 21.0, 13.2, 46.5, 24.3, 8.1, 4.9, 12.8, 18.4
46, 2013-01-30, Away, ATL, L, W, 7, U, 196.5, 0, 0, 102.8, 104.7, 40.0, 84.5, 7.4, 19.7, 15.4, 20.1, 12.0, 39.6, 24.8, 6.4, 3.7, 12.7, 22.5, 39.5, 82.5, 6.4, 17.5, 19.3, 24.4, 11.8, 41.1, 22.3, 6.4, 4.5, 12.3, 19.8, 97.0, 97.7, 37.4, 79.2, 8.7, 22.0, 13.5, 20.0, 9.4, 39.2, 25.2, 7.4, 4.1, 15.8, 20.7, 36.1, 79.6, 7.1, 19.6, 18.4, 23.7, 10.5, 41.4, 21.2, 8.6, 4.7, 15.5, 20.4
47, 2013-02-01, Home, LAC, W, W, 4, U, 193.5, 0, 0, 102.1, 106.2, 39.4, 84.4, 7.1, 19.2, 16.2, 21.3, 11.4, 40.0, 23.9, 6.3, 3.6, 13.3, 22.1, 40.3, 82.5, 7.1, 18.9, 18.5, 24.0, 10.6, 40.6, 23.5, 6.7, 4.9, 12.7, 20.2, 97.6, 92.8, 37.3, 81.3, 6.3, 17.3, 16.7, 24.3, 12.7, 42.7, 21.8, 8.2, 5.1, 13.6, 20.4, 33.7, 77.3, 8.2, 22.0, 17.2, 23.5, 11.0, 39.4, 21.7, 8.0, 3.3, 15.4, 21.7
48, 2013-02-03, Home, MIA, L, L, 4.5, U, 195, 0, 0, 102.3, 102.8, 39.6, 84.0, 8.0, 20.5, 15.1, 20.3, 10.8, 40.5, 24.4, 6.3, 4.0, 13.0, 22.5, 38.8, 82.0, 6.6, 18.9, 18.6, 24.8, 10.7, 41.1, 21.8, 6.8, 4.7, 12.9, 19.3, 103.1, 95.1, 39.8, 81.0, 7.7, 21.6, 15.8, 22.0, 10.1, 39.5, 23.7, 9.3, 5.0, 12.7, 22.0, 34.8, 78.2, 7.4, 19.4, 18.1, 23.9, 10.4, 39.6, 20.7, 7.1, 2.9, 15.7, 20.1
49, 2013-02-06, Home, BOS, L, L, -3.5, O, 191.5, 0, 0, 100.2, 101.5, 38.4, 83.3, 7.7, 21.0, 15.7, 21.2, 10.9, 40.2, 23.8, 7.0, 4.2, 13.2, 22.8, 38.8, 81.4, 6.1, 18.0, 17.8, 24.3, 10.4, 41.1, 21.5, 6.9, 4.7, 13.5, 19.5, 95.4, 96.7, 36.3, 81.8, 5.3, 17.3, 17.5, 22.7, 9.1, 42.0, 22.8, 9.0, 4.2, 15.4, 23.0, 35.8, 82.6, 6.1, 20.7, 19.0, 24.8, 11.8, 45.7, 20.6, 7.8, 4.4, 16.5, 21.7
50, 2013-02-08, Away, IND, W, W, 7, O, 189.5, 0, 0, 99.2, 100.7, 38.0, 83.0, 7.5, 21.2, 15.7, 20.6, 10.8, 40.2, 23.6, 7.6, 3.9, 13.5, 22.2, 38.4, 80.1, 6.2, 18.8, 17.7, 23.7, 9.6, 40.6, 21.0, 6.6, 5.0, 13.4, 18.5, 99.1, 93.3, 36.9, 78.4, 7.9, 19.0, 17.4, 22.4, 12.3, 42.2, 21.8, 7.8, 5.9, 15.1, 19.8, 36.5, 82.1, 5.1, 15.2, 15.2, 19.9, 10.5, 37.6, 21.3, 8.3, 5.9, 14.1, 20.1
51, 2013-02-10, Home, NOH, W, W, -3.5, U, 192, 0, 0, 99.1, 99.7, 38.2, 83.8, 6.6, 19.6, 16.1, 21.2, 11.5, 40.6, 22.6, 7.9, 4.3, 13.1, 23.4, 37.2, 78.8, 6.7, 19.1, 18.6, 25.1, 9.6, 40.9, 20.3, 6.6, 5.1, 14.1, 18.8, 98.2, 102.1, 37.1, 80.0, 7.1, 18.0, 16.9, 22.5, 10.8, 39.3, 21.4, 6.7, 5.3, 14.7, 23.0, 37.9, 78.0, 6.7, 19.8, 19.6, 26.7, 10.7, 40.5, 25.4, 8.3, 4.8, 14.0, 20.3
52, 2013-02-12, Home, DEN, W, L, -1.5, O, 206.5, 0, 0, 98.5, 98.3, 37.6, 83.2, 6.8, 19.2, 16.5, 21.3, 11.7, 40.5, 22.3, 7.5, 4.5, 12.7, 23.3, 36.8, 76.9, 6.3, 17.7, 18.4, 25.5, 9.0, 40.5, 19.9, 6.2, 5.4, 14.5, 19.0, 114.5, 103.6, 43.3, 88.2, 7.9, 21.2, 20.0, 27.5, 12.8, 46.5, 25.8, 10.7, 7.7, 16.2, 20.7, 39.1, 86.8, 8.5, 23.6, 16.9, 23.1, 10.9, 40.5, 24.1, 8.1, 6.4, 18.5, 22.7
53, 2013-02-13, Away, NYK, W, W, 8, U, 197.5, 0, 1, 97.8, 96.8, 37.1, 82.7, 6.4, 18.2, 17.2, 21.8, 12.5, 41.5, 22.0, 7.7, 4.9, 13.6, 22.4, 36.7, 77.2, 6.0, 17.1, 17.4, 23.7, 9.2, 39.7, 19.7, 7.0, 5.6, 15.0, 18.9, 98.7, 93.8, 36.6, 79.8, 11.2, 30.5, 14.3, 18.4, 11.7, 42.4, 19.8, 6.2, 3.5, 12.9, 17.4, 36.9, 78.1, 6.5, 20.1, 13.5, 18.7, 9.2, 37.6, 17.9, 6.7, 3.2, 12.8, 18.3
54, 2013-02-19, Away, WAS, W, W, 3, U, 190.5, 0, 0, 97.3, 96.1, 36.3, 82.2, 6.9, 18.7, 17.8, 22.3, 12.6, 41.2, 20.7, 7.7, 5.0, 13.6, 22.4, 36.0, 77.0, 6.1, 17.8, 18.0, 24.9, 10.2, 40.8, 18.7, 7.1, 5.4, 14.8, 19.8, 90.6, 88.8, 36.2, 78.9, 5.6, 15.6, 12.6, 17.2, 8.3, 41.1, 22.5, 7.4, 3.5, 14.8, 18.2, 34.5, 81.7, 5.7, 18.2, 14.1, 19.7, 10.2, 43.3, 21.1, 8.5, 4.8, 13.9, 16.8
55, 2013-02-20, Home, MEM, L, L, 1, U, 186.5, 1, 1, 97.1, 95.0, 35.8, 81.8, 7.2, 19.0, 18.3, 22.5, 12.3, 41.5, 20.5, 8.1, 5.1, 13.7, 22.0, 35.3, 77.0, 6.1, 18.2, 18.3, 25.4, 10.4, 41.3, 19.5, 6.9, 5.3, 14.9, 19.6, 95.9, 94.5, 37.8, 81.6, 4.9, 13.7, 15.4, 19.5, 12.8, 41.3, 23.4, 8.7, 4.2, 14.7, 19.4, 37.5, 77.3, 6.0, 16.6, 13.5, 18.4, 8.3, 36.2, 22.6, 7.5, 4.1, 15.4, 19.6
56, 2013-02-22, Home, NYK, W, W, 1, O, 193, 0, 0, 95.1, 92.4, 34.6, 80.2, 7.4, 18.9, 18.5, 22.8, 12.3, 42.0, 19.1, 7.9, 5.1, 14.1, 23.0, 33.6, 76.4, 6.1, 18.0, 19.1, 26.8, 11.1, 41.3, 19.3, 7.2, 5.2, 14.6, 20.0, 99.7, 97.2, 36.3, 79.9, 11.4, 30.3, 15.7, 20.9, 12.4, 41.9, 19.8, 6.9, 3.1, 12.9, 18.4, 37.3, 78.2, 7.6, 20.9, 15.0, 20.0, 10.3, 38.5, 18.5, 6.6, 4.1, 13.6, 18.3
57, 2013-02-25, Home, WAS, L, L, -6, U, 190.5, 0, 0, 95.9, 92.9, 34.8, 79.7, 7.2, 18.5, 19.1, 23.3, 11.4, 39.9, 19.3, 8.0, 4.9, 13.3, 23.4, 33.5, 76.4, 6.1, 18.2, 19.8, 27.3, 11.8, 41.9, 18.6, 6.7, 5.2, 14.5, 21.0, 95.4, 93.9, 37.4, 80.4, 6.7, 16.8, 13.9, 19.0, 9.5, 40.8, 24.1, 8.0, 4.2, 14.8, 19.8, 35.2, 81.2, 6.9, 21.9, 16.6, 22.1, 10.6, 43.1, 21.2, 8.5, 4.6, 14.7, 17.8
58, 2013-02-27, Away, CLE, L, L, -4.5, U, 196, 1, 0, 94.5, 94.6, 33.9, 79.5, 6.5, 17.8, 20.2, 24.3, 11.2, 39.3, 17.6, 8.2, 5.0, 13.5, 22.7, 34.4, 77.3, 6.5, 17.5, 19.3, 25.9, 11.9, 43.1, 19.1, 6.8, 4.9, 15.0, 21.7, 107.5, 102.1, 41.1, 84.5, 6.8, 17.7, 18.5, 23.4, 11.9, 39.3, 23.9, 8.4, 4.2, 10.9, 18.0, 39.3, 79.5, 7.2, 17.6, 16.3, 21.6, 10.7, 39.2, 23.7, 6.4, 7.7, 15.5, 19.1
59, 2013-03-01, Home, IND, L, L, 2, U, 185.5, 1, 0, 95.2, 94.9, 34.6, 79.8, 6.3, 18.0, 19.7, 23.6, 10.7, 39.3, 18.6, 7.5, 5.5, 13.5, 22.8, 33.8, 78.0, 6.7, 17.6, 20.6, 26.8, 12.5, 43.7, 19.8, 6.5, 5.0, 14.8, 21.3, 101.3, 87.9, 36.7, 81.1, 8.0, 21.1, 19.9, 27.3, 12.2, 47.0, 22.9, 8.2, 6.9, 14.1, 21.7, 32.2, 82.9, 4.7, 17.1, 18.8, 25.6, 12.7, 43.4, 16.8, 8.2, 5.6, 14.8, 24.8
60, 2013-03-02, Away, MIL, L, L, 6.5, O, 199.5, 0, 1, 93.8, 94.3, 34.1, 78.8, 6.2, 17.3, 19.4, 23.5, 10.3, 38.0, 18.0, 7.2, 5.9, 13.3, 23.0, 33.7, 77.7, 7.0, 17.7, 19.9, 26.0, 12.9, 43.9, 19.7, 6.8, 4.9, 15.4, 21.7, 98.6, 102.1, 38.3, 88.2, 5.8, 18.1, 16.2, 22.6, 11.9, 43.8, 22.7, 8.9, 7.0, 13.8, 20.3, 39.0, 84.6, 6.7, 18.1, 17.4, 23.2, 12.7, 47.3, 24.2, 8.5, 5.3, 16.3, 19.7
61, 2013-03-04, Away, GSW, L, L, 6, O, 205, 0, 0, 95.2, 96.7, 34.5, 79.2, 6.8, 18.6, 19.4, 23.4, 9.9, 37.6, 18.9, 7.2, 5.3, 13.5, 22.5, 34.8, 79.1, 6.6, 16.9, 20.5, 26.2, 13.2, 44.5, 20.6, 7.0, 4.9, 15.0, 21.5, 99.9, 106.0, 36.6, 84.6, 8.3, 20.8, 18.4, 23.5, 11.8, 46.2, 19.5, 7.5, 3.9, 15.2, 22.1, 39.1, 84.1, 7.7, 21.3, 20.1, 27.0, 10.2, 43.9, 24.2, 9.2, 5.6, 13.4, 20.6
62, 2013-03-06, Away, PHO, W, W, -1, U, 192, 0, 0, 96.8, 100.3, 34.6, 80.8, 6.9, 19.6, 20.7, 25.1, 10.6, 38.4, 18.1, 7.1, 5.4, 13.7, 23.0, 36.1, 80.4, 6.9, 17.3, 21.2, 26.5, 13.2, 45.0, 22.3, 7.0, 4.6, 14.7, 22.5, 90.6, 100.2, 36.7, 85.7, 5.1, 15.0, 12.1, 17.4, 12.9, 46.2, 23.6, 7.4, 5.9, 17.3, 22.5, 36.8, 80.8, 8.0, 19.7, 18.6, 25.2, 9.5, 42.9, 22.9, 9.7, 5.8, 14.6, 17.6
63, 2013-03-08, Away, LAL, L, W, 7.5, O, 207, 0, 0, 95.7, 96.6, 34.4, 80.2, 7.0, 19.9, 19.9, 24.3, 9.8, 38.6, 18.2, 7.2, 5.3, 14.1, 22.6, 34.5, 79.3, 7.0, 18.0, 20.6, 26.0, 12.5, 44.5, 22.0, 6.8, 4.4, 15.7, 22.3, 105.5, 105.0, 38.4, 79.2, 9.6, 23.5, 19.1, 28.0, 10.5, 43.6, 22.1, 6.9, 3.6, 15.6, 17.7, 41.6, 87.2, 8.1, 20.9, 13.7, 19.1, 10.6, 42.4, 25.4, 9.4, 5.7, 12.5, 23.5
64, 2013-03-10, Home, CLE, W, L, -6, U, 202, 0, 0, 98.1, 99.6, 36.1, 82.2, 6.9, 20.0, 19.0, 23.5, 9.7, 39.4, 20.2, 7.7, 5.1, 14.8, 23.3, 35.6, 80.5, 7.5, 19.4, 20.9, 26.4, 11.9, 44.0, 23.1, 7.1, 4.7, 15.9, 21.6, 100.9, 100.0, 37.4, 81.1, 5.8, 16.2, 20.3, 25.9, 12.1, 38.8, 21.9, 7.0, 4.8, 11.5, 18.6, 38.8, 80.4, 7.1, 19.3, 15.3, 19.7, 9.9, 37.9, 24.9, 6.6, 7.9, 13.5, 19.8
65, 2013-03-13, Away, BOS, L, L, 5, O, 189.5, 1, 0, 98.5, 100.4, 35.9, 82.8, 6.9, 20.3, 19.8, 24.9, 9.8, 39.9, 20.4, 7.6, 5.1, 14.3, 23.6, 36.2, 81.3, 7.6, 20.0, 20.4, 26.4, 11.7, 44.1, 23.1, 7.1, 4.6, 15.6, 22.5, 95.4, 96.1, 36.8, 79.4, 7.3, 18.6, 14.5, 19.6, 7.1, 40.0, 20.9, 7.0, 4.7, 14.3, 20.3, 36.1, 84.9, 6.1, 21.0, 17.8, 23.1, 12.9, 45.9, 22.0, 7.6, 4.1, 13.1, 18.7
66, 2013-03-15, Home, CHA, W, W, -12.5, U, 194.5, 0, 0, 99.1, 102.8, 36.7, 83.6, 6.4, 19.8, 19.3, 24.2, 9.4, 39.1, 20.7, 8.2, 5.3, 14.6, 23.1, 37.2, 80.9, 7.6, 20.2, 20.8, 26.5, 10.3, 43.2, 24.0, 7.5, 4.6, 16.0, 22.1, 87.3, 105.6, 33.0, 81.8, 4.6, 16.7, 16.7, 22.9, 11.0, 36.4, 19.4, 6.7, 4.5, 12.1, 18.7, 39.8, 77.6, 9.3, 21.0, 16.7, 23.0, 11.2, 46.4, 26.8, 6.9, 7.5, 15.3, 21.2
67, 2013-03-17, Home, MIA, L, L, 7.5, O, 194.5, 0, 0, 98.3, 100.8, 36.5, 82.4, 6.0, 19.0, 19.3, 24.1, 9.8, 40.6, 20.5, 8.1, 5.8, 15.6, 23.2, 36.3, 81.4, 7.2, 19.6, 21.0, 27.1, 10.8, 42.6, 23.5, 8.4, 4.1, 15.7, 21.1, 104.2, 94.3, 39.0, 78.9, 7.2, 20.1, 19.0, 24.3, 8.5, 39.0, 24.2, 10.0, 5.5, 13.5, 16.8, 35.5, 81.3, 7.8, 23.0, 15.5, 19.8, 11.7, 39.9, 22.5, 9.4, 3.0, 15.8, 22.2
68, 2013-03-20, Away, CHA, L, L, -6.5, O, 195.5, 0, 0, 99.0, 102.6, 37.5, 83.9, 5.7, 19.1, 18.3, 22.6, 11.3, 41.8, 20.7, 7.7, 5.3, 15.8, 23.5, 36.8, 80.0, 7.5, 20.6, 21.5, 28.3, 10.0, 40.3, 24.9, 8.5, 4.2, 15.0, 20.2, 90.0, 104.3, 33.7, 81.5, 5.6, 18.8, 17.0, 23.3, 10.5, 34.7, 21.1, 7.8, 4.0, 11.1, 18.4, 38.8, 76.2, 8.8, 19.5, 17.9, 23.8, 11.6, 46.4, 23.8, 5.9, 6.9, 16.4, 21.1
69, 2013-03-22, Home, NYK, L, L, -1.5, O, 192, 0, 0, 99.9, 103.0, 37.5, 84.4, 6.0, 19.3, 18.9, 22.7, 11.9, 42.5, 20.0, 8.1, 5.4, 15.9, 23.7, 36.9, 79.3, 7.8, 20.9, 21.4, 29.1, 10.0, 40.5, 24.4, 8.8, 4.4, 15.2, 20.9, 91.9, 93.7, 33.1, 77.4, 10.6, 29.1, 15.1, 20.2, 10.0, 38.7, 19.0, 8.9, 3.7, 13.7, 21.2, 34.4, 76.5, 8.1, 22.0, 16.8, 23.9, 11.7, 44.4, 19.4, 7.7, 4.9, 15.6, 18.5
70, 2013-03-23, Away, NYK, L, L, 7, O, 191.5, 1, 1, 101.2, 103.6, 38.2, 85.1, 6.8, 21.4, 18.0, 21.6, 12.0, 42.8, 20.7, 7.9, 4.9, 15.8, 23.5, 37.3, 79.4, 8.1, 21.1, 20.9, 29.3, 9.9, 40.2, 24.0, 8.9, 4.5, 14.6, 20.9, 91.6, 93.4, 33.3, 76.7, 10.4, 28.3, 14.6, 20.5, 9.7, 38.7, 18.3, 8.8, 3.7, 13.4, 21.8, 34.3, 77.1, 8.6, 23.2, 16.2, 22.9, 12.0, 44.6, 18.8, 7.5, 4.8, 15.4, 19.0
71, 2013-03-27, Home, ATL, L, L, 2.5, O, 194, 0, 0, 98.2, 102.4, 37.0, 82.7, 6.4, 21.5, 17.8, 21.6, 11.8, 42.1, 19.2, 7.6, 4.8, 16.0, 22.9, 36.8, 78.1, 8.3, 21.6, 20.5, 28.6, 9.7, 39.8, 22.8, 9.5, 4.1, 14.3, 20.9, 97.1, 99.0, 37.9, 79.7, 7.8, 21.6, 13.5, 18.8, 8.6, 41.2, 24.3, 8.5, 3.9, 15.3, 17.4, 38.9, 87.3, 7.5, 21.7, 13.7, 18.9, 13.3, 46.1, 22.0, 8.4, 3.8, 13.7, 17.5
72, 2013-03-29, Away, DET, W, W, 1.5, U, 195.5, 0, 0, 95.2, 100.6, 36.4, 81.1, 5.9, 20.6, 16.5, 20.1, 10.9, 41.6, 19.6, 7.8, 4.4, 16.6, 22.1, 36.1, 78.0, 8.5, 22.0, 19.9, 27.8, 9.9, 40.0, 22.2, 10.3, 3.7, 14.0, 20.3, 90.6, 105.6, 35.1, 79.8, 6.9, 21.3, 13.5, 18.7, 10.9, 37.4, 21.6, 6.9, 3.7, 14.0, 18.9, 40.3, 77.7, 9.4, 21.7, 15.6, 20.1, 9.0, 41.4, 24.9, 9.0, 6.2, 12.8, 16.5
73, 2013-03-31, Away, WAS, L, L, 3.5, O, 194.5, 0, 0, 95.3, 101.7, 37.1, 81.6, 5.2, 19.5, 15.9, 19.5, 11.2, 41.8, 19.7, 7.4, 4.6, 15.5, 22.0, 36.4, 78.2, 8.3, 21.5, 20.6, 28.6, 9.9, 39.4, 22.6, 9.6, 3.8, 12.5, 19.8, 100.5, 97.8, 37.2, 81.2, 7.5, 18.3, 18.6, 25.4, 11.9, 42.8, 22.4, 7.0, 3.3, 13.4, 20.4, 36.2, 79.7, 6.7, 18.3, 18.7, 23.0, 10.6, 41.8, 21.8, 7.3, 3.8, 14.0, 19.4
74, 2013-04-01, Home, DET, L, L, -7, O, 195, 1, 1, 92.9, 100.8, 35.5, 80.4, 5.1, 19.2, 16.8, 20.5, 11.8, 42.0, 18.6, 6.8, 4.6, 15.1, 21.9, 36.6, 77.6, 7.8, 19.3, 19.8, 27.8, 9.9, 39.5, 22.7, 9.0, 3.8, 12.1, 21.0, 90.6, 106.1, 34.7, 77.6, 6.5, 19.7, 14.7, 20.3, 10.2, 36.5, 22.1, 6.3, 3.7, 13.9, 19.1, 40.5, 78.2, 8.2, 19.6, 16.9, 22.0, 9.2, 40.4, 24.1, 9.0, 6.2, 11.5, 16.9
75, 2013-04-03, Home, WAS, W, W, -4.5, U, 194, 1, 0, 92.7, 102.0, 36.3, 80.1, 5.1, 19.0, 15.0, 18.1, 11.5, 40.2, 18.8, 6.5, 4.9, 15.0, 21.4, 37.3, 76.7, 7.8, 18.7, 19.6, 27.2, 9.6, 37.9, 23.1, 8.8, 3.7, 11.6, 19.8, 100.2, 97.6, 36.7, 81.7, 7.3, 17.7, 19.5, 26.5, 12.1, 44.0, 22.2, 6.4, 3.5, 12.8, 20.9, 35.5, 80.2, 7.0, 18.8, 19.6, 24.1, 10.9, 42.4, 22.2, 6.7, 4.2, 13.5, 19.7
76, 2013-04-05, Away, MIN, W, W, 6, U, 198.5, 0, 0, 92.7, 98.6, 35.9, 78.8, 4.9, 18.5, 16.0, 19.8, 11.2, 41.2, 19.2, 6.0, 4.9, 14.8, 21.5, 36.0, 77.1, 7.7, 19.1, 18.9, 26.6, 10.0, 38.0, 21.6, 8.4, 3.2, 11.6, 20.6, 101.5, 97.5, 38.8, 83.4, 5.7, 17.2, 18.2, 23.7, 11.0, 41.2, 24.7, 9.2, 3.0, 13.0, 17.6, 39.0, 83.1, 6.8, 18.9, 12.7, 18.8, 11.8, 42.8, 21.9, 7.2, 6.1, 15.6, 21.8
77, 2013-04-06, Away, MIL, L, L, 6, U, 202.5, 1, 1, 93.0, 100.1, 36.6, 80.5, 5.0, 19.0, 14.8, 18.7, 11.3, 40.6, 19.4, 6.0, 4.7, 14.2, 21.8, 36.4, 75.8, 7.4, 18.4, 19.9, 27.7, 9.2, 38.4, 22.5, 7.9, 3.2, 11.6, 20.5, 98.5, 102.1, 39.3, 93.1, 8.4, 23.0, 11.5, 15.8, 16.2, 45.3, 22.3, 7.5, 4.9, 12.1, 17.3, 38.9, 80.6, 7.7, 20.2, 16.6, 21.3, 10.4, 44.0, 24.0, 7.2, 5.3, 15.3, 16.8
78, 2013-04-09, Away, CHI, W, W, 3.5, O, 185, 0, 0, 92.2, 99.3, 35.7, 79.4, 5.1, 18.0, 15.7, 19.8, 9.7, 39.0, 19.7, 6.4, 4.9, 14.2, 21.8, 36.1, 76.7, 7.0, 18.1, 20.1, 27.7, 9.9, 39.8, 22.1, 8.2, 4.2, 11.9, 21.3, 92.4, 93.6, 36.2, 82.6, 6.5, 18.6, 13.5, 20.0, 11.6, 41.9, 22.7, 7.2, 4.0, 11.3, 18.2, 36.0, 76.9, 6.5, 15.5, 15.1, 20.6, 8.1, 40.1, 20.2, 6.2, 5.6, 12.6, 18.3
79, 2013-04-12, Home, CHI, W, W, -2.5, U, 188.5, 1, 0, 92.2, 98.4, 35.9, 78.3, 5.3, 17.6, 15.1, 19.6, 8.5, 37.8, 20.1, 6.3, 4.3, 13.4, 21.2, 36.3, 77.8, 7.2, 18.2, 18.6, 25.7, 9.9, 39.6, 22.4, 7.5, 3.7, 11.7, 20.8, 96.4, 96.5, 36.4, 82.9, 7.8, 20.5, 15.8, 22.4, 11.8, 42.5, 22.3, 7.0, 4.2, 11.3, 18.6, 36.8, 78.3, 6.7, 16.8, 16.2, 21.8, 7.9, 39.8, 21.0, 5.8, 5.4, 12.0, 19.6
80, 2013-04-14, Home, BRK, W, W, 4, U, 194.5, 0, 0, 92.5, 97.3, 35.7, 77.6, 4.4, 15.2, 16.7, 21.5, 8.7, 38.3, 20.4, 6.6, 4.9, 13.5, 20.2, 35.9, 78.4, 7.1, 17.8, 18.4, 24.7, 10.0, 39.5, 23.0, 7.3, 3.3, 12.0, 20.8, 103.7, 98.6, 38.6, 80.6, 6.7, 19.6, 19.8, 27.0, 14.4, 44.9, 21.0, 7.2, 5.5, 13.9, 19.6, 37.9, 82.8, 6.4, 16.5, 16.4, 22.4, 12.5, 38.7, 21.2, 6.8, 4.9, 12.0, 22.3
81, 2013-04-16, Away, ATL, W, W, 5, O, 196, 0, 0, 93.4, 95.0, 35.9, 78.2, 4.6, 14.4, 17.0, 21.8, 8.6, 39.6, 21.0, 6.4, 4.8, 12.9, 20.1, 35.2, 78.9, 7.2, 18.9, 17.4, 24.3, 9.9, 38.9, 23.3, 6.7, 3.5, 11.6, 20.8, 100.9, 98.8, 38.0, 80.6, 7.3, 21.0, 17.6, 24.1, 8.6, 40.3, 24.5, 8.9, 3.3, 13.3, 17.6, 38.3, 83.0, 7.3, 19.5, 14.9, 20.1, 11.2, 44.9, 21.6, 8.1, 4.1, 15.2, 20.0
82, 2013-04-17, Home, BOS, W, W, -6, O, 195, 0, 1, 95.9, 93.9, 36.4, 78.2, 5.2, 15.4, 17.9, 22.5, 8.6, 40.1, 21.4, 6.3, 5.7, 12.8, 20.3, 34.7, 79.6, 7.1, 19.6, 17.4, 24.6, 10.5, 39.1, 22.8, 6.4, 3.6, 11.6, 20.6, 101.0, 100.1, 39.4, 79.8, 6.9, 18.6, 15.3, 20.0, 7.3, 37.1, 22.0, 7.3, 4.4, 13.2, 20.1, 37.0, 82.7, 7.6, 20.1, 18.5, 23.5, 11.1, 42.0, 23.6, 7.5, 3.9, 14.1, 17.8
