3, 2012-11-04, Home, MIN, W, W, -3.5, O, 189, 1, 188.0, 197.0, 70.0, 173.0, 13.0, 35.0, 35.0, 44.0, 25.0, 79.0, 41.0, 20.0, 13.0, 24.0, 49.0, 74.0, 159.0, 11.0, 26.0, 38.0, 53.0, 18.0, 87.0, 42.0, 9.0, 15.0, 35.0, 35.0
4, 2012-11-06, Away, OKC, L, L, 9, U, 198, 0, 205.0, 193.0, 77.0, 172.0, 17.0, 39.0, 34.0, 42.0, 26.0, 76.0, 41.0, 17.0, 8.0, 25.0, 55.0, 66.0, 145.0, 12.0, 31.0, 49.0, 68.0, 17.0, 77.0, 38.0, 14.0, 13.0, 41.0, 36.0
5, 2012-11-07, Away, DAL, L, W, 7, O, 197, 1, 193.0, 194.0, 70.0, 174.0, 17.0, 51.0, 36.0, 42.0, 24.0, 76.0, 34.0, 20.0, 5.0, 28.0, 48.0, 64.0, 138.0, 15.0, 41.0, 51.0, 65.0, 15.0, 82.0, 42.0, 18.0, 17.0, 41.0, 39.0
6, 2012-11-10, Home, PHI, L, L, -3, U, 186, 0, 192.0, 217.0, 66.0, 165.0, 12.0, 52.0, 48.0, 56.0, 18.0, 75.0, 37.0, 18.0, 3.0, 25.0, 52.0, 74.0, 158.0, 17.0, 46.0, 52.0, 69.0, 23.0, 93.0, 45.0, 14.0, 15.0, 28.0, 45.0
7, 2012-11-12, Home, UTA, L, L, 3, O, 192.5, 0, 187.0, 202.0, 66.0, 160.0, 17.0, 48.0, 38.0, 47.0, 17.0, 73.0, 41.0, 13.0, 5.0, 20.0, 49.0, 73.0, 157.0, 14.0, 35.0, 42.0, 60.0, 25.0, 93.0, 42.0, 12.0, 10.0, 26.0, 42.0
8, 2012-11-13, Away, IND, W, W, 9, U, 185.5, 1, 216.0, 233.0, 81.0, 187.0, 20.0, 50.0, 34.0, 46.0, 27.0, 87.0, 51.0, 19.0, 9.0, 29.0, 52.0, 80.0, 166.0, 20.0, 40.0, 53.0, 68.0, 20.0, 92.0, 51.0, 18.0, 15.0, 33.0, 45.0
9, 2012-11-17, Away, BOS, L, L, 7, O, 187.5, 0, 207.0, 212.0, 77.0, 180.0, 14.0, 36.0, 39.0, 49.0, 28.0, 97.0, 44.0, 17.0, 6.0, 29.0, 54.0, 70.0, 168.0, 19.0, 41.0, 53.0, 68.0, 25.0, 95.0, 44.0, 18.0, 18.0, 30.0, 42.0
10, 2012-11-18, Home, ORL, W, W, -4, U, 187, 1, 163.0, 179.0, 56.0, 142.0, 14.0, 34.0, 37.0, 50.0, 17.0, 80.0, 35.0, 11.0, 5.0, 27.0, 46.0, 67.0, 151.0, 11.0, 30.0, 34.0, 44.0, 21.0, 86.0, 51.0, 15.0, 9.0, 25.0, 39.0
11, 2012-11-20, Away, PHI, L, L, 5.5, O, 183.5, 0, 186.0, 193.0, 68.0, 150.0, 15.0, 40.0, 35.0, 54.0, 19.0, 75.0, 44.0, 15.0, 10.0, 25.0, 44.0, 75.0, 156.0, 10.0, 28.0, 33.0, 40.0, 15.0, 77.0, 55.0, 9.0, 3.0, 28.0, 45.0
12, 2012-11-21, Away, CHA, L, W, 2.5, O, 192.5, 1, 195.0, 192.0, 75.0, 162.0, 11.0, 34.0, 34.0, 52.0, 22.0, 88.0, 50.0, 10.0, 11.0, 21.0, 41.0, 72.0, 165.0, 13.0, 37.0, 35.0, 40.0, 17.0, 81.0, 43.0, 8.0, 11.0, 23.0, 45.0
13, 2012-11-23, Away, DET, L, W, 1.5, U, 192, 0, 195.0, 204.0, 74.0, 162.0, 13.0, 39.0, 34.0, 49.0, 21.0, 84.0, 51.0, 7.0, 13.0, 25.0, 45.0, 76.0, 171.0, 12.0, 43.0, 40.0, 47.0, 18.0, 78.0, 46.0, 13.0, 19.0, 20.0, 44.0
14, 2012-11-25, Home, SAS, L, W, 6, O, 195.5, 0, 187.0, 189.0, 69.0, 158.0, 15.0, 41.0, 34.0, 45.0, 18.0, 73.0, 43.0, 11.0, 14.0, 25.0, 48.0, 72.0, 164.0, 7.0, 32.0, 38.0, 54.0, 24.0, 83.0, 38.0, 11.0, 11.0, 26.0, 43.0
15, 2012-11-27, Away, HOU, L, L, 6, O, 203, 0, 196.0, 202.0, 72.0, 188.0, 12.0, 42.0, 40.0, 49.0, 26.0, 98.0, 41.0, 12.0, 14.0, 23.0, 48.0, 80.0, 181.0, 12.0, 40.0, 30.0, 45.0, 22.0, 98.0, 42.0, 8.0, 7.0, 25.0, 40.0
16, 2012-11-28, Away, MEM, L, L, 10.5, U, 189, 1, 207.0, 228.0, 82.0, 196.0, 14.0, 47.0, 29.0, 36.0, 28.0, 100.0, 46.0, 12.0, 10.0, 28.0, 40.0, 88.0, 186.0, 21.0, 53.0, 31.0, 40.0, 19.0, 97.0, 55.0, 15.0, 6.0, 25.0, 33.0
17, 2012-11-30, Home, PHO, W, W, -3, U, 200, 0, 183.0, 220.0, 71.0, 160.0, 13.0, 40.0, 28.0, 36.0, 18.0, 72.0, 36.0, 11.0, 7.0, 33.0, 44.0, 82.0, 163.0, 21.0, 44.0, 35.0, 49.0, 24.0, 91.0, 58.0, 21.0, 8.0, 26.0, 34.0
18, 2012-12-03, Away, DEN, L, W, 10.5, O, 200.5, 0, 183.0, 200.0, 68.0, 155.0, 13.0, 31.0, 34.0, 46.0, 17.0, 74.0, 35.0, 12.0, 9.0, 30.0, 49.0, 75.0, 157.0, 14.0, 34.0, 36.0, 47.0, 16.0, 80.0, 56.0, 16.0, 15.0, 26.0, 39.0
19, 2012-12-05, Away, SAC, L, L, 2.5, O, 197.5, 0, 211.0, 210.0, 81.0, 167.0, 17.0, 42.0, 32.0, 41.0, 19.0, 78.0, 43.0, 16.0, 13.0, 29.0, 50.0, 77.0, 162.0, 12.0, 31.0, 44.0, 62.0, 27.0, 87.0, 53.0, 17.0, 15.0, 31.0, 40.0
20, 2012-12-07, Away, UTA, L, L, 6.5, O, 198, 0, 210.0, 220.0, 77.0, 172.0, 15.0, 51.0, 41.0, 47.0, 19.0, 77.0, 44.0, 15.0, 18.0, 27.0, 53.0, 78.0, 167.0, 12.0, 30.0, 52.0, 77.0, 33.0, 100.0, 43.0, 16.0, 14.0, 32.0, 38.0
21, 2012-12-09, Away, LAC, L, L, 10.5, U, 201.5, 0, 199.0, 238.0, 68.0, 168.0, 13.0, 47.0, 50.0, 59.0, 22.0, 81.0, 38.0, 11.0, 16.0, 26.0, 51.0, 83.0, 173.0, 19.0, 38.0, 53.0, 69.0, 25.0, 98.0, 49.0, 15.0, 15.0, 26.0, 44.0
22, 2012-12-10, Away, POR, L, L, 2.5, U, 194, 1, 182.0, 233.0, 63.0, 159.0, 17.0, 50.0, 39.0, 48.0, 23.0, 80.0, 35.0, 8.0, 12.0, 29.0, 50.0, 81.0, 170.0, 19.0, 42.0, 52.0, 69.0, 30.0, 96.0, 52.0, 21.0, 14.0, 20.0, 43.0
23, 2012-12-12, Home, BRK, L, W, 7, U, 185, 0, 157.0, 194.0, 56.0, 151.0, 13.0, 47.0, 32.0, 38.0, 20.0, 84.0, 35.0, 8.0, 10.0, 28.0, 42.0, 72.0, 168.0, 6.0, 39.0, 44.0, 56.0, 26.0, 93.0, 37.0, 19.0, 9.0, 16.0, 35.0
24, 2012-12-14, Home, DAL, W, W, 5, U, 194.5, 0, 162.0, 186.0, 63.0, 149.0, 7.0, 39.0, 29.0, 38.0, 16.0, 76.0, 34.0, 16.0, 8.0, 28.0, 45.0, 65.0, 153.0, 10.0, 39.0, 46.0, 57.0, 19.0, 86.0, 36.0, 13.0, 4.0, 24.0, 34.0
25, 2012-12-16, Home, HOU, W, W, 4, U, 200.5, 0, 183.0, 168.0, 71.0, 159.0, 16.0, 54.0, 25.0, 39.0, 21.0, 78.0, 43.0, 22.0, 6.0, 24.0, 45.0, 56.0, 133.0, 10.0, 32.0, 46.0, 58.0, 12.0, 76.0, 37.0, 9.0, 2.0, 34.0, 33.0
26, 2012-12-18, Away, CLE, W, W, 5, O, 189, 0, 198.0, 170.0, 73.0, 169.0, 20.0, 66.0, 32.0, 42.0, 19.0, 90.0, 51.0, 17.0, 16.0, 17.0, 44.0, 59.0, 147.0, 7.0, 36.0, 45.0, 55.0, 12.0, 82.0, 31.0, 10.0, 2.0, 29.0, 36.0
27, 2012-12-19, Home, DET, W, W, -2.5, O, 186, 1, 216.0, 195.0, 78.0, 160.0, 20.0, 54.0, 40.0, 47.0, 18.0, 79.0, 54.0, 14.0, 15.0, 21.0, 48.0, 68.0, 148.0, 14.0, 39.0, 45.0, 62.0, 19.0, 77.0, 33.0, 12.0, 8.0, 27.0, 45.0
28, 2012-12-21, Home, ORL, W, L, -3.5, U, 187.5, 0, 210.0, 190.0, 74.0, 147.0, 22.0, 53.0, 40.0, 49.0, 22.0, 69.0, 51.0, 13.0, 8.0, 20.0, 48.0, 71.0, 154.0, 10.0, 28.0, 38.0, 60.0, 33.0, 77.0, 34.0, 10.0, 9.0, 25.0, 45.0
29, 2012-12-26, Away, SAS, L, L, 13.5, U, 200, 0, 190.0, 181.0, 68.0, 153.0, 18.0, 48.0, 36.0, 43.0, 16.0, 65.0, 46.0, 18.0, 10.0, 15.0, 44.0, 70.0, 154.0, 7.0, 26.0, 34.0, 49.0, 30.0, 89.0, 37.0, 8.0, 4.0, 28.0, 34.0
30, 2012-12-28, Away, NOH, W, W, 3, O, 183, 0, 173.0, 190.0, 66.0, 159.0, 15.0, 37.0, 26.0, 33.0, 17.0, 67.0, 44.0, 23.0, 6.0, 24.0, 39.0, 69.0, 141.0, 12.0, 33.0, 40.0, 48.0, 18.0, 89.0, 47.0, 15.0, 7.0, 35.0, 31.0
31, 2012-12-29, Away, ORL, W, W, 3.5, O, 187.5, 1, 184.0, 197.0, 70.0, 163.0, 12.0, 42.0, 32.0, 44.0, 19.0, 76.0, 48.0, 20.0, 8.0, 22.0, 41.0, 71.0, 153.0, 13.0, 32.0, 42.0, 53.0, 21.0, 95.0, 48.0, 13.0, 11.0, 33.0, 39.0
32, 2013-01-02, Home, POR, W, W, -4, U, 192, 0, 227.0, 185.0, 83.0, 167.0, 20.0, 51.0, 41.0, 53.0, 18.0, 85.0, 57.0, 13.0, 8.0, 15.0, 40.0, 73.0, 163.0, 10.0, 31.0, 29.0, 46.0, 21.0, 86.0, 41.0, 8.0, 14.0, 23.0, 36.0
33, 2013-01-04, Home, SAC, L, L, -7, O, 196, 0, 225.0, 167.0, 87.0, 159.0, 23.0, 50.0, 28.0, 38.0, 16.0, 80.0, 67.0, 15.0, 4.0, 19.0, 38.0, 67.0, 151.0, 9.0, 40.0, 24.0, 38.0, 19.0, 71.0, 37.0, 10.0, 10.0, 25.0, 31.0
34, 2013-01-06, Home, OKC, L, L, 6.5, U, 197, 0, 198.0, 184.0, 71.0, 156.0, 19.0, 56.0, 37.0, 54.0, 21.0, 75.0, 52.0, 20.0, 7.0, 26.0, 47.0, 71.0, 146.0, 8.0, 34.0, 34.0, 46.0, 20.0, 79.0, 42.0, 13.0, 7.0, 35.0, 42.0
35, 2013-01-09, Home, PHI, W, W, -5, U, 189, 0, 188.0, 209.0, 64.0, 155.0, 19.0, 56.0, 41.0, 58.0, 21.0, 70.0, 46.0, 15.0, 8.0, 31.0, 45.0, 78.0, 153.0, 10.0, 34.0, 43.0, 54.0, 23.0, 84.0, 47.0, 17.0, 9.0, 33.0, 44.0
36, 2013-01-11, Home, CHA, W, W, -8, U, 195, 0, 182.0, 176.0, 73.0, 156.0, 9.0, 34.0, 27.0, 34.0, 17.0, 77.0, 54.0, 16.0, 6.0, 27.0, 34.0, 67.0, 151.0, 8.0, 32.0, 34.0, 43.0, 21.0, 78.0, 39.0, 11.0, 10.0, 29.0, 34.0
37, 2013-01-13, Home, MIL, L, L, -2.5, O, 192.5, 0, 189.0, 150.0, 78.0, 166.0, 13.0, 38.0, 20.0, 24.0, 31.0, 94.0, 51.0, 16.0, 9.0, 22.0, 38.0, 57.0, 149.0, 5.0, 22.0, 31.0, 41.0, 24.0, 78.0, 29.0, 10.0, 10.0, 26.0, 28.0
38, 2013-01-15, Away, BRK, L, P, 7, O, 189.5, 0, 195.0, 185.0, 75.0, 171.0, 15.0, 40.0, 30.0, 38.0, 38.0, 88.0, 50.0, 14.0, 8.0, 26.0, 43.0, 68.0, 152.0, 11.0, 31.0, 38.0, 45.0, 23.0, 73.0, 43.0, 12.0, 10.0, 25.0, 39.0
39, 2013-01-16, Home, CHI, L, W, 4.5, O, 183, 1, 202.0, 220.0, 76.0, 167.0, 10.0, 26.0, 40.0, 50.0, 30.0, 81.0, 46.0, 10.0, 3.0, 28.0, 42.0, 80.0, 158.0, 16.0, 40.0, 44.0, 51.0, 18.0, 66.0, 51.0, 14.0, 10.0, 18.0, 46.0
40, 2013-01-18, Away, PHI, L, L, 4, O, 190, 0, 211.0, 220.0, 78.0, 167.0, 13.0, 29.0, 42.0, 55.0, 26.0, 84.0, 41.0, 9.0, 6.0, 25.0, 50.0, 79.0, 167.0, 11.0, 32.0, 51.0, 64.0, 24.0, 80.0, 48.0, 16.0, 6.0, 20.0, 51.0
41, 2013-01-20, Home, LAL, W, W, 4.5, O, 201.5, 0, 206.0, 215.0, 78.0, 173.0, 17.0, 41.0, 33.0, 45.0, 23.0, 85.0, 49.0, 12.0, 10.0, 30.0, 48.0, 86.0, 177.0, 7.0, 30.0, 36.0, 50.0, 24.0, 85.0, 56.0, 13.0, 8.0, 25.0, 49.0
42, 2013-01-23, Away, MIA, L, W, 10, O, 194.5, 0, 209.0, 211.0, 86.0, 172.0, 17.0, 45.0, 20.0, 30.0, 20.0, 82.0, 56.0, 17.0, 7.0, 33.0, 41.0, 85.0, 179.0, 13.0, 46.0, 28.0, 35.0, 22.0, 76.0, 50.0, 13.0, 10.0, 24.0, 34.0
43, 2013-01-24, Away, ORL, W, W, 4, U, 198.5, 1, 224.0, 226.0, 90.0, 172.0, 20.0, 51.0, 24.0, 35.0, 17.0, 68.0, 53.0, 19.0, 3.0, 23.0, 52.0, 83.0, 170.0, 18.0, 49.0, 42.0, 59.0, 28.0, 90.0, 46.0, 12.0, 7.0, 26.0, 36.0
44, 2013-01-26, Home, CLE, L, L, -7, U, 200.5, 0, 213.0, 218.0, 83.0, 166.0, 18.0, 47.0, 29.0, 37.0, 14.0, 66.0, 51.0, 11.0, 8.0, 18.0, 50.0, 80.0, 163.0, 17.0, 40.0, 41.0, 58.0, 26.0, 94.0, 48.0, 11.0, 7.0, 26.0, 33.0
45, 2013-01-28, Home, GSW, L, L, 2, O, 200.5, 0, 195.0, 194.0, 79.0, 160.0, 9.0, 33.0, 28.0, 37.0, 18.0, 77.0, 47.0, 9.0, 11.0, 25.0, 43.0, 72.0, 159.0, 14.0, 29.0, 36.0, 42.0, 20.0, 80.0, 34.0, 14.0, 8.0, 28.0, 34.0
46, 2013-01-30, Away, ATL, L, W, 7, U, 196.5, 0, 200.0, 213.0, 78.0, 169.0, 11.0, 36.0, 33.0, 41.0, 22.0, 76.0, 50.0, 13.0, 8.0, 25.0, 41.0, 83.0, 164.0, 12.0, 26.0, 35.0, 42.0, 23.0, 88.0, 34.0, 12.0, 12.0, 28.0, 41.0
47, 2013-02-01, Home, LAC, W, W, 4, U, 193.5, 0, 194.0, 207.0, 71.0, 172.0, 15.0, 41.0, 37.0, 46.0, 26.0, 89.0, 44.0, 13.0, 9.0, 27.0, 36.0, 82.0, 161.0, 16.0, 41.0, 27.0, 38.0, 16.0, 85.0, 48.0, 14.0, 16.0, 30.0, 37.0
48, 2013-02-03, Home, MIA, L, L, 4.5, U, 195, 0, 190.0, 166.0, 71.0, 166.0, 21.0, 48.0, 27.0, 40.0, 26.0, 97.0, 46.0, 13.0, 11.0, 29.0, 43.0, 61.0, 147.0, 13.0, 45.0, 31.0, 49.0, 12.0, 73.0, 38.0, 16.0, 12.0, 31.0, 34.0
49, 2013-02-06, Home, BOS, L, L, -3.5, O, 191.5, 0, 183.0, 173.0, 66.0, 156.0, 16.0, 44.0, 35.0, 49.0, 25.0, 83.0, 45.0, 17.0, 9.0, 27.0, 49.0, 65.0, 147.0, 6.0, 31.0, 37.0, 54.0, 16.0, 71.0, 31.0, 16.0, 8.0, 26.0, 39.0
50, 2013-02-08, Away, IND, W, W, 7, O, 189.5, 0, 180.0, 199.0, 62.0, 157.0, 8.0, 36.0, 48.0, 58.0, 26.0, 81.0, 33.0, 22.0, 5.0, 30.0, 47.0, 75.0, 148.0, 7.0, 31.0, 42.0, 53.0, 13.0, 75.0, 40.0, 14.0, 9.0, 25.0, 43.0
51, 2013-02-10, Home, NOH, W, W, -3.5, U, 192, 0, 195.0, 197.0, 76.0, 178.0, 6.0, 27.0, 37.0, 45.0, 29.0, 89.0, 37.0, 21.0, 11.0, 29.0, 54.0, 70.0, 151.0, 13.0, 41.0, 44.0, 58.0, 16.0, 83.0, 44.0, 10.0, 12.0, 31.0, 42.0
52, 2013-02-12, Home, DEN, W, L, -1.5, O, 206.5, 0, 202.0, 187.0, 82.0, 174.0, 10.0, 25.0, 28.0, 37.0, 29.0, 85.0, 43.0, 16.0, 13.0, 25.0, 52.0, 69.0, 147.0, 14.0, 35.0, 35.0, 53.0, 16.0, 75.0, 39.0, 9.0, 14.0, 35.0, 39.0
53, 2013-02-13, Away, NYK, W, W, 8, U, 197.5, 1, 211.0, 197.0, 79.0, 161.0, 18.0, 37.0, 35.0, 41.0, 27.0, 77.0, 47.0, 17.0, 9.0, 28.0, 42.0, 78.0, 154.0, 11.0, 29.0, 30.0, 45.0, 24.0, 78.0, 40.0, 16.0, 12.0, 35.0, 37.0
54, 2013-02-19, Away, WAS, W, W, 3, U, 190.5, 0, 201.0, 196.0, 70.0, 156.0, 19.0, 42.0, 42.0, 47.0, 23.0, 73.0, 35.0, 13.0, 13.0, 27.0, 41.0, 72.0, 164.0, 15.0, 41.0, 37.0, 52.0, 38.0, 97.0, 36.0, 20.0, 7.0, 29.0, 41.0
55, 2013-02-20, Home, MEM, L, L, 1, U, 186.5, 1, 188.0, 176.0, 66.0, 151.0, 17.0, 41.0, 39.0, 44.0, 16.0, 77.0, 32.0, 13.0, 13.0, 26.0, 39.0, 58.0, 157.0, 15.0, 40.0, 45.0, 59.0, 32.0, 96.0, 32.0, 13.0, 5.0, 27.0, 41.0
56, 2013-02-22, Home, NYK, W, W, 1, O, 193, 0, 178.0, 176.0, 61.0, 149.0, 16.0, 38.0, 40.0, 46.0, 19.0, 84.0, 34.0, 15.0, 9.0, 30.0, 47.0, 59.0, 158.0, 12.0, 28.0, 46.0, 61.0, 32.0, 93.0, 40.0, 13.0, 10.0, 26.0, 43.0
57, 2013-02-25, Home, WAS, L, L, -6, U, 190.5, 0, 182.0, 186.0, 61.0, 151.0, 15.0, 36.0, 45.0, 54.0, 17.0, 73.0, 32.0, 12.0, 7.0, 23.0, 50.0, 64.0, 155.0, 16.0, 41.0, 42.0, 57.0, 30.0, 91.0, 39.0, 12.0, 15.0, 26.0, 51.0
58, 2013-02-27, Away, CLE, L, L, -4.5, U, 196, 0, 184.0, 188.0, 64.0, 159.0, 12.0, 37.0, 44.0, 55.0, 15.0, 70.0, 31.0, 16.0, 10.0, 23.0, 40.0, 69.0, 156.0, 17.0, 40.0, 33.0, 40.0, 20.0, 91.0, 36.0, 12.0, 9.0, 35.0, 51.0
59, 2013-03-01, Home, IND, L, L, 2, U, 185.5, 0, 176.0, 193.0, 64.0, 157.0, 7.0, 39.0, 41.0, 52.0, 18.0, 77.0, 38.0, 12.0, 15.0, 29.0, 43.0, 68.0, 163.0, 12.0, 25.0, 45.0, 49.0, 23.0, 89.0, 43.0, 14.0, 6.0, 29.0, 42.0
60, 2013-03-02, Away, MIL, L, L, 6.5, O, 199.5, 1, 173.0, 196.0, 64.0, 150.0, 5.0, 31.0, 40.0, 50.0, 17.0, 68.0, 37.0, 12.0, 14.0, 28.0, 50.0, 68.0, 152.0, 12.0, 33.0, 48.0, 54.0, 23.0, 83.0, 46.0, 14.0, 9.0, 29.0, 43.0
61, 2013-03-04, Away, GSW, L, L, 6, O, 205, 0, 195.0, 215.0, 75.0, 172.0, 11.0, 33.0, 34.0, 43.0, 21.0, 72.0, 40.0, 18.0, 9.0, 29.0, 51.0, 80.0, 162.0, 12.0, 34.0, 43.0, 52.0, 23.0, 91.0, 52.0, 15.0, 11.0, 33.0, 44.0
62, 2013-03-06, Away, PHO, W, W, -1, U, 192, 0, 232.0, 247.0, 87.0, 194.0, 17.0, 48.0, 41.0, 53.0, 32.0, 89.0, 44.0, 15.0, 8.0, 29.0, 52.0, 93.0, 174.0, 13.0, 31.0, 48.0, 58.0, 19.0, 86.0, 65.0, 11.0, 11.0, 28.0, 47.0
63, 2013-03-08, Away, LAL, L, W, 7.5, O, 207, 0, 216.0, 196.0, 78.0, 171.0, 20.0, 50.0, 40.0, 50.0, 26.0, 87.0, 40.0, 17.0, 9.0, 34.0, 43.0, 75.0, 156.0, 15.0, 40.0, 31.0, 43.0, 17.0, 78.0, 54.0, 14.0, 7.0, 42.0, 45.0
64, 2013-03-10, Home, CLE, W, L, -6, U, 202, 0, 214.0, 189.0, 85.0, 170.0, 19.0, 46.0, 25.0, 31.0, 14.0, 83.0, 56.0, 19.0, 10.0, 38.0, 44.0, 67.0, 165.0, 21.0, 62.0, 34.0, 51.0, 25.0, 87.0, 44.0, 21.0, 8.0, 41.0, 32.0
65, 2013-03-13, Away, BOS, L, L, 5, O, 189.5, 0, 216.0, 214.0, 81.0, 177.0, 16.0, 45.0, 38.0, 50.0, 16.0, 90.0, 54.0, 17.0, 11.0, 28.0, 49.0, 75.0, 177.0, 21.0, 60.0, 43.0, 63.0, 24.0, 92.0, 43.0, 16.0, 7.0, 26.0, 43.0
66, 2013-03-15, Home, CHA, W, W, -12.5, U, 194.5, 0, 188.0, 208.0, 67.0, 163.0, 11.0, 36.0, 43.0, 53.0, 16.0, 81.0, 39.0, 20.0, 11.0, 28.0, 45.0, 75.0, 162.0, 13.0, 36.0, 45.0, 62.0, 16.0, 85.0, 49.0, 17.0, 9.0, 27.0, 48.0
67, 2013-03-17, Home, MIA, L, L, 7.5, O, 194.5, 0, 180.0, 190.0, 67.0, 147.0, 6.0, 23.0, 40.0, 46.0, 17.0, 80.0, 33.0, 17.0, 14.0, 36.0, 46.0, 65.0, 156.0, 12.0, 37.0, 48.0, 64.0, 21.0, 76.0, 43.0, 25.0, 10.0, 27.0, 37.0
68, 2013-03-20, Away, CHA, L, L, -6.5, O, 195.5, 0, 183.0, 186.0, 72.0, 162.0, 5.0, 30.0, 34.0, 39.0, 34.0, 97.0, 31.0, 11.0, 10.0, 35.0, 44.0, 65.0, 147.0, 16.0, 44.0, 40.0, 58.0, 17.0, 62.0, 45.0, 22.0, 5.0, 25.0, 32.0
69, 2013-03-22, Home, NYK, L, L, -1.5, O, 192, 0, 192.0, 215.0, 74.0, 177.0, 7.0, 42.0, 37.0, 38.0, 39.0, 96.0, 33.0, 12.0, 11.0, 32.0, 48.0, 74.0, 142.0, 18.0, 38.0, 49.0, 69.0, 15.0, 68.0, 52.0, 18.0, 9.0, 24.0, 40.0
70, 2013-03-23, Away, NYK, L, L, 7, O, 191.5, 1, 195.0, 206.0, 71.0, 162.0, 16.0, 54.0, 37.0, 40.0, 24.0, 78.0, 37.0, 14.0, 10.0, 28.0, 50.0, 73.0, 146.0, 18.0, 38.0, 42.0, 64.0, 22.0, 82.0, 37.0, 18.0, 12.0, 25.0, 50.0
71, 2013-03-27, Home, ATL, L, L, 2.5, O, 194, 0, 178.0, 209.0, 70.0, 155.0, 15.0, 55.0, 23.0, 32.0, 20.0, 68.0, 32.0, 13.0, 3.0, 30.0, 43.0, 79.0, 150.0, 17.0, 41.0, 34.0, 47.0, 20.0, 84.0, 36.0, 22.0, 8.0, 24.0, 44.0
72, 2013-03-29, Away, DET, W, W, 1.5, U, 195.5, 0, 172.0, 217.0, 69.0, 154.0, 8.0, 40.0, 26.0, 38.0, 21.0, 77.0, 33.0, 14.0, 3.0, 37.0, 38.0, 81.0, 160.0, 17.0, 40.0, 38.0, 43.0, 19.0, 84.0, 47.0, 25.0, 3.0, 22.0, 41.0
73, 2013-03-31, Away, WAS, L, L, 3.5, O, 194.5, 0, 187.0, 189.0, 79.0, 160.0, 8.0, 30.0, 21.0, 29.0, 20.0, 84.0, 45.0, 15.0, 7.0, 29.0, 34.0, 71.0, 157.0, 15.0, 39.0, 32.0, 43.0, 19.0, 74.0, 52.0, 15.0, 4.0, 24.0, 34.0
74, 2013-04-01, Home, DET, L, L, -7, O, 195, 1, 191.0, 191.0, 76.0, 163.0, 11.0, 32.0, 28.0, 35.0, 23.0, 87.0, 46.0, 9.0, 12.0, 23.0, 42.0, 72.0, 161.0, 14.0, 35.0, 33.0, 51.0, 25.0, 82.0, 49.0, 8.0, 9.0, 22.0, 39.0
75, 2013-04-03, Home, WAS, W, W, -4.5, U, 194, 0, 190.0, 217.0, 73.0, 162.0, 15.0, 40.0, 29.0, 36.0, 19.0, 74.0, 45.0, 8.0, 14.0, 23.0, 43.0, 84.0, 162.0, 16.0, 32.0, 33.0, 49.0, 21.0, 77.0, 48.0, 8.0, 6.0, 17.0, 43.0
76, 2013-04-05, Away, MIN, W, W, 6, U, 198.5, 0, 186.0, 186.0, 71.0, 147.0, 9.0, 29.0, 35.0, 46.0, 10.0, 73.0, 45.0, 12.0, 14.0, 25.0, 41.0, 69.0, 157.0, 12.0, 34.0, 36.0, 50.0, 17.0, 70.0, 38.0, 11.0, 3.0, 22.0, 44.0
77, 2013-04-06, Away, MIL, L, L, 6, U, 202.5, 1, 183.0, 171.0, 70.0, 151.0, 5.0, 23.0, 38.0, 52.0, 15.0, 84.0, 39.0, 12.0, 12.0, 28.0, 50.0, 56.0, 147.0, 8.0, 34.0, 51.0, 69.0, 17.0, 81.0, 37.0, 16.0, 5.0, 27.0, 44.0
78, 2013-04-09, Away, CHI, W, W, 3.5, O, 185, 0, 178.0, 193.0, 70.0, 168.0, 7.0, 25.0, 31.0, 39.0, 19.0, 75.0, 36.0, 15.0, 10.0, 29.0, 47.0, 66.0, 143.0, 9.0, 34.0, 52.0, 69.0, 16.0, 80.0, 50.0, 20.0, 15.0, 28.0, 39.0
79, 2013-04-12, Home, CHI, W, W, -2.5, U, 188.5, 0, 184.0, 198.0, 67.0, 155.0, 10.0, 28.0, 40.0, 47.0, 11.0, 68.0, 40.0, 15.0, 7.0, 24.0, 42.0, 73.0, 162.0, 16.0, 36.0, 36.0, 49.0, 22.0, 80.0, 51.0, 14.0, 14.0, 25.0, 43.0
80, 2013-04-14, Home, BRK, W, W, 4, U, 194.5, 0, 198.0, 186.0, 71.0, 144.0, 9.0, 26.0, 47.0, 57.0, 14.0, 71.0, 44.0, 16.0, 10.0, 21.0, 34.0, 71.0, 163.0, 19.0, 35.0, 25.0, 34.0, 23.0, 79.0, 46.0, 9.0, 3.0, 26.0, 45.0
81, 2013-04-16, Away, ATL, W, W, 5, O, 196, 0, 190.0, 175.0, 70.0, 154.0, 8.0, 23.0, 42.0, 54.0, 21.0, 86.0, 41.0, 14.0, 8.0, 25.0, 32.0, 68.0, 161.0, 17.0, 48.0, 22.0, 33.0, 20.0, 77.0, 45.0, 14.0, 6.0, 23.0, 44.0
82, 2013-04-17, Home, BOS, W, W, -6, O, 195, 1, 206.0, 183.0, 76.0, 160.0, 16.0, 42.0, 38.0, 48.0, 20.0, 95.0, 43.0, 11.0, 11.0, 30.0, 39.0, 69.0, 172.0, 17.0, 58.0, 28.0, 42.0, 24.0, 80.0, 45.0, 16.0, 6.0, 18.0, 39.0
