5, 2012-11-09, Home, HOU, W, W, -7, U, 194, 0, 0, 101.75, 94.75, 37.5, 84.25, 4.75, 14.25, 22.0, 27.0, 12.75, 46.0, 23.75, 9.75, 5.75, 14.0, 21.0, 37.25, 83.75, 6.5, 16.25, 13.75, 20.0, 11.0, 39.5, 22.0, 8.75, 7.75, 16.0, 22.75, 96.5, 96.5, 35.5, 87.25, 7.75, 29.0, 17.75, 23.25, 16.75, 50.5, 21.75, 11.75, 2.75, 19.25, 20.0, 37.75, 84.75, 7.5, 20.0, 13.5, 19.0, 10.75, 43.5, 23.0, 11.0, 5.25, 16.5, 18.75
6, 2012-11-11, Home, MIA, W, W, 1.5, U, 194.5, 0, 0, 102.0, 90.75, 38.0, 86.25, 5.75, 15.5, 20.25, 25.25, 13.0, 45.0, 21.75, 9.75, 6.75, 11.75, 18.75, 35.5, 84.25, 7.5, 19.25, 12.25, 16.5, 11.0, 40.0, 20.0, 7.0, 7.0, 15.5, 20.25, 110.25, 94.25, 41.75, 80.5, 10.5, 24.25, 16.25, 19.5, 7.5, 39.25, 26.5, 8.0, 4.75, 12.25, 19.5, 37.0, 86.0, 6.0, 22.0, 14.25, 20.5, 12.0, 40.25, 16.75, 6.75, 4.0, 14.0, 17.75
7, 2012-11-14, Away, OKC, W, W, 5.5, O, 195, 0, 0, 102.0, 88.75, 38.75, 88.5, 7.75, 18.25, 16.75, 20.75, 13.5, 45.75, 22.75, 9.5, 6.75, 12.0, 18.75, 34.0, 84.0, 6.0, 18.0, 14.75, 21.25, 12.5, 41.75, 19.25, 7.75, 7.25, 14.25, 18.25, 100.0, 91.5, 35.25, 72.5, 5.25, 14.5, 24.25, 27.75, 7.25, 40.25, 18.5, 8.0, 8.5, 18.25, 21.5, 34.5, 84.25, 6.0, 18.5, 16.5, 22.5, 12.75, 39.25, 21.75, 8.25, 3.5, 14.5, 21.25
8, 2012-11-16, Home, NYK, W, W, -6, O, 191.5, 1, 0, 103.0, 89.5, 40.25, 89.0, 8.25, 19.0, 14.25, 18.0, 13.0, 42.75, 23.0, 8.75, 5.0, 11.25, 20.25, 32.75, 79.5, 6.25, 17.5, 17.75, 24.5, 12.25, 41.25, 20.0, 7.25, 6.75, 14.5, 17.5, 104.25, 92.75, 38.5, 84.5, 10.25, 26.0, 17.0, 22.75, 9.0, 39.75, 18.25, 9.0, 4.0, 8.0, 17.75, 34.25, 82.25, 7.25, 23.25, 17.0, 21.75, 12.5, 48.5, 21.25, 4.5, 4.25, 15.75, 19.0
9, 2012-11-17, Away, CHA, W, W, -6.5, U, 190.5, 0, 1, 102.25, 90.75, 38.5, 87.25, 8.0, 18.75, 17.25, 21.25, 13.25, 39.25, 19.75, 8.75, 5.25, 11.25, 21.25, 33.25, 74.75, 6.0, 18.5, 18.25, 24.5, 10.75, 39.5, 19.0, 6.5, 6.0, 15.25, 19.5, 95.25, 91.75, 37.25, 85.0, 4.25, 17.5, 16.5, 23.0, 14.5, 46.75, 16.0, 9.5, 8.5, 14.0, 21.75, 32.75, 81.75, 6.75, 22.75, 19.5, 30.0, 14.5, 46.5, 22.0, 6.5, 8.75, 15.5, 19.25
10, 2012-11-19, Home, DEN, L, L, -7, U, 196, 0, 0, 102.5, 91.25, 37.5, 83.75, 7.0, 17.5, 20.5, 24.0, 11.75, 40.25, 20.0, 7.75, 5.0, 12.5, 23.0, 33.5, 77.0, 4.75, 15.0, 19.5, 27.75, 12.5, 40.75, 19.0, 7.0, 5.75, 14.25, 21.5, 100.0, 108.75, 40.0, 88.75, 5.5, 17.75, 14.5, 22.5, 16.25, 48.75, 23.5, 6.25, 7.0, 16.0, 20.25, 41.25, 90.25, 11.25, 22.75, 15.0, 20.0, 11.75, 40.75, 27.25, 8.25, 6.0, 11.25, 20.0
11, 2012-11-23, Home, LAL, W, W, -4.5, O, 200, 0, 0, 99.5, 94.0, 37.0, 81.75, 5.0, 15.75, 20.5, 24.25, 12.0, 37.75, 19.25, 8.25, 5.0, 13.25, 22.5, 35.0, 77.5, 5.0, 15.0, 19.0, 25.75, 14.0, 41.75, 19.75, 7.25, 5.0, 15.25, 21.25, 106.25, 103.25, 38.0, 78.0, 8.75, 22.0, 21.5, 33.0, 10.0, 41.25, 22.75, 7.0, 5.25, 13.75, 17.5, 41.75, 86.25, 7.0, 18.75, 12.75, 19.0, 11.5, 41.75, 26.0, 8.0, 4.0, 14.75, 25.0
12, 2012-11-26, Home, CLE, W, L, -11.5, U, 193, 0, 0, 99.25, 94.25, 35.5, 77.25, 4.75, 14.25, 23.5, 28.25, 12.25, 37.75, 19.5, 9.25, 5.0, 15.0, 23.25, 34.5, 78.0, 6.5, 18.5, 18.75, 25.25, 14.25, 38.75, 18.75, 7.25, 4.75, 16.0, 23.5, 95.75, 96.75, 34.25, 84.0, 10.0, 25.0, 17.25, 23.0, 15.0, 43.25, 17.75, 6.5, 2.75, 13.5, 20.75, 35.25, 78.75, 8.25, 19.25, 18.0, 22.75, 10.25, 38.75, 21.75, 7.5, 7.0, 13.5, 21.5
13, 2012-11-28, Home, TOR, W, W, -10.5, U, 189, 1, 0, 94.0, 90.0, 34.5, 76.0, 4.5, 13.25, 20.5, 24.75, 11.75, 37.25, 19.75, 9.5, 4.75, 15.0, 21.0, 33.0, 79.0, 6.25, 17.75, 17.75, 23.75, 15.25, 40.5, 17.25, 8.0, 4.5, 16.75, 22.75, 98.5, 104.25, 37.75, 88.5, 7.25, 22.0, 15.75, 20.25, 11.5, 43.25, 22.25, 5.75, 6.0, 13.25, 22.0, 40.0, 87.5, 7.0, 21.25, 17.25, 23.5, 10.75, 45.0, 23.25, 6.5, 4.25, 12.75, 19.0
14, 2012-11-30, Home, DET, W, W, -10.5, U, 188.5, 0, 0, 96.25, 88.75, 36.25, 76.0, 6.0, 14.25, 17.75, 23.25, 11.75, 37.75, 22.5, 9.5, 4.75, 14.5, 20.0, 32.25, 76.25, 6.5, 18.75, 17.75, 22.75, 13.25, 37.25, 15.75, 7.5, 4.5, 17.0, 23.75, 104.0, 97.25, 38.75, 78.0, 8.5, 16.0, 18.0, 26.25, 11.25, 43.5, 22.75, 6.25, 4.0, 15.25, 22.0, 33.5, 81.0, 8.75, 22.75, 21.5, 26.75, 12.25, 38.75, 19.5, 9.0, 6.0, 13.0, 22.25
15, 2012-12-01, Away, SAS, L, W, 6, U, 196.5, 0, 1, 95.75, 84.0, 35.75, 77.75, 5.5, 13.0, 18.75, 24.25, 11.5, 39.25, 21.75, 9.75, 5.0, 13.25, 20.5, 30.5, 74.0, 6.25, 19.0, 16.75, 20.75, 10.75, 37.0, 14.25, 7.0, 5.0, 18.25, 25.0, 109.75, 98.0, 42.25, 86.75, 10.5, 26.25, 14.75, 19.5, 9.0, 44.75, 26.25, 6.25, 5.25, 15.25, 15.25, 40.0, 95.25, 4.25, 16.5, 13.75, 17.0, 14.25, 46.0, 18.25, 8.75, 3.75, 12.0, 18.75
16, 2012-12-04, Home, PHO, W, P, -10, O, 196, 0, 0, 93.0, 84.25, 35.25, 83.75, 5.0, 14.0, 17.5, 22.25, 12.75, 42.5, 22.25, 9.75, 5.25, 14.25, 20.0, 31.5, 77.75, 5.0, 19.5, 16.25, 20.75, 11.25, 42.0, 14.75, 8.5, 5.0, 17.75, 23.5, 91.0, 100.5, 35.25, 79.5, 6.5, 19.25, 14.0, 19.0, 8.75, 39.25, 20.5, 7.0, 5.25, 16.25, 21.25, 37.25, 82.75, 8.5, 18.5, 17.5, 24.0, 12.0, 43.0, 23.5, 8.0, 4.5, 12.5, 18.25
17, 2012-12-07, Away, NOH, W, L, -8, O, 183, 0, 0, 99.0, 89.25, 37.0, 87.25, 5.0, 16.0, 20.0, 25.5, 14.0, 46.75, 21.5, 10.5, 6.25, 15.5, 21.75, 33.25, 79.25, 5.5, 19.0, 17.25, 22.5, 10.0, 39.75, 17.25, 9.0, 5.0, 17.75, 24.25, 88.0, 95.0, 34.75, 80.25, 5.75, 19.0, 12.75, 17.0, 13.25, 41.0, 21.0, 6.0, 3.75, 13.5, 21.5, 34.25, 74.5, 8.5, 18.5, 18.0, 25.0, 11.25, 42.5, 22.25, 9.25, 8.25, 13.75, 18.5
18, 2012-12-08, Home, ATL, L, L, -7, U, 189, 1, 1, 97.25, 91.0, 36.5, 85.25, 5.0, 15.75, 19.25, 24.0, 13.75, 46.75, 20.25, 10.25, 6.0, 16.5, 21.25, 35.0, 79.5, 6.25, 18.75, 14.75, 19.5, 9.5, 38.75, 20.0, 10.0, 5.75, 16.5, 21.0, 104.25, 100.75, 39.25, 87.0, 10.5, 25.0, 15.25, 21.25, 14.75, 41.5, 25.0, 10.25, 5.0, 12.25, 18.5, 36.25, 79.75, 9.0, 20.0, 19.25, 22.5, 11.25, 41.5, 21.25, 7.5, 4.5, 16.25, 22.0
19, 2012-12-12, Away, PHO, L, L, -6.5, U, 195, 0, 0, 95.5, 94.75, 36.25, 83.25, 5.5, 16.75, 17.5, 23.25, 13.75, 47.0, 19.0, 9.5, 6.0, 17.5, 20.5, 36.25, 80.75, 7.0, 19.0, 15.25, 20.75, 10.25, 38.25, 21.25, 10.75, 5.25, 14.5, 20.0, 95.25, 105.0, 36.0, 80.75, 7.0, 19.75, 16.25, 21.25, 9.0, 35.0, 21.75, 8.25, 4.5, 15.0, 21.75, 41.25, 83.25, 5.0, 17.25, 17.5, 24.25, 13.0, 44.75, 22.25, 9.5, 4.5, 16.0, 19.0
20, 2012-12-14, Away, DEN, L, L, 1, U, 195, 0, 0, 91.75, 90.5, 35.5, 76.75, 5.0, 15.5, 15.75, 20.75, 11.75, 44.0, 17.5, 8.5, 7.25, 16.5, 18.75, 35.5, 80.75, 6.5, 17.25, 13.0, 17.5, 11.75, 37.25, 21.0, 10.0, 5.75, 13.25, 17.75, 101.0, 100.75, 39.25, 80.25, 5.25, 16.75, 17.25, 26.75, 8.5, 39.0, 22.0, 8.0, 6.75, 13.0, 22.0, 35.75, 82.5, 7.25, 20.0, 22.0, 30.75, 13.25, 44.0, 22.5, 8.25, 6.75, 14.0, 23.5
21, 2012-12-15, Away, UTA, W, W, 2, U, 188.5, 1, 1, 88.25, 90.75, 35.25, 79.0, 5.75, 15.5, 12.0, 15.5, 12.0, 40.75, 21.0, 8.0, 7.0, 15.75, 20.25, 35.0, 77.5, 6.0, 16.25, 14.75, 18.5, 11.25, 38.0, 20.5, 9.0, 7.0, 14.0, 16.0, 107.75, 101.0, 41.0, 85.0, 7.5, 17.75, 18.25, 24.5, 13.25, 44.5, 25.75, 9.25, 7.25, 12.25, 20.25, 37.0, 84.25, 9.0, 21.0, 18.0, 22.25, 13.5, 42.75, 20.75, 7.0, 8.25, 13.25, 20.0
22, 2012-12-17, Home, CHI, W, W, -6.5, U, 179, 0, 0, 89.0, 90.0, 35.75, 82.25, 4.75, 14.0, 12.75, 16.0, 13.75, 41.25, 19.25, 8.0, 6.5, 14.75, 20.0, 33.75, 77.25, 5.25, 16.5, 17.25, 21.5, 11.75, 39.5, 20.0, 8.5, 6.0, 14.75, 17.0, 90.25, 87.5, 34.0, 79.5, 5.75, 13.5, 16.5, 18.75, 11.0, 42.25, 22.25, 8.75, 4.75, 14.75, 17.25, 33.5, 82.5, 5.25, 16.75, 15.25, 21.0, 13.25, 41.75, 16.75, 8.75, 6.75, 15.25, 18.5
23, 2012-12-19, Home, MIL, W, W, -9, U, 187.5, 1, 0, 88.25, 84.5, 35.0, 83.0, 4.75, 12.75, 13.5, 16.25, 15.5, 44.0, 19.5, 7.75, 6.5, 15.25, 20.0, 32.25, 76.75, 4.0, 15.0, 16.0, 20.25, 10.75, 38.25, 18.5, 8.5, 5.5, 15.25, 18.25, 92.75, 93.75, 34.75, 87.0, 6.0, 16.75, 17.25, 25.5, 17.0, 45.0, 19.5, 10.0, 7.5, 13.5, 21.75, 35.0, 82.25, 4.75, 14.0, 19.0, 23.25, 15.0, 49.0, 20.75, 7.75, 4.0, 18.0, 21.5
24, 2012-12-21, Home, DAL, W, L, -10.5, U, 189, 1, 0, 90.75, 84.0, 35.75, 86.75, 5.0, 12.25, 14.25, 18.0, 17.25, 48.0, 21.25, 9.0, 5.75, 15.5, 20.0, 31.25, 75.75, 4.0, 14.5, 17.5, 22.25, 8.75, 38.25, 16.25, 8.75, 5.0, 16.5, 19.75, 95.5, 104.75, 35.5, 80.25, 3.5, 15.0, 21.0, 24.5, 8.5, 37.5, 20.75, 8.25, 4.75, 14.0, 19.0, 38.5, 85.5, 10.25, 30.5, 17.5, 21.75, 13.25, 45.5, 24.5, 10.0, 3.5, 14.25, 18.25
25, 2012-12-22, Away, HOU, L, L, 1, O, 196.5, 0, 1, 90.25, 79.75, 35.0, 85.5, 4.0, 10.75, 16.25, 20.5, 17.5, 50.5, 20.25, 10.5, 4.5, 15.25, 17.0, 30.0, 77.5, 4.5, 17.25, 15.25, 20.0, 9.75, 40.0, 16.25, 8.5, 4.0, 17.25, 19.75, 107.75, 97.75, 37.75, 76.75, 9.5, 26.5, 22.75, 28.75, 7.0, 43.0, 21.0, 7.5, 4.0, 14.0, 17.75, 38.0, 87.25, 7.75, 24.5, 14.0, 19.25, 10.25, 42.0, 21.75, 8.75, 5.75, 11.75, 19.75
26, 2012-12-26, Home, PHI, L, L, -9, O, 182.5, 0, 0, 89.5, 88.5, 36.0, 84.0, 3.5, 11.25, 14.0, 18.0, 15.0, 47.75, 22.0, 10.0, 4.75, 17.0, 17.75, 33.25, 79.5, 6.25, 20.0, 15.75, 20.5, 10.25, 40.75, 19.25, 9.5, 4.25, 17.25, 18.0, 98.5, 101.75, 39.75, 87.25, 8.75, 22.25, 10.25, 14.0, 14.25, 43.25, 23.5, 6.25, 2.75, 11.25, 18.75, 36.25, 75.0, 8.0, 21.25, 21.25, 26.75, 9.25, 39.0, 21.5, 6.75, 3.25, 11.75, 14.75
27, 2012-12-29, Home, DEN, W, W, -6.5, U, 195, 1, 0, 91.75, 95.5, 37.25, 86.5, 3.25, 12.25, 14.0, 17.5, 14.25, 44.25, 23.5, 10.75, 4.5, 15.75, 17.5, 35.5, 78.5, 8.0, 21.25, 16.5, 21.25, 9.75, 40.5, 21.5, 9.25, 7.0, 17.25, 16.5, 110.5, 99.75, 43.75, 90.0, 8.25, 20.75, 14.75, 21.25, 14.5, 49.0, 29.5, 9.0, 6.25, 14.25, 21.0, 38.0, 87.75, 7.5, 24.75, 16.25, 25.0, 13.0, 42.5, 24.0, 7.75, 8.25, 13.5, 18.75
28, 2012-12-31, Away, IND, L, L, -1.5, U, 177, 0, 0, 89.5, 93.5, 37.25, 86.75, 3.75, 15.0, 11.25, 14.5, 14.25, 42.5, 21.75, 10.25, 4.5, 13.75, 17.5, 35.25, 74.25, 7.5, 20.25, 15.5, 21.0, 9.5, 39.75, 23.0, 8.0, 7.5, 17.25, 16.0, 94.25, 91.0, 36.0, 78.5, 5.5, 16.0, 16.75, 23.5, 12.75, 43.0, 20.75, 6.5, 5.75, 14.0, 19.75, 36.75, 81.0, 5.25, 15.25, 12.25, 15.75, 10.25, 37.75, 20.75, 6.75, 5.0, 13.75, 23.75
29, 2013-01-02, Away, BOS, W, W, -2.5, U, 180, 0, 0, 87.25, 95.0, 36.0, 85.0, 3.75, 14.5, 11.5, 15.5, 14.5, 41.75, 20.25, 9.0, 5.0, 14.0, 19.0, 34.5, 72.75, 9.0, 21.25, 17.0, 22.75, 9.5, 38.75, 23.25, 8.5, 8.25, 16.25, 16.0, 87.25, 100.25, 33.5, 80.25, 6.0, 17.5, 14.25, 17.0, 9.75, 38.5, 22.0, 8.0, 3.25, 13.5, 21.5, 37.25, 76.0, 10.25, 22.25, 15.5, 23.5, 9.0, 42.75, 23.5, 8.5, 7.5, 14.75, 20.75
30, 2013-01-04, Home, POR, L, L, -8, U, 182, 0, 0, 86.5, 85.5, 34.0, 83.0, 5.25, 15.75, 13.25, 17.5, 14.5, 42.25, 20.25, 9.25, 4.5, 12.5, 18.5, 31.5, 70.0, 8.0, 19.75, 14.5, 20.25, 8.0, 36.0, 20.75, 7.75, 7.25, 15.0, 18.25, 90.0, 97.75, 35.5, 78.5, 6.5, 24.25, 12.5, 16.5, 10.25, 41.5, 21.0, 6.25, 3.25, 13.5, 19.25, 38.25, 83.0, 7.25, 25.25, 14.0, 20.0, 12.5, 42.5, 25.0, 7.5, 3.5, 11.25, 17.0
31, 2013-01-06, Away, PHO, W, W, -4.5, U, 184.5, 0, 0, 85.25, 82.25, 33.25, 80.75, 4.5, 13.25, 14.25, 17.75, 14.75, 44.25, 18.0, 9.25, 5.75, 12.75, 18.5, 30.5, 72.5, 8.25, 22.5, 13.0, 18.25, 9.25, 36.75, 20.5, 7.75, 6.0, 14.75, 18.0, 94.5, 100.25, 38.75, 83.75, 4.25, 17.25, 12.75, 18.0, 10.0, 43.0, 23.75, 6.5, 6.25, 12.5, 19.25, 41.5, 87.25, 4.0, 14.0, 13.25, 17.75, 11.0, 44.0, 24.5, 6.5, 4.0, 10.25, 15.75
32, 2013-01-07, Away, SAC, W, W, -4, O, 188, 0, 1, 88.0, 84.5, 33.5, 75.75, 3.75, 10.5, 17.25, 21.0, 12.25, 42.5, 18.75, 10.0, 5.25, 15.0, 19.0, 31.0, 75.25, 8.75, 22.0, 13.75, 18.25, 9.5, 34.5, 20.75, 9.0, 5.5, 14.25, 19.0, 98.0, 101.5, 37.5, 85.0, 5.5, 18.25, 17.5, 24.25, 16.0, 41.75, 20.5, 8.5, 6.0, 12.25, 19.75, 36.75, 81.5, 7.75, 24.5, 20.25, 26.0, 15.75, 46.0, 20.5, 5.0, 6.75, 14.25, 20.25
33, 2013-01-09, Away, GSW, W, W, 1, U, 190.5, 0, 0, 95.5, 82.75, 35.5, 75.25, 5.75, 12.75, 18.75, 21.75, 10.5, 42.5, 21.75, 9.5, 5.5, 13.0, 19.5, 31.0, 76.75, 7.0, 21.0, 13.75, 18.0, 9.5, 34.25, 19.0, 8.0, 3.5, 13.25, 19.0, 100.25, 95.25, 36.5, 77.25, 9.0, 19.75, 18.25, 22.5, 8.0, 45.25, 22.25, 7.0, 6.25, 18.0, 21.25, 35.5, 85.75, 7.0, 24.75, 17.25, 24.5, 10.5, 40.0, 24.0, 12.5, 3.5, 10.75, 18.25
34, 2013-01-11, Home, SAS, W, W, -2, O, 188, 0, 0, 95.75, 83.75, 37.0, 79.5, 4.25, 12.5, 17.5, 20.25, 11.75, 43.5, 22.75, 10.25, 5.25, 12.25, 19.5, 31.25, 76.75, 6.75, 19.75, 14.5, 19.0, 10.25, 37.0, 19.25, 8.0, 3.75, 14.5, 18.75, 97.0, 96.5, 35.75, 79.75, 8.75, 26.25, 16.75, 20.0, 8.0, 41.25, 20.75, 8.75, 5.75, 16.25, 14.25, 39.5, 86.0, 7.0, 21.0, 10.5, 15.75, 8.75, 42.75, 22.5, 11.0, 4.25, 12.25, 16.0
35, 2013-01-12, Away, DAL, L, L, -1, P, 187, 0, 1, 100.0, 86.75, 39.0, 80.5, 4.5, 14.25, 17.5, 21.0, 10.0, 41.0, 24.25, 10.25, 4.0, 12.25, 20.25, 31.75, 75.5, 6.75, 19.25, 16.5, 20.75, 8.75, 35.5, 20.0, 8.0, 3.0, 15.25, 20.5, 100.0, 102.5, 37.75, 86.5, 6.0, 19.25, 18.5, 21.5, 9.25, 43.5, 20.5, 6.75, 6.0, 11.0, 21.75, 37.0, 81.0, 8.75, 22.75, 19.75, 26.25, 9.5, 44.75, 22.75, 7.75, 6.0, 15.25, 19.25
36, 2013-01-14, Home, LAC, L, L, -4.5, U, 179.5, 0, 0, 97.75, 92.5, 37.75, 84.25, 4.75, 14.25, 17.5, 22.5, 11.75, 40.75, 23.5, 8.75, 4.25, 9.75, 19.25, 33.75, 75.75, 8.25, 20.0, 16.75, 21.5, 8.75, 39.5, 22.0, 7.0, 3.0, 14.0, 20.75, 105.5, 97.0, 42.25, 84.75, 8.75, 22.0, 12.25, 16.75, 12.0, 42.5, 28.25, 9.25, 5.75, 13.0, 20.75, 35.5, 78.25, 7.0, 22.0, 19.0, 24.75, 8.75, 35.25, 21.75, 7.25, 4.5, 13.5, 17.0
37, 2013-01-16, Away, SAS, L, L, 5.5, U, 187, 0, 0, 87.75, 97.0, 34.75, 86.5, 3.5, 14.25, 14.75, 20.0, 15.0, 41.75, 19.75, 8.75, 3.5, 11.25, 19.75, 35.5, 75.75, 8.25, 18.25, 17.75, 23.75, 8.75, 41.25, 23.5, 7.75, 5.0, 13.0, 20.75, 100.0, 97.25, 38.5, 78.25, 9.0, 23.0, 14.0, 17.25, 7.75, 39.5, 25.25, 8.5, 7.5, 18.0, 17.25, 39.25, 88.0, 5.0, 17.0, 13.75, 17.75, 10.75, 38.75, 21.75, 11.5, 3.5, 12.5, 15.0
38, 2013-01-18, Home, SAC, W, W, -9.5, U, 190.5, 0, 0, 84.75, 101.0, 32.0, 81.75, 3.25, 12.25, 17.5, 23.0, 13.25, 39.0, 15.75, 7.0, 3.75, 12.0, 19.5, 38.25, 77.0, 8.75, 18.5, 15.75, 21.25, 8.25, 40.0, 26.0, 7.5, 6.75, 12.5, 21.0, 107.5, 114.25, 40.5, 84.25, 7.5, 18.75, 19.0, 24.25, 12.5, 41.0, 23.25, 7.5, 4.25, 16.5, 24.5, 42.25, 88.5, 9.5, 22.75, 20.25, 25.0, 13.75, 41.75, 26.25, 7.5, 6.75, 12.25, 21.0
39, 2013-01-19, Away, CHI, W, W, -2, U, 175.5, 1, 1, 80.75, 93.75, 30.5, 80.0, 3.25, 11.0, 16.5, 22.75, 14.75, 42.25, 16.25, 6.5, 5.25, 12.5, 18.25, 36.75, 79.25, 6.75, 14.75, 13.5, 19.5, 10.0, 42.0, 22.0, 7.25, 7.5, 11.75, 19.75, 96.25, 89.75, 35.0, 82.0, 4.0, 12.75, 22.25, 30.5, 13.75, 47.5, 20.75, 5.75, 5.5, 14.5, 21.5, 34.0, 82.75, 4.25, 14.5, 17.5, 23.75, 11.0, 42.5, 18.25, 6.5, 6.25, 13.5, 25.25
40, 2013-01-21, Home, IND, L, L, -6, U, 172, 0, 0, 81.25, 88.25, 31.0, 80.0, 2.5, 10.25, 16.75, 23.25, 15.5, 44.0, 15.25, 7.0, 6.0, 13.75, 20.0, 34.75, 80.5, 4.75, 14.0, 14.0, 19.5, 11.0, 42.5, 21.0, 7.25, 7.75, 13.25, 20.5, 95.0, 91.25, 37.0, 85.5, 6.75, 20.5, 14.25, 17.25, 13.25, 46.0, 20.5, 7.5, 8.5, 13.25, 20.5, 33.0, 80.5, 8.5, 18.5, 16.75, 20.5, 9.75, 38.5, 20.5, 7.25, 5.25, 13.0, 18.75
41, 2013-01-23, Home, LAL, W, W, -3.5, O, 187.5, 0, 0, 83.25, 84.0, 33.0, 78.5, 2.0, 7.75, 15.25, 20.75, 13.0, 40.75, 15.75, 7.5, 5.75, 14.0, 16.5, 34.5, 78.75, 5.5, 14.75, 9.5, 14.25, 10.5, 40.0, 21.5, 7.25, 8.25, 15.75, 19.25, 95.0, 97.5, 35.75, 81.25, 8.0, 23.75, 15.5, 22.5, 10.75, 43.75, 21.75, 5.0, 5.25, 14.0, 18.5, 39.75, 88.75, 6.0, 19.5, 12.0, 18.5, 12.25, 42.25, 22.25, 9.5, 4.75, 10.0, 20.75
42, 2013-01-25, Home, BRK, W, W, -4, O, 177, 0, 0, 89.25, 81.5, 37.5, 85.25, 2.75, 8.75, 11.5, 16.25, 15.5, 45.75, 18.5, 8.25, 7.0, 13.75, 19.5, 31.25, 78.0, 5.0, 14.5, 14.0, 19.75, 11.25, 40.25, 17.0, 6.75, 8.0, 16.25, 17.0, 92.0, 91.5, 33.75, 79.75, 7.75, 24.0, 16.75, 22.75, 13.75, 45.5, 19.25, 7.25, 3.0, 16.0, 19.75, 38.0, 81.25, 6.5, 19.5, 9.0, 13.5, 8.5, 37.5, 23.5, 8.0, 3.5, 12.25, 20.25
43, 2013-01-27, Home, NOH, L, L, -7.5, U, 177.5, 0, 0, 93.25, 83.5, 40.75, 88.25, 3.0, 9.25, 8.75, 13.25, 15.5, 45.0, 19.5, 7.75, 5.25, 12.75, 20.75, 31.25, 74.5, 5.25, 16.25, 15.75, 22.25, 10.0, 38.75, 18.75, 6.25, 8.25, 16.0, 15.75, 102.5, 106.75, 39.25, 82.25, 8.5, 21.5, 15.5, 21.75, 13.25, 41.5, 24.75, 7.25, 5.25, 14.75, 24.75, 38.25, 77.25, 8.0, 20.75, 22.25, 29.0, 10.25, 38.0, 23.75, 8.0, 3.0, 13.25, 21.25
44, 2013-01-28, Away, PHI, W, W, -1, O, 177.5, 0, 1, 92.75, 85.75, 40.25, 89.25, 3.75, 12.0, 8.5, 10.75, 16.75, 44.75, 20.25, 8.25, 5.0, 13.5, 19.5, 31.75, 72.5, 6.75, 17.75, 15.5, 22.75, 9.75, 37.0, 18.25, 6.25, 8.5, 16.0, 14.25, 98.0, 95.25, 41.0, 86.25, 5.5, 17.0, 10.5, 15.0, 10.0, 40.25, 25.0, 6.0, 5.0, 13.5, 19.75, 35.75, 82.25, 6.25, 21.5, 17.5, 23.75, 11.5, 43.5, 23.0, 7.5, 4.25, 15.0, 15.25
45, 2013-01-31, Away, OKC, L, L, 9.5, O, 190, 0, 0, 98.25, 90.25, 41.5, 86.75, 4.75, 12.75, 10.5, 13.75, 15.5, 45.5, 22.75, 7.25, 5.5, 14.0, 20.25, 34.5, 76.0, 5.75, 15.75, 15.5, 22.25, 9.0, 35.25, 19.0, 6.25, 6.75, 13.25, 14.25, 102.25, 100.25, 37.5, 78.25, 7.5, 20.5, 19.75, 24.25, 9.25, 40.5, 23.75, 8.5, 5.75, 16.0, 23.0, 38.25, 82.0, 6.25, 17.75, 17.5, 24.5, 9.25, 39.25, 19.75, 8.75, 4.0, 14.0, 21.25
46, 2013-02-01, Home, WAS, W, W, -6.5, U, 180, 0, 1, 94.0, 93.5, 38.25, 87.25, 5.25, 15.75, 12.25, 16.0, 16.75, 44.5, 22.0, 8.5, 4.0, 14.25, 19.0, 36.75, 75.75, 5.25, 15.0, 14.75, 20.5, 8.25, 37.5, 21.5, 6.25, 7.5, 13.5, 15.5, 94.5, 90.5, 37.25, 78.5, 5.25, 15.0, 14.75, 19.5, 8.25, 42.0, 22.75, 5.75, 4.5, 15.75, 18.75, 36.0, 84.0, 5.5, 16.25, 13.0, 20.0, 11.75, 41.75, 24.25, 9.0, 4.25, 12.75, 18.0
47, 2013-02-05, Home, PHO, L, L, -8.5, O, 184, 0, 0, 90.0, 93.25, 35.25, 84.25, 4.5, 15.25, 15.0, 18.25, 16.0, 44.75, 21.25, 9.25, 4.75, 15.75, 16.75, 38.0, 78.75, 5.75, 15.75, 11.5, 15.0, 7.75, 36.0, 22.25, 7.75, 5.5, 13.75, 17.5, 94.75, 104.5, 36.25, 83.75, 4.0, 14.75, 18.25, 23.0, 10.5, 42.0, 21.25, 8.5, 4.0, 13.25, 19.25, 40.75, 85.75, 7.5, 19.5, 15.5, 20.5, 12.25, 47.0, 26.0, 7.5, 4.75, 15.0, 20.5
48, 2013-02-06, Away, ATL, L, L, -2, O, 182, 1, 1, 91.75, 94.5, 36.25, 82.75, 4.5, 13.5, 14.75, 18.0, 14.0, 41.5, 20.5, 8.5, 3.0, 16.0, 17.5, 39.0, 77.75, 4.5, 13.25, 12.0, 14.75, 7.0, 35.25, 22.0, 8.5, 4.25, 15.25, 18.5, 94.0, 101.25, 35.5, 75.0, 8.5, 22.25, 14.5, 20.25, 6.75, 37.5, 22.5, 6.25, 5.0, 16.5, 21.0, 36.5, 81.25, 11.0, 23.5, 17.25, 23.25, 11.0, 42.0, 23.0, 7.75, 5.25, 12.5, 18.75
49, 2013-02-08, Home, GSW, W, W, -3.5, O, 191, 0, 0, 89.0, 95.25, 35.75, 85.5, 3.75, 13.25, 13.75, 17.25, 14.0, 41.5, 21.0, 8.5, 3.0, 13.75, 18.5, 37.25, 75.5, 6.0, 17.0, 14.75, 18.25, 7.0, 40.0, 22.75, 7.5, 4.5, 16.25, 19.0, 105.0, 112.25, 40.0, 88.0, 7.25, 18.5, 17.75, 22.75, 12.5, 45.5, 26.5, 5.0, 4.0, 14.0, 21.5, 41.25, 88.25, 11.0, 25.75, 18.75, 25.75, 12.75, 48.25, 27.75, 8.25, 6.0, 11.75, 18.75
50, 2013-02-10, Home, MIN, W, W, -8.5, O, 183, 0, 0, 91.5, 92.0, 36.25, 80.75, 4.25, 12.0, 14.75, 18.25, 11.0, 40.25, 22.75, 7.0, 3.5, 13.5, 18.25, 36.25, 76.0, 6.25, 17.75, 13.25, 17.0, 7.75, 37.75, 21.0, 7.5, 2.75, 16.25, 20.75, 100.25, 97.5, 38.75, 80.75, 4.25, 14.75, 18.5, 24.5, 12.25, 40.75, 22.0, 9.5, 3.5, 13.5, 21.0, 36.0, 75.5, 7.0, 20.75, 18.5, 22.5, 8.5, 37.5, 20.25, 8.75, 5.75, 18.0, 22.5
51, 2013-02-12, Home, SAC, W, L, -11, O, 189.5, 0, 0, 96.5, 95.0, 37.75, 81.0, 5.5, 13.5, 15.5, 19.5, 11.25, 37.75, 24.75, 7.75, 3.0, 12.25, 21.25, 36.25, 72.5, 6.0, 16.75, 16.5, 22.5, 8.5, 38.25, 22.25, 6.25, 3.25, 17.25, 21.0, 102.25, 109.5, 37.75, 83.75, 7.0, 20.0, 19.75, 25.5, 12.75, 39.75, 19.0, 9.75, 3.5, 15.0, 20.25, 42.25, 82.25, 10.0, 25.75, 15.0, 18.5, 11.25, 43.75, 27.75, 7.5, 5.75, 17.5, 21.5
52, 2013-02-19, Away, DET, W, W, -3, O, 186.5, 0, 0, 101.0, 96.25, 39.0, 79.25, 6.25, 14.5, 16.75, 21.25, 9.5, 39.0, 26.25, 7.25, 4.0, 13.0, 21.75, 37.0, 75.75, 6.0, 18.25, 16.25, 23.0, 8.75, 37.25, 22.5, 7.0, 3.25, 15.5, 21.25, 101.5, 99.75, 37.75, 83.0, 8.0, 19.0, 18.0, 24.25, 13.5, 46.0, 22.75, 9.75, 3.25, 15.5, 19.0, 36.5, 80.0, 7.5, 18.25, 19.25, 23.5, 9.0, 39.0, 21.75, 8.5, 7.25, 12.75, 18.25
53, 2013-02-20, Away, TOR, W, W, -1, U, 186.5, 1, 1, 104.25, 93.25, 40.75, 78.25, 5.75, 13.75, 17.0, 22.25, 10.25, 40.5, 26.5, 9.25, 4.75, 15.0, 22.0, 37.0, 77.75, 5.75, 17.25, 13.5, 19.75, 8.75, 33.0, 22.5, 7.75, 3.0, 16.25, 21.75, 99.75, 93.25, 36.25, 78.0, 8.75, 19.5, 18.5, 21.25, 10.75, 38.5, 19.75, 7.5, 5.5, 13.5, 20.25, 34.0, 77.75, 6.5, 17.25, 18.75, 26.0, 14.0, 43.5, 18.0, 7.25, 4.25, 15.5, 19.5
54, 2013-02-22, Home, ORL, W, L, -14, U, 186.5, 0, 0, 101.5, 90.5, 39.0, 78.5, 5.25, 12.0, 18.25, 25.0, 13.0, 42.0, 25.0, 9.5, 5.5, 14.5, 22.25, 34.5, 77.0, 6.25, 17.5, 15.25, 21.25, 9.75, 35.0, 21.5, 7.75, 3.0, 15.75, 22.5, 93.5, 107.0, 39.25, 87.25, 4.25, 17.5, 10.75, 16.5, 11.75, 45.0, 25.5, 6.0, 2.75, 12.5, 17.5, 40.75, 86.0, 10.0, 28.5, 15.5, 20.0, 9.75, 45.25, 28.25, 5.5, 4.75, 12.0, 15.5
55, 2013-02-24, Away, BRK, W, W, -2.5, U, 180.5, 0, 0, 97.25, 89.0, 37.25, 77.75, 4.5, 12.75, 18.25, 26.75, 13.25, 46.0, 23.5, 8.5, 6.0, 14.75, 20.0, 34.75, 80.75, 6.5, 17.25, 13.0, 17.25, 10.0, 37.25, 20.25, 7.5, 4.5, 14.0, 24.0, 106.25, 104.75, 39.5, 85.5, 11.25, 25.5, 16.0, 22.5, 12.75, 42.5, 25.25, 7.5, 4.5, 13.0, 20.0, 41.0, 81.75, 10.25, 20.25, 12.5, 20.75, 9.25, 39.25, 23.75, 5.5, 7.0, 13.75, 22.75
56, 2013-02-27, Home, DAL, W, L, -7.5, U, 187.5, 1, 0, 89.25, 81.75, 35.0, 76.75, 3.5, 11.25, 15.75, 23.75, 13.25, 45.0, 22.25, 8.75, 7.75, 12.75, 19.25, 32.0, 78.5, 7.75, 18.5, 10.0, 14.5, 11.25, 39.25, 19.75, 6.25, 5.0, 14.0, 21.5, 101.0, 98.5, 39.25, 86.0, 7.0, 21.0, 15.5, 19.25, 12.0, 47.0, 24.25, 8.25, 7.5, 13.25, 20.25, 36.0, 82.5, 7.5, 19.0, 19.0, 25.75, 9.75, 43.0, 22.0, 7.5, 2.75, 12.75, 17.25
57, 2013-03-01, Away, MIA, L, W, 7.5, O, 187.5, 0, 0, 85.5, 80.0, 31.0, 76.25, 4.0, 12.5, 19.5, 27.25, 13.0, 45.5, 20.25, 8.0, 6.5, 12.5, 20.0, 30.75, 77.0, 6.25, 16.5, 12.25, 16.75, 11.25, 40.75, 17.75, 6.75, 6.25, 15.25, 22.75, 112.5, 97.75, 44.25, 81.5, 8.5, 19.0, 15.5, 20.0, 6.75, 37.0, 26.25, 11.0, 6.5, 11.5, 16.0, 37.5, 81.0, 8.75, 21.25, 14.0, 17.75, 10.75, 36.5, 24.0, 7.5, 4.0, 17.0, 18.5
58, 2013-03-03, Away, ORL, W, W, -9, O, 184, 0, 0, 86.25, 84.0, 32.0, 75.5, 3.5, 12.5, 18.75, 25.5, 10.5, 42.75, 21.0, 7.25, 5.5, 13.0, 20.25, 32.75, 77.5, 6.75, 16.75, 11.75, 17.0, 9.75, 39.0, 20.75, 7.25, 6.0, 13.5, 20.5, 100.75, 111.25, 40.0, 79.0, 6.0, 17.0, 14.75, 19.75, 7.75, 37.5, 27.5, 5.75, 3.25, 15.0, 22.25, 40.75, 82.25, 10.25, 24.0, 19.5, 25.75, 10.5, 39.5, 28.25, 8.5, 2.25, 11.5, 18.25
59, 2013-03-06, Home, POR, W, L, -7.5, U, 186.5, 0, 0, 91.25, 84.0, 34.5, 77.25, 5.5, 14.5, 16.75, 22.0, 10.5, 40.25, 22.75, 7.25, 5.25, 12.75, 21.25, 31.25, 74.75, 6.0, 16.75, 15.5, 21.25, 10.0, 37.75, 20.75, 7.25, 5.0, 14.0, 17.5, 108.0, 99.0, 41.5, 84.0, 9.0, 22.5, 16.0, 21.25, 13.0, 45.5, 27.0, 5.0, 5.5, 14.75, 21.5, 40.0, 89.0, 1.75, 12.25, 17.25, 25.0, 13.5, 42.25, 21.25, 9.5, 3.75, 10.0, 18.75
60, 2013-03-08, Away, CLE, W, W, -4.5, O, 186, 0, 0, 95.0, 87.25, 36.0, 81.25, 6.0, 15.75, 17.0, 23.5, 12.75, 44.5, 23.75, 7.0, 4.0, 12.25, 22.0, 31.75, 74.5, 5.25, 16.5, 18.5, 25.0, 7.5, 36.25, 21.0, 7.0, 5.0, 12.75, 18.5, 98.25, 100.0, 35.25, 79.75, 5.75, 16.25, 22.0, 28.25, 11.5, 38.0, 23.0, 6.75, 5.25, 12.75, 19.5, 38.0, 81.5, 7.5, 23.5, 16.5, 21.25, 10.0, 38.75, 25.0, 7.25, 8.25, 14.0, 21.5
61, 2013-03-09, Home, NOH, W, W, -7.5, U, 183, 0, 1, 98.25, 89.25, 40.0, 83.25, 5.75, 15.0, 12.5, 17.75, 12.25, 42.25, 26.0, 6.75, 5.0, 11.5, 20.0, 31.75, 73.5, 6.0, 17.0, 19.75, 26.75, 7.75, 35.75, 20.75, 6.0, 4.5, 11.25, 17.0, 94.5, 106.75, 34.25, 81.5, 7.5, 21.5, 18.5, 23.75, 12.75, 41.0, 19.75, 4.0, 7.25, 12.75, 20.75, 40.5, 79.75, 8.25, 21.5, 17.5, 22.25, 10.25, 41.0, 26.25, 7.5, 5.25, 10.75, 18.0
62, 2013-03-12, Away, POR, W, W, -1.5, O, 186, 0, 0, 99.5, 86.0, 41.25, 84.25, 5.75, 15.0, 11.25, 16.0, 13.25, 43.5, 25.5, 7.5, 7.0, 11.0, 18.0, 31.75, 75.0, 4.0, 15.25, 18.5, 24.25, 9.25, 37.5, 18.5, 5.25, 4.0, 12.5, 17.0, 109.75, 100.0, 42.5, 80.0, 10.5, 22.5, 14.25, 19.5, 8.0, 36.75, 23.75, 6.25, 5.0, 10.25, 15.25, 41.75, 88.5, 5.5, 15.25, 11.0, 15.0, 15.75, 43.25, 22.0, 6.0, 3.75, 10.5, 16.5
63, 2013-03-13, Away, LAC, W, W, 6, U, 185, 0, 1, 98.0, 89.75, 40.0, 82.5, 3.75, 11.75, 14.25, 20.0, 12.0, 42.25, 25.5, 8.0, 7.5, 10.5, 19.25, 32.5, 76.5, 4.75, 15.5, 20.0, 25.0, 9.75, 39.75, 18.0, 5.25, 4.5, 13.0, 19.25, 110.5, 103.25, 42.75, 83.5, 10.5, 25.75, 14.5, 19.25, 9.5, 38.5, 28.25, 9.25, 4.5, 12.5, 21.5, 37.25, 75.0, 10.5, 24.0, 18.25, 25.75, 8.75, 34.5, 27.5, 7.5, 5.0, 12.75, 18.5
64, 2013-03-15, Away, DEN, L, L, 5.5, U, 194.5, 0, 0, 99.25, 89.75, 39.75, 77.75, 4.25, 11.75, 15.5, 20.75, 10.5, 37.0, 25.5, 8.75, 6.75, 11.25, 20.0, 32.5, 75.5, 4.75, 17.0, 20.0, 22.5, 11.25, 38.75, 18.75, 5.0, 4.5, 13.75, 20.25, 110.75, 91.75, 42.5, 81.25, 8.0, 18.25, 17.75, 24.0, 11.25, 44.75, 25.75, 10.75, 7.0, 14.5, 18.0, 35.0, 83.0, 7.25, 22.0, 14.5, 19.75, 9.75, 38.0, 22.75, 7.0, 6.0, 17.5, 21.0
65, 2013-03-16, Away, UTA, L, L, 3, U, 184, 0, 1, 93.5, 88.5, 36.0, 77.5, 4.25, 12.0, 17.25, 22.75, 13.25, 39.5, 22.0, 8.25, 6.5, 11.75, 21.75, 33.0, 76.75, 3.5, 16.5, 19.0, 21.5, 12.75, 41.0, 18.5, 5.75, 5.25, 14.0, 20.25, 90.5, 100.5, 34.25, 80.0, 5.25, 16.75, 16.75, 21.75, 13.0, 42.0, 19.5, 7.0, 7.0, 15.5, 21.0, 34.75, 76.25, 7.75, 21.25, 23.25, 27.75, 11.5, 41.75, 18.5, 8.25, 4.0, 13.5, 19.25
66, 2013-03-18, Home, MIN, W, W, -12.5, U, 183, 1, 0, 90.5, 89.75, 34.75, 76.5, 4.25, 11.75, 16.75, 23.25, 12.5, 39.25, 20.25, 7.5, 5.25, 12.0, 23.25, 32.25, 74.75, 4.25, 17.5, 21.0, 25.0, 11.75, 40.0, 18.75, 6.5, 6.0, 12.25, 20.75, 98.75, 98.25, 38.5, 76.75, 7.25, 19.5, 14.5, 20.75, 9.25, 37.0, 23.0, 6.0, 8.0, 14.75, 22.75, 36.25, 80.75, 8.5, 24.5, 17.25, 22.75, 13.75, 43.25, 21.5, 8.5, 3.75, 16.0, 23.25
67, 2013-03-20, Home, OKC, W, L, -1.5, U, 188.5, 1, 0, 88.0, 84.75, 35.0, 78.0, 4.75, 13.0, 13.25, 18.25, 13.0, 42.25, 17.25, 6.5, 6.0, 12.5, 22.5, 31.5, 76.5, 4.5, 19.5, 17.25, 22.25, 11.75, 39.75, 18.0, 6.75, 5.5, 11.0, 18.0, 109.5, 101.5, 38.75, 77.5, 5.0, 18.75, 27.0, 34.25, 10.75, 47.75, 19.75, 8.0, 6.75, 17.75, 21.0, 37.25, 87.75, 6.25, 21.0, 20.75, 24.75, 11.25, 38.5, 18.5, 12.0, 3.0, 13.5, 22.75
68, 2013-03-22, Away, NOH, L, L, -6, U, 179, 0, 0, 86.5, 85.75, 33.75, 83.25, 4.75, 13.75, 14.25, 19.0, 15.25, 48.0, 15.0, 5.75, 6.5, 14.25, 23.0, 31.25, 79.5, 3.5, 17.5, 19.75, 25.75, 12.0, 42.75, 14.75, 7.25, 6.25, 11.75, 19.5, 85.25, 93.0, 33.25, 79.75, 4.0, 16.25, 14.75, 18.5, 13.75, 41.75, 18.0, 8.25, 3.75, 15.0, 19.25, 35.0, 69.5, 7.0, 17.0, 16.0, 19.5, 6.5, 34.5, 20.5, 8.0, 7.5, 14.75, 18.75
69, 2013-03-23, Home, BOS, W, L, -7.5, O, 177.5, 1, 1, 87.25, 86.5, 33.75, 80.25, 4.5, 13.25, 15.25, 20.5, 13.0, 44.5, 14.5, 6.5, 6.0, 13.5, 22.5, 31.5, 79.25, 4.25, 18.0, 19.25, 24.75, 12.75, 44.5, 15.0, 6.25, 6.0, 11.5, 20.75, 97.0, 96.0, 36.25, 75.0, 7.25, 16.75, 17.25, 22.0, 7.0, 35.25, 22.75, 9.0, 6.5, 15.0, 22.75, 36.25, 78.5, 6.25, 18.75, 17.25, 24.0, 10.0, 41.75, 23.5, 8.0, 6.0, 14.5, 18.5
70, 2013-03-25, Away, WAS, L, L, -5, O, 181, 0, 0, 93.75, 90.5, 36.25, 84.5, 4.5, 13.0, 16.75, 21.0, 14.25, 45.0, 17.5, 7.5, 6.0, 12.75, 21.75, 33.25, 80.0, 5.25, 19.0, 18.75, 24.0, 12.75, 44.25, 15.25, 5.75, 7.25, 13.75, 20.75, 99.25, 99.75, 38.0, 81.0, 7.5, 18.25, 15.75, 21.5, 9.5, 39.75, 24.25, 7.75, 3.75, 14.75, 22.0, 36.5, 79.5, 8.25, 20.0, 18.5, 23.5, 9.5, 40.25, 25.25, 7.5, 3.5, 15.5, 17.25
71, 2013-03-27, Away, NYK, L, L, -1, O, 184.5, 1, 0, 94.25, 98.0, 34.75, 83.25, 4.75, 13.0, 20.0, 23.75, 13.75, 43.5, 17.0, 8.0, 3.75, 13.5, 22.75, 35.0, 76.5, 5.0, 16.25, 23.0, 30.5, 11.75, 43.5, 16.0, 6.0, 7.25, 14.0, 22.0, 103.75, 89.25, 39.5, 79.0, 10.0, 25.75, 14.75, 20.25, 11.25, 39.75, 16.75, 10.5, 3.25, 10.75, 21.5, 34.75, 75.75, 6.5, 23.0, 13.25, 18.0, 10.25, 37.5, 17.5, 6.5, 2.25, 16.25, 18.0
72, 2013-03-29, Home, HOU, W, W, -4.5, O, 195, 0, 0, 97.0, 102.75, 35.0, 78.5, 4.75, 14.5, 22.25, 26.5, 11.5, 38.5, 17.75, 8.25, 3.0, 12.75, 22.0, 37.0, 74.0, 7.75, 19.5, 21.0, 28.0, 10.0, 39.75, 18.25, 6.5, 6.0, 13.0, 21.25, 100.75, 91.5, 35.5, 79.0, 7.75, 24.75, 22.0, 28.0, 12.25, 46.0, 19.5, 8.0, 5.25, 16.0, 22.0, 33.75, 80.25, 6.25, 19.25, 17.75, 21.0, 7.75, 37.75, 18.0, 9.0, 5.5, 14.0, 21.0
73, 2013-03-30, Away, MIN, W, W, -3, U, 186.5, 1, 1, 102.0, 103.75, 37.5, 80.0, 5.0, 14.75, 22.0, 25.5, 12.0, 40.75, 20.25, 7.5, 3.25, 13.5, 21.75, 36.5, 75.25, 9.0, 22.75, 21.75, 28.75, 9.75, 36.25, 18.25, 8.0, 5.0, 12.75, 22.25, 105.0, 99.75, 40.75, 84.25, 7.5, 17.5, 16.0, 21.0, 11.0, 41.0, 24.0, 10.75, 2.75, 12.75, 18.75, 38.25, 82.25, 8.0, 21.0, 15.25, 22.0, 13.5, 43.5, 21.5, 7.5, 6.5, 16.5, 20.25
74, 2013-04-01, Home, SAS, W, L, -6.5, U, 189.5, 1, 0, 99.25, 98.75, 36.0, 74.75, 5.5, 14.5, 21.75, 26.25, 9.25, 38.5, 20.0, 7.75, 3.0, 13.75, 24.0, 34.25, 73.5, 8.0, 21.75, 22.25, 30.25, 10.0, 35.75, 18.25, 7.5, 3.25, 13.25, 22.5, 96.25, 96.25, 35.5, 76.75, 8.25, 19.0, 17.0, 21.25, 9.25, 39.25, 23.5, 6.5, 6.0, 13.75, 16.75, 37.0, 80.0, 7.25, 20.75, 15.0, 20.0, 10.25, 39.0, 23.5, 7.5, 5.5, 11.75, 21.0
75, 2013-04-03, Away, POR, W, W, -7.5, U, 189, 0, 0, 98.75, 94.5, 36.5, 75.25, 4.5, 12.25, 21.25, 26.75, 9.5, 37.75, 19.5, 8.0, 4.0, 12.25, 21.25, 34.25, 74.25, 8.75, 24.25, 17.25, 22.0, 9.25, 35.25, 19.25, 7.5, 4.25, 14.25, 24.0, 97.0, 113.25, 35.25, 75.5, 8.75, 19.25, 17.75, 24.75, 8.25, 35.75, 23.0, 3.0, 2.75, 14.0, 19.0, 45.25, 87.75, 6.75, 20.25, 16.0, 22.0, 13.25, 45.0, 24.25, 8.25, 4.0, 8.75, 21.0
76, 2013-04-05, Away, LAL, L, P, 2, U, 190, 0, 0, 97.0, 86.5, 36.75, 74.5, 4.0, 10.0, 19.5, 25.0, 8.75, 38.5, 22.75, 9.0, 4.5, 11.25, 19.75, 33.0, 75.75, 6.5, 23.75, 14.0, 19.0, 9.5, 35.0, 20.0, 6.5, 4.25, 15.5, 23.25, 106.75, 102.25, 38.0, 80.5, 8.25, 24.0, 22.5, 34.0, 14.25, 45.75, 24.25, 8.5, 7.5, 15.5, 19.25, 40.75, 89.25, 6.5, 19.75, 14.25, 20.0, 14.0, 42.25, 21.75, 9.75, 3.75, 12.75, 23.25
77, 2013-04-07, Away, SAC, W, L, -5.5, U, 196.5, 0, 0, 92.25, 84.5, 36.25, 76.25, 3.75, 10.75, 16.0, 21.5, 7.5, 37.0, 22.75, 10.0, 4.5, 9.5, 19.0, 33.0, 74.0, 5.5, 22.0, 13.0, 18.25, 7.75, 37.0, 20.75, 5.25, 3.5, 16.5, 21.0, 106.25, 108.75, 39.0, 85.75, 6.5, 22.25, 21.75, 26.25, 13.5, 44.75, 19.75, 5.75, 2.5, 13.25, 18.75, 42.0, 88.0, 8.25, 25.0, 16.5, 22.25, 12.5, 42.25, 29.75, 8.5, 5.25, 11.0, 20.5
78, 2013-04-09, Home, CHA, W, W, -13.5, U, 183, 0, 0, 89.75, 84.75, 35.0, 76.25, 3.0, 10.0, 16.75, 22.0, 8.25, 39.5, 20.75, 10.0, 6.25, 10.75, 18.25, 33.0, 77.5, 6.0, 24.25, 12.75, 16.75, 8.25, 38.5, 20.5, 6.75, 4.0, 16.0, 21.5, 91.25, 102.0, 34.0, 80.5, 5.0, 17.5, 18.25, 22.25, 13.25, 42.75, 17.75, 8.25, 5.0, 16.25, 17.0, 38.5, 85.75, 9.0, 24.25, 16.0, 20.0, 13.75, 43.25, 22.75, 8.25, 4.5, 13.25, 17.75
79, 2013-04-12, Away, HOU, W, W, 2.5, U, 195, 0, 0, 90.25, 81.0, 35.75, 77.0, 3.25, 11.5, 15.5, 21.0, 8.75, 41.5, 21.25, 9.25, 6.75, 9.75, 18.75, 31.5, 78.75, 4.5, 22.0, 13.5, 18.5, 9.25, 39.5, 18.5, 5.25, 3.5, 14.5, 20.0, 110.75, 107.5, 39.25, 82.75, 10.5, 30.5, 21.75, 28.0, 12.0, 44.0, 26.25, 7.75, 5.75, 16.25, 21.0, 41.0, 90.75, 6.5, 19.5, 19.0, 24.5, 12.75, 42.75, 26.5, 10.25, 3.75, 13.25, 21.75
80, 2013-04-13, Home, LAC, L, L, -2, U, 182.5, 1, 1, 87.25, 81.5, 34.5, 81.0, 3.5, 12.75, 14.75, 21.0, 10.0, 43.25, 19.0, 9.25, 7.75, 8.25, 19.75, 29.0, 77.25, 6.25, 22.75, 17.25, 23.0, 11.0, 44.75, 17.75, 5.0, 4.75, 15.5, 21.0, 110.5, 96.0, 43.25, 83.0, 8.75, 22.25, 15.25, 20.75, 12.25, 44.0, 31.75, 8.5, 5.5, 12.0, 22.0, 34.5, 81.5, 6.5, 20.75, 20.5, 27.25, 13.25, 40.75, 23.0, 6.0, 3.25, 12.75, 16.75
81, 2013-04-15, Away, DAL, W, W, -3.5, O, 187, 1, 0, 88.0, 82.75, 33.5, 80.25, 4.25, 12.5, 16.75, 24.25, 11.0, 45.0, 17.75, 7.75, 8.0, 9.0, 20.75, 29.75, 78.75, 6.5, 21.75, 16.75, 23.0, 12.0, 45.25, 16.75, 6.0, 6.25, 12.75, 21.75, 100.5, 96.75, 41.0, 89.0, 7.25, 18.5, 11.25, 15.0, 12.75, 47.75, 26.25, 7.0, 7.5, 13.0, 15.0, 37.0, 87.25, 8.25, 23.75, 14.5, 18.0, 12.75, 45.0, 23.0, 8.25, 5.0, 13.25, 15.75
82, 2013-04-17, Home, UTA, W, W, -4.5, U, 178.5, 0, 0, 91.5, 85.25, 35.0, 82.0, 5.25, 16.0, 16.25, 23.25, 13.0, 46.25, 19.5, 8.0, 5.75, 9.5, 20.0, 31.0, 77.5, 7.0, 20.25, 16.25, 22.25, 11.5, 44.0, 16.75, 5.5, 6.0, 13.0, 21.25, 95.0, 90.0, 37.25, 79.0, 7.25, 18.25, 13.25, 15.25, 7.0, 40.5, 23.75, 8.75, 5.0, 14.5, 17.5, 33.75, 77.0, 6.5, 19.25, 16.0, 18.75, 7.5, 39.0, 20.25, 8.5, 3.75, 11.75, 17.5
