11, 2012-11-23, Home, LAL, W, W, -4.5, O, 200, 0, 0, 100.2, 92.6, 37.1, 84.4, 5.9, 16.3, 20.1, 24.4, 12.8, 41.8, 21.4, 9.4, 5.5, 13.2, 21.2, 35.0, 80.0, 5.9, 16.7, 16.7, 23.4, 12.3, 40.9, 20.2, 7.7, 6.3, 15.8, 20.9, 100.0, 94.3, 35.4, 77.6, 7.8, 22.2, 21.4, 31.2, 12.5, 45.3, 20.7, 7.6, 6.1, 15.8, 16.8, 37.0, 85.7, 6.6, 19.5, 13.7, 18.9, 11.5, 39.8, 22.2, 8.9, 4.5, 13.5, 24.2
12, 2012-11-26, Home, CLE, W, L, -11.5, U, 193, 0, 0, 101.6, 92.3, 37.6, 83.3, 6.3, 16.0, 20.1, 24.4, 12.4, 41.3, 21.3, 9.0, 5.4, 12.9, 21.3, 34.5, 80.0, 6.6, 17.9, 16.7, 22.9, 12.6, 39.8, 19.6, 7.1, 5.9, 15.4, 21.0, 97.9, 102.4, 35.8, 85.7, 9.2, 24.4, 17.1, 23.1, 13.7, 40.3, 19.0, 8.9, 2.2, 14.2, 21.2, 38.0, 77.2, 7.5, 19.7, 18.9, 23.6, 9.3, 40.1, 23.2, 7.8, 8.5, 16.6, 21.5
13, 2012-11-28, Home, TOR, W, W, -10.5, U, 189, 1, 0, 99.6, 90.7, 37.4, 82.7, 6.1, 15.8, 18.7, 22.8, 12.5, 40.6, 20.7, 8.9, 5.5, 13.0, 20.6, 34.0, 79.6, 6.0, 17.5, 16.7, 22.7, 13.1, 40.3, 18.7, 7.6, 5.9, 15.2, 20.9, 96.8, 102.1, 36.3, 84.5, 7.4, 20.6, 16.8, 22.9, 11.2, 42.8, 22.5, 6.3, 4.9, 13.0, 22.7, 37.9, 83.2, 7.2, 19.2, 19.1, 24.6, 10.1, 43.9, 23.8, 6.7, 5.2, 13.2, 20.5
14, 2012-11-30, Home, DET, W, W, -10.5, U, 188.5, 0, 0, 99.6, 89.5, 37.4, 81.6, 6.4, 16.2, 18.4, 23.1, 12.3, 40.1, 21.4, 9.0, 5.2, 13.1, 20.8, 32.9, 78.0, 6.0, 17.7, 17.7, 23.8, 12.7, 39.4, 17.8, 7.3, 5.6, 15.5, 21.6, 96.5, 93.6, 36.6, 78.7, 5.9, 14.4, 17.4, 24.7, 10.7, 43.2, 21.6, 6.5, 4.6, 14.9, 21.3, 33.1, 80.6, 6.6, 19.7, 20.8, 26.1, 10.7, 40.6, 18.9, 8.0, 5.1, 12.9, 20.8
15, 2012-12-01, Away, SAS, L, W, 6, U, 196.5, 0, 1, 97.8, 88.3, 36.4, 81.8, 6.2, 15.8, 18.8, 23.3, 12.3, 39.1, 20.6, 9.4, 5.2, 12.9, 21.0, 32.3, 76.1, 5.8, 17.8, 17.9, 23.7, 12.2, 39.9, 17.1, 7.0, 5.2, 16.7, 21.8, 105.2, 96.7, 40.4, 85.4, 8.9, 23.4, 15.5, 19.9, 9.9, 42.5, 24.2, 7.6, 4.6, 13.3, 17.6, 38.8, 87.3, 4.9, 15.9, 14.2, 19.6, 12.9, 43.8, 18.8, 7.1, 4.9, 13.5, 18.8
16, 2012-12-04, Home, PHO, W, P, -10, O, 196, 0, 0, 98.0, 89.7, 36.5, 82.3, 6.0, 15.4, 19.0, 23.2, 12.3, 40.3, 21.5, 9.0, 4.8, 13.9, 21.8, 32.9, 77.4, 5.6, 18.0, 18.3, 24.6, 12.7, 40.6, 17.5, 7.7, 5.1, 16.3, 22.3, 98.6, 102.4, 39.1, 84.4, 6.4, 18.3, 14.0, 18.6, 10.2, 39.5, 21.8, 8.0, 5.1, 14.3, 21.5, 38.3, 81.5, 8.3, 19.0, 17.5, 23.5, 10.9, 40.8, 22.9, 7.5, 4.7, 14.1, 19.3
17, 2012-12-07, Away, NOH, W, L, -8, O, 183, 0, 0, 98.4, 90.9, 36.7, 82.2, 5.0, 14.9, 20.0, 24.7, 12.7, 41.0, 20.2, 9.3, 5.3, 14.4, 21.8, 33.7, 77.7, 5.8, 17.9, 17.7, 23.2, 12.1, 39.5, 17.9, 8.1, 5.0, 16.6, 23.3, 94.9, 102.5, 35.7, 79.3, 8.1, 18.9, 15.4, 19.9, 11.0, 40.1, 22.2, 5.3, 4.2, 14.2, 22.0, 37.8, 81.0, 11.0, 23.7, 15.9, 22.2, 11.8, 41.7, 24.3, 8.8, 7.8, 12.2, 20.1
18, 2012-12-08, Home, ATL, L, L, -7, U, 189, 1, 1, 97.3, 90.1, 35.9, 80.1, 5.1, 14.9, 20.4, 25.5, 12.6, 41.7, 20.3, 9.6, 5.6, 15.2, 21.2, 33.8, 78.0, 6.0, 18.2, 16.5, 21.8, 11.6, 38.4, 17.8, 8.4, 5.2, 16.3, 23.0, 100.4, 94.7, 38.7, 83.6, 8.9, 22.7, 14.1, 20.4, 11.0, 40.2, 24.8, 9.5, 5.5, 14.1, 18.5, 34.9, 80.4, 7.4, 18.9, 17.5, 21.8, 10.9, 43.3, 20.6, 9.1, 4.2, 16.8, 21.5
19, 2012-12-12, Away, PHO, L, L, -6.5, U, 195, 0, 0, 95.1, 89.9, 35.5, 80.2, 5.2, 15.0, 18.9, 24.1, 12.5, 42.2, 20.3, 9.7, 5.5, 15.4, 20.7, 33.5, 78.5, 6.2, 18.0, 16.7, 22.2, 12.0, 39.4, 18.0, 8.7, 4.9, 16.4, 22.0, 95.7, 103.4, 36.8, 81.4, 6.9, 19.2, 15.2, 20.0, 9.0, 37.3, 22.1, 7.4, 4.9, 14.7, 21.4, 39.3, 82.3, 7.6, 18.8, 17.2, 23.4, 11.2, 42.5, 23.3, 8.2, 4.6, 14.0, 19.1
20, 2012-12-14, Away, DEN, L, L, 1, U, 195, 0, 0, 93.7, 89.4, 35.7, 79.5, 5.2, 14.6, 17.1, 21.9, 12.3, 41.8, 20.5, 9.3, 5.7, 15.5, 20.1, 33.7, 78.9, 6.3, 18.9, 15.7, 20.5, 12.4, 39.2, 18.3, 8.9, 5.1, 15.9, 20.8, 103.4, 103.8, 39.3, 80.3, 6.2, 17.1, 18.6, 27.4, 11.3, 40.6, 23.3, 8.5, 6.3, 15.0, 21.4, 38.7, 84.7, 8.5, 21.6, 17.9, 24.5, 13.3, 42.0, 23.7, 9.1, 6.4, 14.3, 23.5
21, 2012-12-15, Away, UTA, W, W, 2, U, 188.5, 1, 1, 93.9, 89.6, 36.0, 81.1, 5.3, 14.8, 16.6, 21.2, 12.7, 42.2, 20.9, 9.2, 6.1, 15.4, 20.9, 33.7, 77.7, 6.2, 18.4, 16.0, 20.3, 11.0, 38.0, 18.2, 8.8, 5.8, 16.1, 21.2, 103.3, 100.7, 39.1, 81.8, 7.2, 17.7, 17.9, 23.5, 12.2, 40.5, 23.7, 9.3, 6.2, 13.8, 22.1, 38.0, 80.7, 6.6, 18.6, 18.1, 24.2, 13.1, 41.4, 20.1, 7.3, 7.0, 15.5, 20.3
22, 2012-12-17, Home, CHI, W, W, -6.5, U, 179, 0, 0, 93.2, 88.4, 36.0, 82.1, 5.1, 14.8, 16.1, 20.6, 13.2, 43.1, 20.2, 9.1, 6.2, 15.1, 19.9, 33.5, 77.7, 5.5, 17.4, 15.9, 20.3, 10.6, 38.7, 18.3, 8.9, 5.7, 15.8, 20.4, 92.6, 87.8, 34.8, 77.5, 5.1, 12.3, 17.9, 21.6, 11.6, 43.5, 22.5, 6.9, 5.4, 14.8, 19.0, 33.3, 81.3, 4.6, 15.2, 16.6, 22.4, 12.3, 38.5, 17.1, 8.3, 5.7, 12.8, 19.4
23, 2012-12-19, Home, MIL, W, W, -9, U, 187.5, 1, 0, 92.8, 87.7, 35.7, 83.0, 5.3, 14.8, 16.1, 20.7, 14.0, 44.9, 20.2, 9.0, 6.2, 15.5, 20.3, 33.2, 77.6, 5.3, 16.9, 16.0, 20.8, 10.2, 38.5, 18.5, 8.9, 5.3, 15.8, 20.2, 93.2, 95.1, 34.4, 84.5, 5.9, 15.9, 18.5, 25.2, 14.6, 43.7, 20.1, 9.1, 8.4, 13.4, 19.7, 35.9, 82.5, 5.4, 16.5, 17.9, 23.1, 14.0, 47.4, 22.0, 8.0, 4.8, 15.9, 20.4
24, 2012-12-21, Home, DAL, W, L, -10.5, U, 189, 1, 0, 91.5, 87.5, 35.5, 83.8, 4.8, 13.8, 15.7, 19.8, 14.5, 45.9, 20.0, 9.1, 6.1, 15.9, 20.1, 33.3, 78.7, 5.3, 17.2, 15.6, 20.3, 10.6, 39.6, 18.5, 9.4, 5.3, 15.7, 19.2, 101.1, 102.4, 38.9, 84.6, 5.9, 18.3, 17.4, 21.2, 9.4, 41.2, 22.3, 8.2, 5.4, 15.4, 20.0, 37.7, 85.8, 9.0, 26.8, 18.0, 23.5, 12.0, 44.7, 23.7, 10.4, 4.4, 15.2, 18.9
25, 2012-12-22, Away, HOU, L, L, 1, O, 196.5, 0, 1, 91.7, 87.9, 35.7, 84.2, 4.7, 13.9, 15.6, 19.7, 15.1, 46.7, 20.3, 9.5, 5.9, 16.2, 19.5, 33.5, 79.1, 5.5, 17.7, 15.4, 20.0, 10.6, 39.2, 19.0, 9.4, 5.4, 15.7, 19.1, 108.8, 106.9, 38.2, 83.1, 10.4, 28.4, 22.0, 28.4, 9.0, 42.1, 22.6, 8.3, 4.9, 15.1, 19.6, 41.2, 88.5, 8.6, 23.8, 15.9, 20.6, 10.1, 44.4, 23.4, 8.3, 6.5, 14.0, 20.2
26, 2012-12-26, Home, PHI, L, L, -9, O, 182.5, 0, 0, 91.8, 90.1, 36.3, 82.2, 4.5, 13.7, 14.7, 18.9, 14.1, 45.2, 20.1, 9.2, 6.0, 16.2, 19.0, 34.2, 78.4, 6.0, 17.6, 15.7, 20.2, 10.2, 38.2, 20.1, 9.3, 5.4, 15.6, 18.2, 94.4, 99.2, 38.8, 86.4, 6.0, 17.9, 10.8, 15.9, 13.2, 42.5, 21.4, 6.5, 4.4, 11.5, 20.6, 36.0, 77.2, 7.3, 19.8, 19.9, 25.4, 9.9, 40.9, 21.8, 7.0, 4.4, 13.0, 16.5
27, 2012-12-29, Home, DEN, W, W, -6.5, U, 195, 1, 0, 89.9, 90.2, 35.8, 82.7, 4.6, 13.3, 13.7, 17.5, 14.1, 43.9, 21.0, 9.1, 5.5, 15.6, 18.6, 34.1, 77.3, 6.3, 17.8, 15.7, 20.3, 10.1, 38.8, 20.2, 9.0, 6.1, 15.6, 17.1, 107.4, 99.9, 41.2, 86.2, 6.5, 18.5, 18.5, 26.4, 13.1, 47.9, 25.4, 8.4, 7.3, 13.9, 21.4, 36.5, 89.1, 7.8, 24.1, 19.1, 25.6, 14.1, 43.9, 23.2, 8.3, 7.4, 13.3, 21.8
28, 2012-12-31, Away, IND, L, L, -1.5, U, 177, 0, 0, 88.4, 88.5, 35.8, 84.4, 4.3, 13.5, 12.5, 16.0, 14.7, 44.2, 20.6, 9.1, 5.5, 14.8, 18.6, 33.4, 76.6, 5.8, 17.8, 15.9, 20.9, 10.6, 40.0, 19.7, 8.6, 6.0, 16.0, 17.2, 94.6, 89.3, 35.9, 78.8, 5.9, 16.1, 16.9, 23.0, 11.6, 43.2, 19.9, 6.3, 6.5, 14.0, 21.0, 34.7, 81.7, 4.9, 15.6, 15.0, 20.0, 11.1, 39.3, 19.3, 6.2, 5.7, 12.8, 22.7
29, 2013-01-02, Away, BOS, W, W, -2.5, U, 180, 0, 0, 88.4, 88.0, 35.6, 84.9, 4.0, 13.0, 13.2, 16.6, 15.4, 44.6, 20.8, 9.3, 5.5, 14.8, 18.9, 32.8, 75.9, 6.3, 18.6, 16.1, 20.8, 10.3, 39.4, 19.8, 8.5, 6.6, 16.4, 17.5, 92.9, 101.0, 35.7, 82.4, 6.3, 17.9, 15.2, 18.9, 9.3, 38.9, 22.0, 10.1, 4.0, 13.3, 20.8, 38.0, 79.8, 8.6, 20.7, 16.4, 23.5, 10.1, 43.9, 23.8, 7.7, 6.4, 15.7, 19.0
30, 2013-01-04, Home, POR, L, L, -8, U, 182, 0, 0, 89.7, 88.1, 35.7, 84.7, 4.6, 13.8, 13.7, 17.6, 15.2, 44.5, 21.2, 9.5, 4.9, 14.6, 18.9, 32.6, 74.1, 6.6, 18.6, 16.3, 21.3, 8.7, 37.7, 20.0, 8.4, 6.0, 16.3, 18.4, 95.5, 96.0, 36.6, 81.5, 7.8, 25.4, 14.5, 18.1, 11.9, 43.1, 22.9, 7.1, 4.6, 14.4, 17.5, 38.0, 83.8, 6.9, 22.4, 13.1, 18.2, 11.9, 41.4, 24.9, 7.8, 2.9, 12.1, 16.8
31, 2013-01-06, Away, PHO, W, W, -4.5, U, 184.5, 0, 0, 88.7, 86.8, 35.0, 83.4, 4.1, 12.4, 14.6, 18.4, 15.2, 45.3, 19.8, 9.6, 5.0, 14.4, 17.9, 32.3, 75.3, 7.2, 20.3, 15.0, 20.2, 9.3, 38.3, 20.2, 8.5, 5.7, 15.9, 17.9, 95.8, 99.0, 38.8, 83.9, 6.0, 19.0, 12.2, 16.5, 9.5, 39.1, 24.0, 7.2, 5.1, 11.6, 19.3, 38.5, 82.3, 6.0, 15.8, 16.0, 21.7, 11.8, 44.7, 21.9, 6.8, 4.4, 13.5, 16.1
32, 2013-01-07, Away, SAC, W, W, -4, O, 188, 0, 1, 88.0, 86.3, 34.9, 81.8, 3.9, 12.1, 14.3, 18.0, 14.1, 44.7, 20.4, 9.9, 5.0, 14.9, 18.2, 32.3, 75.8, 7.2, 20.0, 14.5, 19.6, 9.7, 38.0, 20.0, 8.8, 5.8, 15.8, 18.0, 103.1, 103.6, 38.9, 84.0, 8.4, 20.7, 16.9, 22.4, 12.2, 39.0, 24.0, 8.5, 5.9, 12.2, 19.8, 38.8, 84.6, 8.2, 24.4, 17.8, 22.9, 15.3, 45.4, 23.3, 6.4, 6.6, 15.1, 19.8
33, 2013-01-09, Away, GSW, W, W, 1, U, 190.5, 0, 0, 91.3, 87.3, 35.8, 81.8, 4.4, 13.0, 15.3, 18.8, 13.4, 44.0, 21.7, 10.0, 5.1, 13.9, 18.7, 32.3, 75.9, 7.5, 21.0, 15.2, 19.9, 9.8, 37.8, 20.0, 8.3, 5.8, 15.6, 17.8, 107.0, 100.2, 39.8, 84.8, 9.8, 22.1, 17.6, 20.8, 10.8, 45.9, 24.3, 7.7, 5.6, 14.9, 21.6, 36.5, 86.8, 7.4, 23.6, 19.8, 26.4, 11.2, 41.5, 23.4, 9.3, 3.6, 11.8, 18.4
34, 2013-01-11, Home, SAS, W, W, -2, O, 188, 0, 0, 91.7, 88.0, 36.2, 81.8, 4.3, 13.9, 15.0, 18.5, 13.0, 42.7, 21.8, 10.0, 4.7, 13.3, 18.7, 32.6, 74.5, 7.7, 20.7, 15.1, 20.0, 9.3, 37.2, 21.2, 8.1, 5.5, 15.5, 18.0, 107.1, 94.2, 39.8, 79.4, 9.8, 22.7, 17.7, 21.5, 7.2, 40.4, 24.0, 10.0, 5.2, 14.9, 16.4, 37.9, 83.9, 6.1, 19.8, 12.3, 18.1, 10.3, 41.2, 22.4, 9.4, 4.0, 15.1, 17.8
35, 2013-01-12, Away, DAL, L, L, -1, P, 187, 0, 1, 92.6, 89.6, 36.6, 81.4, 4.3, 13.8, 15.1, 18.6, 12.2, 41.5, 21.4, 9.5, 4.8, 13.2, 19.2, 33.0, 74.5, 8.1, 21.1, 15.5, 20.5, 8.9, 36.5, 21.7, 8.3, 5.3, 15.1, 18.2, 97.9, 108.0, 37.8, 87.4, 6.6, 20.6, 15.7, 19.9, 9.9, 43.7, 21.0, 7.4, 5.0, 12.5, 20.9, 39.2, 84.4, 10.5, 24.5, 19.1, 24.7, 10.5, 47.0, 23.7, 8.7, 6.1, 14.0, 18.9
36, 2013-01-14, Home, LAC, L, L, -4.5, U, 179.5, 0, 0, 91.3, 87.9, 35.6, 81.9, 4.4, 13.3, 15.7, 19.8, 12.8, 41.9, 21.0, 9.4, 4.8, 12.0, 18.8, 32.5, 74.3, 8.0, 20.0, 14.9, 20.0, 9.1, 37.5, 21.1, 7.8, 5.3, 14.5, 19.1, 103.5, 98.2, 39.1, 83.0, 8.6, 24.2, 16.7, 24.8, 11.9, 41.9, 25.7, 10.6, 5.7, 12.9, 21.3, 35.7, 78.2, 7.0, 19.1, 19.8, 25.5, 9.8, 40.2, 23.9, 8.0, 4.6, 15.8, 21.6
37, 2013-01-16, Away, SAS, L, L, 5.5, U, 187, 0, 0, 89.7, 87.9, 34.8, 81.8, 4.5, 13.8, 15.6, 19.8, 13.7, 43.0, 20.2, 9.2, 4.7, 12.1, 19.6, 32.3, 74.8, 7.6, 19.8, 15.7, 20.9, 9.4, 38.1, 20.8, 7.7, 5.0, 13.9, 19.5, 104.6, 96.0, 39.7, 79.5, 8.8, 22.4, 16.4, 20.0, 6.8, 39.7, 23.8, 9.0, 5.9, 15.1, 16.6, 38.5, 86.1, 5.6, 19.4, 13.4, 18.4, 10.7, 41.1, 22.0, 9.6, 4.6, 14.3, 17.2
38, 2013-01-18, Home, SAC, W, W, -9.5, U, 190.5, 0, 0, 89.8, 91.0, 34.1, 79.8, 4.1, 12.8, 17.5, 21.9, 12.6, 41.3, 19.4, 8.7, 4.4, 12.6, 19.5, 33.8, 75.6, 8.2, 20.0, 15.2, 20.1, 8.8, 37.3, 22.4, 7.9, 5.2, 13.6, 20.0, 102.1, 107.2, 38.4, 83.5, 6.7, 18.9, 18.6, 24.2, 13.5, 41.3, 21.7, 7.7, 5.0, 14.2, 21.7, 39.1, 84.6, 8.7, 23.1, 20.3, 25.0, 13.9, 43.0, 24.1, 6.5, 6.3, 12.6, 21.2
39, 2013-01-19, Away, CHI, W, W, -2, U, 175.5, 1, 1, 90.0, 89.1, 34.4, 79.4, 4.1, 12.4, 17.1, 21.5, 12.3, 41.7, 19.8, 8.5, 4.9, 12.6, 18.9, 33.9, 77.1, 7.2, 18.5, 14.1, 19.2, 9.1, 37.8, 21.2, 7.8, 5.0, 13.3, 19.7, 98.0, 93.0, 36.7, 82.4, 4.9, 12.8, 19.7, 26.7, 13.6, 45.3, 23.9, 7.7, 5.1, 14.3, 21.5, 34.5, 79.6, 6.3, 17.0, 17.7, 24.5, 10.8, 40.6, 17.7, 7.6, 6.3, 14.0, 23.4
40, 2013-01-21, Home, IND, L, L, -6, U, 172, 0, 0, 89.2, 89.0, 34.4, 80.7, 3.3, 11.1, 17.1, 22.1, 13.2, 42.6, 19.0, 8.5, 5.4, 12.5, 19.4, 33.8, 78.5, 6.7, 17.7, 14.7, 19.7, 10.3, 40.1, 21.2, 7.6, 5.5, 13.8, 20.0, 90.3, 86.1, 34.6, 85.5, 6.4, 20.6, 14.7, 19.5, 15.3, 48.9, 19.2, 8.0, 6.3, 13.2, 19.0, 33.3, 81.1, 6.1, 16.0, 13.4, 17.5, 10.7, 40.8, 19.3, 6.6, 6.9, 13.8, 20.1
41, 2013-01-23, Home, LAL, W, W, -3.5, O, 187.5, 0, 0, 88.9, 88.6, 34.7, 80.9, 3.5, 11.6, 16.0, 21.0, 13.0, 41.6, 19.3, 8.5, 4.7, 12.6, 18.8, 33.9, 77.3, 6.5, 16.7, 14.3, 19.3, 9.9, 39.4, 21.2, 7.5, 5.9, 14.3, 20.0, 101.8, 105.1, 38.2, 83.6, 8.9, 26.1, 16.5, 23.0, 10.4, 42.3, 23.8, 7.3, 5.5, 14.5, 18.3, 41.6, 89.1, 7.5, 21.6, 14.4, 20.1, 12.7, 44.2, 25.2, 9.1, 5.1, 13.2, 20.7
42, 2013-01-25, Home, BRK, W, W, -4, O, 177, 0, 0, 90.3, 89.8, 35.7, 83.6, 3.7, 12.1, 15.2, 20.0, 13.9, 42.6, 19.3, 8.0, 5.1, 12.1, 19.7, 33.9, 76.7, 6.7, 17.0, 15.3, 20.7, 9.5, 39.6, 20.9, 7.0, 6.2, 14.4, 19.2, 101.4, 93.2, 36.7, 81.3, 7.6, 21.6, 20.4, 26.1, 14.2, 46.2, 20.5, 7.2, 4.0, 13.9, 19.2, 37.5, 82.9, 6.8, 18.3, 11.4, 16.9, 10.5, 38.3, 22.2, 7.1, 4.6, 12.7, 21.1
43, 2013-01-27, Home, NOH, L, L, -7.5, U, 177.5, 0, 0, 89.1, 89.4, 36.5, 84.6, 3.0, 11.0, 13.1, 18.1, 14.3, 42.7, 18.9, 7.8, 4.8, 12.5, 19.4, 34.0, 76.2, 6.5, 16.6, 14.9, 20.9, 9.3, 39.6, 21.1, 7.1, 6.9, 14.4, 18.4, 98.5, 96.3, 38.4, 81.6, 6.8, 19.8, 14.9, 19.5, 13.3, 44.1, 22.5, 7.4, 5.0, 14.5, 21.9, 35.5, 76.3, 7.7, 21.8, 17.6, 23.6, 9.2, 36.4, 22.4, 7.7, 3.6, 14.5, 19.6
44, 2013-01-28, Away, PHI, W, W, -1, O, 177.5, 0, 1, 88.0, 89.8, 35.7, 84.6, 3.1, 10.9, 13.5, 18.3, 15.2, 43.1, 18.0, 7.7, 5.3, 13.0, 19.4, 34.0, 76.8, 6.7, 16.9, 15.1, 21.2, 10.1, 40.1, 20.8, 6.9, 7.4, 14.4, 18.2, 93.0, 100.9, 38.2, 83.5, 6.2, 17.5, 10.4, 14.9, 9.1, 38.6, 23.3, 6.1, 4.7, 13.8, 18.4, 38.3, 81.9, 7.2, 21.3, 17.1, 22.0, 11.3, 45.7, 23.0, 8.4, 3.6, 14.9, 15.7
45, 2013-01-31, Away, OKC, L, L, 9.5, O, 190, 0, 0, 88.2, 90.0, 35.7, 83.4, 3.6, 11.0, 13.2, 18.1, 15.2, 43.4, 18.7, 7.3, 5.3, 13.3, 18.8, 35.0, 77.5, 6.1, 15.3, 13.9, 19.9, 10.0, 39.3, 20.8, 6.8, 7.4, 13.5, 17.5, 106.6, 100.7, 38.4, 81.1, 7.3, 21.4, 22.5, 27.9, 10.8, 42.7, 21.8, 8.6, 5.6, 16.0, 22.9, 37.7, 85.3, 6.3, 19.8, 19.0, 25.7, 12.1, 42.4, 20.8, 7.5, 5.1, 15.2, 22.1
46, 2013-02-01, Home, WAS, W, W, -6.5, U, 180, 0, 1, 88.8, 90.2, 35.9, 84.8, 3.9, 12.7, 13.1, 17.4, 15.9, 44.1, 18.7, 7.9, 5.0, 13.9, 19.6, 35.1, 76.7, 5.5, 15.0, 14.5, 20.3, 9.3, 38.8, 20.7, 6.7, 8.0, 14.2, 17.1, 97.7, 93.7, 37.7, 80.9, 7.0, 16.8, 15.3, 21.2, 9.9, 43.4, 24.5, 7.0, 5.2, 15.9, 19.4, 37.2, 85.1, 5.4, 16.7, 13.9, 20.7, 11.9, 43.3, 22.7, 8.8, 4.4, 13.5, 19.1
47, 2013-02-05, Home, PHO, L, L, -8.5, O, 184, 0, 0, 90.0, 87.9, 36.7, 83.7, 3.4, 11.4, 13.2, 17.4, 14.7, 43.9, 19.5, 8.0, 5.3, 14.3, 18.2, 35.0, 77.4, 5.5, 15.6, 12.4, 17.4, 8.9, 37.5, 20.6, 7.1, 7.1, 14.7, 17.1, 95.8, 99.1, 36.4, 82.3, 5.2, 15.9, 17.8, 23.1, 10.2, 42.3, 22.4, 8.0, 4.6, 14.1, 20.3, 38.6, 85.2, 6.1, 17.5, 15.8, 21.8, 12.8, 45.5, 22.5, 7.2, 5.6, 14.6, 19.9
48, 2013-02-06, Away, ATL, L, L, -2, O, 182, 1, 1, 90.8, 87.2, 37.4, 85.0, 3.6, 11.4, 12.4, 16.3, 15.5, 44.1, 19.9, 8.3, 5.0, 14.6, 18.6, 34.3, 77.1, 5.0, 14.8, 13.6, 18.6, 9.6, 38.2, 19.2, 7.3, 6.4, 15.5, 17.2, 99.8, 99.1, 38.3, 79.5, 9.3, 22.9, 13.9, 20.3, 9.3, 40.2, 25.9, 6.9, 4.4, 16.2, 20.8, 36.3, 81.5, 8.3, 21.8, 18.2, 23.4, 10.9, 41.1, 21.8, 8.7, 4.4, 14.5, 19.7
49, 2013-02-08, Home, GSW, W, W, -3.5, O, 191, 0, 0, 91.5, 90.6, 37.8, 85.6, 3.8, 11.9, 12.1, 15.9, 14.9, 43.1, 20.6, 8.1, 4.4, 13.8, 18.9, 35.2, 76.0, 5.8, 16.2, 14.4, 19.4, 8.8, 38.5, 21.1, 6.9, 6.2, 15.3, 17.2, 104.1, 105.6, 39.3, 85.2, 8.1, 19.7, 17.4, 21.0, 10.9, 43.6, 24.1, 6.0, 4.7, 14.1, 21.4, 39.5, 87.4, 9.2, 23.6, 17.4, 23.8, 13.1, 45.8, 26.4, 7.8, 5.9, 12.8, 18.3
50, 2013-02-10, Home, MIN, W, W, -8.5, O, 183, 0, 0, 92.9, 91.7, 38.0, 85.1, 4.6, 13.4, 12.3, 15.4, 14.1, 42.6, 21.7, 7.9, 4.0, 13.8, 18.9, 35.7, 74.9, 6.1, 16.5, 14.2, 19.3, 8.0, 36.9, 20.7, 6.8, 6.0, 15.4, 17.2, 97.2, 100.8, 37.9, 81.0, 5.3, 16.3, 16.1, 23.1, 11.0, 38.6, 23.0, 9.0, 4.0, 14.2, 20.9, 38.1, 78.1, 7.2, 18.8, 17.4, 23.1, 10.0, 40.2, 22.5, 8.5, 6.0, 16.8, 21.0
51, 2013-02-12, Home, SAC, W, L, -11, O, 189.5, 0, 0, 95.3, 92.3, 38.6, 84.7, 4.8, 13.7, 13.3, 16.9, 14.0, 42.7, 23.1, 8.1, 4.2, 13.6, 20.1, 35.7, 74.9, 5.7, 16.4, 15.2, 20.7, 8.1, 36.8, 20.9, 6.7, 5.1, 15.3, 17.8, 95.0, 105.2, 35.7, 82.2, 6.5, 17.8, 17.1, 24.5, 11.7, 39.5, 19.2, 10.3, 3.9, 16.2, 19.9, 40.8, 81.0, 7.6, 21.7, 16.0, 19.7, 9.8, 43.3, 26.4, 8.6, 5.0, 17.0, 20.8
52, 2013-02-19, Away, DET, W, W, -3, O, 186.5, 0, 0, 95.5, 93.1, 38.0, 82.6, 5.0, 13.7, 14.5, 18.3, 13.1, 41.4, 23.0, 7.9, 3.8, 14.3, 19.5, 36.6, 76.2, 5.4, 16.3, 14.5, 19.9, 8.6, 37.0, 21.4, 7.4, 4.5, 15.2, 18.9, 96.4, 100.3, 37.7, 85.2, 5.2, 16.3, 15.8, 24.3, 14.5, 45.9, 21.6, 8.9, 5.8, 14.6, 19.4, 37.2, 83.1, 8.0, 20.0, 17.9, 22.6, 12.1, 43.5, 22.5, 8.1, 5.7, 13.5, 19.5
53, 2013-02-20, Away, TOR, W, W, -1, U, 186.5, 1, 1, 95.9, 94.5, 37.8, 81.6, 4.9, 13.7, 15.4, 19.5, 12.8, 41.3, 23.4, 8.7, 4.2, 14.7, 19.4, 37.5, 77.3, 6.0, 16.6, 13.5, 18.4, 8.3, 36.2, 22.6, 7.5, 4.1, 15.4, 19.6, 97.1, 95.0, 35.8, 81.8, 7.2, 19.0, 18.3, 22.5, 12.3, 41.5, 20.5, 8.1, 5.1, 13.7, 22.0, 35.3, 77.0, 6.1, 18.2, 18.3, 25.4, 10.4, 41.3, 19.5, 6.9, 5.3, 14.9, 19.6
54, 2013-02-22, Home, ORL, W, L, -14, U, 186.5, 0, 0, 96.4, 93.6, 37.5, 80.8, 5.2, 13.4, 16.2, 21.1, 12.6, 41.5, 23.6, 8.4, 4.2, 14.2, 20.0, 36.8, 76.7, 5.9, 16.4, 14.1, 18.7, 8.0, 36.1, 22.0, 7.4, 3.8, 15.3, 20.5, 89.8, 102.8, 37.4, 86.8, 4.7, 18.7, 10.3, 14.8, 12.3, 44.5, 23.3, 6.1, 3.6, 14.0, 16.4, 40.2, 84.1, 8.3, 24.2, 14.1, 19.0, 10.0, 43.3, 26.5, 7.5, 5.3, 11.8, 15.0
55, 2013-02-24, Away, BRK, W, W, -2.5, U, 180.5, 0, 0, 94.9, 91.8, 36.9, 81.1, 4.7, 13.7, 16.4, 22.1, 13.1, 42.9, 23.4, 8.6, 4.4, 13.9, 20.0, 35.8, 76.8, 6.0, 17.0, 14.2, 18.7, 8.5, 37.6, 21.4, 7.2, 4.2, 15.6, 21.7, 94.3, 97.4, 35.2, 81.6, 7.7, 20.1, 16.2, 23.5, 13.0, 44.6, 19.6, 6.7, 4.7, 13.7, 18.7, 38.3, 81.9, 7.2, 18.2, 13.6, 19.3, 9.5, 39.3, 22.3, 7.0, 5.7, 12.0, 22.0
56, 2013-02-27, Home, DAL, W, L, -7.5, U, 187.5, 1, 0, 93.6, 88.4, 36.7, 78.4, 4.3, 11.9, 15.9, 21.4, 11.7, 41.6, 23.1, 8.0, 5.3, 13.7, 19.6, 34.7, 77.3, 6.4, 17.7, 12.6, 17.5, 9.8, 37.7, 20.7, 7.4, 3.5, 15.4, 21.3, 104.9, 100.0, 39.3, 86.3, 8.2, 21.6, 18.1, 22.5, 10.6, 45.7, 24.2, 8.5, 7.3, 12.3, 20.3, 36.6, 83.6, 7.3, 20.4, 19.5, 25.7, 10.3, 45.2, 20.8, 7.5, 3.2, 13.2, 19.7
57, 2013-03-01, Away, MIA, L, W, 7.5, O, 187.5, 0, 0, 94.1, 89.2, 36.1, 78.4, 4.7, 12.6, 17.2, 23.1, 11.6, 41.6, 23.0, 8.2, 4.9, 13.4, 20.7, 34.6, 76.6, 6.2, 16.9, 13.8, 19.1, 9.7, 38.1, 20.8, 7.1, 4.4, 16.0, 21.7, 111.2, 97.9, 41.8, 79.6, 9.4, 21.3, 18.2, 22.8, 8.1, 37.1, 23.7, 10.4, 5.4, 11.4, 19.3, 36.5, 76.9, 7.6, 20.1, 17.3, 21.1, 8.1, 35.1, 21.3, 6.8, 3.5, 16.5, 20.2
58, 2013-03-03, Away, ORL, W, W, -9, O, 184, 0, 0, 94.2, 89.4, 35.8, 77.9, 4.8, 13.0, 17.8, 24.1, 11.2, 42.0, 23.8, 7.9, 5.2, 13.0, 21.1, 34.3, 76.6, 6.8, 17.8, 14.0, 19.6, 9.1, 37.6, 21.5, 6.9, 4.5, 14.6, 21.3, 96.7, 108.0, 39.7, 83.5, 5.4, 17.4, 11.9, 16.7, 9.8, 41.1, 26.1, 5.6, 3.9, 14.1, 21.1, 39.9, 82.9, 9.1, 24.0, 19.1, 25.3, 10.2, 42.3, 27.3, 7.4, 3.7, 11.4, 16.5
59, 2013-03-06, Home, POR, W, L, -7.5, U, 186.5, 0, 0, 95.8, 87.3, 36.4, 77.8, 5.4, 14.2, 17.6, 24.0, 11.7, 42.4, 24.1, 8.1, 5.3, 13.5, 21.1, 33.4, 76.5, 6.0, 16.9, 14.5, 19.9, 9.7, 36.7, 20.6, 7.1, 4.4, 14.7, 21.1, 101.1, 105.3, 39.0, 82.8, 7.8, 22.4, 15.3, 19.4, 10.1, 39.9, 23.7, 5.1, 4.3, 14.2, 18.4, 41.9, 85.6, 4.6, 15.2, 16.9, 23.3, 12.9, 44.0, 24.2, 8.0, 4.7, 10.8, 18.6
60, 2013-03-08, Away, CLE, W, W, -4.5, O, 186, 0, 0, 95.0, 86.5, 36.6, 78.6, 5.0, 13.4, 16.8, 23.5, 12.4, 43.3, 23.5, 8.0, 5.5, 13.2, 21.1, 32.9, 76.7, 6.0, 17.2, 14.7, 20.7, 9.7, 37.1, 20.7, 7.2, 4.4, 14.0, 20.4, 100.9, 99.7, 38.1, 81.8, 5.7, 16.6, 19.0, 24.4, 12.3, 38.6, 22.4, 7.7, 4.8, 12.0, 18.4, 38.2, 79.3, 7.5, 19.6, 15.8, 20.3, 10.0, 37.8, 24.4, 6.6, 7.9, 14.3, 20.0
61, 2013-03-09, Home, NOH, W, W, -7.5, U, 183, 0, 1, 94.8, 86.9, 37.0, 79.3, 4.8, 13.2, 16.0, 22.4, 12.0, 43.4, 23.5, 7.8, 5.7, 13.1, 20.2, 32.8, 77.0, 6.2, 17.0, 15.1, 20.8, 9.4, 37.1, 20.2, 7.0, 4.9, 13.6, 20.1, 97.1, 99.1, 37.2, 84.0, 6.2, 17.7, 16.5, 20.9, 12.9, 42.3, 22.2, 5.4, 6.9, 11.3, 19.5, 37.5, 79.7, 7.7, 18.9, 16.4, 20.3, 10.9, 40.3, 24.8, 6.7, 6.9, 12.0, 16.9
62, 2013-03-12, Away, POR, W, W, -1.5, O, 186, 0, 0, 93.6, 85.3, 36.7, 79.9, 4.6, 13.2, 15.6, 22.0, 12.7, 43.8, 23.5, 8.0, 6.4, 12.2, 19.6, 32.2, 76.3, 6.0, 16.6, 14.9, 20.1, 9.3, 37.7, 19.9, 6.2, 4.8, 13.4, 19.6, 101.7, 100.3, 39.0, 82.2, 8.2, 21.3, 15.5, 20.3, 9.8, 40.2, 23.6, 6.2, 4.5, 13.3, 18.6, 40.4, 86.7, 4.2, 14.3, 15.3, 21.4, 13.7, 44.8, 22.6, 8.0, 4.1, 11.3, 18.0
63, 2013-03-13, Away, LAC, W, W, 6, U, 185, 0, 1, 93.3, 85.9, 36.1, 79.5, 4.6, 13.4, 16.5, 23.1, 12.4, 43.1, 23.7, 7.6, 6.4, 11.7, 20.0, 31.6, 76.0, 5.6, 16.2, 17.1, 22.0, 10.1, 39.4, 18.8, 6.1, 5.0, 13.4, 20.1, 107.4, 98.8, 41.2, 81.6, 9.4, 23.9, 15.6, 21.5, 10.7, 39.8, 25.9, 8.9, 5.4, 13.8, 22.0, 36.3, 76.2, 7.7, 20.5, 18.5, 25.3, 9.7, 35.7, 24.8, 7.4, 4.4, 15.2, 19.8
64, 2013-03-15, Away, DEN, L, L, 5.5, U, 194.5, 0, 0, 94.1, 86.2, 36.9, 78.3, 4.6, 13.3, 15.7, 21.8, 11.4, 41.3, 23.7, 7.7, 6.0, 11.9, 20.2, 32.1, 76.1, 5.4, 17.0, 16.6, 21.2, 10.3, 38.6, 19.6, 6.1, 5.0, 13.2, 19.5, 111.5, 98.7, 44.3, 84.9, 6.7, 17.6, 16.2, 23.4, 11.7, 43.6, 27.8, 11.9, 7.0, 14.2, 21.7, 36.9, 83.4, 7.5, 21.8, 17.4, 24.0, 10.6, 39.2, 22.2, 6.7, 7.0, 17.3, 19.7
65, 2013-03-16, Away, UTA, L, L, 3, U, 184, 0, 1, 93.3, 86.7, 36.5, 79.2, 4.7, 12.9, 15.6, 20.8, 12.0, 40.8, 22.9, 7.7, 5.9, 11.9, 20.9, 32.1, 75.4, 5.0, 16.7, 17.5, 22.5, 10.5, 38.6, 19.5, 6.3, 5.2, 13.6, 18.6, 96.1, 100.2, 36.4, 83.9, 5.2, 16.2, 18.1, 23.5, 14.5, 45.7, 21.0, 7.6, 6.6, 16.2, 20.7, 36.8, 81.3, 7.6, 20.7, 19.0, 23.5, 10.8, 40.3, 20.6, 8.7, 5.6, 13.5, 20.6
66, 2013-03-18, Home, MIN, W, W, -12.5, U, 183, 1, 0, 94.1, 88.5, 36.6, 79.8, 4.9, 13.4, 16.0, 21.8, 12.4, 41.5, 22.7, 7.5, 5.4, 11.9, 21.2, 32.3, 74.8, 4.6, 16.2, 19.3, 24.3, 9.5, 38.0, 19.5, 6.3, 5.2, 12.7, 19.3, 91.6, 100.8, 35.6, 81.1, 5.3, 18.1, 15.1, 21.3, 9.9, 38.3, 22.0, 7.7, 5.8, 14.2, 19.8, 38.4, 80.5, 8.5, 22.8, 15.5, 20.7, 12.1, 47.1, 23.7, 8.2, 5.1, 16.9, 22.3
67, 2013-03-20, Home, OKC, W, L, -1.5, U, 188.5, 1, 0, 94.3, 87.8, 37.7, 80.2, 4.9, 13.6, 14.0, 19.5, 12.4, 41.8, 22.5, 7.0, 6.2, 11.7, 21.0, 31.9, 75.8, 4.9, 17.4, 19.1, 24.2, 10.3, 39.0, 18.9, 6.1, 4.7, 11.7, 18.2, 106.3, 98.7, 37.9, 78.2, 6.5, 19.7, 24.0, 29.7, 10.6, 44.6, 20.3, 8.1, 6.6, 14.4, 20.9, 36.0, 84.0, 7.8, 23.2, 18.9, 23.4, 11.9, 39.5, 18.4, 8.2, 3.0, 14.1, 21.7
68, 2013-03-22, Away, NOH, L, L, -6, U, 179, 0, 0, 94.2, 86.9, 37.6, 81.4, 5.1, 13.8, 13.9, 19.2, 13.3, 43.4, 21.3, 7.1, 6.4, 12.4, 21.3, 31.5, 76.9, 4.1, 17.3, 19.8, 24.7, 11.2, 40.1, 17.2, 6.1, 5.1, 12.5, 19.1, 92.6, 98.0, 35.7, 81.1, 5.8, 17.8, 15.4, 19.2, 14.0, 42.7, 19.9, 6.3, 5.4, 13.7, 19.2, 37.5, 75.8, 7.3, 19.0, 15.7, 20.2, 9.3, 36.9, 21.8, 7.8, 5.8, 12.2, 17.3
69, 2013-03-23, Home, BOS, W, L, -7.5, O, 177.5, 1, 1, 91.7, 87.7, 36.2, 80.4, 4.3, 12.4, 15.0, 20.2, 13.0, 42.5, 19.6, 7.4, 6.2, 12.2, 21.4, 32.2, 77.2, 4.3, 17.2, 19.0, 23.9, 11.6, 41.3, 17.2, 5.9, 5.6, 12.6, 19.9, 95.2, 94.7, 35.6, 76.3, 7.4, 17.1, 16.6, 21.3, 7.3, 38.5, 22.7, 8.1, 5.8, 15.5, 20.6, 35.7, 81.4, 5.8, 19.6, 17.5, 22.7, 11.1, 42.6, 22.0, 9.0, 5.6, 14.1, 18.5
70, 2013-03-25, Away, WAS, L, L, -5, O, 181, 0, 0, 93.6, 89.8, 36.7, 81.1, 4.3, 12.3, 15.9, 20.8, 13.0, 41.7, 20.2, 7.7, 6.2, 12.1, 21.1, 32.9, 77.0, 4.6, 17.2, 19.4, 23.9, 11.6, 41.2, 17.2, 5.8, 6.1, 13.1, 20.2, 99.8, 96.1, 37.7, 81.1, 7.9, 18.2, 16.5, 22.6, 10.9, 42.3, 23.6, 7.0, 4.3, 13.5, 21.7, 36.0, 81.4, 7.3, 20.6, 16.8, 22.6, 11.6, 43.4, 21.5, 6.9, 2.8, 14.2, 19.2
71, 2013-03-27, Away, NYK, L, L, -1, O, 184.5, 1, 0, 92.7, 91.3, 35.6, 80.2, 4.5, 12.8, 17.0, 21.9, 13.0, 42.3, 18.9, 7.5, 5.7, 12.5, 22.1, 33.2, 77.0, 4.5, 17.1, 20.4, 25.7, 11.9, 42.1, 17.0, 6.1, 5.8, 12.8, 20.2, 94.5, 93.1, 34.7, 77.5, 9.6, 26.4, 15.5, 21.7, 9.7, 38.6, 18.1, 9.3, 3.5, 12.0, 22.6, 34.5, 77.2, 8.1, 23.4, 16.0, 23.0, 12.3, 44.3, 18.2, 7.1, 4.2, 15.5, 19.5
72, 2013-03-29, Home, HOU, W, W, -4.5, O, 195, 0, 0, 93.2, 93.6, 35.1, 79.1, 4.7, 13.6, 18.3, 23.4, 12.6, 41.4, 18.2, 7.4, 4.8, 13.1, 22.9, 33.6, 76.5, 5.6, 19.0, 20.8, 26.2, 11.5, 41.0, 17.1, 6.6, 5.9, 12.7, 20.8, 100.7, 96.2, 34.4, 79.0, 10.7, 29.4, 21.2, 27.4, 11.4, 44.6, 21.0, 8.1, 4.5, 16.2, 19.4, 36.7, 83.1, 7.8, 21.3, 15.0, 19.6, 8.7, 39.7, 21.5, 8.6, 5.3, 14.2, 21.3
73, 2013-03-30, Away, MIN, W, W, -3, U, 186.5, 1, 1, 93.3, 93.3, 35.2, 79.4, 4.8, 13.6, 18.1, 22.4, 13.0, 41.9, 17.5, 7.2, 4.5, 13.4, 22.4, 33.8, 76.7, 6.0, 20.1, 19.7, 25.4, 11.6, 39.9, 17.3, 7.0, 5.8, 12.5, 21.1, 100.0, 98.8, 38.5, 82.5, 5.6, 18.3, 17.4, 22.5, 11.1, 40.3, 22.7, 8.5, 4.2, 13.1, 19.8, 38.5, 82.2, 7.2, 20.9, 14.6, 21.1, 13.3, 44.5, 21.7, 7.4, 5.5, 15.9, 22.6
74, 2013-04-01, Home, SAS, W, L, -6.5, U, 189.5, 1, 0, 93.6, 93.4, 35.2, 79.9, 4.8, 13.4, 18.4, 23.0, 12.5, 42.3, 18.0, 7.3, 4.7, 13.1, 22.7, 33.6, 76.2, 5.9, 19.1, 20.3, 27.0, 11.1, 40.0, 17.0, 6.8, 5.6, 12.9, 21.1, 99.2, 97.9, 37.6, 80.2, 7.7, 20.2, 16.3, 20.2, 9.2, 40.7, 25.1, 7.3, 5.7, 14.5, 16.9, 38.3, 82.7, 7.6, 18.3, 13.7, 19.0, 10.3, 39.9, 22.2, 8.4, 6.7, 13.3, 21.7
75, 2013-04-03, Away, POR, W, W, -7.5, U, 189, 0, 0, 94.8, 93.7, 35.8, 79.3, 4.6, 12.9, 18.6, 23.5, 11.5, 41.6, 17.9, 7.4, 4.7, 12.7, 21.9, 33.7, 76.0, 6.6, 20.2, 19.7, 25.9, 10.5, 39.8, 17.3, 6.8, 5.4, 12.9, 21.7, 98.1, 104.2, 37.0, 81.1, 9.7, 21.5, 14.4, 18.9, 9.5, 40.1, 23.0, 4.8, 3.4, 13.5, 17.2, 42.5, 85.4, 6.1, 18.2, 13.1, 18.3, 10.7, 42.4, 25.6, 8.3, 5.0, 10.1, 17.7
76, 2013-04-05, Away, LAL, L, P, 2, U, 190, 0, 0, 95.8, 92.3, 35.9, 78.3, 4.6, 12.9, 19.4, 24.1, 11.1, 41.1, 19.2, 8.0, 4.5, 12.8, 21.5, 33.9, 76.9, 6.5, 21.5, 18.0, 23.8, 10.6, 39.0, 17.6, 6.6, 5.2, 14.0, 21.8, 101.0, 101.1, 36.6, 82.3, 8.8, 25.0, 19.0, 28.0, 12.0, 46.3, 22.8, 7.2, 5.2, 14.2, 17.0, 40.4, 89.5, 8.5, 22.8, 11.8, 16.8, 11.8, 45.0, 21.8, 7.4, 4.2, 12.0, 21.9
77, 2013-04-07, Away, SAC, W, L, -5.5, U, 196.5, 0, 0, 95.0, 93.2, 35.7, 78.7, 4.4, 12.7, 19.2, 23.7, 10.8, 39.8, 19.7, 8.6, 3.9, 12.2, 21.0, 34.4, 75.7, 6.4, 21.1, 18.0, 23.8, 10.0, 38.8, 18.4, 6.4, 5.0, 14.7, 22.3, 104.7, 106.3, 39.7, 84.8, 8.4, 24.6, 16.9, 21.5, 10.8, 40.7, 21.2, 5.8, 3.4, 13.1, 20.0, 41.1, 87.3, 7.2, 23.2, 16.9, 22.8, 12.7, 42.9, 29.0, 7.9, 4.9, 12.4, 19.4
78, 2013-04-09, Home, CHA, W, W, -13.5, U, 183, 0, 0, 94.9, 93.0, 35.7, 77.1, 4.1, 11.9, 19.4, 24.2, 9.7, 38.9, 20.3, 9.0, 4.6, 11.7, 20.8, 34.3, 75.4, 6.9, 21.8, 17.5, 23.4, 9.6, 38.3, 19.3, 6.6, 4.7, 14.6, 21.9, 94.8, 102.9, 34.9, 79.5, 5.5, 18.2, 19.5, 25.4, 11.6, 41.1, 18.1, 7.8, 5.2, 14.3, 18.7, 38.3, 81.5, 8.5, 22.9, 17.8, 21.8, 10.8, 41.0, 24.3, 7.8, 5.1, 12.7, 20.4
79, 2013-04-12, Away, HOU, W, W, 2.5, U, 195, 0, 0, 96.0, 91.5, 36.6, 78.0, 4.1, 12.2, 18.7, 23.7, 9.8, 40.4, 20.6, 8.5, 5.0, 11.2, 20.4, 33.7, 75.8, 6.7, 21.8, 17.4, 23.4, 9.1, 37.8, 18.7, 6.4, 4.4, 14.1, 21.4, 104.9, 99.0, 37.8, 83.0, 9.4, 27.8, 19.9, 26.2, 13.5, 45.3, 23.1, 7.4, 5.6, 15.7, 21.2, 37.3, 85.5, 6.3, 18.6, 18.1, 21.8, 11.1, 41.4, 22.0, 9.2, 5.2, 13.6, 21.6
80, 2013-04-13, Home, LAC, L, L, -2, U, 182.5, 1, 1, 93.2, 88.7, 35.2, 76.9, 4.2, 12.8, 18.6, 24.1, 9.4, 40.4, 19.8, 8.7, 5.2, 11.0, 20.7, 32.2, 75.8, 6.9, 23.0, 17.4, 23.4, 9.9, 39.2, 18.6, 6.3, 4.2, 14.7, 21.9, 103.9, 99.0, 39.3, 80.8, 8.7, 23.4, 16.6, 22.1, 11.7, 40.8, 24.8, 8.5, 4.7, 13.0, 22.5, 36.0, 77.8, 7.0, 20.7, 20.0, 26.0, 10.8, 38.8, 23.6, 6.9, 3.8, 13.5, 19.7
81, 2013-04-15, Away, DAL, W, W, -3.5, O, 187, 1, 0, 92.5, 87.1, 35.2, 77.5, 4.2, 12.5, 17.9, 23.9, 9.7, 40.4, 20.0, 8.5, 5.6, 10.4, 20.2, 32.3, 76.6, 7.0, 23.3, 15.5, 20.8, 10.1, 39.5, 18.7, 6.4, 4.6, 14.2, 22.2, 98.1, 99.4, 39.7, 85.9, 6.2, 18.6, 12.5, 16.0, 10.1, 42.7, 24.9, 7.5, 7.0, 12.1, 19.0, 37.4, 85.5, 8.2, 23.1, 16.4, 23.5, 13.7, 47.0, 22.2, 7.3, 4.7, 13.1, 16.7
82, 2013-04-17, Home, UTA, W, W, -4.5, U, 178.5, 0, 0, 92.7, 86.0, 35.7, 78.5, 4.3, 12.5, 17.0, 22.9, 10.3, 42.0, 21.0, 8.9, 5.7, 10.4, 20.0, 31.9, 76.8, 6.6, 22.1, 15.6, 21.1, 10.2, 40.0, 18.7, 6.2, 4.7, 14.6, 21.9, 100.7, 94.8, 40.4, 81.2, 7.5, 19.2, 12.4, 16.3, 9.0, 38.5, 25.6, 9.5, 5.1, 12.5, 19.1, 35.6, 74.9, 6.8, 18.2, 16.8, 21.4, 8.3, 38.2, 21.5, 6.5, 4.8, 14.3, 18.1
