16, 2014-11-30, Away, DET, W, W, -8.5, U, 202, 0, 1609.0, 1451.0, 603.0, 1236.0, 146.0, 382.0, 257.0, 329.0, 133.0, 672.0, 388.0, 120.0, 95.0, 253.0, 329.0, 534.0, 1301.0, 97.0, 320.0, 286.0, 381.0, 183.0, 656.0, 291.0, 126.0, 51.0, 229.0, 296.0
17, 2014-12-02, Home, ORL, W, L, -14.5, U, 201.5, 0, 1618.0, 1467.0, 607.0, 1240.0, 149.0, 376.0, 255.0, 324.0, 135.0, 677.0, 391.0, 113.0, 95.0, 247.0, 316.0, 543.0, 1314.0, 105.0, 325.0, 276.0, 370.0, 183.0, 650.0, 303.0, 126.0, 53.0, 216.0, 290.0
18, 2014-12-04, Home, NOP, W, W, -9.5, U, 206.5, 0, 1589.0, 1460.0, 599.0, 1239.0, 146.0, 380.0, 245.0, 314.0, 136.0, 683.0, 386.0, 111.0, 96.0, 242.0, 305.0, 541.0, 1313.0, 107.0, 328.0, 271.0, 359.0, 174.0, 653.0, 301.0, 128.0, 53.0, 205.0, 280.0
19, 2014-12-06, Away, CHI, W, W, -2.5, O, 204, 0, 1606.0, 1455.0, 610.0, 1258.0, 150.0, 383.0, 236.0, 310.0, 147.0, 698.0, 395.0, 111.0, 97.0, 234.0, 297.0, 541.0, 1310.0, 103.0, 316.0, 270.0, 358.0, 167.0, 644.0, 304.0, 127.0, 55.0, 203.0, 276.0
20, 2014-12-08, Away, MIN, W, W, -14.5, U, 213, 0, 1597.0, 1453.0, 607.0, 1273.0, 147.0, 388.0, 236.0, 315.0, 158.0, 699.0, 393.0, 118.0, 100.0, 222.0, 296.0, 539.0, 1311.0, 103.0, 318.0, 272.0, 358.0, 179.0, 664.0, 302.0, 121.0, 56.0, 211.0, 285.0
21, 2014-12-10, Home, HOU, W, W, -9, U, 204.5, 0, 1601.0, 1452.0, 610.0, 1277.0, 143.0, 382.0, 238.0, 312.0, 158.0, 696.0, 395.0, 122.0, 98.0, 213.0, 295.0, 541.0, 1313.0, 95.0, 287.0, 275.0, 366.0, 181.0, 667.0, 311.0, 119.0, 60.0, 208.0, 278.0
22, 2014-12-13, Away, DAL, W, W, 1, U, 217, 0, 1611.0, 1438.0, 617.0, 1289.0, 140.0, 381.0, 237.0, 311.0, 161.0, 703.0, 400.0, 122.0, 96.0, 202.0, 285.0, 544.0, 1324.0, 92.0, 292.0, 258.0, 348.0, 184.0, 672.0, 309.0, 119.0, 60.0, 202.0, 276.0
23, 2014-12-14, Away, NOP, W, L, -6.5, O, 205.5, 1, 1616.0, 1423.0, 616.0, 1302.0, 143.0, 393.0, 241.0, 318.0, 169.0, 710.0, 398.0, 124.0, 99.0, 196.0, 293.0, 534.0, 1320.0, 87.0, 292.0, 268.0, 363.0, 193.0, 689.0, 295.0, 121.0, 59.0, 209.0, 280.0
24, 2014-12-16, Away, MEM, L, L, 3.5, U, 204, 0, 1637.0, 1446.0, 619.0, 1298.0, 143.0, 383.0, 256.0, 332.0, 163.0, 711.0, 390.0, 124.0, 98.0, 205.0, 296.0, 542.0, 1332.0, 92.0, 303.0, 270.0, 368.0, 198.0, 692.0, 298.0, 130.0, 63.0, 210.0, 285.0
25, 2014-12-18, Home, OKC, W, W, -2.5, O, 211.5, 0, 1623.0, 1464.0, 613.0, 1306.0, 141.0, 388.0, 256.0, 330.0, 167.0, 709.0, 378.0, 126.0, 106.0, 205.0, 290.0, 552.0, 1340.0, 90.0, 300.0, 270.0, 359.0, 198.0, 699.0, 308.0, 134.0, 65.0, 210.0, 288.0
26, 2014-12-22, Home, SAC, W, W, -11, O, 212, 0, 1601.0, 1458.0, 615.0, 1314.0, 139.0, 391.0, 232.0, 306.0, 166.0, 697.0, 378.0, 131.0, 108.0, 198.0, 279.0, 554.0, 1327.0, 98.0, 309.0, 252.0, 340.0, 186.0, 694.0, 308.0, 130.0, 65.0, 218.0, 276.0
27, 2014-12-23, Away, LAL, L, L, -10, O, 216.5, 1, 1628.0, 1478.0, 623.0, 1323.0, 142.0, 393.0, 240.0, 311.0, 170.0, 702.0, 386.0, 130.0, 109.0, 197.0, 280.0, 562.0, 1335.0, 100.0, 309.0, 254.0, 342.0, 181.0, 688.0, 313.0, 123.0, 65.0, 212.0, 277.0
28, 2014-12-25, Away, LAC, L, L, 2, U, 218.5, 0, 1642.0, 1507.0, 629.0, 1314.0, 147.0, 394.0, 237.0, 304.0, 168.0, 689.0, 380.0, 131.0, 103.0, 207.0, 280.0, 576.0, 1334.0, 109.0, 318.0, 246.0, 332.0, 181.0, 673.0, 328.0, 131.0, 63.0, 217.0, 269.0
29, 2014-12-27, Home, MIN, W, L, -18.5, U, 216, 0, 1614.0, 1510.0, 620.0, 1319.0, 140.0, 394.0, 234.0, 303.0, 171.0, 688.0, 383.0, 136.0, 98.0, 212.0, 277.0, 577.0, 1336.0, 108.0, 327.0, 248.0, 336.0, 180.0, 683.0, 330.0, 134.0, 63.0, 221.0, 267.0
30, 2014-12-30, Home, PHI, W, W, -17.5, O, 209, 0, 1613.0, 1511.0, 617.0, 1322.0, 139.0, 396.0, 240.0, 305.0, 172.0, 684.0, 385.0, 146.0, 98.0, 213.0, 279.0, 575.0, 1326.0, 110.0, 326.0, 251.0, 348.0, 181.0, 684.0, 338.0, 136.0, 67.0, 231.0, 267.0
31, 2015-01-02, Home, TOR, W, W, -4.5, O, 216.5, 0, 1633.0, 1496.0, 621.0, 1305.0, 144.0, 398.0, 247.0, 316.0, 164.0, 680.0, 395.0, 158.0, 101.0, 215.0, 273.0, 570.0, 1325.0, 110.0, 327.0, 246.0, 348.0, 191.0, 688.0, 327.0, 143.0, 61.0, 245.0, 269.0
32, 2015-01-05, Home, OKC, W, W, -3.5, U, 216.5, 0, 1655.0, 1508.0, 633.0, 1318.0, 147.0, 405.0, 242.0, 309.0, 169.0, 676.0, 406.0, 161.0, 101.0, 208.0, 272.0, 577.0, 1320.0, 109.0, 329.0, 245.0, 344.0, 187.0, 681.0, 325.0, 139.0, 57.0, 247.0, 265.0
33, 2015-01-07, Home, IND, W, W, -11.5, O, 202, 0, 1674.0, 1502.0, 636.0, 1324.0, 154.0, 406.0, 248.0, 323.0, 166.0, 681.0, 408.0, 161.0, 100.0, 205.0, 279.0, 568.0, 1331.0, 108.0, 340.0, 258.0, 364.0, 199.0, 700.0, 325.0, 138.0, 59.0, 247.0, 273.0
34, 2015-01-09, Home, CLE, W, W, -13, U, 210.5, 0, 1679.0, 1519.0, 634.0, 1315.0, 156.0, 412.0, 255.0, 326.0, 158.0, 664.0, 407.0, 161.0, 95.0, 207.0, 294.0, 568.0, 1323.0, 111.0, 351.0, 272.0, 374.0, 194.0, 694.0, 326.0, 134.0, 57.0, 247.0, 277.0
35, 2015-01-13, Away, UTA, W, W, -8, O, 202, 0, 1679.0, 1511.0, 637.0, 1312.0, 154.0, 412.0, 251.0, 318.0, 152.0, 668.0, 415.0, 156.0, 97.0, 209.0, 293.0, 567.0, 1326.0, 111.0, 353.0, 266.0, 370.0, 191.0, 689.0, 315.0, 136.0, 55.0, 239.0, 268.0
36, 2015-01-14, Home, MIA, W, P, -15, U, 201, 1, 1693.0, 1530.0, 641.0, 1312.0, 162.0, 415.0, 249.0, 317.0, 143.0, 648.0, 423.0, 151.0, 96.0, 201.0, 291.0, 574.0, 1319.0, 116.0, 363.0, 266.0, 365.0, 184.0, 684.0, 307.0, 131.0, 58.0, 235.0, 276.0
37, 2015-01-16, Away, OKC, L, L, -1, O, 217, 0, 1692.0, 1526.0, 639.0, 1312.0, 167.0, 421.0, 247.0, 316.0, 147.0, 641.0, 431.0, 147.0, 96.0, 199.0, 296.0, 567.0, 1300.0, 113.0, 346.0, 279.0, 377.0, 183.0, 681.0, 311.0, 127.0, 60.0, 237.0, 278.0
38, 2015-01-17, Away, HOU, W, W, 2, O, 214.5, 1, 1702.0, 1555.0, 644.0, 1321.0, 166.0, 413.0, 248.0, 317.0, 151.0, 639.0, 434.0, 150.0, 91.0, 200.0, 286.0, 582.0, 1308.0, 118.0, 343.0, 273.0, 366.0, 182.0, 682.0, 324.0, 124.0, 62.0, 236.0, 276.0
39, 2015-01-19, Home, DEN, W, W, -13.5, U, 218, 0, 1705.0, 1539.0, 650.0, 1326.0, 164.0, 411.0, 241.0, 315.0, 155.0, 642.0, 444.0, 154.0, 93.0, 195.0, 288.0, 572.0, 1295.0, 117.0, 339.0, 278.0, 375.0, 180.0, 677.0, 324.0, 120.0, 58.0, 240.0, 273.0
40, 2015-01-21, Home, HOU, W, W, -8, O, 219, 0, 1729.0, 1513.0, 655.0, 1312.0, 168.0, 407.0, 251.0, 330.0, 147.0, 646.0, 456.0, 155.0, 88.0, 194.0, 283.0, 560.0, 1290.0, 119.0, 349.0, 274.0, 375.0, 178.0, 668.0, 317.0, 120.0, 57.0, 244.0, 276.0
41, 2015-01-23, Home, SAC, W, W, -15.5, O, 217.5, 0, 1741.0, 1517.0, 656.0, 1316.0, 169.0, 405.0, 260.0, 338.0, 153.0, 653.0, 450.0, 159.0, 90.0, 201.0, 291.0, 556.0, 1291.0, 121.0, 356.0, 284.0, 382.0, 187.0, 671.0, 323.0, 124.0, 56.0, 248.0, 283.0
42, 2015-01-25, Home, BOS, W, L, -18, O, 213, 0, 1739.0, 1510.0, 652.0, 1319.0, 177.0, 420.0, 258.0, 336.0, 155.0, 654.0, 446.0, 163.0, 92.0, 206.0, 294.0, 547.0, 1283.0, 117.0, 356.0, 299.0, 395.0, 189.0, 675.0, 311.0, 131.0, 54.0, 254.0, 283.0
43, 2015-01-27, Home, CHI, L, L, -11, O, 213.5, 0, 1748.0, 1506.0, 655.0, 1324.0, 173.0, 417.0, 265.0, 344.0, 153.0, 662.0, 455.0, 164.0, 93.0, 200.0, 296.0, 542.0, 1289.0, 115.0, 358.0, 307.0, 405.0, 189.0, 681.0, 306.0, 125.0, 47.0, 252.0, 289.0
44, 2015-01-30, Away, UTA, L, L, -10, O, 205.5, 0, 1773.0, 1519.0, 669.0, 1357.0, 176.0, 422.0, 259.0, 334.0, 160.0, 666.0, 462.0, 162.0, 91.0, 197.0, 290.0, 550.0, 1300.0, 114.0, 355.0, 305.0, 397.0, 197.0, 692.0, 307.0, 121.0, 49.0, 260.0, 287.0
45, 2015-01-31, Home, PHO, W, W, -10.5, U, 225, 1, 1763.0, 1532.0, 665.0, 1355.0, 173.0, 421.0, 260.0, 338.0, 162.0, 664.0, 451.0, 153.0, 87.0, 194.0, 288.0, 558.0, 1317.0, 115.0, 361.0, 301.0, 389.0, 201.0, 700.0, 299.0, 121.0, 50.0, 247.0, 289.0
46, 2015-02-03, Away, SAC, W, W, -10, U, 218, 0, 1743.0, 1533.0, 659.0, 1360.0, 173.0, 425.0, 252.0, 329.0, 163.0, 666.0, 440.0, 145.0, 84.0, 195.0, 288.0, 558.0, 1322.0, 118.0, 367.0, 299.0, 383.0, 198.0, 704.0, 305.0, 120.0, 53.0, 240.0, 290.0
47, 2015-02-04, Home, DAL, W, W, -8, O, 217, 1, 1738.0, 1524.0, 656.0, 1359.0, 171.0, 420.0, 255.0, 335.0, 163.0, 670.0, 438.0, 150.0, 81.0, 197.0, 293.0, 553.0, 1315.0, 115.0, 358.0, 303.0, 387.0, 193.0, 701.0, 299.0, 120.0, 56.0, 243.0, 295.0
48, 2015-02-06, Away, ATL, L, L, -2, O, 213, 0, 1749.0, 1547.0, 660.0, 1357.0, 175.0, 430.0, 254.0, 328.0, 163.0, 662.0, 440.0, 147.0, 82.0, 198.0, 293.0, 564.0, 1315.0, 120.0, 360.0, 299.0, 381.0, 187.0, 684.0, 304.0, 118.0, 52.0, 240.0, 289.0
49, 2015-02-07, Away, NYK, W, L, -15, U, 203.5, 1, 1748.0, 1569.0, 662.0, 1369.0, 175.0, 435.0, 249.0, 323.0, 172.0, 674.0, 441.0, 143.0, 86.0, 201.0, 294.0, 565.0, 1311.0, 129.0, 361.0, 310.0, 395.0, 186.0, 681.0, 308.0, 127.0, 54.0, 236.0, 289.0
50, 2015-02-09, Away, PHI, W, L, -15.5, U, 205.5, 0, 1742.0, 1567.0, 656.0, 1364.0, 177.0, 430.0, 253.0, 330.0, 175.0, 678.0, 427.0, 142.0, 83.0, 202.0, 293.0, 565.0, 1312.0, 130.0, 356.0, 307.0, 389.0, 187.0, 680.0, 318.0, 126.0, 54.0, 235.0, 295.0
51, 2015-02-11, Away, MIN, W, L, -9.5, U, 217.5, 0, 1715.0, 1546.0, 644.0, 1358.0, 171.0, 434.0, 256.0, 336.0, 175.0, 687.0, 421.0, 147.0, 83.0, 207.0, 291.0, 559.0, 1310.0, 130.0, 359.0, 298.0, 379.0, 186.0, 688.0, 325.0, 128.0, 51.0, 247.0, 296.0
52, 2015-02-20, Home, SAS, W, W, -7.5, U, 212.5, 0, 1705.0, 1548.0, 646.0, 1367.0, 165.0, 432.0, 248.0, 326.0, 175.0, 700.0, 418.0, 149.0, 84.0, 209.0, 288.0, 562.0, 1325.0, 129.0, 355.0, 295.0, 379.0, 186.0, 697.0, 324.0, 130.0, 49.0, 242.0, 291.0
53, 2015-02-22, Away, IND, L, L, -4, U, 204, 0, 1700.0, 1520.0, 645.0, 1359.0, 173.0, 441.0, 237.0, 316.0, 169.0, 697.0, 423.0, 149.0, 87.0, 207.0, 292.0, 550.0, 1309.0, 125.0, 352.0, 295.0, 380.0, 180.0, 687.0, 322.0, 128.0, 51.0, 244.0, 290.0
54, 2015-02-24, Away, WAS, W, W, -6.5, O, 203.5, 0, 1667.0, 1518.0, 629.0, 1357.0, 173.0, 445.0, 236.0, 305.0, 170.0, 693.0, 410.0, 147.0, 81.0, 202.0, 296.0, 552.0, 1302.0, 126.0, 348.0, 288.0, 369.0, 177.0, 694.0, 320.0, 121.0, 53.0, 242.0, 289.0
55, 2015-02-26, Away, CLE, L, L, 3, U, 216.5, 0, 1659.0, 1546.0, 630.0, 1366.0, 172.0, 441.0, 227.0, 295.0, 167.0, 669.0, 407.0, 149.0, 76.0, 198.0, 299.0, 564.0, 1294.0, 124.0, 342.0, 294.0, 371.0, 178.0, 700.0, 326.0, 116.0, 54.0, 252.0, 290.0
56, 2015-02-27, Away, TOR, W, W, -2, U, 212.5, 1, 1632.0, 1543.0, 620.0, 1360.0, 170.0, 441.0, 222.0, 296.0, 165.0, 667.0, 413.0, 146.0, 73.0, 196.0, 300.0, 563.0, 1284.0, 120.0, 338.0, 297.0, 375.0, 169.0, 705.0, 318.0, 117.0, 53.0, 249.0, 287.0
57, 2015-03-01, Away, BOS, W, L, -8.5, U, 217.5, 0, 1619.0, 1531.0, 617.0, 1353.0, 166.0, 429.0, 219.0, 293.0, 162.0, 668.0, 412.0, 144.0, 70.0, 191.0, 300.0, 560.0, 1279.0, 120.0, 343.0, 291.0, 369.0, 166.0, 704.0, 314.0, 111.0, 53.0, 249.0, 287.0
58, 2015-03-02, Away, BRK, L, L, -5.5, O, 209, 1, 1611.0, 1521.0, 615.0, 1359.0, 170.0, 440.0, 211.0, 285.0, 168.0, 676.0, 402.0, 139.0, 75.0, 188.0, 298.0, 559.0, 1293.0, 118.0, 346.0, 285.0, 359.0, 174.0, 716.0, 312.0, 110.0, 53.0, 243.0, 283.0
59, 2015-03-04, Home, MIL, W, L, -13, U, 202, 0, 1608.0, 1518.0, 609.0, 1336.0, 172.0, 437.0, 218.0, 291.0, 170.0, 678.0, 397.0, 141.0, 80.0, 190.0, 303.0, 561.0, 1284.0, 120.0, 338.0, 276.0, 352.0, 166.0, 693.0, 313.0, 111.0, 48.0, 235.0, 277.0
60, 2015-03-06, Home, DAL, W, W, -11.5, U, 208.5, 0, 1610.0, 1501.0, 609.0, 1323.0, 178.0, 444.0, 214.0, 291.0, 163.0, 671.0, 406.0, 149.0, 86.0, 193.0, 308.0, 553.0, 1270.0, 116.0, 327.0, 279.0, 349.0, 165.0, 685.0, 309.0, 112.0, 43.0, 247.0, 276.0
61, 2015-03-08, Home, LAC, W, L, -9, U, 213, 0, 1608.0, 1503.0, 607.0, 1317.0, 177.0, 435.0, 217.0, 292.0, 163.0, 678.0, 407.0, 143.0, 89.0, 200.0, 309.0, 552.0, 1266.0, 113.0, 321.0, 286.0, 358.0, 153.0, 667.0, 304.0, 117.0, 39.0, 238.0, 279.0
62, 2015-03-09, Away, PHO, W, W, -5.5, U, 213.5, 1, 1593.0, 1505.0, 601.0, 1306.0, 177.0, 434.0, 214.0, 289.0, 156.0, 666.0, 397.0, 143.0, 87.0, 202.0, 301.0, 557.0, 1270.0, 114.0, 330.0, 277.0, 348.0, 156.0, 672.0, 312.0, 118.0, 38.0, 238.0, 280.0
63, 2015-03-11, Home, DET, W, L, -14, U, 205, 0, 1563.0, 1471.0, 591.0, 1303.0, 171.0, 427.0, 210.0, 283.0, 155.0, 668.0, 385.0, 149.0, 90.0, 207.0, 300.0, 545.0, 1249.0, 108.0, 311.0, 273.0, 343.0, 148.0, 667.0, 301.0, 121.0, 38.0, 248.0, 280.0
64, 2015-03-13, Away, DEN, L, L, 2.5, O, 207, 0, 1552.0, 1445.0, 588.0, 1284.0, 166.0, 414.0, 210.0, 281.0, 146.0, 659.0, 383.0, 147.0, 89.0, 210.0, 287.0, 549.0, 1270.0, 97.0, 296.0, 250.0, 318.0, 163.0, 678.0, 291.0, 114.0, 39.0, 248.0, 277.0
65, 2015-03-14, Home, NYK, W, W, -19.5, O, 200, 1, 1549.0, 1467.0, 590.0, 1295.0, 162.0, 408.0, 207.0, 279.0, 143.0, 646.0, 391.0, 144.0, 94.0, 204.0, 293.0, 555.0, 1265.0, 97.0, 295.0, 260.0, 338.0, 161.0, 686.0, 291.0, 111.0, 41.0, 248.0, 279.0
66, 2015-03-16, Home, LAL, W, L, -18, O, 209, 0, 1585.0, 1477.0, 601.0, 1300.0, 174.0, 413.0, 209.0, 277.0, 145.0, 648.0, 399.0, 142.0, 95.0, 199.0, 295.0, 560.0, 1282.0, 99.0, 296.0, 258.0, 340.0, 171.0, 685.0, 295.0, 108.0, 47.0, 236.0, 276.0
67, 2015-03-18, Home, ATL, W, W, -6.5, O, 207.5, 0, 1599.0, 1491.0, 601.0, 1294.0, 174.0, 413.0, 223.0, 291.0, 142.0, 636.0, 401.0, 151.0, 96.0, 198.0, 298.0, 566.0, 1281.0, 102.0, 297.0, 257.0, 334.0, 170.0, 680.0, 301.0, 112.0, 50.0, 242.0, 281.0
68, 2015-03-20, Home, NOP, W, W, -14, O, 201.5, 0, 1603.0, 1487.0, 604.0, 1294.0, 171.0, 410.0, 224.0, 293.0, 145.0, 640.0, 411.0, 149.0, 98.0, 204.0, 303.0, 558.0, 1287.0, 104.0, 300.0, 267.0, 344.0, 175.0, 680.0, 300.0, 120.0, 50.0, 241.0, 281.0
69, 2015-03-21, Home, UTA, W, W, -9, O, 191.5, 1, 1617.0, 1479.0, 614.0, 1293.0, 167.0, 403.0, 222.0, 294.0, 144.0, 637.0, 421.0, 149.0, 99.0, 205.0, 297.0, 552.0, 1283.0, 107.0, 303.0, 268.0, 343.0, 177.0, 676.0, 302.0, 121.0, 49.0, 246.0, 275.0
70, 2015-03-23, Home, WAS, W, W, -11, U, 207.5, 0, 1609.0, 1463.0, 607.0, 1281.0, 163.0, 398.0, 232.0, 303.0, 147.0, 645.0, 419.0, 148.0, 101.0, 206.0, 297.0, 542.0, 1277.0, 112.0, 307.0, 267.0, 343.0, 176.0, 666.0, 298.0, 122.0, 47.0, 235.0, 274.0
71, 2015-03-24, Away, POR, W, W, -7, O, 204.5, 1, 1617.0, 1429.0, 607.0, 1284.0, 165.0, 402.0, 238.0, 305.0, 152.0, 663.0, 410.0, 147.0, 101.0, 203.0, 287.0, 533.0, 1281.0, 106.0, 290.0, 257.0, 334.0, 173.0, 653.0, 298.0, 117.0, 47.0, 230.0, 270.0
72, 2015-03-27, Away, MEM, W, W, -3.5, U, 198.5, 0, 1626.0, 1448.0, 615.0, 1280.0, 164.0, 400.0, 232.0, 297.0, 149.0, 662.0, 416.0, 140.0, 101.0, 204.0, 283.0, 541.0, 1296.0, 117.0, 302.0, 249.0, 325.0, 177.0, 646.0, 306.0, 120.0, 46.0, 221.0, 267.0
73, 2015-03-28, Away, MIL, W, W, -4.5, U, 208, 1, 1627.0, 1431.0, 614.0, 1275.0, 168.0, 397.0, 231.0, 297.0, 148.0, 650.0, 425.0, 151.0, 98.0, 208.0, 282.0, 535.0, 1263.0, 114.0, 284.0, 247.0, 323.0, 164.0, 626.0, 304.0, 125.0, 45.0, 232.0, 268.0
74, 2015-03-31, Away, LAC, W, W, 3, U, 219, 0, 1627.0, 1416.0, 614.0, 1267.0, 169.0, 392.0, 230.0, 293.0, 138.0, 645.0, 426.0, 147.0, 99.0, 215.0, 285.0, 524.0, 1261.0, 106.0, 278.0, 262.0, 339.0, 168.0, 630.0, 308.0, 132.0, 49.0, 234.0, 276.0
75, 2015-04-02, Home, PHO, W, L, -12.5, O, 210, 0, 1635.0, 1429.0, 615.0, 1279.0, 163.0, 379.0, 242.0, 302.0, 144.0, 654.0, 424.0, 137.0, 92.0, 208.0, 281.0, 526.0, 1263.0, 107.0, 286.0, 270.0, 347.0, 162.0, 624.0, 310.0, 125.0, 56.0, 222.0, 281.0
76, 2015-04-04, Away, DAL, W, W, -6.5, O, 215.5, 0, 1638.0, 1446.0, 620.0, 1291.0, 162.0, 382.0, 236.0, 300.0, 150.0, 653.0, 425.0, 138.0, 86.0, 199.0, 280.0, 536.0, 1266.0, 106.0, 285.0, 268.0, 347.0, 168.0, 637.0, 318.0, 116.0, 58.0, 222.0, 277.0
77, 2015-04-05, Away, SAS, L, L, 4.5, U, 211.5, 1, 1655.0, 1458.0, 623.0, 1306.0, 166.0, 396.0, 243.0, 309.0, 160.0, 671.0, 430.0, 137.0, 87.0, 200.0, 302.0, 530.0, 1263.0, 101.0, 276.0, 297.0, 387.0, 169.0, 642.0, 307.0, 114.0, 57.0, 220.0, 278.0
78, 2015-04-07, Away, NOP, L, L, -4.5, U, 206.5, 0, 1649.0, 1485.0, 627.0, 1314.0, 162.0, 393.0, 233.0, 300.0, 161.0, 662.0, 438.0, 130.0, 81.0, 192.0, 294.0, 545.0, 1269.0, 104.0, 286.0, 291.0, 379.0, 169.0, 652.0, 321.0, 111.0, 60.0, 214.0, 272.0
79, 2015-04-09, Home, POR, W, W, -10.5, O, 210.5, 0, 1644.0, 1490.0, 625.0, 1325.0, 164.0, 395.0, 230.0, 297.0, 162.0, 670.0, 434.0, 131.0, 87.0, 186.0, 304.0, 539.0, 1254.0, 109.0, 293.0, 303.0, 397.0, 158.0, 648.0, 328.0, 113.0, 63.0, 213.0, 269.0
80, 2015-04-11, Home, MIN, W, L, -20, U, 214.5, 0, 1657.0, 1481.0, 634.0, 1323.0, 168.0, 402.0, 221.0, 284.0, 162.0, 679.0, 432.0, 132.0, 82.0, 191.0, 291.0, 544.0, 1270.0, 108.0, 300.0, 285.0, 368.0, 156.0, 637.0, 333.0, 115.0, 65.0, 209.0, 259.0
81, 2015-04-13, Home, MEM, W, L, -8, O, 196.5, 0, 1642.0, 1488.0, 631.0, 1326.0, 160.0, 399.0, 220.0, 288.0, 167.0, 687.0, 426.0, 129.0, 81.0, 194.0, 294.0, 541.0, 1253.0, 110.0, 299.0, 296.0, 378.0, 144.0, 626.0, 335.0, 118.0, 59.0, 209.0, 265.0
82, 2015-04-15, Home, DEN, W, L, -11.5, O, 215.5, 0, 1645.0, 1490.0, 630.0, 1316.0, 166.0, 396.0, 219.0, 292.0, 166.0, 689.0, 428.0, 122.0, 81.0, 201.0, 295.0, 543.0, 1266.0, 107.0, 299.0, 297.0, 382.0, 152.0, 625.0, 335.0, 118.0, 58.0, 206.0, 268.0
