18, 2014-12-04, Home, NOP, W, W, -9.5, U, 206.5, 0, 1811.0, 1641.0, 678.0, 1397.0, 163.0, 430.0, 292.0, 374.0, 155.0, 770.0, 437.0, 133.0, 108.0, 284.0, 363.0, 606.0, 1479.0, 114.0, 360.0, 315.0, 419.0, 206.0, 740.0, 335.0, 148.0, 59.0, 253.0, 333.0
19, 2014-12-06, Away, CHI, W, W, -2.5, O, 204, 0, 1828.0, 1649.0, 692.0, 1422.0, 167.0, 425.0, 277.0, 359.0, 166.0, 782.0, 447.0, 132.0, 108.0, 271.0, 339.0, 619.0, 1490.0, 114.0, 357.0, 297.0, 397.0, 201.0, 737.0, 345.0, 145.0, 60.0, 244.0, 322.0
20, 2014-12-08, Away, MIN, W, W, -14.5, U, 213, 0, 1813.0, 1647.0, 686.0, 1428.0, 168.0, 432.0, 273.0, 356.0, 169.0, 779.0, 444.0, 136.0, 110.0, 262.0, 334.0, 614.0, 1485.0, 117.0, 364.0, 302.0, 399.0, 201.0, 750.0, 348.0, 142.0, 60.0, 244.0, 318.0
21, 2014-12-10, Home, HOU, W, W, -9, U, 204.5, 0, 1820.0, 1643.0, 692.0, 1438.0, 167.0, 435.0, 269.0, 349.0, 177.0, 789.0, 446.0, 140.0, 109.0, 262.0, 336.0, 609.0, 1481.0, 112.0, 348.0, 313.0, 414.0, 202.0, 743.0, 350.0, 145.0, 62.0, 244.0, 309.0
22, 2014-12-13, Away, DAL, W, W, 1, U, 217, 0, 1804.0, 1632.0, 689.0, 1445.0, 160.0, 433.0, 266.0, 349.0, 179.0, 793.0, 438.0, 142.0, 111.0, 254.0, 330.0, 608.0, 1489.0, 114.0, 364.0, 302.0, 402.0, 209.0, 757.0, 339.0, 142.0, 62.0, 245.0, 312.0
23, 2014-12-14, Away, NOP, W, L, -6.5, O, 205.5, 1, 1811.0, 1643.0, 687.0, 1441.0, 161.0, 437.0, 276.0, 359.0, 173.0, 784.0, 437.0, 138.0, 110.0, 241.0, 335.0, 614.0, 1492.0, 109.0, 347.0, 306.0, 411.0, 210.0, 764.0, 340.0, 139.0, 62.0, 238.0, 318.0
24, 2014-12-16, Away, MEM, L, L, 3.5, U, 204, 0, 1844.0, 1658.0, 698.0, 1458.0, 161.0, 437.0, 287.0, 373.0, 178.0, 794.0, 443.0, 136.0, 112.0, 234.0, 328.0, 627.0, 1514.0, 105.0, 344.0, 299.0, 403.0, 213.0, 769.0, 345.0, 144.0, 66.0, 230.0, 326.0
25, 2014-12-18, Home, OKC, W, W, -2.5, O, 211.5, 0, 1842.0, 1650.0, 699.0, 1483.0, 163.0, 448.0, 281.0, 365.0, 192.0, 805.0, 438.0, 140.0, 119.0, 229.0, 331.0, 623.0, 1513.0, 100.0, 333.0, 304.0, 407.0, 215.0, 781.0, 341.0, 144.0, 69.0, 234.0, 323.0
26, 2014-12-22, Home, SAC, W, W, -11, O, 212, 0, 1849.0, 1660.0, 706.0, 1487.0, 164.0, 445.0, 273.0, 354.0, 188.0, 799.0, 440.0, 142.0, 116.0, 228.0, 330.0, 625.0, 1510.0, 108.0, 342.0, 302.0, 411.0, 216.0, 783.0, 339.0, 144.0, 71.0, 237.0, 316.0
27, 2014-12-23, Away, LAL, L, L, -10, O, 216.5, 1, 1865.0, 1681.0, 710.0, 1491.0, 162.0, 444.0, 283.0, 364.0, 187.0, 793.0, 446.0, 144.0, 119.0, 226.0, 324.0, 636.0, 1516.0, 109.0, 342.0, 300.0, 404.0, 215.0, 781.0, 356.0, 144.0, 74.0, 238.0, 320.0
28, 2014-12-25, Away, LAC, L, L, 2, U, 218.5, 0, 1834.0, 1681.0, 703.0, 1489.0, 160.0, 442.0, 268.0, 347.0, 187.0, 781.0, 434.0, 148.0, 116.0, 229.0, 316.0, 643.0, 1506.0, 118.0, 352.0, 277.0, 378.0, 208.0, 775.0, 367.0, 146.0, 80.0, 247.0, 308.0
29, 2014-12-27, Home, MIN, W, L, -18.5, U, 216, 0, 1819.0, 1693.0, 696.0, 1487.0, 160.0, 447.0, 267.0, 350.0, 189.0, 785.0, 430.0, 149.0, 115.0, 232.0, 319.0, 642.0, 1511.0, 121.0, 367.0, 288.0, 390.0, 205.0, 780.0, 359.0, 144.0, 79.0, 241.0, 312.0
30, 2014-12-30, Home, PHI, W, W, -17.5, O, 209, 0, 1838.0, 1704.0, 704.0, 1482.0, 164.0, 450.0, 266.0, 347.0, 185.0, 776.0, 436.0, 159.0, 113.0, 239.0, 322.0, 644.0, 1498.0, 126.0, 369.0, 290.0, 399.0, 205.0, 770.0, 375.0, 151.0, 72.0, 254.0, 307.0
31, 2015-01-02, Home, TOR, W, W, -4.5, O, 216.5, 0, 1850.0, 1693.0, 707.0, 1489.0, 163.0, 450.0, 273.0, 351.0, 188.0, 773.0, 453.0, 172.0, 115.0, 242.0, 318.0, 644.0, 1499.0, 122.0, 366.0, 283.0, 395.0, 211.0, 778.0, 375.0, 155.0, 70.0, 272.0, 301.0
32, 2015-01-05, Home, OKC, W, W, -3.5, U, 216.5, 0, 1865.0, 1702.0, 712.0, 1496.0, 163.0, 452.0, 278.0, 352.0, 194.0, 771.0, 458.0, 173.0, 117.0, 236.0, 317.0, 648.0, 1498.0, 126.0, 371.0, 280.0, 391.0, 210.0, 769.0, 377.0, 154.0, 70.0, 273.0, 299.0
33, 2015-01-07, Home, IND, W, W, -11.5, O, 202, 0, 1876.0, 1692.0, 711.0, 1485.0, 171.0, 454.0, 283.0, 368.0, 188.0, 779.0, 457.0, 174.0, 113.0, 236.0, 313.0, 640.0, 1509.0, 125.0, 380.0, 287.0, 402.0, 222.0, 784.0, 369.0, 160.0, 67.0, 271.0, 310.0
34, 2015-01-09, Home, CLE, W, W, -13, U, 210.5, 0, 1889.0, 1701.0, 719.0, 1497.0, 174.0, 461.0, 277.0, 361.0, 189.0, 769.0, 463.0, 180.0, 108.0, 231.0, 317.0, 644.0, 1499.0, 120.0, 383.0, 293.0, 401.0, 212.0, 781.0, 368.0, 153.0, 64.0, 275.0, 309.0
35, 2015-01-13, Away, UTA, W, W, -8, O, 202, 0, 1903.0, 1698.0, 724.0, 1501.0, 176.0, 464.0, 279.0, 360.0, 185.0, 764.0, 473.0, 181.0, 111.0, 229.0, 322.0, 640.0, 1498.0, 121.0, 389.0, 297.0, 410.0, 218.0, 786.0, 362.0, 150.0, 62.0, 278.0, 306.0
36, 2015-01-14, Home, MIA, W, P, -15, U, 201, 1, 1907.0, 1718.0, 723.0, 1492.0, 179.0, 467.0, 282.0, 356.0, 173.0, 739.0, 474.0, 180.0, 108.0, 229.0, 330.0, 642.0, 1490.0, 125.0, 395.0, 309.0, 421.0, 219.0, 783.0, 353.0, 149.0, 65.0, 276.0, 309.0
37, 2015-01-16, Away, OKC, L, L, -1, O, 217, 0, 1899.0, 1705.0, 721.0, 1484.0, 180.0, 466.0, 277.0, 350.0, 168.0, 735.0, 476.0, 171.0, 107.0, 231.0, 330.0, 636.0, 1478.0, 124.0, 392.0, 309.0, 421.0, 213.0, 774.0, 348.0, 148.0, 66.0, 271.0, 305.0
38, 2015-01-17, Away, HOU, W, W, 2, O, 214.5, 1, 1912.0, 1746.0, 721.0, 1485.0, 184.0, 468.0, 286.0, 364.0, 166.0, 727.0, 476.0, 166.0, 103.0, 228.0, 326.0, 655.0, 1487.0, 132.0, 403.0, 304.0, 411.0, 211.0, 779.0, 353.0, 144.0, 64.0, 266.0, 316.0
39, 2015-01-19, Home, DEN, W, W, -13.5, U, 218, 0, 1938.0, 1759.0, 731.0, 1495.0, 185.0, 467.0, 291.0, 377.0, 172.0, 733.0, 487.0, 168.0, 109.0, 227.0, 331.0, 655.0, 1485.0, 130.0, 391.0, 319.0, 430.0, 209.0, 774.0, 360.0, 145.0, 64.0, 268.0, 323.0
40, 2015-01-21, Home, HOU, W, W, -8, O, 219, 0, 1955.0, 1740.0, 738.0, 1493.0, 188.0, 462.0, 291.0, 377.0, 170.0, 741.0, 496.0, 171.0, 108.0, 227.0, 321.0, 649.0, 1483.0, 132.0, 390.0, 310.0, 419.0, 200.0, 760.0, 363.0, 143.0, 67.0, 269.0, 319.0
41, 2015-01-23, Home, SAC, W, W, -15.5, O, 217.5, 0, 1953.0, 1731.0, 743.0, 1505.0, 190.0, 467.0, 277.0, 360.0, 178.0, 741.0, 500.0, 177.0, 108.0, 224.0, 325.0, 639.0, 1469.0, 137.0, 395.0, 316.0, 425.0, 205.0, 762.0, 364.0, 138.0, 64.0, 275.0, 314.0
42, 2015-01-25, Home, BOS, W, L, -18, O, 213, 0, 1981.0, 1727.0, 749.0, 1504.0, 198.0, 476.0, 285.0, 370.0, 175.0, 738.0, 514.0, 181.0, 105.0, 227.0, 328.0, 631.0, 1459.0, 136.0, 398.0, 329.0, 440.0, 206.0, 757.0, 359.0, 141.0, 63.0, 282.0, 315.0
43, 2015-01-27, Home, CHI, L, L, -11, O, 213.5, 0, 1981.0, 1729.0, 743.0, 1499.0, 194.0, 468.0, 301.0, 385.0, 174.0, 746.0, 511.0, 181.0, 101.0, 231.0, 333.0, 631.0, 1468.0, 135.0, 401.0, 332.0, 443.0, 211.0, 762.0, 365.0, 141.0, 62.0, 281.0, 321.0
44, 2015-01-30, Away, UTA, L, L, -10, O, 205.5, 0, 1964.0, 1734.0, 742.0, 1521.0, 194.0, 476.0, 286.0, 373.0, 179.0, 749.0, 506.0, 181.0, 97.0, 232.0, 329.0, 630.0, 1476.0, 135.0, 413.0, 339.0, 445.0, 221.0, 784.0, 353.0, 142.0, 63.0, 289.0, 322.0
45, 2015-01-31, Home, PHO, W, W, -10.5, U, 225, 1, 1959.0, 1729.0, 740.0, 1523.0, 190.0, 477.0, 289.0, 381.0, 179.0, 751.0, 507.0, 181.0, 97.0, 226.0, 330.0, 626.0, 1481.0, 132.0, 412.0, 345.0, 456.0, 225.0, 797.0, 346.0, 141.0, 59.0, 284.0, 327.0
46, 2015-02-03, Away, SAC, W, W, -10, U, 218, 0, 1979.0, 1716.0, 746.0, 1530.0, 196.0, 481.0, 291.0, 377.0, 180.0, 751.0, 510.0, 181.0, 101.0, 225.0, 329.0, 625.0, 1485.0, 132.0, 406.0, 334.0, 442.0, 229.0, 799.0, 350.0, 141.0, 60.0, 291.0, 324.0
47, 2015-02-04, Home, DAL, W, W, -8, O, 217, 1, 1990.0, 1715.0, 751.0, 1533.0, 195.0, 476.0, 293.0, 382.0, 185.0, 757.0, 511.0, 177.0, 100.0, 220.0, 331.0, 626.0, 1487.0, 131.0, 403.0, 332.0, 430.0, 222.0, 786.0, 338.0, 138.0, 59.0, 285.0, 327.0
48, 2015-02-06, Away, ATL, L, L, -2, O, 213, 0, 1992.0, 1743.0, 750.0, 1537.0, 202.0, 486.0, 290.0, 380.0, 187.0, 761.0, 502.0, 163.0, 94.0, 219.0, 333.0, 634.0, 1499.0, 135.0, 413.0, 340.0, 435.0, 218.0, 780.0, 346.0, 135.0, 58.0, 266.0, 330.0
49, 2015-02-07, Away, NYK, W, L, -15, U, 203.5, 1, 1982.0, 1762.0, 748.0, 1548.0, 202.0, 491.0, 284.0, 375.0, 192.0, 767.0, 498.0, 162.0, 93.0, 224.0, 339.0, 632.0, 1490.0, 140.0, 415.0, 358.0, 452.0, 211.0, 781.0, 351.0, 141.0, 61.0, 264.0, 333.0
50, 2015-02-09, Away, PHI, W, L, -15.5, U, 205.5, 0, 1971.0, 1763.0, 744.0, 1541.0, 199.0, 488.0, 284.0, 367.0, 194.0, 761.0, 492.0, 162.0, 94.0, 226.0, 336.0, 637.0, 1479.0, 143.0, 405.0, 346.0, 435.0, 206.0, 766.0, 355.0, 138.0, 57.0, 266.0, 328.0
51, 2015-02-11, Away, MIN, W, L, -9.5, U, 217.5, 0, 1943.0, 1745.0, 733.0, 1535.0, 194.0, 489.0, 283.0, 366.0, 190.0, 762.0, 488.0, 166.0, 96.0, 229.0, 327.0, 633.0, 1477.0, 144.0, 403.0, 335.0, 426.0, 211.0, 777.0, 352.0, 143.0, 59.0, 276.0, 328.0
52, 2015-02-20, Home, SAS, W, W, -7.5, U, 212.5, 0, 1925.0, 1742.0, 730.0, 1539.0, 191.0, 486.0, 274.0, 358.0, 191.0, 767.0, 479.0, 164.0, 94.0, 231.0, 325.0, 631.0, 1477.0, 142.0, 394.0, 338.0, 430.0, 208.0, 782.0, 357.0, 142.0, 60.0, 274.0, 328.0
53, 2015-02-22, Away, IND, L, L, -4, U, 204, 0, 1919.0, 1736.0, 725.0, 1532.0, 195.0, 494.0, 274.0, 363.0, 192.0, 776.0, 476.0, 164.0, 94.0, 234.0, 327.0, 631.0, 1477.0, 141.0, 392.0, 333.0, 426.0, 207.0, 782.0, 368.0, 141.0, 57.0, 275.0, 330.0
54, 2015-02-24, Away, WAS, W, W, -6.5, O, 203.5, 0, 1913.0, 1751.0, 721.0, 1540.0, 191.0, 491.0, 280.0, 366.0, 195.0, 785.0, 466.0, 168.0, 94.0, 230.0, 331.0, 640.0, 1487.0, 143.0, 393.0, 328.0, 422.0, 203.0, 787.0, 369.0, 139.0, 57.0, 273.0, 334.0
55, 2015-02-26, Away, CLE, L, L, 3, U, 216.5, 0, 1912.0, 1731.0, 724.0, 1538.0, 194.0, 490.0, 270.0, 355.0, 186.0, 771.0, 469.0, 170.0, 93.0, 225.0, 334.0, 631.0, 1469.0, 138.0, 389.0, 331.0, 424.0, 196.0, 778.0, 365.0, 135.0, 59.0, 285.0, 333.0
56, 2015-02-27, Away, TOR, W, W, -2, U, 212.5, 1, 1880.0, 1735.0, 713.0, 1539.0, 196.0, 497.0, 258.0, 341.0, 188.0, 766.0, 469.0, 169.0, 88.0, 225.0, 337.0, 630.0, 1458.0, 140.0, 394.0, 335.0, 425.0, 194.0, 790.0, 358.0, 135.0, 59.0, 284.0, 328.0
57, 2015-03-01, Away, BOS, W, L, -8.5, U, 217.5, 0, 1871.0, 1745.0, 711.0, 1545.0, 196.0, 498.0, 253.0, 333.0, 190.0, 760.0, 470.0, 170.0, 87.0, 224.0, 345.0, 631.0, 1448.0, 137.0, 392.0, 346.0, 434.0, 194.0, 793.0, 356.0, 132.0, 59.0, 287.0, 326.0
58, 2015-03-02, Away, BRK, L, L, -5.5, O, 209, 1, 1851.0, 1733.0, 702.0, 1542.0, 195.0, 503.0, 252.0, 332.0, 189.0, 769.0, 463.0, 161.0, 86.0, 218.0, 340.0, 634.0, 1470.0, 132.0, 391.0, 333.0, 420.0, 198.0, 807.0, 354.0, 127.0, 59.0, 276.0, 321.0
59, 2015-03-04, Home, MIL, W, L, -13, U, 202, 0, 1833.0, 1742.0, 699.0, 1538.0, 189.0, 493.0, 246.0, 328.0, 194.0, 773.0, 457.0, 159.0, 85.0, 216.0, 338.0, 644.0, 1477.0, 138.0, 395.0, 316.0, 402.0, 198.0, 802.0, 355.0, 122.0, 57.0, 270.0, 316.0
60, 2015-03-06, Home, DAL, W, W, -11.5, U, 208.5, 0, 1821.0, 1724.0, 694.0, 1522.0, 195.0, 504.0, 238.0, 328.0, 189.0, 760.0, 458.0, 166.0, 90.0, 219.0, 342.0, 637.0, 1462.0, 133.0, 381.0, 317.0, 400.0, 201.0, 801.0, 349.0, 128.0, 55.0, 279.0, 314.0
61, 2015-03-08, Home, LAC, W, L, -9, U, 213, 0, 1814.0, 1700.0, 684.0, 1490.0, 197.0, 494.0, 249.0, 335.0, 183.0, 763.0, 455.0, 162.0, 99.0, 228.0, 348.0, 627.0, 1451.0, 131.0, 372.0, 315.0, 403.0, 185.0, 774.0, 347.0, 137.0, 50.0, 269.0, 316.0
62, 2015-03-09, Away, PHO, W, W, -5.5, U, 213.5, 1, 1820.0, 1688.0, 687.0, 1484.0, 199.0, 489.0, 247.0, 333.0, 179.0, 759.0, 457.0, 167.0, 100.0, 228.0, 344.0, 625.0, 1440.0, 130.0, 372.0, 308.0, 389.0, 177.0, 758.0, 351.0, 135.0, 47.0, 276.0, 318.0
63, 2015-03-11, Home, DET, W, L, -14, U, 205, 0, 1812.0, 1681.0, 682.0, 1480.0, 200.0, 488.0, 248.0, 334.0, 179.0, 763.0, 447.0, 167.0, 100.0, 231.0, 345.0, 621.0, 1426.0, 125.0, 357.0, 314.0, 395.0, 168.0, 743.0, 342.0, 136.0, 43.0, 274.0, 320.0
64, 2015-03-13, Away, DEN, L, L, 2.5, O, 207, 0, 1796.0, 1683.0, 680.0, 1473.0, 197.0, 485.0, 239.0, 321.0, 175.0, 756.0, 443.0, 159.0, 101.0, 237.0, 333.0, 628.0, 1445.0, 122.0, 353.0, 305.0, 383.0, 181.0, 758.0, 343.0, 135.0, 44.0, 269.0, 315.0
65, 2015-03-14, Home, NYK, W, W, -19.5, O, 200, 1, 1771.0, 1683.0, 674.0, 1479.0, 186.0, 466.0, 237.0, 318.0, 174.0, 745.0, 443.0, 159.0, 106.0, 232.0, 336.0, 628.0, 1429.0, 120.0, 340.0, 307.0, 392.0, 180.0, 768.0, 342.0, 131.0, 46.0, 274.0, 318.0
66, 2015-03-16, Home, LAL, W, L, -18, O, 209, 0, 1780.0, 1653.0, 672.0, 1466.0, 193.0, 467.0, 243.0, 320.0, 163.0, 736.0, 446.0, 165.0, 105.0, 227.0, 328.0, 628.0, 1448.0, 114.0, 338.0, 283.0, 371.0, 196.0, 781.0, 339.0, 124.0, 52.0, 276.0, 315.0
67, 2015-03-18, Home, ATL, W, W, -6.5, O, 207.5, 0, 1782.0, 1666.0, 675.0, 1469.0, 188.0, 469.0, 244.0, 319.0, 158.0, 725.0, 453.0, 173.0, 107.0, 227.0, 330.0, 632.0, 1446.0, 114.0, 335.0, 288.0, 375.0, 191.0, 782.0, 340.0, 128.0, 56.0, 281.0, 314.0
68, 2015-03-20, Home, NOP, W, W, -14, O, 201.5, 0, 1807.0, 1677.0, 685.0, 1468.0, 195.0, 470.0, 242.0, 320.0, 162.0, 729.0, 466.0, 166.0, 109.0, 231.0, 339.0, 630.0, 1454.0, 115.0, 333.0, 302.0, 391.0, 196.0, 774.0, 343.0, 133.0, 56.0, 269.0, 315.0
69, 2015-03-21, Home, UTA, W, W, -9, O, 191.5, 1, 1825.0, 1682.0, 689.0, 1466.0, 193.0, 462.0, 254.0, 334.0, 164.0, 722.0, 469.0, 168.0, 109.0, 226.0, 340.0, 630.0, 1445.0, 121.0, 341.0, 301.0, 386.0, 194.0, 766.0, 347.0, 130.0, 57.0, 277.0, 318.0
70, 2015-03-23, Home, WAS, W, W, -11, U, 207.5, 0, 1821.0, 1674.0, 686.0, 1460.0, 184.0, 447.0, 265.0, 342.0, 164.0, 719.0, 465.0, 169.0, 107.0, 224.0, 339.0, 623.0, 1437.0, 125.0, 344.0, 303.0, 387.0, 192.0, 757.0, 341.0, 129.0, 55.0, 276.0, 317.0
71, 2015-03-24, Away, POR, W, W, -7, O, 204.5, 1, 1830.0, 1646.0, 691.0, 1466.0, 188.0, 454.0, 260.0, 341.0, 170.0, 736.0, 469.0, 169.0, 108.0, 226.0, 328.0, 611.0, 1437.0, 120.0, 336.0, 304.0, 390.0, 190.0, 749.0, 336.0, 131.0, 53.0, 272.0, 309.0
72, 2015-03-27, Away, MEM, W, W, -3.5, U, 198.5, 0, 1838.0, 1647.0, 696.0, 1459.0, 188.0, 457.0, 258.0, 335.0, 172.0, 753.0, 479.0, 161.0, 112.0, 230.0, 329.0, 608.0, 1450.0, 130.0, 352.0, 301.0, 388.0, 193.0, 739.0, 336.0, 136.0, 51.0, 256.0, 303.0
73, 2015-03-28, Away, MIL, W, W, -4.5, U, 208, 1, 1846.0, 1621.0, 696.0, 1457.0, 193.0, 459.0, 261.0, 333.0, 172.0, 752.0, 475.0, 166.0, 111.0, 230.0, 322.0, 606.0, 1449.0, 126.0, 337.0, 283.0, 368.0, 193.0, 728.0, 340.0, 135.0, 51.0, 259.0, 302.0
74, 2015-03-31, Away, LAC, W, W, 3, U, 219, 0, 1841.0, 1627.0, 696.0, 1452.0, 192.0, 456.0, 257.0, 328.0, 170.0, 750.0, 471.0, 162.0, 114.0, 240.0, 323.0, 608.0, 1459.0, 124.0, 330.0, 287.0, 372.0, 200.0, 728.0, 349.0, 143.0, 53.0, 255.0, 305.0
75, 2015-04-02, Home, PHO, W, L, -12.5, O, 210, 0, 1845.0, 1632.0, 694.0, 1442.0, 188.0, 443.0, 269.0, 345.0, 165.0, 738.0, 480.0, 164.0, 107.0, 239.0, 325.0, 604.0, 1432.0, 122.0, 321.0, 302.0, 388.0, 189.0, 709.0, 347.0, 143.0, 58.0, 258.0, 312.0
76, 2015-04-04, Away, DAL, W, W, -6.5, O, 215.5, 0, 1844.0, 1628.0, 695.0, 1445.0, 187.0, 439.0, 267.0, 344.0, 163.0, 738.0, 483.0, 159.0, 105.0, 237.0, 325.0, 602.0, 1433.0, 117.0, 319.0, 307.0, 398.0, 187.0, 718.0, 352.0, 142.0, 60.0, 256.0, 316.0
77, 2015-04-05, Away, SAS, L, L, 4.5, U, 211.5, 1, 1865.0, 1645.0, 701.0, 1467.0, 187.0, 441.0, 276.0, 351.0, 176.0, 759.0, 481.0, 155.0, 101.0, 235.0, 338.0, 602.0, 1433.0, 115.0, 321.0, 326.0, 427.0, 181.0, 715.0, 349.0, 137.0, 61.0, 249.0, 320.0
78, 2015-04-07, Away, NOP, L, L, -4.5, U, 206.5, 0, 1853.0, 1663.0, 702.0, 1477.0, 185.0, 446.0, 264.0, 342.0, 177.0, 747.0, 478.0, 154.0, 92.0, 223.0, 330.0, 614.0, 1429.0, 116.0, 322.0, 319.0, 416.0, 184.0, 728.0, 359.0, 130.0, 64.0, 250.0, 313.0
79, 2015-04-09, Home, POR, W, W, -10.5, O, 210.5, 0, 1847.0, 1668.0, 704.0, 1492.0, 184.0, 446.0, 255.0, 329.0, 181.0, 760.0, 480.0, 147.0, 101.0, 221.0, 336.0, 610.0, 1429.0, 117.0, 316.0, 331.0, 432.0, 183.0, 734.0, 359.0, 130.0, 69.0, 244.0, 304.0
80, 2015-04-11, Home, MIN, W, L, -20, U, 214.5, 0, 1865.0, 1693.0, 717.0, 1499.0, 183.0, 441.0, 248.0, 319.0, 181.0, 756.0, 490.0, 142.0, 98.0, 216.0, 327.0, 627.0, 1450.0, 120.0, 329.0, 319.0, 417.0, 188.0, 738.0, 374.0, 125.0, 73.0, 235.0, 297.0
81, 2015-04-13, Home, MEM, W, L, -8, O, 196.5, 0, 1870.0, 1696.0, 715.0, 1508.0, 187.0, 452.0, 253.0, 327.0, 184.0, 764.0, 489.0, 147.0, 97.0, 211.0, 335.0, 620.0, 1431.0, 127.0, 341.0, 329.0, 431.0, 177.0, 729.0, 383.0, 128.0, 72.0, 237.0, 303.0
82, 2015-04-15, Home, DEN, W, L, -11.5, O, 215.5, 0, 1878.0, 1689.0, 715.0, 1490.0, 192.0, 457.0, 256.0, 332.0, 181.0, 768.0, 490.0, 151.0, 94.0, 224.0, 332.0, 620.0, 1447.0, 124.0, 339.0, 325.0, 419.0, 182.0, 721.0, 384.0, 135.0, 73.0, 239.0, 303.0
