18, 2012-12-07, Away, MIL, L, L, 7, O, 197, 0, 1634.0, 1725.0, 598.0, 1431.0, 113.0, 327.0, 325.0, 415.0, 199.0, 722.0, 333.0, 142.0, 117.0, 226.0, 334.0, 646.0, 1445.0, 150.0, 423.0, 283.0, 395.0, 217.0, 765.0, 419.0, 116.0, 142.0, 249.0, 356.0
19, 2012-12-08, Home, SAS, L, L, 9.5, O, 200.5, 1, 1637.0, 1744.0, 603.0, 1427.0, 109.0, 321.0, 322.0, 423.0, 203.0, 726.0, 333.0, 141.0, 114.0, 227.0, 335.0, 651.0, 1456.0, 149.0, 411.0, 293.0, 400.0, 226.0, 772.0, 420.0, 116.0, 151.0, 242.0, 357.0
20, 2012-12-10, Home, GSW, L, L, 4.5, U, 202, 0, 1640.0, 1750.0, 601.0, 1415.0, 112.0, 319.0, 326.0, 430.0, 195.0, 718.0, 332.0, 134.0, 119.0, 228.0, 337.0, 652.0, 1466.0, 152.0, 420.0, 294.0, 400.0, 227.0, 774.0, 427.0, 117.0, 149.0, 231.0, 356.0
21, 2012-12-12, Home, LAC, L, W, 8, U, 200.5, 0, 1626.0, 1737.0, 594.0, 1411.0, 111.0, 323.0, 327.0, 435.0, 192.0, 718.0, 327.0, 136.0, 117.0, 231.0, 337.0, 647.0, 1457.0, 148.0, 413.0, 295.0, 395.0, 219.0, 770.0, 426.0, 118.0, 142.0, 235.0, 358.0
22, 2012-12-13, Away, ATL, L, L, 10, O, 191, 1, 1621.0, 1730.0, 589.0, 1410.0, 109.0, 318.0, 334.0, 441.0, 189.0, 721.0, 328.0, 133.0, 113.0, 231.0, 344.0, 641.0, 1459.0, 149.0, 414.0, 299.0, 399.0, 223.0, 778.0, 423.0, 119.0, 146.0, 237.0, 359.0
23, 2012-12-15, Home, ORL, L, L, -1.5, O, 192.5, 0, 1610.0, 1746.0, 583.0, 1394.0, 112.0, 319.0, 332.0, 433.0, 176.0, 699.0, 335.0, 127.0, 108.0, 228.0, 338.0, 652.0, 1455.0, 154.0, 424.0, 288.0, 392.0, 222.0, 776.0, 430.0, 118.0, 142.0, 231.0, 349.0
24, 2012-12-18, Away, LAL, L, W, 12.5, U, 206, 0, 1616.0, 1777.0, 588.0, 1394.0, 113.0, 318.0, 327.0, 430.0, 171.0, 680.0, 336.0, 123.0, 108.0, 227.0, 334.0, 670.0, 1450.0, 154.0, 410.0, 283.0, 379.0, 215.0, 769.0, 437.0, 114.0, 140.0, 228.0, 350.0
25, 2012-12-19, Away, PHO, L, L, 9, O, 198.5, 1, 1627.0, 1791.0, 588.0, 1405.0, 119.0, 326.0, 332.0, 438.0, 183.0, 691.0, 345.0, 117.0, 104.0, 222.0, 331.0, 674.0, 1457.0, 159.0, 422.0, 284.0, 369.0, 212.0, 764.0, 438.0, 113.0, 139.0, 222.0, 354.0
26, 2012-12-21, Away, GSW, L, L, 10.5, O, 205, 0, 1644.0, 1818.0, 596.0, 1406.0, 121.0, 323.0, 331.0, 432.0, 183.0, 687.0, 347.0, 116.0, 103.0, 221.0, 317.0, 690.0, 1462.0, 174.0, 436.0, 264.0, 346.0, 210.0, 753.0, 452.0, 110.0, 138.0, 219.0, 353.0
27, 2012-12-22, Away, DEN, L, L, 15.5, U, 210, 1, 1642.0, 1835.0, 593.0, 1414.0, 126.0, 333.0, 330.0, 437.0, 190.0, 687.0, 344.0, 114.0, 102.0, 212.0, 320.0, 690.0, 1454.0, 186.0, 447.0, 269.0, 351.0, 213.0, 762.0, 457.0, 109.0, 135.0, 216.0, 350.0
28, 2012-12-26, Home, MIA, L, L, 9, U, 201, 0, 1632.0, 1848.0, 590.0, 1415.0, 126.0, 334.0, 326.0, 439.0, 193.0, 694.0, 344.0, 115.0, 107.0, 211.0, 315.0, 700.0, 1466.0, 183.0, 444.0, 265.0, 346.0, 216.0, 772.0, 470.0, 112.0, 139.0, 214.0, 346.0
29, 2012-12-28, Away, BRK, L, L, 9.5, U, 195.5, 0, 1633.0, 1852.0, 593.0, 1410.0, 123.0, 326.0, 324.0, 441.0, 196.0, 700.0, 345.0, 105.0, 104.0, 214.0, 322.0, 695.0, 1469.0, 184.0, 445.0, 278.0, 357.0, 218.0, 775.0, 462.0, 115.0, 129.0, 206.0, 353.0
30, 2012-12-29, Home, NOH, L, W, 3.5, O, 190, 1, 1606.0, 1843.0, 587.0, 1400.0, 114.0, 308.0, 318.0, 437.0, 203.0, 696.0, 336.0, 99.0, 99.0, 209.0, 312.0, 695.0, 1452.0, 187.0, 445.0, 266.0, 344.0, 212.0, 765.0, 460.0, 111.0, 131.0, 199.0, 349.0
31, 2012-12-31, Away, CHI, W, W, 11.5, U, 188.5, 0, 1632.0, 1827.0, 603.0, 1400.0, 112.0, 296.0, 314.0, 435.0, 204.0, 701.0, 351.0, 98.0, 102.0, 213.0, 310.0, 690.0, 1456.0, 185.0, 442.0, 262.0, 344.0, 216.0, 749.0, 453.0, 118.0, 133.0, 200.0, 348.0
32, 2013-01-04, Home, CLE, L, L, -1.5, O, 196.5, 0, 1632.0, 1814.0, 606.0, 1394.0, 104.0, 282.0, 316.0, 450.0, 207.0, 708.0, 347.0, 100.0, 104.0, 215.0, 308.0, 687.0, 1460.0, 177.0, 426.0, 263.0, 347.0, 216.0, 754.0, 449.0, 122.0, 129.0, 202.0, 361.0
33, 2013-01-06, Away, DET, W, W, 8, O, 194, 0, 1638.0, 1816.0, 604.0, 1393.0, 104.0, 282.0, 326.0, 460.0, 202.0, 710.0, 347.0, 100.0, 101.0, 219.0, 322.0, 682.0, 1452.0, 176.0, 425.0, 276.0, 366.0, 209.0, 755.0, 446.0, 126.0, 133.0, 205.0, 365.0
34, 2013-01-09, Home, UTA, L, L, 4.5, O, 199, 0, 1634.0, 1799.0, 603.0, 1397.0, 94.0, 268.0, 334.0, 467.0, 212.0, 714.0, 333.0, 107.0, 100.0, 215.0, 323.0, 679.0, 1440.0, 172.0, 416.0, 269.0, 359.0, 210.0, 751.0, 440.0, 123.0, 137.0, 214.0, 372.0
35, 2013-01-11, Away, TOR, L, L, 8, U, 195, 0, 1638.0, 1811.0, 606.0, 1402.0, 91.0, 260.0, 335.0, 474.0, 213.0, 703.0, 333.0, 112.0, 103.0, 218.0, 329.0, 684.0, 1430.0, 169.0, 397.0, 274.0, 367.0, 210.0, 756.0, 447.0, 122.0, 140.0, 222.0, 376.0
36, 2013-01-12, Away, IND, L, W, 11.5, U, 185, 1, 1623.0, 1802.0, 598.0, 1396.0, 91.0, 259.0, 336.0, 464.0, 214.0, 699.0, 329.0, 110.0, 101.0, 220.0, 320.0, 685.0, 1422.0, 175.0, 410.0, 257.0, 346.0, 208.0, 745.0, 452.0, 124.0, 132.0, 223.0, 381.0
37, 2013-01-14, Away, BOS, L, P, 11, U, 192, 0, 1609.0, 1766.0, 597.0, 1395.0, 88.0, 251.0, 327.0, 449.0, 216.0, 707.0, 331.0, 109.0, 101.0, 223.0, 324.0, 673.0, 1421.0, 167.0, 404.0, 253.0, 343.0, 216.0, 748.0, 438.0, 128.0, 133.0, 226.0, 380.0
38, 2013-01-15, Home, IND, L, L, 7.5, U, 185.5, 1, 1602.0, 1762.0, 599.0, 1391.0, 85.0, 240.0, 319.0, 441.0, 214.0, 702.0, 325.0, 111.0, 95.0, 221.0, 324.0, 674.0, 1417.0, 167.0, 405.0, 247.0, 340.0, 216.0, 744.0, 437.0, 125.0, 137.0, 224.0, 375.0
39, 2013-01-18, Away, ORL, W, W, 6.5, O, 197, 0, 1584.0, 1765.0, 589.0, 1381.0, 83.0, 233.0, 323.0, 447.0, 206.0, 689.0, 320.0, 115.0, 96.0, 220.0, 323.0, 673.0, 1419.0, 166.0, 404.0, 253.0, 343.0, 217.0, 756.0, 436.0, 124.0, 135.0, 229.0, 383.0
40, 2013-01-19, Home, SAC, L, L, 2.5, U, 204, 1, 1600.0, 1752.0, 592.0, 1381.0, 81.0, 224.0, 335.0, 465.0, 209.0, 701.0, 314.0, 114.0, 99.0, 216.0, 329.0, 667.0, 1423.0, 163.0, 406.0, 255.0, 341.0, 220.0, 751.0, 428.0, 119.0, 135.0, 230.0, 397.0
41, 2013-01-21, Home, HOU, L, W, 7, U, 208.5, 0, 1595.0, 1742.0, 587.0, 1375.0, 82.0, 227.0, 339.0, 474.0, 211.0, 708.0, 316.0, 118.0, 100.0, 218.0, 331.0, 661.0, 1425.0, 163.0, 407.0, 257.0, 343.0, 219.0, 747.0, 427.0, 124.0, 129.0, 227.0, 399.0
42, 2013-01-23, Home, ATL, L, L, 2.5, O, 191, 0, 1589.0, 1741.0, 583.0, 1361.0, 78.0, 218.0, 345.0, 476.0, 198.0, 694.0, 309.0, 118.0, 102.0, 218.0, 335.0, 655.0, 1411.0, 163.0, 405.0, 268.0, 357.0, 214.0, 746.0, 426.0, 125.0, 122.0, 229.0, 404.0
43, 2013-01-26, Home, MIN, W, L, -3, O, 193.5, 0, 1577.0, 1724.0, 574.0, 1351.0, 78.0, 223.0, 351.0, 483.0, 194.0, 693.0, 308.0, 123.0, 106.0, 221.0, 339.0, 651.0, 1413.0, 158.0, 402.0, 264.0, 358.0, 217.0, 758.0, 426.0, 125.0, 122.0, 234.0, 404.0
44, 2013-01-28, Away, CHI, L, W, 13, U, 185, 0, 1579.0, 1710.0, 578.0, 1334.0, 75.0, 213.0, 348.0, 474.0, 184.0, 687.0, 310.0, 123.0, 112.0, 231.0, 344.0, 644.0, 1405.0, 154.0, 395.0, 268.0, 365.0, 212.0, 740.0, 418.0, 129.0, 117.0, 239.0, 404.0
45, 2013-01-30, Away, SAS, L, L, 14.5, U, 205, 0, 1576.0, 1693.0, 577.0, 1328.0, 78.0, 205.0, 344.0, 465.0, 183.0, 684.0, 301.0, 118.0, 103.0, 230.0, 348.0, 632.0, 1391.0, 155.0, 393.0, 274.0, 375.0, 215.0, 742.0, 404.0, 126.0, 119.0, 238.0, 403.0
46, 2013-02-02, Away, HOU, L, L, 12, U, 208.5, 0, 1562.0, 1690.0, 573.0, 1323.0, 77.0, 210.0, 339.0, 454.0, 182.0, 674.0, 296.0, 124.0, 99.0, 237.0, 342.0, 633.0, 1379.0, 152.0, 386.0, 272.0, 371.0, 212.0, 733.0, 411.0, 133.0, 119.0, 248.0, 398.0
47, 2013-02-04, Away, MIA, L, W, 14, U, 198, 0, 1576.0, 1702.0, 578.0, 1329.0, 82.0, 219.0, 338.0, 446.0, 179.0, 673.0, 303.0, 125.0, 106.0, 238.0, 342.0, 641.0, 1385.0, 150.0, 379.0, 270.0, 368.0, 214.0, 740.0, 419.0, 131.0, 117.0, 250.0, 393.0
48, 2013-02-06, Away, CLE, L, L, 6, O, 205, 0, 1575.0, 1703.0, 573.0, 1330.0, 86.0, 234.0, 343.0, 446.0, 179.0, 671.0, 289.0, 125.0, 104.0, 236.0, 349.0, 647.0, 1384.0, 140.0, 367.0, 269.0, 369.0, 213.0, 741.0, 418.0, 127.0, 113.0, 246.0, 391.0
49, 2013-02-08, Home, LAL, L, L, 6.5, U, 206, 0, 1579.0, 1744.0, 577.0, 1339.0, 88.0, 239.0, 337.0, 433.0, 176.0, 656.0, 296.0, 122.0, 100.0, 231.0, 340.0, 666.0, 1382.0, 145.0, 375.0, 267.0, 364.0, 208.0, 737.0, 427.0, 120.0, 113.0, 241.0, 380.0
50, 2013-02-09, Away, PHI, L, L, 10, U, 186, 1, 1568.0, 1738.0, 578.0, 1346.0, 84.0, 236.0, 328.0, 424.0, 176.0, 659.0, 301.0, 127.0, 101.0, 227.0, 336.0, 663.0, 1384.0, 146.0, 385.0, 266.0, 360.0, 208.0, 743.0, 427.0, 117.0, 113.0, 241.0, 375.0
51, 2013-02-11, Home, BOS, W, W, 4.5, U, 191, 0, 1536.0, 1724.0, 565.0, 1342.0, 83.0, 239.0, 323.0, 418.0, 169.0, 654.0, 307.0, 119.0, 99.0, 223.0, 333.0, 662.0, 1397.0, 140.0, 375.0, 260.0, 351.0, 210.0, 759.0, 429.0, 114.0, 104.0, 230.0, 367.0
52, 2013-02-13, Away, IND, L, L, 11, U, 185, 0, 1528.0, 1703.0, 556.0, 1331.0, 87.0, 249.0, 329.0, 426.0, 166.0, 662.0, 303.0, 118.0, 99.0, 218.0, 332.0, 650.0, 1392.0, 136.0, 367.0, 267.0, 356.0, 208.0, 762.0, 425.0, 112.0, 100.0, 224.0, 369.0
53, 2013-02-19, Away, ORL, W, W, 5, U, 199, 0, 1527.0, 1705.0, 554.0, 1338.0, 89.0, 253.0, 330.0, 432.0, 167.0, 666.0, 303.0, 116.0, 103.0, 221.0, 338.0, 652.0, 1401.0, 130.0, 359.0, 271.0, 364.0, 205.0, 767.0, 424.0, 112.0, 103.0, 220.0, 368.0
54, 2013-02-20, Home, DET, L, L, 3.5, O, 195.5, 1, 1544.0, 1701.0, 556.0, 1341.0, 95.0, 270.0, 337.0, 443.0, 168.0, 673.0, 301.0, 117.0, 101.0, 223.0, 336.0, 651.0, 1401.0, 123.0, 356.0, 276.0, 369.0, 201.0, 765.0, 426.0, 108.0, 99.0, 220.0, 367.0
55, 2013-02-22, Home, CHI, L, L, 7, U, 185, 0, 1554.0, 1706.0, 559.0, 1351.0, 100.0, 280.0, 336.0, 440.0, 174.0, 685.0, 311.0, 112.0, 106.0, 218.0, 334.0, 652.0, 1402.0, 123.0, 352.0, 279.0, 372.0, 195.0, 765.0, 425.0, 106.0, 99.0, 215.0, 369.0
56, 2013-02-23, Home, DEN, L, L, 10, O, 208.5, 1, 1553.0, 1708.0, 559.0, 1354.0, 101.0, 287.0, 334.0, 445.0, 185.0, 699.0, 311.0, 106.0, 106.0, 219.0, 328.0, 658.0, 1398.0, 120.0, 344.0, 272.0, 364.0, 187.0, 751.0, 437.0, 107.0, 97.0, 205.0, 371.0
57, 2013-02-26, Away, LAC, L, L, 16, U, 197.5, 0, 1546.0, 1721.0, 559.0, 1357.0, 99.0, 286.0, 329.0, 437.0, 186.0, 693.0, 317.0, 109.0, 112.0, 227.0, 324.0, 665.0, 1402.0, 116.0, 332.0, 275.0, 365.0, 188.0, 755.0, 447.0, 115.0, 104.0, 208.0, 371.0
58, 2013-03-01, Away, UTA, L, L, 9, U, 194, 0, 1537.0, 1730.0, 561.0, 1366.0, 100.0, 287.0, 315.0, 413.0, 183.0, 692.0, 314.0, 110.0, 108.0, 230.0, 327.0, 669.0, 1397.0, 123.0, 336.0, 269.0, 370.0, 187.0, 759.0, 457.0, 120.0, 112.0, 212.0, 361.0
59, 2013-03-03, Away, SAC, L, L, 7.5, U, 209, 0, 1511.0, 1728.0, 555.0, 1366.0, 99.0, 290.0, 302.0, 401.0, 183.0, 676.0, 313.0, 115.0, 104.0, 232.0, 320.0, 678.0, 1401.0, 118.0, 323.0, 254.0, 352.0, 196.0, 774.0, 460.0, 121.0, 117.0, 221.0, 358.0
60, 2013-03-04, Away, POR, L, L, 13, O, 196.5, 1, 1502.0, 1743.0, 552.0, 1367.0, 99.0, 298.0, 299.0, 399.0, 176.0, 666.0, 315.0, 110.0, 99.0, 227.0, 323.0, 677.0, 1404.0, 119.0, 331.0, 270.0, 367.0, 201.0, 789.0, 455.0, 122.0, 115.0, 223.0, 359.0
61, 2013-03-06, Home, BRK, L, L, 10, U, 191.5, 0, 1505.0, 1764.0, 560.0, 1391.0, 95.0, 297.0, 290.0, 391.0, 189.0, 672.0, 315.0, 110.0, 91.0, 218.0, 317.0, 689.0, 1409.0, 121.0, 335.0, 265.0, 361.0, 205.0, 800.0, 461.0, 117.0, 120.0, 218.0, 351.0
62, 2013-03-08, Home, OKC, L, L, 14.5, O, 202, 0, 1498.0, 1770.0, 560.0, 1394.0, 93.0, 303.0, 285.0, 385.0, 184.0, 660.0, 324.0, 115.0, 89.0, 220.0, 318.0, 688.0, 1398.0, 127.0, 344.0, 267.0, 358.0, 196.0, 801.0, 462.0, 119.0, 116.0, 231.0, 347.0
63, 2013-03-09, Away, WAS, L, L, 10.5, O, 188, 1, 1514.0, 1784.0, 565.0, 1406.0, 96.0, 307.0, 288.0, 393.0, 189.0, 665.0, 336.0, 106.0, 93.0, 205.0, 317.0, 696.0, 1410.0, 130.0, 352.0, 262.0, 353.0, 202.0, 815.0, 462.0, 108.0, 119.0, 219.0, 346.0
64, 2013-03-12, Home, BOS, W, W, 10.5, U, 187, 0, 1506.0, 1779.0, 564.0, 1406.0, 93.0, 303.0, 285.0, 392.0, 187.0, 662.0, 337.0, 107.0, 88.0, 204.0, 315.0, 689.0, 1398.0, 133.0, 350.0, 268.0, 362.0, 197.0, 810.0, 458.0, 109.0, 119.0, 221.0, 353.0
65, 2013-03-15, Away, TOR, L, L, 12.5, U, 194.5, 0, 1512.0, 1754.0, 565.0, 1403.0, 91.0, 295.0, 291.0, 402.0, 191.0, 670.0, 344.0, 107.0, 86.0, 201.0, 309.0, 675.0, 1383.0, 136.0, 351.0, 268.0, 363.0, 191.0, 800.0, 450.0, 107.0, 118.0, 223.0, 356.0
66, 2013-03-16, Away, BOS, L, L, 15, O, 188.5, 1, 1495.0, 1724.0, 554.0, 1404.0, 91.0, 302.0, 296.0, 406.0, 197.0, 669.0, 337.0, 116.0, 84.0, 201.0, 317.0, 656.0, 1359.0, 130.0, 337.0, 282.0, 377.0, 191.0, 801.0, 433.0, 107.0, 121.0, 236.0, 359.0
67, 2013-03-18, Home, WAS, W, W, 7, O, 188.5, 0, 1490.0, 1729.0, 550.0, 1391.0, 94.0, 308.0, 296.0, 408.0, 195.0, 658.0, 330.0, 113.0, 87.0, 203.0, 314.0, 661.0, 1358.0, 132.0, 326.0, 275.0, 372.0, 195.0, 797.0, 438.0, 107.0, 119.0, 236.0, 363.0
68, 2013-03-20, Home, TOR, W, W, 6.5, O, 195.5, 0, 1533.0, 1756.0, 565.0, 1382.0, 101.0, 314.0, 302.0, 418.0, 191.0, 649.0, 342.0, 117.0, 89.0, 207.0, 317.0, 665.0, 1346.0, 136.0, 325.0, 290.0, 391.0, 193.0, 778.0, 441.0, 111.0, 122.0, 242.0, 370.0
69, 2013-03-23, Home, DET, L, L, -1, U, 199, 0, 1546.0, 1766.0, 567.0, 1380.0, 101.0, 312.0, 311.0, 428.0, 194.0, 644.0, 341.0, 121.0, 89.0, 209.0, 324.0, 668.0, 1352.0, 135.0, 333.0, 295.0, 391.0, 200.0, 779.0, 433.0, 112.0, 124.0, 248.0, 373.0
70, 2013-03-24, Away, MIA, L, L, 17, U, 198.5, 1, 1560.0, 1757.0, 573.0, 1373.0, 100.0, 313.0, 314.0, 425.0, 185.0, 640.0, 341.0, 126.0, 90.0, 207.0, 317.0, 663.0, 1336.0, 139.0, 340.0, 292.0, 386.0, 190.0, 766.0, 440.0, 113.0, 118.0, 256.0, 370.0
71, 2013-03-27, Home, ORL, W, W, -3, O, 201, 0, 1532.0, 1774.0, 565.0, 1381.0, 96.0, 314.0, 306.0, 416.0, 189.0, 640.0, 332.0, 128.0, 87.0, 204.0, 319.0, 664.0, 1323.0, 148.0, 345.0, 298.0, 392.0, 181.0, 768.0, 442.0, 115.0, 126.0, 252.0, 366.0
72, 2013-03-29, Away, NYK, L, W, 14, O, 197.5, 0, 1547.0, 1777.0, 573.0, 1377.0, 91.0, 309.0, 310.0, 423.0, 184.0, 637.0, 333.0, 130.0, 86.0, 206.0, 313.0, 668.0, 1326.0, 147.0, 347.0, 294.0, 387.0, 180.0, 760.0, 449.0, 117.0, 124.0, 253.0, 364.0
73, 2013-03-30, Away, PHI, L, W, 10, U, 194.5, 1, 1574.0, 1783.0, 582.0, 1375.0, 97.0, 319.0, 313.0, 419.0, 179.0, 626.0, 338.0, 135.0, 83.0, 211.0, 322.0, 664.0, 1320.0, 151.0, 352.0, 304.0, 397.0, 182.0, 751.0, 426.0, 119.0, 121.0, 260.0, 365.0
74, 2013-04-01, Away, MIL, L, L, 12, O, 205.5, 0, 1567.0, 1770.0, 583.0, 1369.0, 97.0, 316.0, 304.0, 412.0, 175.0, 624.0, 338.0, 132.0, 76.0, 205.0, 324.0, 658.0, 1310.0, 149.0, 349.0, 305.0, 402.0, 178.0, 744.0, 424.0, 115.0, 112.0, 253.0, 361.0
75, 2013-04-03, Home, PHI, W, W, 5, U, 196, 0, 1585.0, 1795.0, 587.0, 1361.0, 97.0, 319.0, 314.0, 426.0, 172.0, 619.0, 339.0, 130.0, 77.0, 209.0, 323.0, 668.0, 1334.0, 151.0, 354.0, 308.0, 393.0, 183.0, 746.0, 422.0, 111.0, 104.0, 248.0, 365.0
76, 2013-04-05, Home, MIA, L, L, 3.5, U, 191.5, 0, 1605.0, 1780.0, 594.0, 1361.0, 96.0, 315.0, 321.0, 430.0, 177.0, 645.0, 345.0, 131.0, 76.0, 214.0, 316.0, 663.0, 1350.0, 150.0, 354.0, 304.0, 386.0, 182.0, 731.0, 415.0, 115.0, 97.0, 241.0, 361.0
77, 2013-04-06, Away, BRK, L, W, 14.5, O, 196.5, 1, 1601.0, 1750.0, 594.0, 1372.0, 93.0, 308.0, 320.0, 425.0, 196.0, 660.0, 338.0, 136.0, 77.0, 214.0, 309.0, 652.0, 1329.0, 150.0, 354.0, 296.0, 376.0, 175.0, 712.0, 415.0, 113.0, 101.0, 243.0, 355.0
78, 2013-04-09, Away, MEM, L, L, 13.5, U, 183, 0, 1592.0, 1733.0, 585.0, 1355.0, 99.0, 319.0, 323.0, 430.0, 188.0, 659.0, 335.0, 135.0, 81.0, 221.0, 317.0, 642.0, 1327.0, 143.0, 351.0, 306.0, 389.0, 175.0, 711.0, 403.0, 118.0, 99.0, 240.0, 356.0
79, 2013-04-12, Away, DET, L, L, 7, O, 197, 0, 1589.0, 1728.0, 583.0, 1351.0, 97.0, 315.0, 326.0, 433.0, 193.0, 674.0, 327.0, 129.0, 84.0, 219.0, 313.0, 647.0, 1342.0, 133.0, 337.0, 301.0, 387.0, 181.0, 710.0, 397.0, 117.0, 96.0, 222.0, 356.0
80, 2013-04-13, Home, MIL, W, W, 4.5, U, 204.5, 1, 1588.0, 1725.0, 583.0, 1344.0, 99.0, 316.0, 323.0, 425.0, 188.0, 670.0, 320.0, 136.0, 83.0, 233.0, 315.0, 644.0, 1344.0, 133.0, 331.0, 304.0, 391.0, 184.0, 706.0, 400.0, 122.0, 91.0, 233.0, 357.0
81, 2013-04-15, Home, NYK, W, W, -1.5, O, 191.5, 0, 1596.0, 1706.0, 588.0, 1345.0, 98.0, 310.0, 322.0, 426.0, 192.0, 690.0, 324.0, 134.0, 86.0, 235.0, 312.0, 643.0, 1361.0, 132.0, 342.0, 288.0, 371.0, 184.0, 697.0, 400.0, 122.0, 89.0, 229.0, 351.0
82, 2013-04-17, Home, CLE, W, W, -2.5, O, 202.5, 0, 1602.0, 1727.0, 596.0, 1342.0, 99.0, 311.0, 311.0, 410.0, 180.0, 679.0, 339.0, 130.0, 89.0, 236.0, 309.0, 650.0, 1374.0, 142.0, 366.0, 285.0, 359.0, 181.0, 693.0, 412.0, 123.0, 86.0, 224.0, 345.0
