6, 2012-11-13, Home, WAS, W, W, -2, U, 191, 0, 499.0, 536.0, 188.0, 441.0, 30.0, 99.0, 93.0, 121.0, 76.0, 212.0, 95.0, 46.0, 38.0, 61.0, 97.0, 200.0, 418.0, 52.0, 119.0, 84.0, 121.0, 65.0, 228.0, 129.0, 33.0, 37.0, 79.0, 102.0
7, 2012-11-14, Away, MIN, W, W, 6.5, U, 182, 1, 501.0, 523.0, 188.0, 434.0, 26.0, 93.0, 99.0, 129.0, 79.0, 221.0, 94.0, 44.0, 36.0, 63.0, 95.0, 192.0, 419.0, 50.0, 124.0, 89.0, 126.0, 69.0, 226.0, 128.0, 33.0, 42.0, 79.0, 110.0
8, 2012-11-17, Home, MEM, L, L, 6.5, U, 190.5, 0, 491.0, 484.0, 187.0, 427.0, 27.0, 92.0, 90.0, 119.0, 73.0, 226.0, 90.0, 42.0, 46.0, 68.0, 107.0, 174.0, 420.0, 39.0, 118.0, 97.0, 148.0, 80.0, 236.0, 117.0, 34.0, 46.0, 74.0, 101.0
9, 2012-11-19, Home, MIL, W, W, 4.5, O, 197, 0, 468.0, 461.0, 181.0, 425.0, 21.0, 83.0, 85.0, 120.0, 73.0, 233.0, 81.0, 45.0, 39.0, 72.0, 112.0, 162.0, 407.0, 29.0, 105.0, 108.0, 154.0, 70.0, 230.0, 105.0, 36.0, 42.0, 76.0, 100.0
10, 2012-11-21, Home, TOR, W, L, -2.5, O, 192.5, 0, 471.0, 452.0, 177.0, 424.0, 17.0, 73.0, 100.0, 132.0, 69.0, 236.0, 86.0, 45.0, 35.0, 76.0, 109.0, 163.0, 417.0, 23.0, 99.0, 103.0, 144.0, 66.0, 229.0, 102.0, 36.0, 47.0, 81.0, 112.0
11, 2012-11-23, Home, ATL, L, L, 3.5, O, 190.5, 0, 468.0, 452.0, 173.0, 415.0, 17.0, 72.0, 105.0, 132.0, 57.0, 220.0, 92.0, 40.0, 38.0, 71.0, 106.0, 168.0, 418.0, 23.0, 103.0, 93.0, 134.0, 67.0, 222.0, 104.0, 32.0, 48.0, 76.0, 113.0
12, 2012-11-24, Away, WAS, W, W, 4.5, O, 188.5, 1, 467.0, 477.0, 173.0, 420.0, 22.0, 81.0, 99.0, 126.0, 51.0, 206.0, 92.0, 48.0, 40.0, 72.0, 101.0, 185.0, 412.0, 29.0, 94.0, 78.0, 116.0, 56.0, 213.0, 115.0, 33.0, 53.0, 80.0, 107.0
13, 2012-11-26, Away, OKC, L, L, 11.5, U, 201, 0, 486.0, 496.0, 169.0, 419.0, 30.0, 93.0, 118.0, 148.0, 47.0, 203.0, 97.0, 49.0, 33.0, 74.0, 108.0, 188.0, 424.0, 30.0, 102.0, 90.0, 118.0, 55.0, 213.0, 116.0, 37.0, 47.0, 82.0, 121.0
14, 2012-11-28, Away, ATL, L, W, 9, U, 193, 0, 468.0, 516.0, 160.0, 413.0, 32.0, 102.0, 116.0, 142.0, 43.0, 194.0, 92.0, 51.0, 32.0, 69.0, 102.0, 197.0, 422.0, 41.0, 115.0, 81.0, 107.0, 52.0, 223.0, 130.0, 30.0, 47.0, 82.0, 119.0
15, 2012-11-30, Home, PHI, L, L, 3.5, O, 188, 0, 457.0, 512.0, 154.0, 407.0, 41.0, 115.0, 108.0, 135.0, 41.0, 195.0, 88.0, 50.0, 34.0, 69.0, 109.0, 189.0, 419.0, 51.0, 131.0, 83.0, 111.0, 58.0, 228.0, 132.0, 34.0, 44.0, 77.0, 110.0
16, 2012-12-03, Home, POR, L, L, -1.5, O, 191.5, 0, 457.0, 519.0, 157.0, 404.0, 46.0, 113.0, 97.0, 125.0, 45.0, 199.0, 92.0, 48.0, 31.0, 67.0, 98.0, 196.0, 425.0, 50.0, 125.0, 77.0, 101.0, 62.0, 231.0, 135.0, 34.0, 42.0, 73.0, 103.0
17, 2012-12-05, Home, NYK, L, W, 7.5, P, 198, 0, 478.0, 536.0, 167.0, 409.0, 51.0, 118.0, 93.0, 121.0, 47.0, 204.0, 103.0, 38.0, 28.0, 69.0, 102.0, 197.0, 439.0, 51.0, 138.0, 91.0, 113.0, 68.0, 238.0, 134.0, 36.0, 34.0, 65.0, 105.0
18, 2012-12-07, Away, MIL, L, L, 7, O, 197, 0, 468.0, 530.0, 172.0, 409.0, 46.0, 106.0, 78.0, 100.0, 54.0, 214.0, 109.0, 28.0, 27.0, 64.0, 83.0, 202.0, 438.0, 58.0, 152.0, 68.0, 87.0, 60.0, 221.0, 136.0, 34.0, 37.0, 54.0, 95.0
19, 2012-12-08, Home, SAS, L, L, 9.5, O, 200.5, 1, 492.0, 524.0, 185.0, 411.0, 43.0, 97.0, 79.0, 110.0, 57.0, 222.0, 115.0, 28.0, 29.0, 64.0, 87.0, 200.0, 454.0, 51.0, 139.0, 73.0, 96.0, 74.0, 226.0, 125.0, 36.0, 44.0, 50.0, 91.0
20, 2012-12-10, Home, GSW, L, L, 4.5, U, 202, 0, 503.0, 562.0, 192.0, 414.0, 37.0, 88.0, 82.0, 118.0, 55.0, 207.0, 115.0, 28.0, 29.0, 59.0, 82.0, 214.0, 454.0, 58.0, 141.0, 76.0, 96.0, 68.0, 227.0, 135.0, 34.0, 40.0, 52.0, 95.0
21, 2012-12-12, Home, LAC, L, W, 8, U, 200.5, 0, 501.0, 562.0, 184.0, 414.0, 38.0, 97.0, 95.0, 132.0, 54.0, 205.0, 111.0, 29.0, 33.0, 64.0, 92.0, 208.0, 452.0, 58.0, 144.0, 88.0, 109.0, 69.0, 234.0, 137.0, 38.0, 38.0, 58.0, 103.0
22, 2012-12-13, Away, ATL, L, L, 10, O, 191, 1, 483.0, 544.0, 178.0, 408.0, 30.0, 86.0, 97.0, 134.0, 57.0, 208.0, 101.0, 27.0, 32.0, 61.0, 97.0, 202.0, 445.0, 55.0, 132.0, 85.0, 108.0, 73.0, 234.0, 135.0, 36.0, 42.0, 56.0, 99.0
23, 2012-12-15, Home, ORL, L, L, -1.5, O, 192.5, 0, 475.0, 557.0, 173.0, 404.0, 29.0, 91.0, 100.0, 139.0, 53.0, 189.0, 97.0, 31.0, 29.0, 63.0, 101.0, 206.0, 428.0, 56.0, 120.0, 89.0, 118.0, 70.0, 239.0, 140.0, 35.0, 37.0, 61.0, 95.0
24, 2012-12-18, Away, LAL, L, W, 12.5, U, 206, 0, 480.0, 556.0, 173.0, 401.0, 30.0, 90.0, 104.0, 136.0, 47.0, 175.0, 97.0, 26.0, 30.0, 63.0, 94.0, 211.0, 413.0, 55.0, 123.0, 79.0, 105.0, 58.0, 223.0, 145.0, 31.0, 31.0, 65.0, 103.0
25, 2012-12-19, Away, PHO, L, L, 9, O, 198.5, 1, 478.0, 525.0, 174.0, 417.0, 34.0, 99.0, 96.0, 127.0, 61.0, 199.0, 103.0, 25.0, 31.0, 62.0, 101.0, 196.0, 411.0, 46.0, 120.0, 87.0, 117.0, 65.0, 226.0, 128.0, 30.0, 36.0, 65.0, 99.0
26, 2012-12-21, Away, GSW, L, L, 10.5, O, 205, 0, 486.0, 542.0, 183.0, 420.0, 31.0, 83.0, 89.0, 117.0, 64.0, 202.0, 101.0, 25.0, 25.0, 62.0, 92.0, 205.0, 412.0, 55.0, 128.0, 77.0, 105.0, 61.0, 213.0, 131.0, 28.0, 38.0, 60.0, 95.0
27, 2012-12-22, Away, DEN, L, L, 15.5, U, 210, 1, 492.0, 557.0, 181.0, 428.0, 34.0, 88.0, 96.0, 128.0, 70.0, 202.0, 102.0, 26.0, 24.0, 57.0, 85.0, 212.0, 412.0, 60.0, 132.0, 73.0, 96.0, 56.0, 213.0, 136.0, 26.0, 36.0, 60.0, 103.0
28, 2012-12-26, Home, MIA, L, L, 9, U, 201, 0, 490.0, 554.0, 180.0, 436.0, 31.0, 87.0, 99.0, 138.0, 74.0, 215.0, 101.0, 28.0, 37.0, 54.0, 83.0, 216.0, 429.0, 52.0, 123.0, 70.0, 88.0, 61.0, 218.0, 144.0, 26.0, 45.0, 59.0, 110.0
29, 2012-12-28, Away, BRK, L, L, 9.5, U, 195.5, 0, 484.0, 552.0, 178.0, 436.0, 32.0, 89.0, 96.0, 137.0, 76.0, 226.0, 101.0, 30.0, 36.0, 59.0, 89.0, 210.0, 431.0, 59.0, 129.0, 73.0, 94.0, 59.0, 219.0, 140.0, 34.0, 42.0, 58.0, 110.0
30, 2012-12-29, Home, NOH, L, W, 3.5, O, 190, 1, 465.0, 548.0, 168.0, 414.0, 25.0, 75.0, 104.0, 147.0, 67.0, 208.0, 88.0, 31.0, 28.0, 61.0, 89.0, 209.0, 419.0, 58.0, 125.0, 72.0, 93.0, 55.0, 214.0, 138.0, 35.0, 39.0, 59.0, 116.0
31, 2012-12-31, Away, CHI, W, W, 11.5, U, 188.5, 0, 456.0, 525.0, 167.0, 407.0, 23.0, 75.0, 99.0, 145.0, 64.0, 208.0, 96.0, 33.0, 31.0, 61.0, 95.0, 197.0, 416.0, 52.0, 121.0, 79.0, 105.0, 58.0, 219.0, 131.0, 38.0, 42.0, 63.0, 114.0
32, 2013-01-04, Home, CLE, L, L, -1.5, O, 196.5, 0, 447.0, 491.0, 167.0, 387.0, 19.0, 64.0, 94.0, 148.0, 58.0, 216.0, 91.0, 36.0, 36.0, 72.0, 97.0, 186.0, 425.0, 42.0, 110.0, 77.0, 107.0, 61.0, 220.0, 124.0, 47.0, 38.0, 63.0, 121.0
33, 2013-01-06, Away, DET, W, W, 8, O, 194, 0, 463.0, 487.0, 171.0, 382.0, 24.0, 61.0, 97.0, 146.0, 54.0, 215.0, 95.0, 33.0, 25.0, 75.0, 105.0, 178.0, 411.0, 43.0, 106.0, 88.0, 121.0, 55.0, 214.0, 111.0, 48.0, 36.0, 64.0, 122.0
34, 2013-01-09, Home, UTA, L, L, 4.5, O, 199, 0, 479.0, 483.0, 177.0, 396.0, 22.0, 60.0, 103.0, 147.0, 63.0, 218.0, 91.0, 40.0, 24.0, 70.0, 103.0, 181.0, 410.0, 39.0, 109.0, 82.0, 115.0, 60.0, 214.0, 112.0, 44.0, 42.0, 73.0, 124.0
35, 2013-01-11, Away, TOR, L, L, 8, U, 195, 0, 500.0, 498.0, 191.0, 411.0, 23.0, 58.0, 95.0, 137.0, 64.0, 221.0, 106.0, 41.0, 31.0, 73.0, 100.0, 191.0, 416.0, 40.0, 104.0, 76.0, 110.0, 58.0, 212.0, 123.0, 45.0, 46.0, 77.0, 122.0
36, 2013-01-12, Away, IND, L, W, 11.5, U, 185, 1, 483.0, 499.0, 180.0, 407.0, 22.0, 60.0, 101.0, 139.0, 67.0, 220.0, 93.0, 40.0, 28.0, 71.0, 97.0, 195.0, 420.0, 41.0, 107.0, 68.0, 98.0, 66.0, 222.0, 124.0, 42.0, 43.0, 73.0, 124.0
37, 2013-01-14, Away, BOS, L, P, 11, U, 192, 0, 480.0, 514.0, 183.0, 415.0, 21.0, 57.0, 93.0, 117.0, 64.0, 206.0, 99.0, 37.0, 26.0, 67.0, 98.0, 200.0, 415.0, 48.0, 119.0, 66.0, 92.0, 68.0, 221.0, 124.0, 40.0, 44.0, 76.0, 114.0
38, 2013-01-15, Home, IND, L, L, 7.5, U, 185.5, 1, 465.0, 508.0, 179.0, 412.0, 19.0, 55.0, 88.0, 113.0, 66.0, 197.0, 89.0, 40.0, 27.0, 66.0, 94.0, 200.0, 417.0, 49.0, 124.0, 59.0, 83.0, 76.0, 223.0, 128.0, 37.0, 42.0, 77.0, 113.0
39, 2013-01-18, Away, ORL, W, W, 6.5, O, 197, 0, 433.0, 510.0, 164.0, 392.0, 19.0, 51.0, 86.0, 114.0, 51.0, 183.0, 88.0, 35.0, 28.0, 66.0, 97.0, 196.0, 424.0, 49.0, 120.0, 69.0, 92.0, 80.0, 239.0, 131.0, 37.0, 40.0, 71.0, 110.0
40, 2013-01-19, Home, SAC, L, L, 2.5, U, 204, 1, 437.0, 498.0, 159.0, 383.0, 19.0, 55.0, 100.0, 130.0, 49.0, 187.0, 78.0, 33.0, 25.0, 61.0, 101.0, 189.0, 421.0, 50.0, 129.0, 70.0, 92.0, 80.0, 234.0, 121.0, 32.0, 32.0, 69.0, 116.0
41, 2013-01-21, Home, HOU, L, W, 7, U, 208.5, 0, 452.0, 496.0, 162.0, 380.0, 21.0, 58.0, 107.0, 146.0, 44.0, 184.0, 84.0, 34.0, 29.0, 61.0, 105.0, 187.0, 416.0, 43.0, 120.0, 79.0, 102.0, 69.0, 225.0, 120.0, 31.0, 28.0, 69.0, 121.0
42, 2013-01-23, Home, ATL, L, L, 2.5, O, 191, 0, 458.0, 500.0, 160.0, 383.0, 24.0, 66.0, 114.0, 154.0, 43.0, 186.0, 81.0, 34.0, 32.0, 57.0, 112.0, 178.0, 401.0, 42.0, 121.0, 102.0, 131.0, 63.0, 224.0, 116.0, 27.0, 25.0, 68.0, 123.0
43, 2013-01-26, Home, MIN, W, L, -3, O, 193.5, 0, 461.0, 504.0, 158.0, 380.0, 24.0, 66.0, 121.0, 159.0, 44.0, 193.0, 84.0, 37.0, 36.0, 62.0, 107.0, 182.0, 408.0, 46.0, 125.0, 94.0, 123.0, 62.0, 227.0, 120.0, 28.0, 23.0, 70.0, 124.0
44, 2013-01-28, Away, CHI, L, W, 13, U, 185, 0, 487.0, 502.0, 170.0, 381.0, 26.0, 68.0, 121.0, 155.0, 48.0, 200.0, 92.0, 34.0, 40.0, 68.0, 106.0, 183.0, 398.0, 48.0, 123.0, 88.0, 118.0, 51.0, 197.0, 118.0, 31.0, 18.0, 70.0, 124.0
45, 2013-01-30, Away, SAS, L, L, 14.5, U, 205, 0, 466.0, 495.0, 165.0, 383.0, 28.0, 68.0, 108.0, 138.0, 48.0, 198.0, 88.0, 32.0, 41.0, 68.0, 102.0, 181.0, 397.0, 44.0, 110.0, 89.0, 122.0, 56.0, 209.0, 120.0, 33.0, 29.0, 67.0, 116.0
46, 2013-02-02, Away, HOU, L, L, 12, U, 208.5, 0, 451.0, 500.0, 164.0, 384.0, 27.0, 72.0, 96.0, 117.0, 47.0, 192.0, 81.0, 36.0, 35.0, 78.0, 100.0, 182.0, 385.0, 48.0, 108.0, 88.0, 122.0, 52.0, 205.0, 124.0, 43.0, 32.0, 79.0, 109.0
47, 2013-02-04, Away, MIA, L, W, 14, U, 198, 0, 452.0, 509.0, 163.0, 382.0, 29.0, 76.0, 97.0, 117.0, 48.0, 187.0, 82.0, 38.0, 32.0, 81.0, 96.0, 195.0, 393.0, 45.0, 99.0, 74.0, 104.0, 55.0, 208.0, 131.0, 41.0, 34.0, 80.0, 105.0
48, 2013-02-06, Away, CLE, L, L, 6, O, 205, 0, 454.0, 504.0, 166.0, 386.0, 31.0, 86.0, 91.0, 108.0, 49.0, 186.0, 77.0, 35.0, 29.0, 76.0, 105.0, 193.0, 387.0, 34.0, 86.0, 84.0, 116.0, 54.0, 202.0, 123.0, 40.0, 33.0, 75.0, 101.0
49, 2013-02-08, Home, LAL, L, L, 6.5, U, 206, 0, 447.0, 525.0, 166.0, 392.0, 32.0, 90.0, 83.0, 107.0, 50.0, 185.0, 77.0, 35.0, 24.0, 72.0, 93.0, 208.0, 402.0, 33.0, 90.0, 76.0, 106.0, 57.0, 217.0, 133.0, 38.0, 34.0, 65.0, 97.0
50, 2013-02-09, Away, PHI, L, L, 10, U, 186, 1, 455.0, 532.0, 172.0, 400.0, 30.0, 92.0, 81.0, 105.0, 47.0, 190.0, 95.0, 42.0, 23.0, 72.0, 93.0, 209.0, 404.0, 34.0, 98.0, 80.0, 106.0, 48.0, 215.0, 134.0, 39.0, 30.0, 67.0, 94.0
51, 2013-02-11, Home, BOS, W, W, 4.5, U, 191, 0, 453.0, 517.0, 169.0, 415.0, 28.0, 89.0, 87.0, 111.0, 50.0, 198.0, 102.0, 35.0, 24.0, 56.0, 94.0, 210.0, 428.0, 27.0, 98.0, 70.0, 95.0, 58.0, 240.0, 130.0, 25.0, 27.0, 55.0, 93.0
52, 2013-02-13, Away, IND, L, L, 11, U, 185, 0, 452.0, 499.0, 169.0, 413.0, 28.0, 88.0, 86.0, 117.0, 51.0, 210.0, 106.0, 34.0, 24.0, 53.0, 90.0, 200.0, 423.0, 26.0, 92.0, 73.0, 98.0, 52.0, 234.0, 129.0, 26.0, 29.0, 51.0, 98.0
53, 2013-02-19, Away, ORL, W, W, 5, U, 199, 0, 435.0, 501.0, 161.0, 415.0, 25.0, 79.0, 88.0, 125.0, 55.0, 215.0, 107.0, 31.0, 27.0, 56.0, 86.0, 200.0, 437.0, 31.0, 99.0, 70.0, 93.0, 58.0, 248.0, 130.0, 27.0, 33.0, 47.0, 101.0
54, 2013-02-20, Home, DET, L, L, 3.5, O, 195.5, 1, 445.0, 471.0, 162.0, 417.0, 28.0, 88.0, 93.0, 127.0, 56.0, 223.0, 104.0, 32.0, 27.0, 59.0, 94.0, 185.0, 434.0, 26.0, 100.0, 75.0, 97.0, 61.0, 249.0, 123.0, 28.0, 30.0, 55.0, 101.0
55, 2013-02-22, Home, CHI, L, L, 7, U, 185, 0, 451.0, 476.0, 160.0, 417.0, 35.0, 99.0, 96.0, 129.0, 64.0, 223.0, 99.0, 25.0, 32.0, 57.0, 92.0, 189.0, 435.0, 26.0, 91.0, 72.0, 95.0, 63.0, 245.0, 126.0, 26.0, 28.0, 51.0, 107.0
56, 2013-02-23, Home, DEN, L, L, 10, O, 208.5, 1, 450.0, 494.0, 158.0, 404.0, 37.0, 99.0, 97.0, 141.0, 67.0, 228.0, 92.0, 22.0, 35.0, 62.0, 92.0, 192.0, 425.0, 29.0, 89.0, 81.0, 105.0, 57.0, 231.0, 139.0, 30.0, 33.0, 46.0, 114.0
57, 2013-02-26, Away, LAC, L, L, 16, U, 197.5, 0, 455.0, 516.0, 162.0, 409.0, 31.0, 92.0, 100.0, 141.0, 69.0, 218.0, 92.0, 24.0, 38.0, 70.0, 93.0, 204.0, 431.0, 30.0, 94.0, 78.0, 101.0, 60.0, 227.0, 143.0, 35.0, 36.0, 53.0, 118.0
58, 2013-03-01, Away, UTA, L, L, 9, U, 194, 0, 462.0, 521.0, 169.0, 408.0, 32.0, 92.0, 92.0, 127.0, 60.0, 210.0, 95.0, 28.0, 34.0, 70.0, 94.0, 204.0, 412.0, 36.0, 97.0, 77.0, 108.0, 51.0, 217.0, 153.0, 39.0, 37.0, 61.0, 114.0
59, 2013-03-03, Away, SAC, L, L, 7.5, U, 209, 0, 425.0, 527.0, 159.0, 408.0, 28.0, 86.0, 79.0, 112.0, 58.0, 189.0, 93.0, 32.0, 35.0, 66.0, 96.0, 205.0, 401.0, 37.0, 88.0, 80.0, 114.0, 58.0, 233.0, 150.0, 40.0, 43.0, 69.0, 114.0
60, 2013-03-04, Away, POR, L, L, 13, O, 196.5, 1, 409.0, 541.0, 151.0, 396.0, 23.0, 84.0, 84.0, 118.0, 46.0, 174.0, 88.0, 35.0, 29.0, 71.0, 96.0, 207.0, 410.0, 42.0, 104.0, 85.0, 118.0, 68.0, 251.0, 150.0, 44.0, 39.0, 78.0, 114.0
61, 2013-03-06, Home, BRK, L, L, 10, U, 191.5, 0, 439.0, 558.0, 171.0, 418.0, 20.0, 78.0, 77.0, 101.0, 52.0, 173.0, 96.0, 38.0, 25.0, 67.0, 95.0, 214.0, 409.0, 49.0, 114.0, 81.0, 115.0, 69.0, 246.0, 142.0, 41.0, 41.0, 83.0, 104.0
62, 2013-03-08, Home, OKC, L, L, 14.5, O, 202, 0, 418.0, 544.0, 166.0, 420.0, 22.0, 85.0, 64.0, 86.0, 46.0, 165.0, 95.0, 38.0, 18.0, 61.0, 96.0, 204.0, 393.0, 55.0, 122.0, 81.0, 115.0, 64.0, 255.0, 135.0, 37.0, 41.0, 90.0, 92.0
63, 2013-03-09, Away, WAS, L, L, 10.5, O, 188, 1, 428.0, 554.0, 168.0, 424.0, 23.0, 92.0, 69.0, 97.0, 53.0, 165.0, 103.0, 32.0, 20.0, 53.0, 90.0, 209.0, 398.0, 55.0, 124.0, 81.0, 105.0, 67.0, 261.0, 129.0, 31.0, 39.0, 86.0, 94.0
64, 2013-03-12, Home, BOS, W, W, 10.5, U, 187, 0, 447.0, 560.0, 172.0, 422.0, 23.0, 89.0, 80.0, 108.0, 52.0, 173.0, 106.0, 30.0, 16.0, 53.0, 91.0, 206.0, 390.0, 60.0, 126.0, 88.0, 114.0, 56.0, 244.0, 129.0, 29.0, 36.0, 80.0, 100.0
65, 2013-03-15, Away, TOR, L, L, 12.5, U, 194.5, 0, 464.0, 515.0, 179.0, 422.0, 23.0, 83.0, 83.0, 111.0, 64.0, 190.0, 106.0, 32.0, 16.0, 50.0, 91.0, 191.0, 366.0, 51.0, 106.0, 82.0, 112.0, 44.0, 213.0, 118.0, 25.0, 36.0, 75.0, 98.0
66, 2013-03-16, Away, BOS, L, L, 15, O, 188.5, 1, 437.0, 485.0, 160.0, 405.0, 28.0, 95.0, 89.0, 122.0, 58.0, 182.0, 99.0, 41.0, 17.0, 55.0, 93.0, 175.0, 352.0, 42.0, 92.0, 93.0, 122.0, 43.0, 218.0, 105.0, 28.0, 35.0, 83.0, 105.0
67, 2013-03-18, Home, WAS, W, W, 7, O, 188.5, 0, 447.0, 491.0, 162.0, 397.0, 31.0, 97.0, 92.0, 128.0, 58.0, 188.0, 101.0, 40.0, 21.0, 55.0, 89.0, 182.0, 364.0, 39.0, 80.0, 88.0, 120.0, 47.0, 211.0, 110.0, 27.0, 33.0, 72.0, 110.0
68, 2013-03-20, Home, TOR, W, W, 6.5, O, 195.5, 0, 472.0, 489.0, 169.0, 391.0, 33.0, 96.0, 101.0, 136.0, 52.0, 182.0, 108.0, 46.0, 20.0, 58.0, 94.0, 179.0, 364.0, 33.0, 71.0, 98.0, 133.0, 49.0, 203.0, 109.0, 28.0, 30.0, 78.0, 117.0
69, 2013-03-23, Home, DET, L, L, -1, U, 199, 0, 492.0, 486.0, 172.0, 387.0, 36.0, 97.0, 112.0, 153.0, 58.0, 192.0, 110.0, 48.0, 25.0, 58.0, 99.0, 179.0, 377.0, 28.0, 75.0, 100.0, 127.0, 55.0, 203.0, 104.0, 29.0, 34.0, 78.0, 118.0
70, 2013-03-24, Away, MIA, L, L, 17, U, 198.5, 1, 483.0, 504.0, 169.0, 385.0, 34.0, 97.0, 111.0, 148.0, 49.0, 185.0, 104.0, 50.0, 31.0, 62.0, 94.0, 188.0, 390.0, 34.0, 88.0, 94.0, 116.0, 57.0, 214.0, 120.0, 33.0, 33.0, 80.0, 115.0
71, 2013-03-27, Home, ORL, W, W, -3, O, 201, 0, 482.0, 521.0, 173.0, 394.0, 33.0, 100.0, 103.0, 137.0, 48.0, 194.0, 99.0, 44.0, 30.0, 62.0, 96.0, 193.0, 398.0, 44.0, 108.0, 91.0, 112.0, 51.0, 216.0, 132.0, 36.0, 35.0, 71.0, 108.0
72, 2013-03-29, Away, NYK, L, W, 14, O, 197.5, 0, 508.0, 524.0, 183.0, 403.0, 32.0, 100.0, 110.0, 144.0, 53.0, 202.0, 102.0, 42.0, 31.0, 60.0, 91.0, 196.0, 403.0, 41.0, 112.0, 91.0, 110.0, 48.0, 208.0, 137.0, 36.0, 33.0, 68.0, 108.0
73, 2013-03-30, Away, PHI, L, W, 10, U, 194.5, 1, 491.0, 521.0, 175.0, 397.0, 33.0, 104.0, 108.0, 142.0, 55.0, 205.0, 88.0, 40.0, 29.0, 66.0, 97.0, 191.0, 399.0, 44.0, 116.0, 95.0, 111.0, 46.0, 204.0, 124.0, 38.0, 32.0, 64.0, 109.0
74, 2013-04-01, Away, MIL, L, L, 12, O, 205.5, 0, 476.0, 520.0, 178.0, 398.0, 27.0, 96.0, 93.0, 125.0, 50.0, 198.0, 89.0, 35.0, 25.0, 66.0, 93.0, 194.0, 389.0, 44.0, 110.0, 88.0, 112.0, 38.0, 192.0, 134.0, 38.0, 24.0, 58.0, 106.0
75, 2013-04-03, Home, PHI, W, W, 5, U, 196, 0, 487.0, 559.0, 183.0, 396.0, 29.0, 98.0, 92.0, 128.0, 47.0, 189.0, 93.0, 32.0, 21.0, 72.0, 100.0, 209.0, 410.0, 48.0, 111.0, 93.0, 115.0, 44.0, 197.0, 135.0, 37.0, 23.0, 53.0, 109.0
76, 2013-04-05, Home, MIA, L, L, 3.5, U, 191.5, 0, 498.0, 533.0, 188.0, 388.0, 28.0, 87.0, 94.0, 126.0, 46.0, 194.0, 106.0, 35.0, 24.0, 76.0, 93.0, 204.0, 428.0, 39.0, 97.0, 86.0, 108.0, 59.0, 196.0, 123.0, 40.0, 14.0, 58.0, 109.0
77, 2013-04-06, Away, BRK, L, W, 14.5, O, 196.5, 1, 463.0, 514.0, 172.0, 391.0, 25.0, 83.0, 94.0, 120.0, 58.0, 197.0, 93.0, 41.0, 20.0, 79.0, 92.0, 191.0, 413.0, 45.0, 111.0, 87.0, 107.0, 63.0, 203.0, 116.0, 40.0, 16.0, 68.0, 105.0
78, 2013-04-09, Away, MEM, L, L, 13.5, U, 183, 0, 457.0, 508.0, 174.0, 398.0, 22.0, 78.0, 87.0, 112.0, 61.0, 206.0, 93.0, 38.0, 23.0, 77.0, 90.0, 192.0, 416.0, 41.0, 113.0, 83.0, 107.0, 62.0, 206.0, 119.0, 40.0, 19.0, 63.0, 95.0
79, 2013-04-12, Away, DET, L, L, 7, O, 197, 0, 440.0, 502.0, 166.0, 402.0, 22.0, 84.0, 86.0, 107.0, 64.0, 215.0, 84.0, 35.0, 26.0, 75.0, 85.0, 193.0, 425.0, 39.0, 110.0, 77.0, 100.0, 67.0, 221.0, 108.0, 39.0, 25.0, 59.0, 87.0
80, 2013-04-13, Home, MIL, W, W, 4.5, U, 204.5, 1, 431.0, 484.0, 164.0, 407.0, 25.0, 89.0, 78.0, 96.0, 69.0, 216.0, 84.0, 38.0, 26.0, 77.0, 82.0, 185.0, 408.0, 37.0, 101.0, 77.0, 103.0, 68.0, 221.0, 107.0, 42.0, 26.0, 71.0, 86.0
81, 2013-04-15, Home, NYK, W, W, -1.5, O, 191.5, 0, 438.0, 486.0, 166.0, 406.0, 25.0, 84.0, 81.0, 104.0, 67.0, 218.0, 85.0, 33.0, 26.0, 74.0, 87.0, 186.0, 401.0, 42.0, 114.0, 72.0, 99.0, 58.0, 210.0, 114.0, 36.0, 28.0, 68.0, 90.0
82, 2013-04-17, Home, CLE, W, W, -2.5, O, 202.5, 0, 465.0, 492.0, 181.0, 392.0, 29.0, 86.0, 74.0, 96.0, 48.0, 209.0, 107.0, 26.0, 28.0, 72.0, 91.0, 189.0, 411.0, 43.0, 118.0, 71.0, 95.0, 50.0, 194.0, 115.0, 35.0, 21.0, 56.0, 88.0
