18, 2013-12-05, Home, LAC, L, L, 1, U, 192.5, 0, 1607.0, 1626.0, 631.0, 1367.0, 76.0, 233.0, 269.0, 348.0, 173.0, 699.0, 382.0, 121.0, 75.0, 228.0, 345.0, 609.0, 1346.0, 125.0, 353.0, 283.0, 373.0, 176.0, 685.0, 334.0, 119.0, 87.0, 236.0, 336.0
19, 2013-12-07, Home, GSW, L, L, 2, U, 192.5, 0, 1594.0, 1626.0, 621.0, 1351.0, 71.0, 231.0, 281.0, 359.0, 173.0, 693.0, 374.0, 123.0, 73.0, 230.0, 349.0, 607.0, 1350.0, 125.0, 353.0, 287.0, 375.0, 182.0, 685.0, 331.0, 122.0, 86.0, 236.0, 342.0
20, 2013-12-09, Home, ORL, W, W, -8.5, U, 188, 0, 1565.0, 1626.0, 612.0, 1359.0, 67.0, 223.0, 274.0, 351.0, 184.0, 695.0, 362.0, 118.0, 75.0, 218.0, 338.0, 609.0, 1349.0, 126.0, 350.0, 282.0, 365.0, 182.0, 691.0, 334.0, 118.0, 85.0, 227.0, 336.0
21, 2013-12-11, Home, OKC, L, L, 6, O, 190.5, 0, 1560.0, 1600.0, 611.0, 1358.0, 74.0, 224.0, 264.0, 342.0, 178.0, 696.0, 365.0, 116.0, 77.0, 215.0, 325.0, 607.0, 1344.0, 125.0, 353.0, 261.0, 339.0, 171.0, 681.0, 328.0, 113.0, 89.0, 228.0, 331.0
22, 2013-12-13, Away, NOP, L, L, 2.5, O, 191.5, 0, 1565.0, 1628.0, 609.0, 1365.0, 75.0, 224.0, 272.0, 354.0, 178.0, 693.0, 359.0, 121.0, 78.0, 209.0, 331.0, 614.0, 1345.0, 127.0, 351.0, 273.0, 354.0, 175.0, 691.0, 336.0, 112.0, 88.0, 232.0, 337.0
23, 2013-12-15, Home, MIN, L, L, 3.5, U, 196.5, 0, 1579.0, 1633.0, 615.0, 1374.0, 77.0, 224.0, 272.0, 357.0, 183.0, 706.0, 366.0, 119.0, 75.0, 202.0, 328.0, 615.0, 1343.0, 132.0, 360.0, 271.0, 353.0, 170.0, 683.0, 342.0, 105.0, 88.0, 225.0, 332.0
24, 2013-12-17, Home, LAL, L, L, -2.5, U, 193.5, 0, 1564.0, 1644.0, 610.0, 1378.0, 77.0, 226.0, 267.0, 352.0, 188.0, 709.0, 358.0, 116.0, 72.0, 195.0, 325.0, 617.0, 1344.0, 134.0, 356.0, 276.0, 352.0, 171.0, 694.0, 347.0, 104.0, 90.0, 217.0, 325.0
25, 2013-12-18, Away, DAL, L, L, 9.5, O, 192, 1, 1577.0, 1645.0, 616.0, 1394.0, 78.0, 234.0, 267.0, 350.0, 199.0, 726.0, 359.0, 120.0, 70.0, 199.0, 323.0, 617.0, 1343.0, 135.0, 359.0, 276.0, 353.0, 166.0, 686.0, 338.0, 107.0, 91.0, 218.0, 321.0
26, 2013-12-21, Away, NYK, W, W, 3, U, 185, 0, 1581.0, 1647.0, 618.0, 1405.0, 80.0, 231.0, 265.0, 347.0, 210.0, 729.0, 358.0, 125.0, 67.0, 197.0, 324.0, 626.0, 1349.0, 132.0, 359.0, 263.0, 337.0, 168.0, 691.0, 349.0, 106.0, 95.0, 220.0, 316.0
27, 2013-12-23, Home, UTA, W, W, -6.5, O, 186.5, 0, 1587.0, 1648.0, 620.0, 1402.0, 80.0, 227.0, 267.0, 352.0, 213.0, 734.0, 348.0, 123.0, 65.0, 204.0, 327.0, 624.0, 1348.0, 128.0, 357.0, 272.0, 349.0, 170.0, 680.0, 345.0, 112.0, 93.0, 216.0, 314.0
28, 2013-12-26, Away, HOU, L, L, 7.5, U, 199, 0, 1594.0, 1656.0, 619.0, 1413.0, 87.0, 234.0, 269.0, 354.0, 217.0, 725.0, 342.0, 128.0, 68.0, 194.0, 322.0, 626.0, 1336.0, 132.0, 358.0, 272.0, 347.0, 167.0, 683.0, 348.0, 108.0, 98.0, 221.0, 310.0
29, 2013-12-28, Home, DEN, W, W, -3, O, 189.5, 0, 1580.0, 1654.0, 618.0, 1425.0, 87.0, 240.0, 257.0, 344.0, 226.0, 727.0, 339.0, 127.0, 67.0, 194.0, 329.0, 623.0, 1321.0, 130.0, 359.0, 278.0, 355.0, 158.0, 679.0, 345.0, 104.0, 101.0, 219.0, 304.0
30, 2013-12-30, Home, CHI, L, L, -5, O, 177.5, 0, 1612.0, 1672.0, 631.0, 1428.0, 92.0, 247.0, 258.0, 350.0, 229.0, 725.0, 348.0, 131.0, 64.0, 195.0, 334.0, 620.0, 1309.0, 135.0, 363.0, 297.0, 375.0, 157.0, 661.0, 338.0, 106.0, 105.0, 219.0, 302.0
31, 2014-01-02, Away, PHO, W, W, 5.5, U, 196.5, 0, 1617.0, 1665.0, 631.0, 1426.0, 89.0, 241.0, 266.0, 361.0, 229.0, 724.0, 351.0, 137.0, 68.0, 201.0, 343.0, 606.0, 1295.0, 134.0, 361.0, 319.0, 401.0, 155.0, 657.0, 329.0, 111.0, 112.0, 224.0, 305.0
32, 2014-01-03, Away, DEN, L, W, 4.5, O, 192.5, 1, 1630.0, 1663.0, 641.0, 1436.0, 88.0, 242.0, 260.0, 357.0, 234.0, 748.0, 349.0, 131.0, 65.0, 201.0, 337.0, 609.0, 1316.0, 136.0, 367.0, 309.0, 390.0, 157.0, 654.0, 335.0, 115.0, 111.0, 218.0, 299.0
33, 2014-01-05, Away, DET, W, W, 2.5, O, 194.5, 0, 1638.0, 1681.0, 642.0, 1432.0, 90.0, 245.0, 264.0, 364.0, 235.0, 742.0, 348.0, 135.0, 62.0, 206.0, 340.0, 614.0, 1307.0, 138.0, 369.0, 315.0, 398.0, 151.0, 649.0, 348.0, 121.0, 109.0, 219.0, 307.0
34, 2014-01-07, Home, SAS, L, W, 6, O, 195.5, 0, 1662.0, 1668.0, 649.0, 1447.0, 91.0, 245.0, 273.0, 374.0, 248.0, 768.0, 359.0, 133.0, 63.0, 203.0, 336.0, 615.0, 1320.0, 133.0, 368.0, 305.0, 392.0, 155.0, 653.0, 350.0, 119.0, 110.0, 218.0, 317.0
35, 2014-01-10, Home, PHO, W, W, -3, O, 194.5, 0, 1660.0, 1687.0, 649.0, 1462.0, 92.0, 248.0, 270.0, 368.0, 248.0, 765.0, 355.0, 133.0, 61.0, 206.0, 341.0, 621.0, 1316.0, 133.0, 363.0, 312.0, 402.0, 150.0, 656.0, 352.0, 124.0, 110.0, 221.0, 316.0
36, 2014-01-12, Home, ATL, W, W, -5, O, 191.5, 0, 1683.0, 1685.0, 662.0, 1471.0, 95.0, 250.0, 264.0, 365.0, 251.0, 780.0, 363.0, 126.0, 69.0, 198.0, 333.0, 621.0, 1328.0, 133.0, 373.0, 310.0, 400.0, 154.0, 660.0, 349.0, 122.0, 111.0, 212.0, 315.0
37, 2014-01-14, Home, OKC, W, W, -1, U, 196, 0, 1709.0, 1678.0, 674.0, 1469.0, 99.0, 255.0, 262.0, 363.0, 242.0, 780.0, 376.0, 131.0, 69.0, 201.0, 340.0, 615.0, 1320.0, 134.0, 382.0, 314.0, 410.0, 148.0, 651.0, 350.0, 125.0, 108.0, 217.0, 311.0
38, 2014-01-15, Away, MIL, W, L, -6, U, 185.5, 1, 1705.0, 1680.0, 670.0, 1463.0, 93.0, 252.0, 272.0, 373.0, 242.0, 771.0, 372.0, 135.0, 68.0, 200.0, 340.0, 618.0, 1326.0, 133.0, 381.0, 311.0, 410.0, 157.0, 661.0, 350.0, 123.0, 105.0, 224.0, 323.0
39, 2014-01-17, Home, SAC, W, L, -5.5, U, 198, 0, 1687.0, 1641.0, 669.0, 1464.0, 92.0, 257.0, 257.0, 357.0, 244.0, 781.0, 375.0, 131.0, 75.0, 197.0, 332.0, 609.0, 1337.0, 130.0, 383.0, 293.0, 389.0, 164.0, 670.0, 350.0, 120.0, 105.0, 218.0, 315.0
40, 2014-01-20, Home, NOP, L, L, -7.5, U, 188, 0, 1680.0, 1627.0, 665.0, 1462.0, 92.0, 259.0, 258.0, 358.0, 236.0, 776.0, 369.0, 136.0, 86.0, 196.0, 338.0, 603.0, 1342.0, 126.0, 372.0, 295.0, 392.0, 166.0, 682.0, 345.0, 121.0, 102.0, 226.0, 319.0
41, 2014-01-24, Away, HOU, W, W, 5.5, U, 196, 0, 1679.0, 1621.0, 659.0, 1453.0, 94.0, 263.0, 267.0, 366.0, 237.0, 773.0, 368.0, 133.0, 89.0, 204.0, 338.0, 603.0, 1340.0, 119.0, 355.0, 296.0, 390.0, 165.0, 672.0, 344.0, 124.0, 105.0, 227.0, 324.0
42, 2014-01-25, Home, HOU, W, W, 1.5, U, 194.5, 1, 1675.0, 1612.0, 658.0, 1440.0, 93.0, 254.0, 266.0, 365.0, 230.0, 766.0, 369.0, 128.0, 90.0, 205.0, 336.0, 598.0, 1344.0, 126.0, 367.0, 290.0, 385.0, 168.0, 666.0, 349.0, 123.0, 99.0, 226.0, 325.0
43, 2014-01-28, Away, POR, W, W, 5, U, 198, 0, 1683.0, 1588.0, 662.0, 1435.0, 92.0, 255.0, 267.0, 365.0, 224.0, 775.0, 369.0, 125.0, 93.0, 201.0, 334.0, 588.0, 1352.0, 130.0, 384.0, 282.0, 379.0, 167.0, 662.0, 338.0, 115.0, 94.0, 226.0, 324.0
44, 2014-01-29, Away, SAC, W, W, -5, U, 194, 1, 1686.0, 1582.0, 666.0, 1436.0, 97.0, 259.0, 257.0, 356.0, 220.0, 765.0, 376.0, 129.0, 92.0, 198.0, 338.0, 585.0, 1360.0, 128.0, 386.0, 284.0, 378.0, 173.0, 673.0, 335.0, 107.0, 90.0, 231.0, 321.0
45, 2014-01-31, Away, MIN, W, W, -1.5, U, 189, 0, 1681.0, 1577.0, 668.0, 1428.0, 90.0, 253.0, 255.0, 352.0, 218.0, 756.0, 376.0, 131.0, 89.0, 204.0, 338.0, 588.0, 1364.0, 122.0, 383.0, 279.0, 371.0, 178.0, 669.0, 331.0, 108.0, 85.0, 233.0, 317.0
46, 2014-02-01, Home, MIL, W, L, -12.5, O, 180.5, 1, 1683.0, 1567.0, 668.0, 1415.0, 89.0, 247.0, 258.0, 354.0, 207.0, 745.0, 375.0, 135.0, 91.0, 204.0, 319.0, 596.0, 1377.0, 123.0, 381.0, 252.0, 338.0, 180.0, 674.0, 332.0, 110.0, 82.0, 238.0, 318.0
47, 2014-02-03, Away, OKC, L, L, 8, U, 186, 0, 1662.0, 1558.0, 659.0, 1403.0, 87.0, 238.0, 257.0, 351.0, 201.0, 747.0, 371.0, 127.0, 94.0, 209.0, 317.0, 593.0, 1383.0, 122.0, 382.0, 250.0, 335.0, 185.0, 687.0, 330.0, 113.0, 78.0, 237.0, 321.0
48, 2014-02-05, Home, DAL, L, L, -2.5, O, 189, 0, 1648.0, 1549.0, 656.0, 1406.0, 89.0, 249.0, 247.0, 338.0, 200.0, 745.0, 370.0, 122.0, 92.0, 200.0, 311.0, 599.0, 1394.0, 120.0, 385.0, 231.0, 316.0, 186.0, 694.0, 331.0, 107.0, 77.0, 233.0, 320.0
49, 2014-02-08, Away, ATL, W, W, 1.5, U, 191, 0, 1645.0, 1568.0, 649.0, 1383.0, 92.0, 251.0, 255.0, 346.0, 189.0, 718.0, 374.0, 123.0, 94.0, 202.0, 318.0, 604.0, 1382.0, 120.0, 373.0, 240.0, 325.0, 184.0, 689.0, 337.0, 103.0, 75.0, 234.0, 326.0
50, 2014-02-09, Away, CLE, L, L, -3, U, 183.5, 1, 1616.0, 1533.0, 649.0, 1397.0, 91.0, 251.0, 227.0, 309.0, 190.0, 724.0, 373.0, 126.0, 96.0, 204.0, 309.0, 591.0, 1372.0, 119.0, 371.0, 232.0, 319.0, 180.0, 690.0, 331.0, 106.0, 73.0, 239.0, 308.0
51, 2014-02-11, Home, WAS, W, L, -4.5, U, 181.5, 0, 1587.0, 1540.0, 639.0, 1391.0, 86.0, 250.0, 223.0, 303.0, 180.0, 711.0, 364.0, 130.0, 98.0, 208.0, 315.0, 591.0, 1374.0, 125.0, 374.0, 233.0, 317.0, 178.0, 695.0, 332.0, 108.0, 73.0, 241.0, 308.0
52, 2014-02-12, Away, ORL, W, W, -1.5, U, 181, 1, 1571.0, 1519.0, 626.0, 1362.0, 83.0, 246.0, 236.0, 315.0, 177.0, 711.0, 358.0, 134.0, 97.0, 214.0, 310.0, 582.0, 1365.0, 125.0, 374.0, 230.0, 312.0, 174.0, 684.0, 322.0, 107.0, 75.0, 237.0, 312.0
53, 2014-02-18, Home, NYK, W, L, -5.5, O, 182, 0, 1553.0, 1501.0, 620.0, 1353.0, 79.0, 243.0, 234.0, 310.0, 171.0, 694.0, 351.0, 140.0, 95.0, 214.0, 313.0, 578.0, 1356.0, 118.0, 357.0, 227.0, 306.0, 175.0, 682.0, 321.0, 106.0, 78.0, 244.0, 302.0
54, 2014-02-21, Home, LAC, W, W, 2, O, 193, 0, 1543.0, 1493.0, 614.0, 1345.0, 79.0, 240.0, 236.0, 314.0, 173.0, 692.0, 345.0, 132.0, 96.0, 216.0, 318.0, 575.0, 1361.0, 115.0, 357.0, 228.0, 302.0, 180.0, 683.0, 311.0, 105.0, 81.0, 241.0, 309.0
55, 2014-02-22, Away, CHA, L, L, -3, O, 180, 1, 1555.0, 1502.0, 624.0, 1352.0, 80.0, 241.0, 227.0, 302.0, 168.0, 691.0, 353.0, 131.0, 102.0, 214.0, 327.0, 573.0, 1360.0, 117.0, 360.0, 239.0, 325.0, 181.0, 685.0, 322.0, 106.0, 80.0, 234.0, 297.0
56, 2014-02-26, Home, LAL, W, L, -11.5, O, 198.5, 0, 1562.0, 1517.0, 625.0, 1349.0, 79.0, 236.0, 233.0, 306.0, 164.0, 690.0, 350.0, 130.0, 97.0, 220.0, 334.0, 572.0, 1360.0, 119.0, 360.0, 254.0, 340.0, 175.0, 676.0, 316.0, 105.0, 79.0, 230.0, 296.0
57, 2014-02-28, Away, OKC, L, P, 6, O, 195.5, 0, 1579.0, 1530.0, 634.0, 1363.0, 77.0, 232.0, 234.0, 309.0, 173.0, 698.0, 360.0, 130.0, 89.0, 222.0, 329.0, 577.0, 1356.0, 129.0, 377.0, 247.0, 335.0, 170.0, 667.0, 323.0, 106.0, 87.0, 231.0, 295.0
58, 2014-03-01, Home, CLE, W, W, -9, O, 184, 1, 1594.0, 1548.0, 644.0, 1369.0, 80.0, 229.0, 226.0, 301.0, 168.0, 687.0, 374.0, 139.0, 85.0, 217.0, 331.0, 580.0, 1356.0, 134.0, 390.0, 254.0, 344.0, 176.0, 672.0, 320.0, 106.0, 87.0, 235.0, 291.0
59, 2014-03-03, Away, WAS, W, W, -2, O, 191, 0, 1616.0, 1557.0, 652.0, 1372.0, 85.0, 241.0, 227.0, 303.0, 168.0, 681.0, 377.0, 142.0, 89.0, 211.0, 326.0, 587.0, 1356.0, 127.0, 374.0, 256.0, 345.0, 177.0, 674.0, 319.0, 104.0, 86.0, 234.0, 288.0
60, 2014-03-05, Away, BRK, L, L, 1, O, 187, 0, 1627.0, 1580.0, 654.0, 1363.0, 84.0, 235.0, 235.0, 310.0, 159.0, 667.0, 380.0, 142.0, 88.0, 213.0, 324.0, 596.0, 1356.0, 127.0, 361.0, 261.0, 349.0, 175.0, 670.0, 323.0, 105.0, 83.0, 232.0, 295.0
61, 2014-03-07, Away, CHI, W, W, 1, U, 178.5, 0, 1623.0, 1602.0, 645.0, 1359.0, 84.0, 237.0, 249.0, 325.0, 166.0, 664.0, 376.0, 146.0, 89.0, 221.0, 319.0, 604.0, 1343.0, 138.0, 363.0, 256.0, 340.0, 169.0, 666.0, 330.0, 115.0, 86.0, 239.0, 311.0
62, 2014-03-08, Home, CHA, W, W, -9, O, 186.5, 1, 1609.0, 1590.0, 639.0, 1362.0, 85.0, 231.0, 246.0, 327.0, 168.0, 678.0, 371.0, 144.0, 91.0, 222.0, 320.0, 597.0, 1339.0, 135.0, 355.0, 261.0, 346.0, 162.0, 670.0, 326.0, 114.0, 86.0, 237.0, 318.0
63, 2014-03-11, Home, POR, W, W, -3, O, 196, 0, 1626.0, 1589.0, 645.0, 1369.0, 88.0, 232.0, 248.0, 327.0, 170.0, 691.0, 375.0, 140.0, 90.0, 225.0, 325.0, 595.0, 1348.0, 134.0, 354.0, 265.0, 353.0, 166.0, 664.0, 326.0, 116.0, 89.0, 234.0, 317.0
64, 2014-03-12, Away, NOP, W, L, -5.5, U, 186, 1, 1636.0, 1598.0, 654.0, 1374.0, 88.0, 234.0, 240.0, 318.0, 166.0, 684.0, 380.0, 143.0, 88.0, 224.0, 323.0, 600.0, 1358.0, 132.0, 348.0, 266.0, 357.0, 171.0, 666.0, 329.0, 111.0, 88.0, 229.0, 317.0
65, 2014-03-14, Away, TOR, L, L, -1, U, 186.5, 0, 1649.0, 1600.0, 654.0, 1367.0, 90.0, 236.0, 251.0, 330.0, 167.0, 691.0, 381.0, 143.0, 91.0, 227.0, 319.0, 597.0, 1357.0, 132.0, 348.0, 274.0, 356.0, 170.0, 661.0, 328.0, 115.0, 87.0, 228.0, 316.0
66, 2014-03-15, Away, PHI, W, W, -13.5, U, 201, 1, 1639.0, 1589.0, 650.0, 1372.0, 86.0, 228.0, 253.0, 335.0, 171.0, 694.0, 373.0, 143.0, 91.0, 226.0, 313.0, 591.0, 1350.0, 133.0, 347.0, 274.0, 353.0, 167.0, 662.0, 327.0, 117.0, 85.0, 231.0, 318.0
67, 2014-03-19, Home, UTA, W, L, -11.5, U, 187.5, 0, 1663.0, 1590.0, 651.0, 1352.0, 86.0, 231.0, 275.0, 366.0, 167.0, 694.0, 378.0, 142.0, 90.0, 233.0, 325.0, 592.0, 1363.0, 131.0, 350.0, 275.0, 357.0, 174.0, 662.0, 322.0, 119.0, 85.0, 232.0, 332.0
68, 2014-03-21, Away, MIA, L, L, 4.5, U, 190, 0, 1676.0, 1585.0, 654.0, 1347.0, 85.0, 228.0, 283.0, 375.0, 169.0, 694.0, 377.0, 143.0, 89.0, 231.0, 322.0, 594.0, 1359.0, 128.0, 348.0, 269.0, 349.0, 174.0, 653.0, 318.0, 120.0, 82.0, 234.0, 334.0
69, 2014-03-22, Home, IND, W, W, -3, U, 180.5, 1, 1670.0, 1587.0, 657.0, 1356.0, 85.0, 229.0, 271.0, 365.0, 175.0, 697.0, 378.0, 139.0, 86.0, 229.0, 322.0, 595.0, 1360.0, 128.0, 344.0, 269.0, 345.0, 179.0, 654.0, 324.0, 121.0, 80.0, 235.0, 332.0
70, 2014-03-24, Home, MIN, W, W, -7.5, O, 199, 0, 1666.0, 1577.0, 654.0, 1354.0, 88.0, 230.0, 270.0, 364.0, 177.0, 708.0, 375.0, 136.0, 87.0, 233.0, 326.0, 588.0, 1351.0, 130.0, 346.0, 271.0, 349.0, 172.0, 647.0, 320.0, 125.0, 76.0, 232.0, 338.0
71, 2014-03-26, Away, UTA, W, L, -8.5, U, 182.5, 0, 1677.0, 1576.0, 665.0, 1370.0, 88.0, 230.0, 259.0, 353.0, 183.0, 724.0, 380.0, 135.0, 84.0, 234.0, 323.0, 587.0, 1356.0, 131.0, 343.0, 271.0, 349.0, 172.0, 650.0, 324.0, 124.0, 75.0, 230.0, 329.0
72, 2014-03-28, Away, GSW, L, L, 2, O, 185.5, 0, 1666.0, 1567.0, 659.0, 1362.0, 87.0, 224.0, 261.0, 354.0, 187.0, 723.0, 375.0, 134.0, 77.0, 233.0, 313.0, 588.0, 1345.0, 129.0, 335.0, 262.0, 332.0, 165.0, 638.0, 323.0, 127.0, 75.0, 230.0, 328.0
73, 2014-03-30, Away, POR, L, L, 2, O, 189, 0, 1670.0, 1575.0, 666.0, 1364.0, 85.0, 221.0, 253.0, 348.0, 189.0, 714.0, 382.0, 137.0, 76.0, 227.0, 304.0, 598.0, 1344.0, 130.0, 335.0, 249.0, 319.0, 166.0, 639.0, 329.0, 128.0, 77.0, 231.0, 324.0
74, 2014-03-31, Away, DEN, W, L, -5, U, 201.5, 1, 1660.0, 1577.0, 662.0, 1361.0, 86.0, 225.0, 250.0, 345.0, 189.0, 710.0, 382.0, 140.0, 73.0, 225.0, 305.0, 599.0, 1342.0, 120.0, 322.0, 259.0, 326.0, 168.0, 644.0, 328.0, 129.0, 70.0, 229.0, 325.0
75, 2014-04-02, Away, MIN, L, L, -4.5, U, 198, 0, 1647.0, 1556.0, 659.0, 1366.0, 81.0, 218.0, 248.0, 348.0, 197.0, 720.0, 369.0, 136.0, 75.0, 224.0, 302.0, 597.0, 1338.0, 116.0, 320.0, 246.0, 318.0, 164.0, 648.0, 330.0, 126.0, 65.0, 229.0, 330.0
76, 2014-04-04, Home, DEN, W, L, -9.5, U, 200, 0, 1625.0, 1562.0, 655.0, 1380.0, 76.0, 210.0, 239.0, 336.0, 197.0, 722.0, 369.0, 134.0, 71.0, 226.0, 306.0, 601.0, 1340.0, 114.0, 318.0, 246.0, 319.0, 168.0, 661.0, 341.0, 129.0, 68.0, 231.0, 327.0
77, 2014-04-06, Away, SAS, L, L, 7, O, 190.5, 0, 1615.0, 1550.0, 644.0, 1384.0, 72.0, 208.0, 255.0, 353.0, 200.0, 722.0, 361.0, 135.0, 71.0, 224.0, 311.0, 591.0, 1339.0, 112.0, 322.0, 256.0, 330.0, 174.0, 673.0, 339.0, 132.0, 70.0, 238.0, 332.0
78, 2014-04-09, Home, MIA, W, W, -4.5, O, 180, 0, 1613.0, 1559.0, 648.0, 1391.0, 71.0, 207.0, 246.0, 345.0, 197.0, 716.0, 363.0, 130.0, 71.0, 217.0, 315.0, 596.0, 1342.0, 106.0, 318.0, 261.0, 335.0, 174.0, 677.0, 341.0, 125.0, 68.0, 234.0, 320.0
79, 2014-04-11, Home, PHI, W, W, -14.5, O, 201.5, 0, 1635.0, 1584.0, 656.0, 1391.0, 73.0, 219.0, 250.0, 348.0, 198.0, 712.0, 367.0, 131.0, 71.0, 218.0, 318.0, 603.0, 1340.0, 119.0, 330.0, 259.0, 333.0, 174.0, 666.0, 349.0, 132.0, 68.0, 236.0, 318.0
80, 2014-04-13, Away, LAL, W, P, -12, U, 208.5, 0, 1641.0, 1590.0, 656.0, 1385.0, 71.0, 219.0, 258.0, 358.0, 197.0, 710.0, 372.0, 133.0, 74.0, 222.0, 317.0, 605.0, 1335.0, 120.0, 327.0, 260.0, 336.0, 169.0, 662.0, 347.0, 139.0, 64.0, 240.0, 325.0
81, 2014-04-14, Away, PHO, W, W, 3.5, U, 194, 1, 1634.0, 1581.0, 651.0, 1389.0, 73.0, 222.0, 259.0, 358.0, 204.0, 721.0, 374.0, 136.0, 77.0, 228.0, 311.0, 605.0, 1329.0, 124.0, 337.0, 247.0, 318.0, 158.0, 654.0, 358.0, 145.0, 67.0, 247.0, 319.0
82, 2014-04-16, Home, DAL, W, L, -3, O, 190.5, 0, 1641.0, 1584.0, 659.0, 1392.0, 75.0, 219.0, 248.0, 346.0, 202.0, 721.0, 375.0, 133.0, 71.0, 231.0, 312.0, 612.0, 1334.0, 125.0, 345.0, 235.0, 310.0, 157.0, 645.0, 357.0, 146.0, 65.0, 244.0, 320.0
