10, 2014-11-19, Home, DAL, L, L, 2.5, O, 204, 0, 0, 98.67, 96.44, 37.67, 81.11, 4.78, 14.56, 18.56, 25.44, 9.44, 41.78, 24.44, 8.89, 4.56, 13.11, 22.78, 35.33, 80.0, 8.11, 21.33, 17.67, 22.89, 10.44, 42.78, 17.67, 5.78, 3.78, 17.11, 23.89, 109.11, 97.44, 41.56, 85.56, 9.11, 26.56, 16.89, 21.33, 10.44, 41.22, 25.22, 7.67, 6.22, 10.78, 21.33, 36.0, 80.78, 9.0, 24.0, 16.44, 23.22, 12.44, 43.67, 22.22, 5.11, 3.89, 17.33, 22.67
11, 2014-11-21, Home, CLE, W, W, 1.5, U, 205, 0, 0, 99.44, 96.22, 37.78, 82.11, 5.22, 14.89, 18.67, 25.11, 9.67, 42.44, 25.0, 9.0, 4.67, 13.0, 23.56, 34.78, 80.11, 8.44, 21.33, 18.22, 23.56, 10.22, 42.78, 17.44, 5.33, 4.0, 16.89, 24.11, 106.67, 104.0, 38.33, 84.78, 9.0, 22.56, 21.0, 26.22, 10.78, 41.89, 21.67, 6.67, 4.33, 11.89, 17.44, 40.22, 84.11, 8.56, 24.67, 15.0, 19.44, 10.33, 41.11, 26.0, 6.78, 5.89, 13.56, 21.33
12, 2014-11-22, Away, MIL, W, W, -3, O, 194, 1, 1, 97.89, 94.0, 38.0, 82.56, 4.89, 14.56, 17.0, 23.22, 10.11, 43.33, 25.22, 9.0, 5.22, 13.56, 23.11, 33.67, 80.44, 8.44, 22.67, 18.22, 23.44, 10.89, 43.67, 16.67, 6.22, 4.33, 17.0, 23.89, 95.11, 100.33, 36.78, 83.22, 4.78, 18.44, 16.78, 22.78, 12.0, 42.44, 21.56, 8.78, 3.22, 14.67, 23.56, 36.33, 80.89, 9.0, 22.56, 18.67, 25.33, 11.0, 43.0, 21.78, 7.89, 4.11, 15.78, 20.89
13, 2014-11-25, Home, ATL, L, L, -4, O, 200.5, 0, 0, 98.22, 94.33, 38.33, 84.78, 5.33, 15.11, 16.22, 22.0, 11.67, 45.44, 25.11, 7.78, 5.33, 13.0, 23.44, 33.89, 80.89, 8.0, 21.89, 18.56, 23.67, 10.0, 43.0, 17.0, 6.22, 4.78, 15.56, 23.0, 102.33, 103.0, 37.89, 82.56, 8.56, 25.33, 18.0, 22.67, 9.56, 39.67, 24.0, 8.56, 4.56, 13.67, 18.89, 40.0, 83.67, 7.67, 22.0, 15.33, 20.44, 10.78, 42.56, 26.11, 7.33, 4.44, 14.33, 21.67
14, 2014-11-26, Away, CLE, L, L, 7.5, U, 201, 0, 1, 98.67, 96.89, 38.0, 85.22, 5.44, 15.33, 17.22, 23.11, 12.33, 46.11, 25.0, 7.11, 5.22, 13.89, 23.44, 34.56, 81.33, 7.89, 23.0, 19.89, 25.33, 9.67, 43.0, 17.11, 7.44, 5.0, 14.67, 23.0, 104.56, 100.0, 38.56, 82.11, 8.67, 23.33, 18.78, 24.78, 9.89, 42.78, 24.44, 7.67, 5.22, 13.44, 18.89, 38.56, 84.33, 7.33, 21.78, 15.56, 19.67, 10.11, 39.78, 24.44, 7.78, 4.56, 13.56, 20.22
15, 2014-11-29, Home, NOP, W, L, -4, U, 198.5, 1, 0, 97.67, 99.0, 37.89, 83.0, 5.22, 14.89, 16.67, 23.0, 12.33, 44.22, 25.0, 6.89, 5.0, 14.56, 24.11, 34.89, 79.56, 7.67, 22.22, 21.56, 27.33, 8.89, 40.22, 17.22, 8.56, 4.22, 13.67, 22.0, 104.56, 102.56, 40.11, 84.67, 7.56, 20.33, 16.78, 22.0, 10.89, 39.67, 22.44, 7.78, 5.56, 10.11, 23.11, 36.78, 78.33, 6.67, 17.89, 22.33, 28.33, 10.89, 42.0, 19.78, 6.11, 5.0, 14.22, 18.33
16, 2014-12-01, Home, MIA, W, W, -4.5, O, 190.5, 1, 0, 97.56, 96.44, 38.44, 82.22, 5.44, 14.11, 15.22, 20.78, 11.89, 43.78, 25.22, 7.11, 5.44, 14.67, 22.89, 34.33, 79.67, 7.33, 21.67, 20.44, 26.22, 9.22, 39.44, 16.44, 8.89, 4.0, 13.56, 20.56, 91.78, 95.22, 32.0, 72.0, 9.44, 23.78, 18.33, 24.22, 7.22, 35.67, 18.44, 8.11, 3.78, 13.44, 19.44, 36.11, 77.33, 8.0, 23.89, 15.0, 21.44, 9.67, 41.22, 20.22, 8.11, 3.44, 13.0, 20.67
17, 2014-12-03, Home, LAL, W, W, -8.5, U, 208, 1, 0, 98.67, 96.0, 38.44, 81.22, 6.33, 15.0, 15.44, 20.89, 11.22, 43.0, 25.89, 7.0, 5.33, 14.44, 22.67, 34.33, 79.11, 6.67, 21.44, 20.67, 26.78, 9.11, 38.89, 16.56, 8.89, 3.89, 12.78, 20.11, 108.22, 112.78, 40.78, 88.67, 6.44, 19.0, 20.22, 27.44, 13.0, 44.44, 21.0, 7.56, 4.44, 11.44, 23.11, 40.11, 85.56, 10.67, 28.89, 21.89, 28.56, 11.22, 44.56, 26.44, 6.33, 4.0, 13.56, 21.78
18, 2014-12-05, Home, DEN, W, W, -4.5, P, 208, 0, 0, 99.11, 95.11, 39.0, 82.33, 6.67, 15.89, 14.44, 19.33, 11.33, 43.78, 26.56, 6.56, 5.0, 14.44, 21.89, 33.78, 79.56, 7.0, 22.22, 20.56, 26.67, 9.33, 39.33, 16.22, 9.22, 3.89, 12.78, 19.56, 109.44, 102.22, 40.33, 85.56, 9.22, 25.44, 19.56, 25.89, 12.0, 45.44, 22.11, 7.89, 4.78, 13.56, 22.78, 36.22, 83.33, 7.56, 22.33, 22.22, 27.78, 10.0, 40.89, 19.78, 6.78, 5.0, 13.22, 21.56
19, 2014-12-07, Away, BOS, L, L, -3.5, U, 204, 0, 0, 101.44, 94.67, 39.33, 82.44, 7.11, 17.0, 15.67, 20.56, 11.89, 45.11, 27.0, 7.33, 5.33, 14.89, 22.33, 33.11, 80.0, 6.78, 22.78, 21.67, 28.0, 9.44, 38.89, 16.44, 9.56, 4.44, 13.22, 19.67, 102.33, 105.11, 39.78, 88.78, 7.67, 21.44, 15.11, 21.22, 10.0, 44.56, 25.56, 8.44, 3.78, 14.44, 19.78, 40.33, 89.67, 8.0, 20.78, 16.44, 20.56, 10.11, 45.56, 24.0, 7.0, 5.33, 14.33, 17.67
20, 2014-12-08, Home, BOS, W, L, -9, O, 204.5, 1, 1, 100.44, 94.22, 39.0, 83.44, 7.22, 17.56, 15.22, 20.56, 12.67, 46.22, 26.56, 7.0, 5.89, 15.56, 21.56, 33.33, 80.67, 6.33, 21.56, 21.22, 27.67, 9.33, 39.44, 16.67, 10.11, 4.67, 13.56, 19.89, 100.89, 102.33, 38.78, 88.89, 8.11, 22.22, 15.22, 20.67, 9.78, 45.11, 24.67, 8.44, 4.11, 14.11, 20.0, 38.78, 89.67, 8.22, 21.44, 16.56, 21.11, 11.0, 46.89, 23.0, 6.33, 6.0, 14.44, 17.33
21, 2014-12-10, Away, ORL, W, L, -5.5, U, 195.5, 0, 0, 105.11, 100.22, 39.89, 84.56, 7.56, 18.22, 17.78, 23.33, 12.78, 46.67, 27.44, 7.0, 5.67, 16.22, 22.11, 35.56, 83.67, 6.67, 21.0, 22.44, 28.67, 9.89, 40.0, 18.22, 10.67, 4.67, 13.33, 20.89, 91.56, 100.56, 35.22, 79.33, 6.11, 18.44, 15.0, 20.0, 9.78, 40.11, 18.22, 7.78, 3.0, 14.44, 20.0, 38.78, 81.56, 8.11, 22.11, 14.89, 20.33, 10.67, 43.22, 25.11, 7.56, 5.0, 14.11, 18.44
22, 2014-12-12, Home, LAC, W, W, 2.5, U, 205.5, 0, 0, 102.89, 99.0, 39.67, 83.22, 7.22, 17.56, 16.33, 21.89, 11.44, 45.33, 27.33, 6.78, 5.56, 15.67, 20.89, 35.78, 83.67, 6.89, 21.0, 20.56, 26.78, 9.89, 40.33, 17.33, 10.22, 4.67, 12.67, 20.0, 112.89, 97.11, 41.89, 83.0, 11.89, 29.44, 17.22, 21.67, 8.33, 43.44, 27.11, 6.89, 5.0, 11.67, 20.89, 35.22, 81.22, 7.89, 24.89, 18.78, 26.56, 8.89, 38.33, 23.0, 7.33, 3.0, 12.33, 21.22
23, 2014-12-14, Home, UTA, W, L, -11, U, 193.5, 0, 0, 103.11, 97.89, 40.0, 82.78, 7.22, 17.11, 15.89, 21.0, 10.67, 44.22, 27.67, 7.67, 5.89, 15.0, 20.89, 35.33, 82.56, 6.78, 20.44, 20.44, 26.44, 9.89, 39.67, 17.0, 9.22, 4.22, 13.56, 19.67, 95.33, 103.0, 36.33, 79.67, 5.67, 18.56, 17.0, 24.22, 11.33, 40.22, 18.67, 6.0, 5.22, 13.33, 18.78, 39.33, 78.33, 8.22, 20.67, 16.11, 22.11, 9.0, 38.67, 19.44, 7.78, 4.44, 12.0, 20.44
24, 2014-12-16, Home, MIN, W, W, -12.5, O, 203.5, 0, 0, 103.78, 94.67, 40.89, 84.22, 7.11, 17.11, 14.89, 19.89, 11.0, 45.89, 27.22, 8.33, 6.33, 14.67, 20.11, 34.44, 83.0, 6.67, 20.11, 19.11, 25.33, 10.44, 41.11, 15.89, 8.67, 4.78, 14.44, 19.67, 94.0, 105.67, 35.78, 85.89, 2.56, 11.56, 19.89, 27.44, 12.33, 42.56, 22.22, 10.33, 4.22, 14.44, 20.56, 38.78, 83.11, 8.56, 26.56, 19.56, 24.67, 11.67, 46.56, 23.67, 8.44, 6.56, 17.0, 21.67
25, 2014-12-19, Away, MIA, W, L, -6, O, 189, 0, 0, 106.67, 96.33, 41.78, 85.33, 7.67, 17.67, 15.44, 20.56, 10.78, 45.89, 28.11, 8.11, 6.22, 14.22, 20.89, 35.11, 83.0, 6.33, 19.11, 19.78, 26.89, 10.22, 41.0, 16.44, 8.56, 5.22, 14.11, 20.11, 90.67, 100.78, 33.56, 74.22, 6.44, 19.11, 17.11, 23.89, 8.56, 33.67, 19.0, 9.89, 3.33, 13.22, 19.67, 36.56, 74.33, 10.33, 23.44, 17.33, 21.67, 9.78, 40.33, 22.22, 6.89, 4.22, 16.56, 21.11
26, 2014-12-21, Home, PHO, L, L, -5.5, U, 205.5, 1, 0, 106.44, 98.22, 41.78, 86.11, 6.89, 17.11, 16.0, 21.56, 11.44, 45.22, 27.56, 8.0, 6.22, 13.89, 20.22, 35.89, 83.33, 7.11, 18.78, 19.33, 25.67, 10.0, 41.11, 17.56, 8.78, 5.33, 14.56, 20.89, 102.78, 104.33, 37.89, 84.22, 11.22, 30.67, 15.78, 20.0, 11.11, 40.67, 21.11, 9.22, 4.67, 14.67, 21.11, 38.78, 84.0, 7.33, 21.0, 19.44, 24.89, 12.33, 44.78, 20.0, 8.67, 3.67, 14.67, 19.56
27, 2014-12-23, Home, CHI, L, L, -2.5, U, 197.5, 1, 0, 104.33, 99.22, 40.56, 85.0, 6.56, 16.56, 16.67, 22.67, 11.78, 44.0, 25.11, 8.56, 6.33, 13.89, 21.11, 36.67, 82.56, 6.44, 17.44, 19.44, 26.11, 10.33, 41.33, 17.22, 8.22, 5.56, 15.0, 21.33, 104.22, 97.22, 36.44, 79.56, 8.33, 21.56, 23.0, 28.11, 11.56, 47.56, 21.0, 4.78, 6.22, 13.67, 17.78, 36.78, 88.22, 6.33, 19.78, 17.33, 21.44, 12.44, 40.67, 18.22, 8.33, 5.11, 9.56, 22.44
28, 2014-12-25, Away, NYK, W, W, -4.5, U, 193.5, 0, 0, 101.22, 100.33, 39.78, 85.44, 6.33, 15.33, 15.33, 21.44, 11.0, 42.78, 23.56, 8.0, 5.67, 13.11, 20.78, 37.56, 82.89, 6.44, 16.89, 18.78, 25.44, 10.11, 43.11, 17.67, 7.89, 5.56, 14.0, 20.44, 95.56, 103.67, 37.11, 80.89, 6.44, 18.22, 14.89, 17.89, 10.22, 37.67, 20.89, 8.56, 4.67, 14.56, 21.11, 37.67, 80.33, 10.11, 24.67, 18.22, 23.22, 11.78, 40.44, 23.22, 8.56, 4.22, 13.44, 17.44
29, 2014-12-27, Home, BOS, W, W, -9.5, U, 205, 1, 0, 102.22, 99.22, 40.89, 84.67, 5.89, 14.11, 14.56, 20.22, 10.67, 42.0, 24.0, 7.89, 5.11, 12.11, 20.78, 37.56, 82.0, 6.0, 17.44, 18.11, 24.67, 9.78, 41.67, 17.33, 7.33, 5.22, 13.11, 19.78, 103.11, 101.78, 40.33, 86.67, 7.11, 22.67, 15.33, 20.22, 10.56, 43.67, 26.33, 8.89, 4.22, 15.33, 21.78, 39.22, 86.0, 5.67, 18.33, 17.67, 23.33, 10.67, 42.22, 21.67, 8.89, 4.0, 14.44, 18.0
30, 2014-12-29, Away, HOU, W, W, 3.5, O, 200, 1, 0, 98.67, 94.33, 40.44, 84.22, 5.67, 13.78, 12.11, 17.56, 10.44, 41.89, 23.56, 8.0, 5.22, 11.56, 20.56, 35.89, 79.44, 5.67, 17.67, 16.89, 23.78, 9.11, 40.56, 16.22, 6.56, 5.0, 13.22, 18.11, 105.44, 104.44, 37.33, 87.22, 11.33, 34.67, 19.44, 27.56, 12.0, 46.33, 20.33, 9.33, 4.0, 15.56, 22.22, 38.56, 86.56, 8.78, 24.89, 18.56, 23.78, 10.56, 43.11, 24.0, 8.0, 5.44, 15.56, 23.0
31, 2014-12-30, Away, DAL, L, L, 5, U, 210, 0, 1, 100.11, 95.89, 39.78, 83.33, 6.0, 14.44, 14.56, 19.67, 10.22, 41.22, 23.0, 8.67, 5.11, 12.56, 21.44, 36.11, 79.67, 5.89, 19.22, 17.78, 25.33, 9.56, 40.44, 16.89, 7.0, 4.33, 14.33, 19.0, 107.11, 103.56, 40.0, 85.44, 9.22, 25.44, 17.89, 23.44, 10.44, 42.33, 22.11, 8.56, 3.78, 14.0, 20.11, 39.0, 87.56, 8.22, 23.56, 17.33, 22.89, 12.78, 46.44, 21.0, 8.0, 4.22, 14.33, 22.11
32, 2015-01-02, Away, OKC, L, P, 7, O, 206, 0, 0, 98.22, 97.89, 39.11, 82.67, 5.44, 14.0, 14.56, 20.33, 10.33, 42.44, 22.33, 8.11, 4.78, 13.44, 21.56, 37.33, 80.44, 6.11, 18.67, 17.11, 25.11, 8.56, 40.11, 17.67, 7.44, 4.67, 13.11, 19.22, 109.22, 105.78, 40.78, 89.0, 7.67, 21.78, 20.0, 27.22, 13.56, 48.11, 19.89, 7.0, 5.89, 12.67, 21.0, 39.78, 87.78, 9.56, 25.56, 16.67, 20.67, 9.56, 42.33, 24.89, 7.44, 4.44, 12.78, 21.22
33, 2015-01-03, Away, SAS, L, L, 5.5, U, 194.5, 0, 1, 99.22, 100.67, 38.89, 82.67, 6.22, 14.89, 15.22, 20.67, 10.11, 42.22, 23.11, 7.22, 3.89, 13.44, 21.33, 38.89, 81.0, 6.44, 18.89, 16.44, 24.11, 7.89, 39.33, 18.56, 7.44, 4.33, 12.33, 19.44, 104.56, 107.56, 40.11, 86.0, 8.44, 22.67, 15.89, 21.67, 10.0, 44.56, 24.78, 6.89, 5.0, 15.78, 20.56, 39.89, 88.0, 9.33, 24.44, 18.44, 24.56, 11.67, 46.22, 22.0, 10.44, 4.33, 14.11, 21.56
34, 2015-01-05, Away, NOP, W, W, 3, U, 200, 0, 0, 97.33, 101.33, 38.56, 82.22, 5.56, 14.56, 14.67, 20.11, 10.0, 40.56, 22.44, 7.11, 3.67, 13.0, 20.56, 39.67, 80.67, 6.56, 19.78, 15.44, 22.22, 7.67, 39.0, 19.67, 7.11, 4.33, 12.44, 19.22, 98.11, 97.78, 37.78, 85.0, 5.78, 18.33, 16.78, 20.89, 11.56, 45.44, 20.56, 7.44, 5.44, 12.89, 16.44, 39.0, 84.89, 6.44, 21.44, 13.33, 18.22, 9.89, 42.33, 21.33, 7.78, 5.56, 13.11, 19.0
35, 2015-01-07, Home, NYK, W, L, -14.5, O, 187.5, 0, 0, 95.89, 99.33, 38.44, 82.22, 5.44, 14.11, 13.56, 18.33, 9.78, 41.0, 22.33, 7.56, 4.11, 13.11, 20.33, 38.89, 80.56, 6.22, 19.78, 15.33, 22.0, 8.22, 39.56, 19.33, 7.22, 4.56, 12.78, 18.22, 91.22, 105.67, 35.33, 85.22, 6.67, 21.89, 13.89, 18.22, 11.11, 40.56, 22.22, 8.22, 4.11, 12.44, 19.0, 40.0, 81.89, 10.44, 24.89, 15.22, 20.56, 10.78, 45.56, 23.56, 8.67, 4.33, 13.67, 18.0
36, 2015-01-09, Home, CHI, W, W, -1, U, 195.5, 0, 0, 96.89, 97.89, 39.0, 81.44, 6.0, 14.33, 12.89, 17.44, 9.11, 41.22, 24.22, 7.33, 4.11, 13.67, 19.22, 38.22, 81.0, 6.78, 20.78, 14.67, 21.0, 8.0, 39.11, 19.89, 8.11, 3.67, 12.56, 18.0, 99.89, 97.44, 36.44, 87.78, 6.56, 19.89, 20.44, 26.0, 15.56, 49.22, 21.11, 6.56, 9.11, 12.56, 15.89, 39.22, 89.67, 5.33, 15.33, 13.67, 18.0, 11.89, 44.22, 20.78, 7.67, 7.0, 12.56, 22.33
37, 2015-01-11, Away, ATL, L, L, 4.5, O, 194, 0, 0, 98.11, 96.44, 39.33, 81.11, 6.33, 15.0, 13.11, 17.78, 9.67, 42.0, 24.89, 7.56, 4.33, 14.22, 19.33, 37.44, 80.78, 7.33, 21.78, 14.22, 20.44, 8.33, 38.44, 19.44, 8.56, 3.78, 13.22, 18.11, 100.56, 98.11, 35.78, 80.11, 9.22, 24.33, 19.78, 26.11, 9.22, 44.0, 23.33, 9.67, 3.67, 14.33, 17.67, 36.11, 84.78, 10.22, 28.67, 15.67, 20.44, 11.22, 44.56, 23.0, 8.44, 5.67, 15.89, 21.11
38, 2015-01-13, Home, SAS, W, W, 1, U, 195.5, 0, 0, 96.67, 99.67, 38.44, 80.0, 6.11, 15.44, 13.67, 18.33, 9.11, 41.33, 24.89, 7.67, 4.78, 15.22, 18.89, 38.11, 81.78, 8.67, 22.78, 14.78, 21.0, 9.11, 39.11, 21.33, 9.56, 3.67, 13.33, 18.11, 100.11, 98.89, 38.89, 81.78, 7.56, 21.89, 14.78, 20.44, 8.67, 40.44, 24.56, 7.44, 4.56, 15.0, 20.44, 37.11, 81.78, 6.56, 20.22, 18.11, 24.78, 10.33, 43.33, 21.33, 9.22, 4.33, 14.56, 20.11
39, 2015-01-14, Away, CHI, W, W, 5.5, O, 196, 0, 1, 96.67, 100.22, 37.56, 78.33, 6.22, 15.33, 15.33, 19.89, 9.0, 41.33, 24.0, 6.89, 5.11, 14.89, 17.78, 38.78, 83.67, 9.0, 23.33, 13.67, 19.67, 9.11, 38.89, 22.33, 8.78, 3.89, 12.11, 18.33, 97.22, 100.33, 34.89, 87.22, 6.67, 20.89, 20.78, 26.56, 15.67, 47.67, 21.0, 7.22, 8.89, 13.22, 17.0, 40.33, 87.33, 5.78, 15.89, 13.89, 19.22, 11.11, 44.44, 22.67, 8.0, 6.89, 13.33, 23.44
40, 2015-01-16, Home, BRK, L, L, -9.5, U, 192, 0, 0, 96.78, 99.78, 38.11, 78.89, 5.89, 15.0, 14.67, 19.56, 9.44, 42.22, 24.89, 6.11, 5.11, 14.56, 18.11, 38.11, 82.89, 9.44, 23.11, 14.11, 19.78, 8.67, 38.33, 22.22, 8.67, 4.33, 11.44, 18.44, 91.22, 95.22, 35.44, 79.89, 5.89, 21.22, 14.44, 18.67, 8.56, 44.0, 20.67, 6.56, 4.33, 15.33, 20.0, 35.89, 83.44, 8.56, 23.67, 14.89, 21.22, 11.11, 42.67, 22.22, 9.67, 4.78, 11.11, 18.67
41, 2015-01-17, Away, BRK, W, W, -5.5, U, 190.5, 1, 1, 96.0, 98.44, 37.89, 78.78, 5.89, 15.56, 14.33, 18.33, 9.22, 41.0, 25.0, 6.22, 5.33, 14.22, 18.11, 37.44, 82.78, 9.0, 22.78, 14.56, 20.0, 9.22, 38.89, 21.89, 8.78, 4.22, 11.78, 18.11, 91.89, 95.0, 35.56, 79.67, 5.67, 21.0, 15.11, 19.78, 8.33, 43.22, 20.33, 6.89, 4.22, 15.33, 20.22, 35.67, 82.0, 8.11, 22.78, 15.56, 21.33, 10.56, 41.44, 22.33, 9.78, 4.11, 11.89, 19.56
42, 2015-01-19, Home, PHI, W, W, -14, U, 192.5, 0, 0, 95.67, 96.33, 38.0, 78.0, 5.22, 15.0, 14.44, 19.67, 9.78, 42.11, 24.56, 6.67, 5.78, 14.0, 17.67, 36.56, 82.67, 8.56, 22.56, 14.67, 19.89, 9.78, 39.11, 21.44, 8.56, 3.78, 11.78, 18.11, 89.11, 98.78, 33.22, 79.78, 7.0, 23.11, 15.67, 22.44, 11.44, 41.67, 20.44, 9.11, 6.67, 16.89, 21.67, 36.56, 82.0, 9.11, 24.67, 16.56, 23.78, 12.78, 47.0, 25.44, 9.56, 3.56, 15.56, 20.0
43, 2015-01-21, Home, OKC, L, L, -1, O, 207.5, 1, 0, 97.78, 93.56, 38.56, 77.89, 5.56, 14.89, 15.11, 20.22, 10.22, 44.56, 24.89, 6.89, 5.67, 15.78, 18.11, 34.89, 83.44, 8.78, 23.44, 15.0, 20.44, 9.89, 38.22, 20.56, 9.33, 3.67, 12.44, 18.22, 107.56, 107.0, 40.11, 90.33, 8.44, 26.11, 18.89, 24.78, 13.0, 48.0, 22.0, 9.11, 5.56, 14.78, 22.44, 38.67, 84.67, 10.78, 24.56, 18.89, 25.0, 9.44, 42.33, 22.0, 8.56, 3.56, 15.44, 20.56
44, 2015-01-24, Away, POR, L, L, -3.5, O, 195, 0, 0, 99.0, 95.78, 38.56, 80.22, 6.11, 17.11, 15.78, 21.22, 10.44, 46.56, 24.89, 6.67, 5.22, 15.67, 18.67, 35.67, 86.56, 8.78, 24.56, 15.67, 21.11, 10.0, 40.22, 20.78, 9.0, 3.67, 11.56, 18.56, 99.56, 98.11, 36.89, 86.11, 9.89, 29.0, 15.89, 20.67, 9.67, 42.22, 21.0, 7.33, 4.33, 12.22, 18.11, 37.78, 84.89, 6.67, 20.22, 15.89, 21.11, 11.0, 47.67, 22.33, 7.78, 3.56, 13.44, 19.67
45, 2015-01-25, Away, DEN, W, L, -3.5, O, 203.5, 0, 1, 98.44, 97.11, 38.67, 80.89, 5.78, 17.0, 15.33, 20.44, 9.67, 46.22, 24.44, 6.56, 5.11, 15.22, 19.33, 35.78, 87.11, 9.0, 25.11, 16.56, 21.56, 9.78, 40.56, 21.22, 8.67, 3.78, 11.22, 17.67, 100.67, 105.22, 38.11, 83.89, 6.67, 20.78, 17.78, 25.11, 11.0, 44.22, 23.0, 7.67, 3.89, 14.33, 21.89, 39.0, 84.67, 9.11, 24.56, 18.11, 23.22, 10.44, 43.78, 23.11, 8.0, 4.67, 13.33, 21.0
46, 2015-01-27, Away, LAL, W, L, -8, U, 192.5, 0, 0, 100.11, 100.33, 39.44, 81.33, 5.33, 16.89, 15.89, 20.89, 9.44, 46.44, 24.67, 6.11, 4.56, 15.67, 20.33, 36.78, 89.11, 9.22, 25.44, 17.56, 22.56, 10.11, 40.44, 22.33, 8.44, 3.22, 10.44, 18.67, 89.89, 97.78, 33.33, 79.78, 5.44, 17.78, 17.78, 24.33, 10.89, 45.33, 19.56, 6.56, 3.67, 15.0, 19.11, 36.56, 82.56, 8.67, 26.44, 16.0, 21.33, 9.56, 43.44, 21.44, 9.0, 5.33, 13.22, 18.89
47, 2015-01-28, Away, PHO, L, L, 6.5, U, 211, 0, 1, 101.11, 97.22, 39.67, 81.56, 5.22, 16.44, 16.56, 22.22, 9.56, 47.78, 24.0, 6.44, 4.0, 15.33, 20.56, 36.22, 88.89, 8.0, 24.22, 16.78, 21.67, 9.56, 40.0, 20.44, 7.89, 3.33, 10.78, 19.11, 108.78, 108.67, 42.11, 87.89, 8.22, 26.67, 16.33, 22.0, 10.56, 42.33, 20.78, 9.89, 5.56, 14.44, 21.56, 40.89, 87.44, 9.89, 24.11, 17.0, 23.56, 11.78, 44.33, 24.56, 7.89, 3.89, 16.56, 19.56
48, 2015-01-31, Home, TOR, L, L, -5, O, 203.5, 1, 0, 100.78, 98.67, 39.67, 83.0, 5.44, 17.11, 16.0, 22.11, 10.33, 48.0, 23.22, 6.22, 3.56, 15.11, 20.78, 36.44, 88.0, 8.22, 24.22, 17.56, 22.33, 9.44, 40.78, 20.11, 8.67, 3.11, 11.0, 19.0, 101.67, 99.67, 36.56, 82.11, 7.56, 25.22, 21.0, 26.44, 11.89, 42.33, 20.33, 8.56, 4.67, 13.11, 21.0, 37.67, 80.89, 6.89, 20.22, 17.44, 23.22, 10.56, 41.89, 21.0, 7.11, 4.44, 14.78, 20.33
49, 2015-02-02, Home, CHO, L, L, -8, U, 187, 0, 0, 102.0, 101.0, 39.33, 83.11, 6.0, 18.11, 17.33, 23.89, 10.56, 47.67, 22.89, 6.67, 3.78, 15.89, 20.78, 37.56, 89.0, 8.0, 24.11, 17.89, 23.0, 9.22, 40.89, 21.0, 8.33, 3.44, 11.11, 19.89, 91.33, 87.56, 34.33, 86.11, 4.33, 15.22, 18.33, 26.89, 12.22, 49.22, 20.67, 6.67, 7.11, 10.89, 17.78, 33.33, 84.56, 7.22, 22.67, 13.67, 17.89, 8.89, 45.89, 20.56, 6.11, 7.33, 13.0, 21.78
50, 2015-02-04, Away, ATL, L, L, 5.5, O, 196, 0, 0, 102.89, 99.89, 39.56, 84.0, 6.22, 17.89, 17.56, 24.22, 10.78, 48.33, 22.44, 6.78, 3.56, 15.11, 20.44, 37.56, 88.78, 8.0, 24.44, 16.78, 21.67, 9.0, 41.22, 21.33, 7.67, 3.33, 11.22, 19.78, 103.78, 96.22, 39.22, 82.44, 10.33, 27.11, 15.0, 19.44, 8.56, 40.44, 27.0, 8.0, 4.11, 11.44, 17.78, 35.78, 82.11, 9.11, 26.67, 15.56, 20.22, 11.33, 44.0, 23.67, 6.44, 4.44, 13.89, 19.33
51, 2015-02-05, Away, CHO, L, L, -2, U, 187.5, 0, 1, 102.56, 101.56, 38.89, 84.0, 6.11, 17.89, 18.67, 24.56, 9.89, 47.44, 22.0, 6.78, 3.22, 15.0, 21.44, 37.78, 88.56, 8.78, 25.33, 17.22, 22.67, 8.78, 41.89, 22.11, 7.78, 3.56, 11.67, 20.0, 89.33, 88.22, 34.11, 86.22, 4.0, 15.11, 17.11, 25.33, 11.67, 48.22, 21.0, 6.44, 6.89, 10.44, 18.22, 33.33, 84.11, 7.0, 21.11, 14.56, 19.0, 9.56, 47.44, 20.78, 5.89, 7.22, 13.0, 21.67
52, 2015-02-07, Home, BRK, W, W, -6.5, U, 192, 1, 0, 99.89, 103.56, 37.78, 84.33, 5.89, 17.56, 18.44, 24.44, 9.44, 45.67, 21.33, 6.11, 3.22, 13.89, 21.89, 38.33, 87.56, 8.78, 25.44, 18.11, 23.11, 9.0, 44.11, 21.67, 7.11, 4.78, 11.44, 20.22, 97.44, 105.67, 37.89, 83.33, 6.11, 19.22, 15.56, 21.78, 10.78, 40.89, 20.67, 6.56, 4.22, 11.78, 19.78, 40.67, 83.78, 8.56, 25.22, 15.78, 22.44, 10.67, 44.67, 25.33, 6.11, 4.0, 11.33, 18.11
53, 2015-02-09, Home, ORL, W, W, -10.5, U, 193, 1, 0, 101.11, 100.44, 38.44, 82.89, 6.11, 16.44, 18.11, 24.11, 9.78, 44.89, 22.22, 6.22, 3.22, 14.44, 22.33, 36.78, 84.78, 8.56, 24.22, 18.33, 24.0, 9.22, 42.0, 21.22, 7.44, 4.67, 12.0, 20.11, 99.11, 106.0, 39.0, 82.56, 6.67, 20.22, 14.44, 20.0, 10.11, 42.56, 21.67, 7.89, 3.44, 15.56, 19.44, 40.67, 82.67, 9.89, 23.22, 14.78, 19.56, 8.22, 40.89, 27.44, 10.0, 5.0, 13.67, 17.56
54, 2015-02-11, Away, TOR, L, W, 5, U, 196, 0, 0, 101.11, 97.89, 37.67, 82.33, 6.33, 17.56, 19.44, 25.56, 11.0, 46.22, 22.33, 6.11, 3.22, 15.33, 21.78, 36.56, 84.33, 7.56, 23.22, 17.22, 23.44, 9.22, 40.78, 20.78, 8.0, 5.22, 11.89, 21.22, 106.89, 102.33, 38.11, 80.44, 9.22, 25.56, 21.44, 27.0, 8.67, 41.22, 22.22, 7.78, 4.56, 11.67, 21.22, 37.56, 84.11, 7.67, 22.0, 19.56, 25.44, 11.22, 41.44, 22.22, 7.0, 4.0, 12.89, 19.89
55, 2015-02-20, Home, CLE, L, L, 3, O, 198.5, 0, 0, 98.44, 95.67, 36.67, 81.78, 6.44, 18.33, 18.67, 24.78, 11.56, 46.22, 21.89, 6.33, 3.67, 15.22, 20.44, 35.44, 81.56, 7.44, 22.89, 17.33, 23.22, 8.67, 39.89, 19.78, 8.22, 5.44, 12.33, 20.0, 104.22, 96.22, 38.44, 81.78, 11.44, 31.22, 15.89, 22.0, 11.67, 45.78, 22.22, 7.33, 4.22, 14.89, 19.22, 35.78, 85.56, 7.67, 23.11, 17.0, 21.67, 12.78, 41.56, 21.89, 9.56, 3.44, 11.78, 19.78
56, 2015-02-22, Away, DET, L, L, -2, P, 195, 0, 0, 97.44, 99.56, 36.67, 82.67, 6.11, 18.33, 18.0, 23.56, 11.89, 45.33, 22.22, 6.22, 4.22, 15.33, 21.0, 36.44, 81.89, 8.44, 24.33, 18.22, 24.56, 8.89, 40.33, 21.0, 8.56, 5.44, 12.22, 19.78, 99.11, 96.44, 36.78, 82.33, 7.44, 22.89, 18.11, 24.33, 11.78, 41.56, 21.22, 7.78, 4.22, 11.56, 17.56, 37.0, 80.44, 7.78, 21.0, 14.67, 19.44, 10.78, 40.89, 23.56, 5.67, 5.67, 13.33, 20.11
57, 2015-02-24, Home, GSW, L, L, 6.5, O, 203.5, 0, 0, 96.44, 99.56, 36.67, 82.33, 5.89, 18.22, 17.22, 22.56, 11.44, 44.56, 23.89, 6.44, 4.11, 15.22, 21.67, 36.11, 82.0, 8.67, 24.67, 18.67, 25.33, 10.0, 41.44, 20.89, 8.33, 5.33, 12.56, 20.11, 107.56, 99.0, 40.44, 88.44, 11.67, 29.56, 15.0, 19.56, 11.11, 45.78, 26.78, 9.44, 5.67, 13.0, 20.33, 36.22, 84.33, 8.33, 21.44, 18.22, 23.0, 10.22, 44.67, 22.0, 7.78, 3.22, 15.78, 19.11
58, 2015-02-25, Away, MIN, L, L, 2.5, U, 201, 0, 1, 95.44, 98.89, 37.22, 82.33, 5.33, 17.56, 15.67, 20.33, 11.11, 45.11, 23.56, 6.0, 3.89, 15.67, 21.22, 36.22, 82.22, 8.78, 24.33, 17.67, 23.89, 9.78, 40.89, 21.0, 8.89, 4.56, 12.11, 18.78, 99.67, 103.33, 36.11, 83.44, 4.89, 14.33, 22.56, 27.89, 13.67, 45.11, 21.11, 7.67, 3.11, 14.89, 20.44, 39.56, 84.22, 8.33, 25.0, 15.89, 21.89, 13.11, 44.0, 21.78, 9.89, 6.33, 14.78, 22.11
59, 2015-02-27, Away, PHI, L, L, -7.5, U, 193.5, 0, 0, 94.22, 99.44, 37.22, 83.0, 5.11, 17.89, 14.67, 19.11, 11.11, 45.11, 23.78, 5.78, 3.89, 16.44, 21.67, 36.0, 82.44, 8.78, 24.11, 18.67, 24.89, 10.22, 42.11, 20.56, 9.33, 4.67, 12.67, 18.44, 94.11, 100.44, 33.33, 77.89, 10.56, 27.44, 16.89, 24.89, 10.11, 43.11, 22.0, 9.89, 6.11, 19.78, 21.11, 37.67, 83.11, 8.56, 24.22, 16.56, 22.22, 9.44, 42.89, 25.22, 10.78, 3.78, 15.11, 20.78
60, 2015-02-28, Home, DET, W, L, -4.5, U, 194.5, 1, 1, 92.56, 97.67, 36.78, 84.78, 5.11, 18.0, 13.89, 18.22, 12.0, 46.22, 23.89, 5.44, 4.22, 16.56, 21.78, 34.89, 82.44, 8.89, 25.0, 19.0, 25.67, 10.56, 42.89, 20.22, 9.33, 4.89, 12.78, 18.22, 101.67, 99.89, 37.11, 84.89, 8.44, 25.33, 19.0, 26.44, 12.22, 44.22, 20.11, 6.56, 3.78, 12.11, 20.0, 37.56, 84.0, 8.0, 21.56, 16.78, 20.56, 10.89, 43.0, 24.11, 5.33, 5.33, 12.89, 22.33
61, 2015-03-03, Away, CHI, L, L, -1.5, O, 187, 0, 0, 93.89, 97.78, 37.0, 84.11, 5.33, 19.11, 14.56, 19.11, 12.33, 46.89, 24.0, 6.78, 3.89, 16.56, 20.67, 35.44, 82.78, 9.11, 25.11, 17.78, 25.0, 10.22, 41.78, 20.56, 9.67, 3.44, 13.11, 18.56, 97.0, 93.56, 35.78, 83.56, 7.89, 22.78, 17.56, 22.0, 13.11, 46.0, 23.44, 5.89, 4.56, 13.0, 18.44, 37.33, 83.56, 5.78, 20.89, 13.11, 21.33, 11.33, 44.11, 19.11, 7.67, 3.78, 11.78, 19.67
62, 2015-03-06, Home, MIA, W, L, -6, O, 193, 0, 0, 91.44, 100.0, 36.0, 83.78, 5.22, 19.33, 14.22, 18.67, 11.67, 45.56, 23.11, 6.89, 4.78, 16.22, 20.56, 36.22, 82.89, 9.67, 26.33, 17.89, 24.89, 9.89, 42.78, 20.89, 9.33, 3.78, 13.22, 18.11, 101.67, 99.11, 36.78, 81.67, 7.22, 21.11, 20.89, 27.33, 11.11, 44.0, 20.11, 8.67, 4.89, 15.33, 21.0, 36.78, 80.67, 8.11, 23.0, 17.44, 25.22, 9.44, 39.78, 23.89, 8.22, 3.89, 15.33, 23.0
63, 2015-03-07, Away, MIL, L, L, 4.5, U, 186.5, 0, 1, 91.78, 101.89, 36.56, 84.33, 5.22, 19.11, 13.44, 17.67, 11.33, 44.44, 23.0, 6.78, 4.89, 15.67, 21.33, 36.67, 82.44, 10.33, 26.89, 18.22, 25.33, 9.89, 43.22, 20.89, 8.44, 3.33, 13.56, 17.56, 90.78, 94.11, 34.44, 80.89, 5.44, 16.56, 16.44, 21.22, 10.44, 43.22, 20.67, 10.11, 4.89, 17.44, 21.44, 33.78, 80.67, 9.0, 26.33, 17.56, 23.67, 12.22, 45.44, 22.56, 10.22, 6.0, 18.0, 20.44
64, 2015-03-09, Away, CHO, W, W, 2.5, U, 191.5, 1, 0, 90.89, 101.44, 35.67, 83.89, 5.67, 19.89, 13.89, 18.33, 11.22, 44.33, 22.33, 7.0, 4.56, 15.78, 21.78, 37.22, 82.67, 10.22, 26.22, 16.78, 24.11, 10.0, 44.0, 21.78, 8.22, 3.44, 13.89, 18.11, 100.89, 96.22, 39.0, 84.11, 6.56, 18.33, 16.33, 20.78, 9.22, 46.0, 24.11, 7.11, 4.78, 12.22, 18.11, 37.0, 87.22, 5.78, 19.11, 16.44, 20.89, 10.44, 43.89, 20.67, 6.78, 5.0, 10.56, 18.44
65, 2015-03-12, Home, MEM, W, W, -8.5, O, 183, 1, 0, 91.56, 95.0, 36.33, 83.78, 5.78, 19.67, 13.11, 17.11, 10.78, 45.0, 22.22, 7.33, 4.22, 15.33, 21.33, 34.89, 81.22, 9.11, 25.0, 16.11, 23.22, 9.78, 43.44, 20.11, 7.33, 3.89, 14.44, 17.44, 92.56, 95.56, 36.11, 79.22, 3.89, 13.22, 16.44, 21.67, 9.0, 39.89, 21.56, 9.89, 4.44, 14.33, 17.89, 37.33, 82.33, 7.67, 22.0, 13.22, 17.44, 10.78, 43.22, 22.67, 8.56, 6.44, 14.22, 17.89
66, 2015-03-14, Home, SAC, W, W, -10, O, 207.5, 1, 0, 93.56, 92.89, 36.67, 83.22, 5.67, 19.67, 14.56, 19.0, 10.67, 44.89, 21.89, 8.11, 4.56, 15.44, 21.56, 34.22, 80.22, 8.0, 23.56, 16.44, 23.78, 9.44, 42.33, 19.67, 7.44, 4.11, 15.44, 18.56, 105.78, 110.89, 37.67, 83.56, 6.33, 16.56, 24.11, 29.89, 11.11, 42.56, 21.33, 7.78, 3.22, 15.44, 19.67, 42.22, 86.56, 9.67, 25.11, 16.78, 22.11, 9.33, 40.11, 25.33, 9.0, 7.67, 12.89, 22.44
67, 2015-03-16, Home, POR, W, W, -1, O, 198, 1, 0, 94.22, 91.0, 36.78, 83.44, 6.56, 20.56, 14.11, 18.56, 10.67, 44.44, 22.44, 8.56, 4.78, 14.0, 22.11, 33.11, 78.78, 7.33, 23.11, 17.44, 25.0, 10.22, 43.11, 19.33, 6.56, 4.33, 16.22, 18.56, 108.56, 99.0, 40.78, 85.78, 10.67, 26.67, 16.33, 20.0, 10.22, 47.11, 22.33, 5.22, 3.56, 13.22, 17.11, 39.22, 88.22, 6.11, 19.44, 14.44, 19.33, 9.67, 41.33, 22.22, 7.33, 3.44, 10.67, 18.44
68, 2015-03-18, Away, UTA, W, W, 3, U, 180.5, 0, 0, 97.33, 91.0, 37.67, 82.89, 6.89, 19.89, 15.11, 20.56, 10.22, 44.44, 22.89, 8.56, 4.89, 12.56, 21.0, 33.22, 79.67, 7.78, 24.78, 16.78, 24.11, 10.67, 42.56, 19.56, 5.67, 4.22, 15.56, 19.0, 91.22, 81.89, 33.33, 75.89, 7.56, 21.0, 17.0, 23.78, 12.67, 49.67, 19.67, 7.0, 6.11, 15.0, 17.89, 31.67, 80.89, 6.56, 20.78, 12.0, 18.11, 9.89, 38.11, 17.78, 8.33, 3.44, 11.56, 19.44
69, 2015-03-20, Away, LAC, L, L, 7, O, 201.5, 0, 0, 98.11, 90.44, 38.0, 79.56, 7.11, 19.22, 15.0, 20.67, 9.44, 43.33, 22.44, 8.56, 4.67, 13.44, 20.56, 33.89, 79.89, 6.89, 23.56, 15.78, 23.0, 10.89, 40.67, 19.56, 5.89, 4.33, 14.89, 18.89, 102.44, 102.11, 38.67, 83.89, 11.89, 29.89, 13.22, 21.11, 9.0, 41.67, 25.33, 8.0, 3.78, 13.67, 24.44, 36.33, 81.78, 7.44, 21.22, 22.0, 28.56, 9.89, 45.22, 21.89, 7.78, 2.78, 13.78, 20.89
70, 2015-03-22, Away, SAC, L, L, -3.5, U, 209, 0, 0, 98.11, 92.44, 38.0, 80.44, 7.0, 19.11, 15.11, 20.44, 9.0, 42.56, 23.11, 7.67, 4.67, 13.11, 20.56, 34.67, 80.67, 7.33, 23.22, 15.78, 22.56, 10.78, 41.33, 21.22, 5.56, 4.78, 14.56, 18.78, 106.0, 112.56, 37.78, 82.33, 7.22, 20.33, 23.22, 29.11, 12.22, 43.89, 22.0, 6.44, 3.33, 16.22, 19.89, 43.44, 87.22, 11.44, 27.33, 14.22, 19.67, 8.78, 38.44, 27.56, 9.0, 6.67, 12.33, 22.89
71, 2015-03-23, Away, GSW, L, L, 11, U, 207.5, 0, 1, 97.44, 93.78, 38.0, 80.78, 6.44, 18.56, 15.0, 20.33, 9.67, 43.11, 22.89, 7.33, 3.78, 13.67, 20.0, 35.44, 80.78, 7.22, 21.89, 15.67, 21.78, 10.11, 39.89, 21.67, 6.33, 4.22, 14.56, 18.89, 108.56, 96.78, 41.0, 84.78, 10.11, 24.44, 16.44, 20.67, 8.78, 40.44, 28.11, 10.11, 6.22, 13.0, 18.67, 36.11, 84.22, 7.78, 19.0, 16.78, 21.78, 12.11, 43.78, 21.44, 7.67, 4.0, 16.11, 18.89
72, 2015-03-25, Home, IND, L, L, -3, O, 188.5, 0, 0, 94.89, 94.89, 36.78, 80.67, 6.0, 17.22, 15.33, 21.22, 9.11, 42.56, 21.89, 7.22, 3.56, 13.22, 19.33, 35.67, 82.56, 7.56, 22.56, 16.0, 22.0, 11.33, 42.67, 22.22, 6.78, 4.67, 14.22, 18.33, 99.44, 101.78, 37.67, 84.56, 8.22, 22.56, 15.89, 20.11, 9.22, 42.11, 21.78, 5.22, 4.78, 11.78, 23.0, 35.44, 81.11, 7.67, 20.33, 23.22, 28.56, 9.67, 44.33, 18.78, 6.56, 4.56, 11.89, 21.67
73, 2015-03-27, Home, CHO, W, L, -4.5, O, 188, 0, 0, 96.67, 96.22, 37.0, 80.0, 5.56, 15.67, 17.11, 23.0, 8.22, 42.22, 21.22, 6.89, 3.67, 12.44, 19.78, 35.89, 83.33, 7.44, 23.22, 17.0, 23.44, 11.22, 42.56, 21.78, 6.78, 4.22, 13.56, 18.89, 89.78, 97.78, 33.33, 85.33, 5.56, 17.78, 17.56, 22.89, 10.11, 43.89, 17.33, 5.33, 6.22, 11.0, 18.0, 37.44, 81.33, 7.56, 19.56, 15.33, 20.22, 7.22, 45.0, 22.33, 5.33, 4.56, 12.11, 20.22
74, 2015-03-29, Home, HOU, L, L, 2, U, 204, 0, 0, 98.33, 100.44, 37.0, 83.11, 6.33, 16.89, 18.0, 24.89, 9.22, 44.78, 21.67, 6.78, 4.22, 12.78, 20.56, 37.11, 86.33, 7.89, 23.56, 18.33, 25.11, 11.44, 45.22, 23.11, 7.56, 4.56, 13.11, 19.56, 104.78, 103.78, 37.33, 81.44, 10.78, 30.44, 19.33, 25.33, 9.56, 41.22, 24.22, 8.56, 4.44, 14.89, 20.78, 39.89, 86.78, 8.78, 24.22, 15.22, 22.22, 12.44, 45.11, 22.33, 7.22, 5.44, 14.89, 20.33
75, 2015-04-01, Home, PHI, W, W, -10, O, 190, 0, 0, 96.56, 101.78, 35.78, 82.56, 6.22, 16.67, 18.78, 25.56, 9.33, 44.89, 20.78, 7.11, 4.22, 13.22, 20.33, 37.44, 86.33, 8.56, 24.67, 18.33, 25.44, 11.67, 46.56, 23.11, 7.89, 4.89, 12.89, 19.11, 96.33, 98.22, 35.89, 86.22, 10.78, 29.0, 13.78, 22.33, 12.0, 44.33, 20.78, 9.67, 5.78, 14.11, 22.56, 35.33, 84.0, 8.33, 22.0, 19.22, 25.11, 12.67, 48.33, 20.89, 7.33, 6.0, 15.11, 20.0
76, 2015-04-03, Home, NYK, W, P, -14, U, 190, 0, 0, 95.78, 101.33, 35.89, 82.0, 5.22, 15.11, 18.78, 26.11, 9.33, 45.56, 21.33, 7.0, 4.0, 13.56, 19.78, 37.56, 87.89, 9.0, 26.33, 17.22, 24.22, 11.67, 46.33, 22.44, 8.56, 4.89, 12.33, 19.44, 88.67, 102.11, 34.11, 82.89, 6.0, 19.33, 14.44, 18.11, 9.89, 39.56, 20.56, 7.33, 5.44, 14.44, 19.33, 38.22, 81.22, 6.33, 17.78, 19.33, 24.22, 10.22, 43.89, 21.89, 7.78, 4.78, 13.0, 16.89
77, 2015-04-04, Away, MEM, W, W, 7.5, U, 187, 1, 1, 95.33, 100.22, 36.11, 83.22, 5.22, 15.56, 17.89, 24.56, 10.0, 46.11, 22.11, 7.33, 4.44, 14.11, 19.78, 37.0, 87.33, 8.89, 25.56, 17.33, 24.22, 11.11, 45.67, 22.22, 9.0, 5.11, 12.44, 19.0, 96.22, 96.67, 37.44, 81.22, 7.0, 17.11, 14.33, 19.11, 8.78, 40.0, 20.89, 7.44, 3.89, 12.67, 20.0, 36.78, 81.89, 8.11, 23.33, 15.0, 20.44, 9.89, 43.11, 21.56, 6.89, 4.33, 13.78, 19.11
78, 2015-04-08, Away, PHI, W, W, -4.5, O, 186, 0, 0, 95.78, 100.11, 36.67, 85.0, 5.44, 16.78, 17.0, 23.11, 10.0, 46.0, 23.0, 7.89, 4.11, 13.44, 19.44, 37.0, 87.22, 8.56, 24.78, 17.56, 23.56, 10.56, 46.22, 22.44, 8.22, 4.89, 13.11, 18.56, 95.78, 101.22, 35.33, 87.33, 10.89, 30.22, 14.22, 22.44, 12.56, 42.0, 19.11, 8.78, 5.89, 13.44, 23.22, 37.33, 82.78, 6.56, 19.33, 20.0, 26.67, 13.44, 49.44, 21.89, 6.89, 6.56, 14.89, 20.33
79, 2015-04-10, Away, BRK, L, L, 5, U, 198, 0, 0, 98.0, 97.56, 37.78, 83.44, 5.67, 16.33, 16.78, 23.11, 9.78, 47.0, 23.89, 7.67, 4.78, 14.0, 20.0, 35.44, 87.56, 8.22, 25.22, 18.44, 24.67, 11.56, 45.11, 20.67, 8.89, 4.33, 12.44, 18.67, 105.0, 104.33, 41.0, 85.67, 7.33, 19.78, 15.67, 19.89, 9.89, 42.89, 24.67, 7.33, 4.11, 10.67, 16.56, 40.22, 84.78, 9.67, 24.33, 14.22, 18.44, 9.11, 41.67, 24.89, 7.22, 4.11, 12.22, 18.11
80, 2015-04-12, Home, ATL, W, P, -9, O, 194, 0, 0, 97.33, 98.44, 37.44, 82.89, 5.89, 16.11, 16.56, 23.0, 9.89, 47.67, 24.11, 7.22, 4.89, 14.11, 20.33, 36.0, 88.67, 8.67, 25.56, 17.78, 24.67, 12.44, 46.22, 21.22, 8.67, 4.22, 11.33, 19.0, 103.89, 92.89, 40.33, 82.67, 10.0, 27.44, 13.22, 17.33, 9.11, 41.78, 29.44, 9.44, 4.0, 13.11, 16.67, 35.22, 81.22, 7.78, 24.67, 14.67, 19.44, 10.78, 41.22, 22.78, 6.89, 4.22, 14.0, 16.11
81, 2015-04-14, Away, IND, L, W, 8, O, 192, 0, 0, 100.89, 97.56, 38.78, 83.33, 6.56, 17.22, 16.78, 23.11, 10.89, 49.11, 24.89, 7.56, 5.33, 15.0, 20.78, 35.67, 87.78, 8.22, 25.11, 18.0, 25.0, 11.11, 43.56, 21.33, 8.78, 3.78, 11.33, 19.89, 103.78, 97.44, 36.67, 79.22, 9.89, 21.33, 20.56, 28.22, 10.44, 46.44, 22.33, 6.33, 4.22, 14.0, 23.11, 37.0, 84.33, 7.22, 20.56, 16.22, 23.89, 9.33, 39.89, 20.67, 7.11, 3.78, 11.89, 24.0
82, 2015-04-15, Away, CLE, L, W, 7.5, O, 192, 0, 1, 100.22, 97.11, 39.22, 86.56, 6.78, 18.33, 15.0, 20.78, 11.67, 50.56, 25.89, 7.78, 5.11, 15.11, 20.67, 35.89, 90.0, 8.22, 25.56, 17.11, 23.78, 11.67, 45.0, 21.44, 8.56, 4.56, 11.67, 19.22, 98.89, 97.22, 36.67, 80.89, 11.33, 31.22, 14.22, 20.0, 11.33, 44.44, 23.0, 6.89, 4.56, 16.33, 18.0, 37.89, 82.33, 8.22, 23.0, 13.22, 18.67, 8.78, 38.67, 24.44, 9.89, 2.33, 12.0, 19.44
