21, 2014-12-10, Away, ORL, W, L, -5.5, U, 195.5, 0, 0, 101.68, 97.16, 38.95, 83.37, 6.26, 16.21, 17.53, 23.42, 11.16, 44.58, 26.11, 8.11, 5.16, 14.74, 22.74, 34.74, 81.53, 7.47, 21.47, 20.21, 25.95, 10.0, 41.37, 17.58, 8.21, 4.32, 15.32, 22.42, 95.58, 99.47, 36.79, 80.21, 6.89, 18.68, 15.11, 20.26, 9.0, 41.37, 19.47, 7.0, 3.0, 14.74, 20.16, 38.47, 82.58, 7.42, 20.74, 15.11, 20.16, 9.32, 41.74, 23.21, 7.37, 5.68, 13.0, 19.79
22, 2014-12-12, Home, LAC, W, W, 2.5, U, 205.5, 0, 0, 100.95, 96.68, 39.05, 83.42, 6.16, 16.16, 16.68, 22.53, 11.26, 44.79, 26.32, 7.84, 5.42, 14.58, 22.11, 34.79, 82.16, 7.53, 21.47, 19.58, 25.16, 10.26, 41.68, 17.21, 8.37, 4.63, 14.79, 21.84, 107.05, 99.32, 39.68, 81.05, 10.32, 26.37, 17.37, 22.79, 7.16, 40.26, 25.11, 7.11, 5.21, 11.63, 20.89, 35.89, 80.53, 8.05, 24.05, 19.47, 25.68, 9.21, 40.68, 22.74, 6.74, 3.26, 13.37, 21.32
23, 2014-12-14, Home, UTA, W, L, -11, U, 193.5, 0, 0, 100.74, 96.63, 39.0, 83.79, 6.42, 16.32, 16.32, 21.89, 11.42, 44.95, 26.32, 7.42, 5.47, 14.32, 22.32, 34.68, 81.89, 7.37, 21.37, 19.89, 25.53, 10.05, 41.42, 17.0, 8.16, 4.58, 14.32, 21.42, 94.58, 101.26, 35.53, 77.53, 6.32, 19.37, 17.21, 24.0, 10.74, 40.68, 20.47, 6.42, 5.53, 13.95, 19.16, 38.68, 81.53, 7.42, 19.79, 16.47, 21.79, 10.58, 40.11, 18.74, 8.11, 4.21, 11.32, 20.42
24, 2014-12-16, Home, MIN, W, W, -12.5, O, 203.5, 0, 0, 100.47, 96.68, 39.11, 84.0, 6.21, 16.05, 16.05, 21.53, 11.42, 44.95, 26.0, 7.58, 5.74, 14.47, 22.11, 34.68, 81.74, 7.21, 21.47, 20.11, 26.0, 9.89, 41.53, 16.84, 8.32, 4.74, 14.26, 21.16, 98.11, 110.68, 36.79, 85.32, 4.26, 13.95, 20.26, 27.58, 12.11, 40.21, 21.95, 9.47, 4.05, 14.84, 20.74, 41.84, 83.79, 8.74, 22.95, 18.26, 22.79, 11.16, 44.16, 24.37, 8.11, 5.84, 16.42, 22.68
25, 2014-12-19, Away, MIA, W, L, -6, O, 189, 0, 0, 101.16, 96.74, 39.58, 83.74, 6.37, 16.05, 15.63, 21.26, 11.58, 45.11, 26.26, 7.58, 5.79, 14.37, 22.26, 34.74, 81.26, 6.95, 20.47, 20.32, 26.79, 9.74, 40.68, 16.58, 8.53, 4.53, 13.79, 20.68, 90.95, 98.47, 32.79, 73.05, 7.63, 21.47, 17.74, 24.37, 7.84, 34.58, 18.37, 8.79, 3.47, 13.21, 19.58, 36.47, 75.63, 9.21, 23.42, 16.32, 21.68, 9.58, 40.84, 21.63, 7.47, 3.79, 14.63, 21.0
26, 2014-12-21, Home, PHO, L, L, -5.5, U, 205.5, 1, 0, 102.26, 96.74, 40.05, 83.53, 6.37, 15.79, 15.79, 21.32, 11.42, 44.37, 26.53, 7.53, 5.68, 14.16, 21.63, 35.0, 81.0, 6.95, 20.32, 19.79, 26.16, 9.47, 39.89, 16.74, 8.63, 4.53, 13.89, 20.68, 104.68, 103.58, 38.95, 85.47, 10.74, 28.21, 16.05, 20.0, 10.84, 41.63, 21.63, 9.0, 4.16, 14.95, 22.16, 38.05, 83.21, 6.89, 20.53, 20.58, 27.05, 12.0, 44.89, 20.16, 8.74, 3.79, 15.95, 20.79
27, 2014-12-23, Home, CHI, L, L, -2.5, U, 197.5, 1, 0, 102.0, 97.47, 39.79, 83.63, 6.42, 15.95, 16.0, 21.63, 11.53, 44.0, 25.89, 7.68, 5.68, 14.0, 21.53, 35.37, 81.05, 6.84, 19.95, 19.89, 26.16, 9.68, 40.26, 16.84, 8.53, 4.79, 13.84, 20.68, 102.84, 99.53, 36.53, 81.0, 7.47, 21.11, 22.32, 28.53, 11.47, 45.84, 21.74, 5.89, 5.74, 14.16, 19.37, 37.74, 86.58, 6.63, 18.79, 17.42, 22.47, 11.21, 41.26, 20.05, 7.63, 4.95, 11.58, 23.21
28, 2014-12-25, Away, NYK, W, W, -4.5, U, 193.5, 0, 0, 101.16, 97.26, 39.68, 83.95, 6.53, 15.84, 15.26, 20.74, 11.32, 43.74, 25.58, 7.53, 5.63, 13.84, 21.26, 35.42, 81.26, 6.63, 19.68, 19.79, 26.26, 9.74, 40.95, 16.89, 8.53, 4.84, 13.68, 20.11, 94.21, 101.58, 36.21, 80.11, 7.26, 20.58, 14.53, 18.21, 10.63, 38.79, 21.05, 7.74, 4.05, 15.05, 22.05, 37.21, 81.11, 8.89, 23.89, 18.26, 24.11, 12.79, 41.79, 21.95, 8.63, 3.37, 13.79, 19.26
29, 2014-12-27, Home, BOS, W, W, -9.5, U, 205, 1, 0, 101.37, 97.16, 39.79, 84.05, 6.74, 16.16, 15.05, 20.42, 11.53, 44.0, 25.26, 7.47, 5.37, 13.79, 21.47, 35.37, 81.37, 6.47, 19.95, 19.95, 26.32, 9.58, 40.74, 17.05, 8.53, 4.95, 13.26, 19.79, 102.63, 102.89, 39.84, 87.74, 7.42, 21.79, 15.53, 21.0, 10.21, 44.37, 25.63, 8.74, 4.16, 14.89, 20.79, 39.47, 88.11, 7.05, 19.95, 16.89, 21.89, 10.68, 44.32, 22.74, 7.79, 4.84, 14.63, 17.95
30, 2014-12-29, Away, HOU, W, W, 3.5, O, 200, 1, 0, 101.32, 96.26, 40.21, 84.37, 6.47, 15.68, 14.42, 19.84, 11.53, 44.32, 25.42, 7.63, 5.42, 14.05, 21.32, 35.26, 81.21, 6.16, 19.74, 19.58, 26.05, 9.47, 40.32, 17.0, 8.79, 4.79, 13.58, 19.58, 102.26, 101.68, 36.42, 84.74, 11.79, 34.89, 17.63, 24.32, 12.16, 44.79, 20.47, 8.95, 4.42, 16.05, 23.11, 37.89, 84.84, 7.11, 22.58, 18.79, 24.26, 11.05, 42.63, 22.58, 8.42, 5.47, 14.74, 21.05
31, 2014-12-30, Away, DAL, L, L, 5, U, 210, 0, 1, 102.0, 97.58, 39.89, 83.79, 6.68, 16.11, 15.53, 20.84, 11.32, 43.79, 25.26, 7.68, 5.37, 14.11, 21.32, 35.95, 81.79, 6.32, 19.84, 19.37, 26.05, 9.63, 40.16, 17.32, 8.74, 4.63, 13.53, 19.53, 108.21, 105.95, 40.47, 87.26, 9.32, 27.47, 17.95, 24.0, 11.58, 42.95, 22.26, 8.47, 4.84, 13.21, 20.47, 39.16, 86.32, 9.21, 24.11, 18.42, 24.05, 12.74, 46.37, 21.89, 7.79, 3.47, 15.32, 22.63
32, 2015-01-02, Away, OKC, L, P, 7, O, 206, 0, 0, 100.74, 98.32, 39.37, 82.79, 6.47, 15.79, 15.53, 21.11, 10.79, 43.53, 25.0, 7.58, 5.21, 14.53, 21.42, 36.32, 81.68, 6.47, 19.84, 19.21, 26.21, 9.37, 40.05, 17.32, 8.74, 4.53, 13.16, 19.63, 106.0, 98.68, 39.53, 86.26, 7.21, 22.11, 19.74, 25.79, 13.26, 49.32, 20.21, 7.37, 6.37, 14.16, 23.21, 36.37, 85.37, 7.32, 23.42, 18.63, 25.11, 10.74, 41.37, 22.74, 8.0, 4.63, 13.16, 20.84
33, 2015-01-03, Away, SAS, L, L, 5.5, U, 194.5, 0, 1, 100.74, 98.47, 39.53, 82.79, 6.58, 15.84, 15.11, 20.37, 10.37, 43.11, 25.11, 7.63, 5.11, 14.26, 21.11, 36.74, 81.58, 6.53, 19.53, 18.47, 25.42, 9.05, 39.79, 17.53, 8.32, 4.42, 13.16, 19.47, 104.89, 103.32, 39.53, 84.63, 8.63, 22.53, 17.21, 22.84, 10.53, 44.58, 24.42, 7.26, 5.53, 14.58, 19.74, 38.84, 86.58, 8.37, 21.11, 17.26, 22.84, 10.89, 44.37, 21.32, 8.53, 4.0, 13.74, 21.58
34, 2015-01-05, Away, NOP, W, W, 3, U, 200, 0, 0, 101.0, 97.84, 39.89, 83.37, 6.53, 15.89, 14.68, 19.89, 10.47, 43.37, 25.05, 7.68, 5.16, 13.63, 20.58, 37.0, 81.79, 6.42, 19.32, 17.42, 24.37, 9.16, 40.11, 17.74, 7.84, 4.58, 13.21, 19.37, 101.84, 102.32, 39.21, 84.89, 6.37, 18.89, 17.05, 22.37, 11.53, 44.47, 21.16, 7.47, 5.42, 12.74, 17.16, 40.16, 85.16, 7.58, 21.21, 14.42, 19.26, 9.95, 41.16, 21.63, 7.37, 6.32, 12.26, 18.84
35, 2015-01-07, Home, NYK, W, L, -14.5, O, 187.5, 0, 0, 101.47, 98.11, 40.05, 83.53, 6.37, 15.79, 15.0, 20.16, 10.42, 43.05, 25.16, 7.74, 5.05, 13.42, 20.42, 37.16, 81.42, 6.42, 19.42, 17.37, 24.16, 9.0, 39.95, 18.11, 7.84, 4.79, 13.53, 19.58, 92.89, 103.05, 36.11, 82.79, 7.11, 21.11, 13.58, 17.11, 10.58, 39.37, 21.84, 8.32, 4.21, 13.63, 20.26, 38.68, 81.21, 9.26, 23.21, 16.42, 21.47, 11.16, 42.68, 23.26, 8.16, 4.37, 13.58, 17.84
36, 2015-01-09, Home, CHI, W, W, -1, U, 195.5, 0, 0, 101.16, 98.37, 40.05, 83.74, 6.26, 15.63, 14.79, 20.0, 10.53, 43.16, 25.11, 7.84, 5.11, 13.63, 19.89, 37.21, 81.95, 6.89, 19.63, 17.05, 23.42, 9.16, 40.37, 18.42, 8.16, 4.68, 13.74, 19.68, 103.47, 99.16, 37.0, 84.68, 7.47, 21.0, 22.0, 27.42, 13.63, 48.58, 21.95, 5.63, 7.58, 13.37, 17.11, 38.47, 89.63, 6.32, 18.21, 15.89, 20.11, 12.16, 42.63, 20.05, 8.05, 6.05, 11.21, 22.68
37, 2015-01-11, Away, ATL, L, L, 4.5, O, 194, 0, 0, 100.68, 97.89, 39.84, 83.37, 6.37, 15.42, 14.63, 20.0, 10.53, 42.89, 24.79, 8.0, 5.32, 13.74, 20.05, 37.16, 81.84, 6.79, 19.47, 16.79, 23.32, 9.26, 40.53, 18.42, 8.21, 4.79, 13.89, 19.42, 100.89, 93.53, 36.74, 80.68, 9.58, 25.32, 17.84, 23.84, 8.26, 43.53, 24.89, 9.26, 4.37, 13.32, 17.53, 35.16, 83.89, 9.21, 28.42, 14.0, 19.21, 11.05, 44.58, 22.32, 7.37, 4.95, 15.53, 20.89
38, 2015-01-13, Home, SAS, W, W, 1, U, 195.5, 0, 0, 99.11, 99.53, 39.37, 82.89, 6.26, 15.42, 14.11, 19.37, 10.21, 42.21, 24.26, 7.63, 5.11, 13.95, 19.84, 37.74, 82.21, 7.37, 19.95, 16.68, 23.0, 9.42, 40.84, 19.37, 8.53, 4.58, 13.32, 19.05, 104.53, 103.16, 39.79, 83.42, 7.95, 21.21, 17.0, 23.21, 9.84, 42.74, 24.53, 7.58, 5.16, 14.74, 19.95, 38.95, 85.89, 7.58, 20.89, 17.68, 23.05, 11.11, 43.89, 21.32, 9.21, 4.11, 14.11, 21.84
39, 2015-01-14, Away, CHI, W, W, 5.5, O, 196, 0, 1, 99.53, 99.11, 39.53, 81.95, 6.0, 14.63, 14.47, 19.53, 9.79, 42.0, 24.21, 7.58, 5.05, 13.74, 19.53, 37.84, 82.63, 7.42, 20.58, 16.0, 22.26, 9.37, 40.05, 19.68, 8.16, 4.42, 12.89, 18.84, 101.47, 97.63, 36.37, 84.11, 7.21, 20.74, 21.53, 27.11, 14.05, 48.0, 20.68, 5.89, 8.0, 12.89, 16.58, 38.58, 87.89, 5.74, 16.58, 14.74, 19.53, 11.74, 42.16, 20.05, 8.05, 6.32, 11.42, 22.53
40, 2015-01-16, Home, BRK, L, L, -9.5, U, 192, 0, 0, 98.05, 97.37, 39.05, 81.11, 5.89, 14.58, 14.05, 19.05, 9.74, 41.68, 24.05, 7.26, 5.11, 13.32, 19.42, 37.16, 81.42, 7.63, 20.84, 15.42, 21.84, 9.05, 39.37, 19.21, 7.79, 4.47, 12.63, 18.37, 95.11, 96.11, 36.16, 79.74, 7.16, 22.26, 15.63, 21.47, 8.95, 41.95, 21.68, 7.42, 4.37, 14.58, 19.58, 35.95, 81.58, 8.79, 23.42, 15.42, 21.53, 10.68, 42.58, 22.53, 8.42, 4.32, 13.05, 19.89
41, 2015-01-17, Away, BRK, W, W, -5.5, U, 190.5, 1, 1, 97.47, 98.05, 38.53, 80.68, 5.84, 14.84, 14.58, 19.42, 9.74, 41.47, 23.89, 7.32, 5.11, 13.84, 20.11, 37.11, 81.26, 7.47, 20.68, 16.37, 23.0, 9.05, 39.37, 19.47, 8.05, 4.32, 12.74, 18.74, 95.84, 96.63, 36.21, 79.74, 7.11, 21.84, 16.32, 22.21, 8.68, 41.53, 21.32, 7.21, 4.32, 14.21, 19.79, 36.42, 81.79, 8.42, 22.84, 15.37, 21.32, 10.58, 42.58, 22.79, 8.21, 4.37, 12.84, 20.21
42, 2015-01-19, Home, PHI, W, W, -14, U, 192.5, 0, 0, 97.21, 97.74, 38.58, 80.53, 5.63, 14.84, 14.42, 19.74, 9.95, 42.11, 23.63, 7.16, 5.05, 13.79, 19.58, 37.32, 81.63, 7.37, 20.53, 15.74, 22.32, 9.0, 39.53, 19.63, 8.0, 4.21, 12.32, 18.74, 89.37, 101.37, 32.84, 80.0, 7.0, 23.47, 16.68, 23.95, 11.74, 42.58, 18.95, 9.74, 6.68, 18.37, 20.42, 37.84, 84.11, 9.32, 25.89, 16.37, 22.79, 12.68, 46.53, 25.05, 10.84, 5.37, 16.05, 20.47
43, 2015-01-21, Home, OKC, L, L, -1, O, 207.5, 1, 0, 98.16, 97.32, 38.79, 80.37, 5.79, 14.84, 14.79, 20.05, 10.11, 42.74, 23.95, 7.0, 4.84, 14.16, 19.63, 37.21, 82.0, 7.42, 20.89, 15.47, 22.05, 8.89, 38.74, 19.95, 8.16, 4.05, 12.26, 18.68, 107.21, 103.21, 40.58, 88.58, 7.58, 23.05, 18.47, 24.89, 13.16, 48.68, 20.95, 8.26, 5.79, 14.21, 21.37, 38.42, 86.26, 9.37, 24.32, 17.0, 22.26, 9.84, 41.79, 23.53, 8.37, 4.26, 14.0, 19.95
44, 2015-01-24, Away, POR, L, L, -3.5, O, 195, 0, 0, 97.84, 97.84, 38.53, 81.11, 5.63, 15.53, 15.16, 20.47, 10.26, 43.37, 23.63, 7.05, 4.58, 14.11, 19.37, 37.42, 83.11, 7.58, 22.0, 15.42, 21.42, 8.89, 39.58, 20.16, 8.05, 4.05, 12.32, 18.84, 103.95, 99.26, 38.58, 87.84, 11.32, 30.32, 15.47, 19.74, 10.21, 44.84, 21.63, 7.58, 4.79, 13.58, 19.11, 38.21, 87.79, 6.37, 20.26, 16.47, 21.84, 11.53, 47.32, 20.21, 8.32, 3.42, 13.47, 19.37
45, 2015-01-25, Away, DEN, W, L, -3.5, O, 203.5, 0, 1, 97.37, 97.84, 38.58, 81.26, 5.74, 15.58, 14.47, 19.47, 9.68, 43.63, 23.63, 7.16, 4.58, 14.26, 19.47, 37.16, 83.74, 7.79, 22.63, 15.74, 21.47, 9.05, 40.11, 20.16, 8.11, 3.95, 12.16, 18.16, 100.32, 103.84, 37.42, 85.26, 6.42, 20.84, 19.05, 26.05, 12.05, 46.37, 21.47, 6.68, 4.32, 14.53, 22.32, 38.79, 86.05, 7.95, 22.32, 18.32, 24.47, 10.42, 43.89, 22.74, 7.47, 5.58, 12.21, 21.26
46, 2015-01-27, Away, LAL, W, L, -8, U, 192.5, 0, 0, 98.68, 98.42, 39.32, 81.63, 5.79, 15.58, 14.26, 19.16, 9.42, 44.05, 24.58, 6.84, 4.47, 14.58, 19.68, 37.21, 84.95, 8.11, 23.26, 15.89, 21.63, 9.16, 40.11, 20.84, 8.32, 3.68, 11.74, 18.16, 95.32, 101.84, 35.63, 82.47, 7.05, 19.63, 17.0, 23.11, 10.89, 44.53, 20.42, 7.11, 4.26, 14.11, 20.37, 37.89, 83.74, 8.74, 25.16, 17.32, 23.58, 10.47, 44.11, 22.05, 8.42, 5.11, 12.74, 18.37
47, 2015-01-28, Away, PHO, L, L, 6.5, U, 211, 0, 1, 99.05, 98.05, 39.32, 81.05, 5.74, 15.95, 14.68, 19.74, 9.53, 44.58, 24.47, 6.89, 4.32, 15.0, 19.74, 37.11, 85.05, 8.11, 23.42, 15.74, 21.21, 9.16, 39.37, 20.68, 8.53, 3.53, 11.79, 18.42, 111.37, 107.16, 42.21, 87.11, 9.32, 26.21, 17.63, 23.11, 10.95, 42.95, 20.89, 9.32, 5.74, 14.32, 21.74, 39.79, 87.26, 8.68, 23.32, 18.89, 25.47, 12.84, 44.47, 21.89, 8.05, 3.89, 15.68, 20.32
48, 2015-01-31, Home, TOR, L, L, -5, O, 203.5, 1, 0, 98.84, 98.84, 38.95, 81.16, 5.79, 16.05, 15.16, 20.42, 9.63, 44.84, 23.84, 6.79, 4.32, 15.16, 19.53, 37.32, 85.47, 8.47, 23.79, 15.74, 21.16, 9.21, 39.63, 21.0, 8.79, 3.42, 11.89, 18.47, 104.58, 104.0, 38.63, 85.47, 8.58, 26.53, 18.74, 24.47, 11.89, 42.89, 21.21, 7.63, 4.42, 13.0, 21.32, 39.0, 83.84, 7.16, 20.89, 18.84, 25.0, 11.26, 43.53, 21.89, 7.11, 5.16, 13.53, 20.32
49, 2015-02-02, Home, CHO, L, L, -8, U, 187, 0, 0, 99.63, 100.53, 38.53, 80.58, 6.05, 16.63, 16.53, 22.05, 9.79, 44.42, 23.74, 6.63, 4.42, 15.37, 19.53, 37.95, 85.95, 8.74, 23.89, 15.89, 21.47, 9.11, 39.53, 21.47, 8.63, 3.74, 11.63, 19.21, 92.95, 92.63, 34.32, 84.89, 4.95, 18.0, 19.37, 26.47, 11.68, 47.79, 19.42, 6.32, 6.53, 12.05, 18.63, 34.84, 85.0, 7.53, 23.0, 15.42, 20.21, 9.0, 44.26, 20.42, 6.58, 7.0, 12.37, 22.37
50, 2015-02-04, Away, ATL, L, L, 5.5, O, 196, 0, 0, 98.79, 99.95, 38.42, 81.0, 5.95, 16.47, 16.0, 21.58, 10.0, 44.84, 23.63, 6.42, 4.37, 15.05, 19.63, 37.79, 85.58, 8.47, 23.16, 15.89, 21.26, 8.79, 39.74, 21.58, 8.37, 3.84, 11.26, 19.11, 105.53, 95.21, 38.89, 81.0, 10.58, 26.0, 17.16, 22.37, 8.63, 41.26, 26.37, 9.26, 4.11, 12.53, 17.0, 35.53, 82.53, 9.16, 27.53, 15.0, 19.58, 11.21, 42.53, 22.74, 6.79, 4.63, 15.47, 20.05
51, 2015-02-05, Away, CHO, L, L, -2, U, 187.5, 0, 1, 99.26, 99.47, 38.47, 81.16, 5.95, 16.68, 16.37, 21.74, 9.74, 44.47, 23.47, 6.53, 4.32, 14.53, 19.53, 37.53, 85.47, 8.63, 23.68, 15.79, 21.16, 9.11, 40.37, 21.74, 8.16, 3.68, 11.63, 19.11, 92.11, 91.95, 34.37, 84.74, 4.74, 17.68, 18.63, 25.58, 11.42, 47.74, 19.42, 6.32, 6.42, 12.0, 18.47, 34.53, 84.95, 7.42, 22.68, 15.47, 20.16, 9.05, 44.42, 20.11, 6.58, 6.84, 11.95, 22.26
52, 2015-02-07, Home, BRK, W, W, -6.5, U, 192, 1, 0, 98.47, 98.68, 38.26, 81.16, 5.63, 16.11, 16.32, 21.84, 9.79, 44.37, 23.11, 6.47, 4.53, 14.37, 19.89, 36.95, 85.11, 8.53, 24.0, 16.26, 21.58, 9.42, 41.0, 21.42, 8.0, 4.26, 11.84, 19.05, 94.74, 99.37, 36.68, 81.58, 5.89, 19.79, 15.47, 20.79, 9.58, 42.26, 20.53, 6.84, 4.26, 13.37, 19.84, 37.89, 83.05, 8.32, 24.05, 15.26, 21.53, 10.74, 43.32, 23.74, 7.79, 4.42, 11.63, 18.79
53, 2015-02-09, Home, ORL, W, W, -10.5, U, 193, 1, 0, 99.63, 97.42, 38.47, 81.42, 5.89, 16.42, 16.79, 22.37, 10.16, 45.42, 23.53, 6.63, 4.37, 14.79, 20.21, 36.05, 85.05, 8.53, 24.11, 16.79, 22.26, 9.63, 41.0, 20.89, 8.21, 4.21, 12.11, 19.26, 100.0, 107.21, 38.63, 84.68, 6.89, 20.32, 15.84, 20.95, 9.58, 40.95, 21.89, 8.89, 3.21, 14.47, 21.37, 40.37, 82.37, 8.58, 22.37, 17.89, 23.68, 9.21, 44.37, 25.79, 8.79, 5.21, 15.37, 18.05
54, 2015-02-11, Away, TOR, L, W, 5, U, 196, 0, 0, 99.84, 97.16, 38.21, 81.32, 6.16, 17.21, 17.26, 22.89, 10.26, 46.11, 23.63, 6.47, 4.16, 15.32, 20.16, 36.05, 85.53, 8.42, 24.26, 16.63, 22.16, 9.53, 40.68, 20.84, 8.47, 4.26, 11.74, 19.58, 101.95, 100.79, 36.95, 82.05, 8.53, 26.26, 19.53, 25.16, 10.68, 42.79, 21.47, 7.47, 5.0, 13.79, 20.84, 37.84, 82.89, 6.79, 20.47, 18.32, 24.68, 10.79, 42.26, 21.79, 8.0, 4.37, 13.63, 20.32
55, 2015-02-20, Home, CLE, L, L, 3, O, 198.5, 0, 0, 99.42, 97.37, 38.21, 81.79, 6.0, 17.47, 17.0, 22.63, 10.58, 46.42, 23.47, 6.37, 4.26, 15.32, 20.26, 35.89, 85.21, 8.42, 24.26, 17.16, 22.68, 9.47, 40.47, 20.79, 8.37, 4.53, 11.63, 19.11, 105.53, 98.95, 38.79, 83.05, 10.84, 29.68, 17.11, 23.37, 12.37, 45.89, 20.68, 7.42, 4.05, 13.95, 18.68, 36.95, 85.0, 7.68, 22.95, 17.37, 22.63, 12.11, 41.68, 23.0, 8.21, 4.0, 11.58, 19.79
56, 2015-02-22, Away, DET, L, L, -2, P, 195, 0, 0, 98.74, 99.53, 38.05, 81.79, 5.63, 17.53, 17.0, 22.47, 10.58, 46.16, 23.21, 6.26, 4.26, 15.53, 20.53, 36.63, 85.58, 8.63, 24.63, 17.63, 23.16, 9.42, 40.26, 21.42, 8.53, 4.32, 11.32, 19.21, 100.21, 99.53, 36.58, 84.11, 8.74, 25.79, 18.32, 24.37, 12.89, 44.05, 22.11, 8.11, 4.42, 12.84, 16.74, 39.05, 83.47, 7.74, 22.37, 13.68, 17.21, 10.26, 42.21, 24.74, 6.53, 5.11, 13.58, 20.0
57, 2015-02-24, Home, GSW, L, L, 6.5, O, 203.5, 0, 0, 98.74, 98.79, 38.11, 82.26, 5.68, 17.37, 16.84, 22.42, 10.74, 46.37, 23.37, 6.21, 4.0, 15.16, 20.84, 36.37, 85.58, 8.47, 24.68, 17.58, 23.21, 9.63, 40.74, 20.79, 8.21, 4.21, 11.53, 19.42, 112.26, 102.37, 42.37, 90.11, 11.42, 28.68, 16.11, 20.95, 11.11, 44.84, 27.74, 9.63, 5.47, 13.26, 19.37, 37.32, 86.26, 8.21, 22.74, 19.53, 24.89, 11.84, 45.89, 21.16, 7.95, 3.58, 16.05, 19.53
58, 2015-02-25, Away, MIN, L, L, 2.5, U, 201, 0, 1, 99.05, 99.89, 38.37, 82.47, 5.63, 17.68, 16.68, 22.26, 10.79, 46.21, 23.53, 6.21, 3.84, 15.74, 21.16, 36.74, 85.26, 8.63, 24.37, 17.79, 23.47, 9.42, 40.47, 20.84, 8.68, 4.05, 11.63, 19.42, 97.16, 102.42, 36.0, 82.68, 5.21, 15.37, 19.95, 24.68, 12.05, 42.74, 21.37, 7.11, 3.42, 14.26, 18.53, 40.0, 83.84, 7.89, 22.95, 14.53, 20.16, 11.37, 42.21, 22.26, 9.11, 6.05, 13.74, 20.21
59, 2015-02-27, Away, PHI, L, L, -7.5, U, 193.5, 0, 0, 97.58, 99.79, 38.0, 82.95, 5.58, 17.84, 16.0, 21.37, 10.79, 46.21, 23.11, 6.26, 3.79, 15.95, 21.32, 36.79, 85.37, 8.16, 23.63, 18.05, 23.68, 9.53, 41.53, 20.79, 8.68, 4.0, 11.84, 19.11, 90.47, 97.16, 32.95, 79.11, 9.05, 25.84, 15.53, 22.42, 10.95, 42.21, 21.68, 9.63, 6.68, 17.79, 20.0, 36.21, 81.95, 7.68, 22.05, 17.05, 22.11, 11.63, 44.95, 23.84, 9.95, 4.89, 15.58, 19.47
60, 2015-02-28, Home, DET, W, L, -4.5, U, 194.5, 1, 1, 97.63, 99.11, 37.95, 84.0, 5.58, 17.84, 16.16, 21.68, 11.05, 46.95, 22.95, 6.16, 3.79, 15.63, 21.26, 36.32, 85.32, 8.58, 24.74, 17.89, 23.84, 9.74, 42.26, 20.95, 8.42, 4.0, 12.11, 19.16, 100.63, 99.68, 36.58, 85.11, 8.95, 26.37, 18.53, 25.16, 13.68, 45.68, 21.37, 7.58, 4.26, 13.63, 18.05, 38.68, 84.32, 7.84, 22.0, 14.47, 18.11, 10.42, 42.53, 24.79, 6.79, 5.11, 13.21, 21.11
61, 2015-03-03, Away, CHI, L, L, -1.5, O, 187, 0, 0, 97.63, 99.37, 37.79, 84.05, 5.68, 18.05, 16.37, 21.58, 11.0, 46.63, 22.84, 6.53, 3.63, 15.58, 21.32, 36.42, 85.16, 8.79, 25.21, 17.74, 24.0, 9.63, 42.26, 21.0, 8.53, 4.11, 12.47, 19.26, 98.79, 96.74, 36.26, 85.0, 7.68, 22.37, 18.58, 23.26, 13.0, 47.21, 21.21, 5.95, 5.37, 12.84, 17.58, 38.37, 87.37, 6.0, 20.63, 14.0, 20.05, 12.05, 44.79, 20.11, 7.42, 5.26, 11.42, 19.21
62, 2015-03-06, Home, MIA, W, L, -6, O, 193, 0, 0, 96.63, 100.47, 37.26, 84.21, 5.74, 18.53, 16.37, 21.63, 10.84, 45.89, 22.68, 6.63, 3.95, 15.0, 21.37, 36.68, 84.79, 8.95, 25.47, 18.16, 24.37, 9.63, 43.16, 21.05, 8.21, 4.26, 12.47, 19.21, 95.74, 95.84, 35.74, 80.32, 6.58, 19.79, 17.68, 23.21, 10.47, 42.74, 20.11, 7.63, 5.0, 14.16, 19.74, 35.74, 80.63, 7.68, 21.53, 16.68, 23.16, 10.21, 40.63, 23.32, 8.0, 4.53, 13.84, 20.84
63, 2015-03-07, Away, MIL, L, L, 4.5, U, 186.5, 0, 1, 96.42, 100.05, 37.26, 83.26, 5.74, 18.16, 16.16, 21.21, 10.68, 45.11, 22.74, 6.53, 4.0, 15.32, 21.42, 36.53, 83.58, 9.16, 25.37, 17.84, 24.16, 9.47, 42.11, 20.89, 8.21, 4.11, 12.68, 19.11, 96.68, 95.32, 37.21, 81.68, 7.05, 18.0, 15.21, 19.68, 9.42, 42.21, 23.58, 10.11, 5.26, 15.53, 21.16, 34.58, 81.84, 8.42, 26.0, 17.74, 24.05, 12.11, 44.47, 21.32, 8.79, 4.68, 16.89, 19.37
64, 2015-03-09, Away, CHO, W, W, 2.5, U, 191.5, 1, 0, 95.84, 99.42, 36.79, 83.21, 5.95, 18.84, 16.32, 21.63, 11.32, 45.53, 22.47, 6.58, 4.0, 15.58, 21.42, 36.58, 83.11, 9.0, 24.79, 17.26, 23.89, 9.58, 42.11, 21.05, 8.16, 4.37, 12.89, 19.32, 94.16, 94.53, 35.84, 82.89, 5.58, 17.74, 16.89, 22.37, 9.47, 45.32, 22.74, 6.47, 6.32, 11.79, 18.74, 35.53, 85.16, 6.58, 19.58, 16.89, 21.47, 9.95, 44.95, 20.58, 6.05, 5.26, 11.16, 20.11
65, 2015-03-12, Home, MEM, W, W, -8.5, O, 183, 1, 0, 94.68, 97.0, 36.58, 82.95, 5.84, 18.84, 15.68, 20.68, 11.21, 45.47, 22.05, 6.84, 4.11, 15.37, 21.0, 35.74, 81.84, 8.58, 24.42, 16.95, 23.47, 9.26, 41.68, 20.37, 8.0, 4.63, 13.21, 18.63, 93.37, 91.68, 36.16, 81.74, 3.74, 13.16, 17.32, 22.63, 10.47, 42.74, 20.74, 10.0, 4.47, 12.74, 17.21, 35.53, 81.53, 7.32, 22.21, 13.32, 17.21, 10.11, 43.26, 20.42, 7.58, 5.79, 14.74, 18.84
66, 2015-03-14, Home, SAC, W, W, -10, O, 207.5, 1, 0, 95.16, 96.74, 36.68, 83.05, 5.89, 18.89, 15.89, 20.89, 11.26, 45.0, 22.37, 7.0, 4.26, 15.21, 21.32, 35.42, 81.47, 8.47, 24.37, 17.42, 24.21, 9.58, 41.84, 20.42, 8.0, 4.58, 13.74, 19.16, 99.95, 106.89, 35.95, 81.95, 5.63, 16.53, 22.42, 29.05, 11.21, 44.58, 20.42, 6.53, 4.11, 16.05, 19.53, 40.89, 87.47, 8.53, 24.37, 16.58, 22.0, 10.47, 41.79, 24.84, 9.47, 6.47, 12.05, 23.0
67, 2015-03-16, Home, POR, W, W, -1, O, 198, 1, 0, 95.95, 96.26, 37.0, 82.68, 6.16, 19.32, 15.79, 20.58, 10.95, 44.53, 23.16, 7.32, 4.42, 15.21, 21.79, 35.16, 80.89, 8.21, 23.84, 17.74, 24.74, 9.79, 41.58, 20.47, 7.68, 4.63, 14.11, 19.21, 102.58, 98.11, 37.95, 84.16, 9.84, 28.0, 16.84, 20.58, 10.26, 46.68, 21.53, 6.21, 4.16, 13.63, 16.95, 38.11, 87.89, 7.79, 21.74, 14.11, 19.05, 11.16, 43.58, 21.16, 8.32, 3.89, 11.05, 19.16
68, 2015-03-18, Away, UTA, W, W, 3, U, 180.5, 0, 0, 95.37, 95.05, 37.21, 82.84, 6.0, 18.68, 14.95, 19.79, 10.63, 44.68, 23.11, 7.16, 4.32, 14.37, 21.42, 34.74, 80.95, 8.05, 23.95, 17.53, 24.21, 10.21, 42.32, 20.11, 7.42, 4.37, 13.95, 18.68, 93.32, 86.95, 35.0, 78.26, 7.53, 20.37, 15.79, 22.95, 12.47, 47.37, 19.47, 8.0, 6.32, 14.16, 19.58, 32.42, 80.42, 6.89, 20.89, 15.21, 21.32, 10.68, 39.32, 18.16, 8.0, 4.95, 12.37, 19.11
69, 2015-03-20, Away, LAC, L, L, 7, O, 201.5, 0, 0, 95.37, 94.63, 37.21, 81.89, 6.0, 18.47, 14.95, 20.0, 10.42, 44.58, 22.95, 7.0, 4.32, 14.84, 21.32, 34.58, 81.11, 8.05, 24.32, 17.42, 24.47, 10.63, 42.0, 20.11, 7.58, 4.47, 13.84, 18.74, 104.84, 102.37, 39.21, 84.37, 10.32, 28.37, 16.11, 25.0, 9.74, 43.37, 23.89, 7.95, 5.11, 12.37, 23.53, 35.89, 83.26, 8.21, 24.26, 22.37, 29.16, 11.05, 45.47, 22.68, 6.74, 3.58, 13.26, 21.74
70, 2015-03-22, Away, SAC, L, L, -3.5, U, 209, 0, 0, 95.53, 95.05, 37.37, 82.37, 6.11, 18.63, 14.68, 19.63, 10.58, 44.32, 23.37, 6.95, 4.32, 14.68, 20.89, 34.95, 81.42, 8.11, 24.21, 17.05, 23.95, 10.58, 42.0, 20.58, 7.47, 4.68, 13.84, 18.68, 102.21, 107.53, 36.89, 81.68, 6.0, 17.16, 22.42, 29.16, 11.42, 44.79, 21.74, 6.47, 3.74, 16.47, 19.32, 40.84, 87.0, 9.37, 24.95, 16.47, 21.89, 9.84, 40.32, 24.58, 9.37, 6.32, 12.37, 22.89
71, 2015-03-23, Away, GSW, L, L, 11, U, 207.5, 0, 1, 95.47, 95.84, 37.37, 82.53, 6.0, 19.0, 14.74, 19.68, 10.95, 44.68, 23.42, 7.21, 4.21, 14.89, 20.47, 35.32, 81.58, 8.21, 23.79, 17.0, 23.74, 10.16, 41.16, 21.05, 7.84, 4.0, 13.95, 18.58, 106.58, 98.11, 40.37, 86.0, 10.95, 26.68, 14.89, 19.42, 9.53, 42.53, 27.37, 9.79, 6.21, 13.21, 19.74, 36.58, 84.42, 7.16, 19.84, 17.79, 22.84, 11.21, 44.79, 20.21, 7.47, 3.21, 16.0, 18.47
72, 2015-03-25, Home, IND, L, L, -3, O, 188.5, 0, 0, 93.47, 97.42, 36.47, 82.21, 5.68, 18.53, 14.84, 19.84, 10.37, 44.0, 22.58, 7.0, 4.16, 14.74, 20.0, 36.0, 82.53, 8.68, 24.58, 16.74, 23.21, 10.47, 42.42, 21.37, 7.89, 4.11, 13.74, 18.26, 99.42, 96.32, 37.42, 83.58, 7.79, 21.42, 16.79, 21.26, 9.37, 44.0, 22.16, 6.16, 4.68, 12.0, 21.53, 34.58, 83.0, 7.42, 21.26, 19.74, 24.68, 10.42, 44.32, 18.89, 6.79, 5.21, 12.32, 21.16
73, 2015-03-27, Home, CHO, W, L, -4.5, O, 188, 0, 0, 93.74, 98.63, 36.47, 82.11, 5.58, 17.95, 15.21, 20.42, 10.0, 43.63, 21.95, 6.95, 4.21, 14.21, 20.47, 36.26, 82.63, 8.95, 24.79, 17.16, 23.89, 10.53, 42.95, 21.53, 7.58, 3.89, 13.68, 18.21, 94.42, 97.47, 35.79, 84.53, 6.21, 18.37, 16.63, 21.42, 9.68, 44.58, 20.74, 5.95, 5.68, 11.58, 18.21, 37.21, 84.21, 6.58, 19.32, 16.47, 21.05, 8.89, 44.63, 21.47, 6.16, 4.79, 11.16, 19.26
74, 2015-03-29, Home, HOU, L, L, 2, U, 204, 0, 0, 94.63, 99.26, 36.74, 83.58, 5.79, 18.16, 15.37, 20.74, 10.11, 44.79, 21.95, 7.05, 4.37, 14.21, 21.05, 36.53, 84.11, 8.79, 24.74, 17.42, 24.37, 10.58, 44.21, 21.95, 7.68, 4.21, 13.58, 18.42, 104.42, 101.47, 37.58, 84.05, 10.79, 32.05, 18.47, 24.74, 10.79, 43.84, 24.16, 8.95, 5.47, 15.79, 20.84, 38.58, 88.47, 7.95, 24.79, 16.37, 22.05, 12.84, 46.32, 21.21, 8.58, 4.95, 15.47, 20.95
75, 2015-04-01, Home, PHI, W, W, -10, O, 190, 0, 0, 94.74, 97.79, 36.26, 83.0, 5.95, 18.11, 16.26, 21.84, 10.05, 44.79, 21.68, 7.42, 4.26, 14.21, 21.0, 35.89, 83.58, 8.53, 24.53, 17.47, 24.63, 10.89, 44.79, 21.42, 7.68, 4.32, 14.05, 18.84, 95.26, 98.84, 35.21, 87.63, 10.47, 30.37, 14.37, 22.68, 12.68, 46.21, 21.26, 9.79, 5.68, 15.16, 22.32, 35.89, 84.26, 7.26, 20.42, 19.79, 25.79, 11.53, 48.21, 21.21, 8.05, 5.95, 15.47, 19.58
76, 2015-04-03, Home, NYK, W, P, -14, U, 190, 0, 0, 95.63, 97.11, 36.63, 82.53, 5.84, 17.84, 16.53, 22.26, 9.95, 45.0, 21.95, 7.58, 4.37, 14.42, 20.89, 35.84, 83.68, 8.37, 24.63, 17.05, 24.21, 10.58, 43.89, 21.21, 7.79, 4.42, 14.0, 18.89, 90.53, 103.53, 33.74, 82.42, 5.95, 18.26, 17.11, 22.32, 10.21, 41.26, 20.58, 6.68, 6.11, 13.63, 21.32, 37.79, 82.68, 7.58, 20.53, 20.37, 26.11, 10.47, 44.84, 21.63, 7.58, 4.74, 12.16, 19.79
77, 2015-04-04, Away, MEM, W, W, 7.5, U, 187, 1, 1, 95.32, 95.68, 36.68, 83.26, 5.95, 17.74, 16.0, 21.79, 10.11, 45.16, 22.42, 7.79, 4.58, 13.63, 20.74, 35.11, 83.37, 8.11, 24.53, 17.37, 24.37, 10.84, 44.58, 20.68, 7.47, 4.63, 14.11, 18.79, 95.0, 94.84, 36.63, 79.53, 5.47, 15.11, 16.26, 21.21, 9.32, 40.74, 20.84, 8.74, 4.05, 14.0, 18.89, 36.42, 81.74, 7.63, 22.11, 14.37, 19.32, 10.11, 42.05, 21.58, 7.89, 4.95, 13.89, 19.05
78, 2015-04-08, Away, PHI, W, W, -4.5, O, 186, 0, 0, 96.11, 94.95, 36.95, 82.84, 6.16, 17.95, 16.05, 21.89, 9.89, 45.0, 22.58, 8.0, 4.42, 13.42, 20.26, 35.05, 83.37, 7.95, 24.63, 16.89, 23.84, 10.79, 43.95, 21.0, 7.05, 4.58, 14.05, 18.79, 96.53, 99.89, 35.95, 89.05, 10.63, 30.89, 14.0, 22.05, 13.05, 44.74, 21.32, 9.47, 6.16, 13.95, 22.32, 36.21, 82.74, 7.05, 19.79, 20.42, 26.37, 11.47, 47.84, 21.26, 7.37, 6.16, 15.37, 19.53
79, 2015-04-10, Away, BRK, L, L, 5, U, 198, 0, 0, 98.11, 95.0, 37.84, 81.74, 6.37, 17.84, 16.05, 21.95, 9.53, 44.68, 23.37, 8.0, 4.58, 13.47, 20.05, 35.21, 83.84, 7.79, 24.32, 16.79, 23.47, 11.05, 43.05, 20.79, 7.26, 4.42, 13.68, 18.89, 103.84, 106.05, 39.84, 85.58, 6.53, 18.53, 17.63, 23.16, 10.68, 42.84, 22.58, 7.21, 3.95, 12.53, 17.68, 41.0, 87.84, 9.05, 23.74, 15.0, 20.16, 11.47, 44.37, 24.79, 7.58, 4.37, 12.58, 19.95
80, 2015-04-12, Home, ATL, W, P, -9, O, 194, 0, 0, 97.11, 96.16, 37.58, 81.95, 6.26, 17.58, 15.68, 21.53, 9.79, 45.05, 23.47, 7.42, 4.68, 13.74, 20.32, 35.58, 84.37, 8.0, 24.0, 17.0, 23.58, 11.21, 43.26, 21.37, 7.37, 4.37, 13.11, 18.79, 103.11, 98.53, 39.16, 82.42, 10.21, 26.47, 14.58, 18.63, 8.79, 38.89, 27.0, 9.95, 4.47, 13.47, 17.42, 36.79, 81.79, 9.21, 25.74, 15.74, 20.47, 11.58, 43.26, 23.89, 7.53, 4.74, 15.74, 17.05
81, 2015-04-14, Away, IND, L, W, 8, O, 192, 0, 0, 97.95, 96.26, 37.79, 82.0, 6.32, 17.53, 16.05, 21.95, 10.0, 45.68, 23.42, 7.32, 4.42, 14.16, 20.11, 35.74, 84.84, 8.0, 24.0, 16.79, 23.26, 11.05, 42.79, 21.58, 7.63, 4.11, 12.84, 19.11, 101.68, 99.68, 37.21, 82.05, 9.05, 22.16, 18.21, 24.37, 9.79, 44.21, 22.0, 5.84, 4.37, 12.74, 23.05, 36.05, 82.32, 7.32, 20.11, 20.26, 26.84, 9.32, 42.32, 19.37, 6.79, 4.16, 11.79, 22.84
82, 2015-04-15, Away, CLE, L, W, 7.5, O, 192, 0, 1, 97.74, 96.37, 37.74, 83.16, 6.32, 17.58, 15.95, 21.89, 10.16, 46.53, 23.32, 7.42, 4.32, 13.95, 20.16, 35.89, 86.21, 7.95, 24.16, 16.63, 23.16, 11.37, 43.79, 21.79, 7.63, 4.47, 12.79, 19.0, 104.53, 98.89, 37.63, 80.58, 12.26, 30.89, 17.0, 22.74, 10.37, 41.84, 22.79, 7.21, 4.11, 14.42, 18.05, 38.58, 81.79, 7.42, 21.37, 14.32, 19.63, 9.47, 39.37, 23.74, 8.53, 3.63, 12.47, 19.89
