10, 2012-11-16, Away, IND, L, L, 2, U, 187.5, 0, 0, 102.88, 100.38, 37.63, 80.63, 8.63, 20.25, 19.0, 25.0, 9.0, 41.88, 21.88, 7.0, 4.88, 14.75, 22.5, 36.63, 84.88, 5.88, 19.88, 21.25, 28.0, 14.5, 45.5, 19.13, 9.38, 4.38, 13.0, 21.38, 87.5, 91.5, 32.38, 83.13, 5.88, 20.38, 16.88, 22.75, 14.75, 49.38, 16.38, 6.25, 6.5, 16.0, 16.63, 35.13, 84.13, 6.38, 17.75, 14.88, 18.5, 10.75, 43.63, 21.5, 8.88, 5.75, 11.63, 20.25
11, 2012-11-17, Away, CLE, W, W, 2.5, U, 199.5, 0, 1, 101.5, 99.13, 37.38, 80.13, 7.5, 19.13, 19.25, 24.88, 9.0, 42.38, 21.38, 6.38, 4.88, 14.13, 21.38, 36.75, 84.13, 5.88, 20.13, 19.75, 26.63, 13.25, 43.63, 19.0, 9.5, 4.0, 12.25, 20.13, 97.88, 104.75, 36.5, 83.25, 8.13, 21.88, 16.75, 24.63, 12.75, 40.13, 20.25, 9.25, 1.63, 16.13, 22.63, 39.75, 77.63, 6.63, 20.38, 18.63, 24.5, 8.75, 40.13, 26.38, 8.5, 8.25, 17.0, 21.0
12, 2012-11-19, Home, GSW, L, L, -5.5, O, 200, 1, 0, 98.63, 98.63, 36.0, 79.38, 6.75, 18.88, 19.88, 25.5, 9.0, 42.25, 20.75, 6.38, 5.75, 13.88, 20.88, 36.38, 84.75, 6.5, 21.13, 19.38, 26.13, 13.0, 43.63, 19.25, 9.38, 4.25, 12.38, 20.25, 99.63, 101.63, 37.63, 83.25, 5.38, 19.25, 19.0, 25.75, 11.38, 45.0, 21.63, 7.13, 3.25, 15.63, 23.75, 36.5, 85.0, 8.13, 23.13, 20.5, 28.0, 11.63, 42.63, 22.13, 8.0, 5.63, 13.75, 21.75
13, 2012-11-21, Home, NYK, W, W, 3.5, O, 193, 1, 0, 97.0, 100.38, 34.63, 80.38, 6.75, 19.0, 21.0, 26.88, 9.63, 43.0, 20.13, 6.38, 6.5, 14.75, 21.75, 36.5, 84.5, 7.0, 21.38, 20.38, 27.63, 12.5, 45.38, 20.0, 10.0, 4.13, 13.25, 21.63, 100.25, 89.5, 37.5, 82.5, 9.75, 26.38, 15.5, 21.0, 10.25, 41.13, 18.38, 8.75, 4.25, 9.63, 17.75, 33.13, 78.0, 7.25, 20.38, 16.0, 21.0, 10.75, 44.13, 18.88, 4.88, 4.38, 15.88, 19.63
14, 2012-11-24, Home, LAL, L, L, 1.5, U, 205, 1, 0, 97.63, 101.25, 35.0, 80.5, 7.38, 20.0, 20.25, 25.13, 9.0, 42.38, 20.25, 6.88, 5.88, 15.0, 21.13, 36.88, 84.0, 8.25, 22.5, 19.25, 26.5, 11.88, 45.25, 20.5, 10.38, 4.25, 14.0, 20.25, 101.13, 96.25, 36.0, 78.88, 8.63, 23.5, 20.5, 29.5, 12.25, 43.63, 21.63, 6.75, 6.0, 15.38, 17.38, 38.13, 85.75, 6.88, 19.25, 13.13, 18.88, 12.13, 41.25, 22.63, 8.75, 4.0, 13.88, 24.0
15, 2012-11-27, Away, PHI, L, W, 3, O, 192, 0, 0, 97.0, 102.63, 35.13, 81.88, 7.63, 20.0, 19.13, 24.75, 9.0, 41.0, 20.88, 7.5, 6.25, 14.38, 21.13, 37.5, 83.75, 8.75, 22.5, 18.88, 26.0, 11.88, 47.5, 21.0, 10.25, 4.25, 15.25, 20.5, 94.88, 97.25, 36.38, 84.88, 7.88, 19.75, 14.25, 18.88, 9.13, 38.63, 22.63, 8.13, 6.5, 9.75, 19.25, 36.5, 82.13, 6.13, 17.5, 18.13, 22.75, 12.5, 47.38, 22.38, 5.5, 5.63, 14.63, 19.0
16, 2012-11-28, Away, CHI, L, L, 6, U, 189.5, 0, 1, 97.13, 102.5, 35.75, 82.13, 7.13, 20.0, 18.5, 23.75, 9.13, 40.25, 21.13, 7.75, 5.5, 13.88, 20.88, 36.88, 81.25, 9.13, 21.75, 19.63, 26.5, 10.88, 45.88, 21.88, 9.88, 3.88, 15.25, 20.63, 92.75, 95.25, 35.5, 82.88, 4.0, 13.38, 17.75, 22.0, 14.25, 44.38, 21.25, 7.25, 4.63, 15.13, 19.5, 37.63, 84.0, 4.88, 17.38, 15.13, 19.75, 11.5, 40.13, 20.5, 7.75, 6.63, 12.88, 20.38
17, 2012-12-01, Home, DET, W, W, -7, U, 195, 1, 0, 96.63, 103.88, 35.63, 82.25, 7.13, 20.25, 18.25, 23.13, 9.63, 39.63, 21.38, 8.13, 6.0, 14.63, 21.63, 37.38, 81.75, 9.38, 21.13, 19.75, 26.63, 11.25, 45.25, 22.38, 9.88, 3.75, 15.5, 20.25, 97.13, 95.25, 36.88, 77.88, 5.88, 14.5, 17.5, 24.13, 10.25, 42.13, 20.63, 6.63, 3.5, 15.88, 20.5, 35.0, 81.5, 6.88, 19.63, 18.38, 22.75, 11.25, 40.13, 20.13, 8.0, 4.63, 13.63, 21.5
18, 2012-12-05, Away, LAC, L, L, 8.5, O, 200.5, 0, 0, 94.75, 100.88, 35.5, 84.13, 8.13, 22.0, 15.63, 20.0, 9.5, 40.75, 22.38, 8.38, 6.63, 14.63, 22.0, 36.13, 82.25, 8.38, 20.38, 20.25, 27.5, 12.0, 47.5, 21.38, 9.75, 4.13, 15.38, 19.13, 99.0, 97.38, 38.0, 82.5, 7.25, 21.13, 15.75, 22.0, 12.25, 40.38, 20.75, 10.88, 5.25, 12.75, 21.38, 34.38, 76.5, 8.5, 20.38, 20.13, 25.38, 11.38, 41.13, 21.25, 6.13, 3.75, 16.5, 21.5
19, 2012-12-06, Away, PHO, W, W, 3.5, U, 204.5, 0, 1, 95.63, 102.0, 36.0, 84.5, 8.5, 22.75, 15.13, 19.25, 9.88, 40.38, 22.88, 9.0, 6.75, 16.0, 21.38, 36.88, 83.13, 8.38, 20.88, 19.88, 26.25, 12.25, 47.88, 22.25, 10.63, 4.25, 16.5, 19.38, 98.5, 101.13, 38.5, 81.25, 6.75, 18.0, 14.75, 19.38, 8.75, 37.5, 22.25, 8.13, 4.88, 14.5, 21.38, 37.38, 81.5, 8.13, 19.63, 18.25, 24.25, 11.0, 41.0, 21.38, 7.75, 4.88, 14.38, 19.75
20, 2012-12-08, Away, HOU, W, W, 6, O, 209, 1, 0, 94.88, 101.88, 35.88, 85.0, 7.75, 21.38, 15.38, 19.75, 10.25, 40.63, 21.5, 9.25, 5.5, 15.5, 21.88, 36.63, 81.75, 8.38, 20.38, 20.25, 26.88, 12.25, 48.38, 22.0, 10.5, 4.25, 16.63, 20.0, 106.63, 106.25, 38.63, 87.25, 9.75, 25.13, 19.63, 25.75, 13.13, 43.88, 22.0, 8.63, 4.63, 15.63, 18.38, 41.88, 88.75, 8.63, 22.75, 13.88, 18.5, 11.88, 44.88, 24.63, 8.0, 8.0, 15.38, 20.0
21, 2012-12-10, Home, SAC, W, W, -6, O, 200.5, 0, 0, 96.75, 102.38, 36.63, 85.63, 7.75, 21.75, 15.75, 19.88, 10.75, 40.25, 21.5, 8.63, 4.38, 15.0, 22.13, 36.38, 79.38, 8.75, 21.75, 20.88, 27.88, 10.38, 45.25, 23.13, 10.25, 4.5, 16.5, 20.25, 96.13, 96.63, 35.5, 79.5, 7.0, 18.13, 18.13, 23.63, 9.38, 41.0, 19.88, 7.75, 4.38, 14.0, 19.13, 35.5, 82.13, 7.38, 21.38, 18.25, 22.88, 11.38, 42.63, 23.38, 7.63, 6.0, 13.0, 21.0
22, 2012-12-12, Away, BOS, L, W, 6, O, 197.5, 0, 0, 97.38, 100.5, 37.38, 85.88, 7.0, 20.63, 15.63, 19.88, 10.25, 39.75, 22.0, 8.88, 5.13, 14.38, 21.63, 36.13, 80.25, 8.38, 21.25, 19.88, 27.13, 11.5, 46.0, 22.75, 9.5, 4.75, 17.13, 20.13, 97.63, 92.75, 38.0, 81.13, 5.38, 16.25, 16.25, 20.88, 8.63, 42.0, 23.38, 8.5, 4.63, 15.88, 22.63, 34.5, 82.63, 5.75, 18.63, 18.0, 25.13, 12.0, 42.75, 19.13, 9.0, 4.75, 14.13, 20.25
23, 2012-12-14, Away, TOR, L, L, -5, U, 194.5, 0, 0, 100.63, 100.75, 39.0, 85.88, 6.75, 20.0, 15.88, 19.5, 10.0, 41.13, 22.63, 8.75, 5.25, 15.88, 21.5, 36.5, 82.5, 7.63, 21.25, 20.13, 26.63, 11.25, 43.63, 23.13, 10.13, 4.88, 16.38, 20.0, 92.13, 104.88, 33.88, 79.38, 6.5, 21.38, 17.88, 22.38, 9.38, 38.38, 18.5, 6.38, 5.88, 14.25, 24.63, 37.38, 80.88, 6.88, 18.13, 23.25, 31.25, 12.25, 45.25, 23.38, 8.25, 5.88, 12.75, 19.25
24, 2012-12-15, Away, MIN, L, L, 5, O, 196, 1, 1, 97.63, 100.13, 37.75, 84.38, 6.13, 19.25, 16.0, 19.63, 9.38, 41.25, 21.88, 7.88, 5.25, 16.13, 20.88, 36.38, 83.63, 8.38, 24.0, 19.0, 25.38, 11.38, 44.5, 23.13, 10.38, 4.88, 15.5, 19.38, 99.75, 93.38, 37.0, 82.25, 6.5, 19.63, 19.25, 27.0, 14.13, 48.0, 22.13, 8.63, 5.25, 15.5, 17.75, 37.25, 83.38, 6.13, 19.38, 12.75, 18.5, 10.13, 39.5, 22.0, 9.38, 5.88, 14.25, 22.13
25, 2012-12-18, Home, PHI, W, W, -6, O, 194, 0, 0, 101.13, 101.75, 39.13, 84.75, 6.5, 18.75, 16.38, 20.25, 9.38, 42.63, 22.63, 7.88, 5.5, 16.75, 21.25, 37.25, 86.75, 8.38, 25.63, 18.88, 25.25, 12.25, 45.0, 23.63, 11.25, 4.75, 15.13, 19.25, 90.75, 97.88, 37.5, 85.0, 4.13, 15.25, 11.63, 18.0, 12.38, 41.13, 20.13, 7.38, 5.0, 11.75, 20.63, 36.75, 78.75, 7.25, 18.13, 17.13, 23.13, 10.13, 43.75, 23.5, 6.63, 4.88, 13.88, 17.5
26, 2012-12-20, Home, MIA, L, L, 5.5, O, 203, 0, 0, 103.0, 104.63, 39.25, 82.13, 5.63, 17.0, 18.88, 22.88, 8.5, 40.88, 21.5, 8.0, 4.88, 16.5, 20.63, 38.25, 86.88, 9.38, 27.38, 18.75, 24.88, 12.13, 43.5, 24.5, 11.13, 4.13, 14.88, 20.0, 100.25, 93.63, 38.25, 76.88, 8.13, 21.25, 15.63, 21.0, 6.75, 36.38, 22.25, 9.25, 4.75, 12.88, 18.5, 35.13, 79.75, 8.5, 24.75, 14.88, 19.5, 10.13, 41.0, 19.63, 7.13, 2.25, 14.88, 18.25
27, 2012-12-21, Away, MEM, L, W, 10.5, U, 189, 0, 1, 103.63, 104.38, 39.63, 83.63, 5.38, 17.38, 19.0, 23.13, 8.75, 40.25, 21.88, 8.25, 4.88, 14.88, 20.5, 37.88, 85.38, 9.88, 28.38, 18.75, 24.5, 11.63, 43.25, 23.88, 9.88, 3.88, 15.0, 19.63, 91.25, 87.25, 35.63, 81.75, 5.0, 13.88, 15.0, 19.38, 14.5, 46.0, 19.38, 8.75, 6.5, 16.0, 19.38, 33.38, 78.25, 5.25, 15.88, 15.25, 19.88, 10.25, 37.75, 18.63, 9.38, 5.38, 14.88, 18.75
28, 2012-12-23, Away, SAS, L, L, 11, O, 207, 0, 0, 101.75, 104.13, 38.88, 83.38, 5.63, 18.5, 18.38, 22.25, 8.75, 40.0, 22.5, 8.13, 5.13, 15.63, 20.0, 38.13, 85.88, 9.25, 27.38, 18.63, 23.88, 12.13, 43.88, 24.38, 10.38, 3.75, 15.38, 19.13, 106.63, 103.25, 39.88, 84.0, 10.38, 25.13, 16.5, 20.75, 8.25, 42.0, 27.25, 8.38, 5.88, 14.25, 17.25, 39.0, 85.88, 7.0, 19.5, 18.25, 23.75, 10.5, 42.38, 21.25, 8.5, 6.13, 13.63, 18.5
29, 2012-12-27, Away, OKC, L, W, 10.5, O, 207, 0, 0, 98.63, 106.63, 37.75, 81.25, 5.0, 17.25, 18.13, 22.75, 8.5, 39.88, 22.25, 8.5, 5.0, 16.63, 19.25, 39.63, 87.38, 10.25, 26.75, 17.13, 21.5, 12.63, 44.38, 25.0, 11.5, 3.88, 15.0, 18.63, 102.5, 97.38, 35.88, 79.5, 6.38, 18.38, 24.38, 28.25, 11.5, 43.13, 19.88, 8.0, 6.0, 13.75, 21.0, 36.0, 82.63, 8.13, 22.25, 17.25, 21.38, 11.0, 38.88, 19.88, 8.13, 5.25, 12.88, 21.38
30, 2012-12-28, Home, DEN, L, L, 3, U, 210, 0, 1, 96.88, 108.5, 36.75, 82.25, 5.5, 17.75, 17.88, 22.13, 8.88, 40.88, 21.75, 8.38, 4.75, 17.25, 19.88, 39.88, 88.5, 10.0, 26.5, 18.75, 23.0, 13.0, 46.0, 25.13, 12.0, 5.0, 14.13, 18.88, 108.38, 102.5, 41.5, 86.0, 5.88, 17.5, 19.5, 27.0, 13.38, 47.75, 25.88, 8.0, 7.38, 14.13, 21.38, 37.25, 90.25, 8.5, 25.38, 19.5, 25.5, 14.25, 43.13, 24.63, 8.25, 7.38, 12.88, 21.88
31, 2012-12-30, Home, SAS, L, L, 6, U, 207.5, 0, 0, 93.13, 107.13, 35.0, 81.75, 5.13, 18.0, 18.0, 22.63, 9.63, 40.0, 20.5, 8.5, 4.5, 15.63, 18.38, 39.88, 87.75, 10.75, 27.25, 16.63, 21.0, 14.0, 48.25, 25.25, 11.25, 4.63, 14.63, 19.13, 105.25, 98.25, 38.63, 79.38, 10.25, 23.75, 17.75, 22.38, 7.5, 39.13, 26.25, 10.88, 4.88, 15.5, 17.25, 38.13, 83.13, 6.13, 19.5, 15.88, 21.88, 11.25, 42.75, 21.75, 9.25, 4.0, 16.13, 19.25
32, 2013-01-01, Away, WAS, W, W, -4, O, 192, 0, 0, 94.63, 109.13, 36.38, 85.0, 5.25, 18.38, 16.63, 21.0, 10.88, 41.0, 21.25, 8.75, 5.13, 14.88, 18.88, 40.75, 87.38, 10.25, 25.13, 17.38, 21.25, 13.0, 47.88, 25.13, 10.63, 4.88, 14.75, 17.75, 83.88, 94.88, 32.75, 81.88, 5.13, 17.0, 13.25, 17.38, 11.38, 46.25, 20.63, 5.75, 4.63, 14.75, 19.0, 35.75, 83.88, 8.75, 23.13, 14.63, 20.63, 12.38, 48.0, 22.25, 7.63, 5.13, 12.5, 17.63
33, 2013-01-02, Away, MIA, L, W, 10.5, O, 205, 0, 1, 94.25, 106.63, 36.63, 84.75, 5.63, 19.38, 15.38, 20.0, 10.5, 41.13, 21.38, 8.25, 4.63, 13.75, 18.38, 39.63, 85.5, 10.75, 25.5, 16.63, 20.5, 12.38, 47.38, 24.5, 9.13, 4.75, 14.5, 18.38, 102.75, 98.5, 37.88, 78.38, 9.13, 23.88, 17.88, 22.75, 8.75, 38.38, 21.75, 8.13, 5.75, 13.63, 19.0, 36.63, 83.0, 6.5, 18.5, 18.75, 23.5, 12.75, 42.63, 21.0, 8.38, 3.75, 14.25, 20.75
34, 2013-01-05, Home, NOH, L, L, -6, O, 194, 0, 0, 94.5, 109.0, 36.88, 87.5, 6.38, 21.5, 14.38, 18.88, 10.75, 42.63, 21.38, 8.0, 4.75, 14.0, 19.75, 40.25, 85.88, 10.38, 24.38, 18.13, 22.5, 11.5, 48.13, 24.25, 9.88, 5.5, 14.0, 17.75, 89.5, 95.63, 35.63, 81.88, 5.13, 16.38, 13.13, 18.0, 12.5, 43.25, 19.38, 5.5, 6.13, 13.25, 19.63, 37.88, 79.5, 5.75, 20.63, 14.13, 19.5, 9.5, 40.75, 25.5, 6.88, 6.25, 11.0, 17.13
35, 2013-01-07, Away, UTA, L, L, 5, U, 198.5, 0, 0, 94.63, 107.63, 37.13, 86.13, 6.88, 21.13, 13.5, 17.88, 9.88, 43.38, 21.13, 7.5, 5.25, 14.0, 20.13, 39.88, 86.88, 10.13, 23.5, 17.75, 22.25, 11.25, 47.75, 24.0, 9.75, 5.38, 13.0, 17.25, 95.38, 98.63, 34.5, 80.5, 5.75, 15.63, 20.63, 26.25, 11.25, 40.0, 22.13, 8.88, 5.13, 14.75, 22.25, 36.0, 77.63, 6.75, 18.25, 19.88, 25.88, 10.38, 41.5, 21.5, 8.13, 6.63, 15.25, 21.5
36, 2013-01-09, Away, LAC, L, W, 10, U, 201.5, 0, 0, 96.13, 108.63, 37.63, 86.75, 6.88, 20.88, 14.0, 18.25, 9.25, 43.88, 21.13, 7.25, 5.13, 12.5, 21.0, 39.25, 85.5, 11.0, 24.25, 19.13, 24.25, 10.38, 47.75, 23.63, 8.75, 6.0, 12.38, 18.0, 104.38, 98.13, 38.75, 82.88, 8.38, 24.5, 18.5, 27.63, 11.88, 42.13, 25.0, 11.13, 5.63, 12.38, 22.75, 35.25, 77.13, 6.63, 18.5, 21.0, 27.25, 9.75, 40.88, 23.75, 8.0, 5.25, 16.5, 23.38
37, 2013-01-10, Away, SAC, W, W, 2.5, O, 205.5, 0, 1, 96.38, 104.88, 37.88, 88.0, 7.0, 21.38, 13.63, 16.88, 9.38, 43.25, 21.0, 7.25, 5.38, 11.63, 20.88, 38.13, 84.88, 9.75, 23.5, 18.88, 24.5, 11.25, 48.5, 22.63, 7.75, 6.13, 13.0, 17.25, 98.5, 103.63, 37.0, 83.75, 7.63, 21.0, 16.88, 22.25, 13.5, 39.75, 22.5, 8.25, 5.25, 12.13, 19.5, 38.38, 82.75, 8.25, 23.88, 18.63, 23.75, 14.88, 45.25, 24.13, 5.5, 6.0, 13.88, 20.13
38, 2013-01-12, Home, MEM, W, W, 1, P, 187, 1, 0, 97.88, 105.0, 38.0, 88.13, 6.25, 21.0, 15.63, 19.25, 10.0, 44.0, 20.75, 6.88, 5.5, 11.5, 21.5, 38.25, 83.38, 9.38, 23.75, 19.13, 25.0, 10.0, 46.63, 22.63, 7.75, 5.38, 14.0, 18.63, 92.63, 84.5, 36.13, 80.63, 4.5, 13.75, 15.88, 19.38, 12.38, 42.63, 21.13, 9.75, 4.88, 12.5, 19.38, 31.13, 74.0, 7.5, 20.88, 14.75, 19.5, 9.0, 36.13, 20.25, 7.88, 4.5, 15.0, 19.25
39, 2013-01-14, Home, MIN, W, W, -7.5, O, 195.5, 1, 0, 100.25, 102.13, 38.75, 87.13, 7.0, 20.0, 15.75, 19.25, 9.75, 44.63, 21.88, 6.5, 5.5, 10.88, 22.38, 36.88, 82.13, 8.25, 21.25, 20.13, 26.5, 9.63, 44.25, 21.88, 7.25, 5.75, 12.75, 17.5, 95.63, 103.88, 35.5, 83.0, 4.63, 16.0, 20.0, 26.25, 13.38, 43.25, 22.5, 6.5, 5.25, 12.75, 14.88, 41.0, 84.13, 8.13, 20.0, 13.75, 18.0, 10.88, 42.88, 25.38, 7.5, 8.13, 11.5, 23.75
40, 2013-01-16, Home, HOU, W, W, -4, U, 213, 1, 0, 103.63, 100.5, 39.75, 84.88, 7.63, 19.63, 16.5, 20.0, 8.5, 43.0, 23.13, 6.63, 4.88, 10.63, 22.63, 36.13, 82.63, 8.0, 21.38, 20.25, 27.13, 11.38, 44.5, 21.63, 7.0, 5.38, 13.25, 18.25, 104.38, 103.0, 39.25, 81.63, 10.0, 30.63, 15.88, 23.75, 10.38, 40.25, 23.0, 8.88, 2.38, 16.5, 19.5, 39.63, 85.88, 7.88, 20.38, 15.88, 20.13, 12.38, 42.88, 23.0, 8.75, 5.25, 15.38, 21.5
41, 2013-01-18, Home, OKC, L, W, 5.5, O, 205.5, 0, 0, 103.88, 101.25, 38.75, 85.38, 7.0, 19.63, 19.38, 23.25, 8.88, 43.63, 22.75, 6.75, 5.0, 10.63, 21.88, 36.25, 83.25, 8.13, 21.5, 20.63, 27.63, 11.0, 45.5, 20.88, 7.38, 5.63, 13.5, 19.0, 105.0, 91.63, 38.38, 79.38, 7.75, 21.5, 20.5, 25.75, 10.88, 43.0, 21.25, 9.5, 5.63, 14.13, 19.63, 34.38, 82.5, 6.88, 20.75, 16.0, 20.75, 12.0, 40.63, 21.13, 6.0, 5.25, 15.75, 19.38
42, 2013-01-20, Away, ORL, W, W, -3.5, O, 201.5, 0, 0, 104.5, 101.0, 38.75, 85.0, 6.63, 18.63, 20.38, 24.5, 9.25, 43.5, 23.38, 7.25, 4.75, 11.0, 21.75, 35.88, 84.0, 7.63, 20.75, 21.63, 28.25, 12.38, 46.38, 19.88, 6.88, 4.88, 14.5, 19.88, 102.0, 107.0, 40.13, 85.25, 9.63, 24.88, 12.13, 15.0, 9.5, 39.38, 24.63, 5.5, 4.0, 12.38, 21.0, 41.25, 85.88, 6.38, 17.88, 18.13, 23.5, 11.0, 41.38, 25.88, 6.63, 4.88, 9.75, 16.63
43, 2013-01-25, Home, SAS, L, L, -2, O, 204.5, 0, 0, 106.38, 101.75, 39.5, 85.63, 6.75, 18.13, 20.63, 24.75, 9.75, 43.63, 24.38, 7.63, 4.38, 10.88, 20.88, 36.0, 83.13, 7.75, 20.75, 22.0, 28.75, 12.25, 46.13, 20.25, 6.63, 4.88, 14.88, 20.38, 100.5, 93.0, 39.88, 80.38, 7.88, 22.25, 12.88, 17.38, 6.63, 41.25, 25.63, 7.63, 5.88, 13.25, 16.88, 36.5, 84.0, 5.25, 16.5, 14.75, 19.63, 9.0, 40.63, 20.88, 7.0, 3.5, 12.75, 16.5
44, 2013-01-27, Home, PHO, W, W, -8, O, 202.5, 1, 0, 108.0, 103.38, 40.38, 86.88, 6.75, 18.0, 20.5, 24.5, 10.25, 43.75, 24.38, 8.0, 4.63, 11.38, 20.0, 37.5, 84.5, 7.63, 21.25, 20.75, 27.25, 12.0, 46.0, 21.38, 7.13, 4.0, 15.5, 19.75, 92.13, 94.88, 35.38, 81.38, 5.63, 15.75, 15.75, 21.63, 11.5, 42.63, 22.5, 7.0, 5.0, 15.25, 21.75, 36.75, 83.13, 5.0, 15.5, 16.38, 22.5, 13.0, 44.13, 19.5, 8.0, 5.5, 13.75, 18.38
45, 2013-01-29, Away, POR, L, W, 3, O, 201.5, 0, 0, 110.13, 102.88, 41.5, 87.38, 6.63, 17.13, 20.5, 24.5, 10.5, 45.0, 25.0, 7.75, 4.25, 11.38, 20.88, 37.0, 84.25, 6.88, 20.38, 22.0, 28.13, 11.13, 44.88, 21.0, 6.88, 4.0, 15.0, 19.63, 95.63, 97.38, 35.38, 79.25, 6.75, 22.5, 18.13, 22.38, 9.88, 42.88, 23.13, 6.25, 4.5, 16.13, 19.25, 37.63, 83.5, 6.5, 19.75, 15.63, 20.63, 10.13, 40.13, 23.75, 8.63, 2.75, 12.75, 20.38
46, 2013-01-31, Away, GSW, L, W, 4, U, 203, 0, 0, 108.5, 102.13, 41.63, 85.88, 7.0, 16.38, 18.25, 22.0, 9.88, 43.5, 26.38, 8.0, 3.75, 11.88, 20.5, 36.88, 84.88, 7.25, 20.5, 21.13, 27.0, 12.13, 45.5, 21.13, 6.88, 3.75, 14.25, 17.75, 103.13, 101.75, 38.38, 82.63, 8.25, 20.13, 18.13, 21.0, 9.5, 41.13, 22.88, 6.75, 4.25, 13.5, 21.0, 38.88, 85.0, 7.75, 22.38, 16.25, 22.25, 12.25, 43.5, 25.25, 7.25, 5.63, 13.38, 18.25
47, 2013-02-01, Away, PHO, W, W, 2.5, O, 201, 0, 1, 107.63, 104.25, 41.25, 86.0, 6.63, 17.38, 18.5, 22.38, 10.0, 43.38, 26.25, 8.25, 3.75, 12.63, 20.0, 37.38, 84.88, 7.75, 22.0, 21.75, 26.88, 11.88, 46.13, 22.0, 6.88, 3.63, 14.88, 18.5, 95.75, 96.13, 36.38, 81.0, 5.38, 16.13, 17.63, 22.75, 9.38, 41.13, 22.75, 8.0, 4.75, 14.5, 20.13, 37.63, 84.38, 5.5, 16.88, 15.38, 21.63, 12.75, 44.63, 20.75, 7.13, 5.13, 14.75, 19.63
48, 2013-02-04, Away, OKC, L, L, 8.5, U, 210, 0, 0, 107.13, 104.38, 40.5, 87.38, 6.88, 18.38, 19.25, 23.5, 11.0, 45.63, 25.25, 8.63, 5.13, 13.38, 19.38, 37.75, 85.38, 7.5, 21.38, 21.38, 26.38, 10.88, 46.13, 22.13, 7.5, 4.25, 14.63, 19.25, 107.5, 105.0, 38.13, 79.88, 7.0, 20.13, 24.25, 29.0, 10.5, 43.0, 21.75, 8.38, 6.5, 17.0, 22.63, 39.5, 87.5, 6.88, 19.0, 19.13, 25.5, 12.88, 43.13, 21.88, 9.5, 3.63, 15.13, 22.5
49, 2013-02-06, Home, POR, W, W, -5.5, O, 201, 0, 0, 105.38, 105.88, 40.88, 87.5, 6.63, 17.63, 17.0, 20.63, 10.38, 44.75, 25.13, 8.63, 5.63, 13.88, 19.25, 38.75, 85.75, 7.38, 21.13, 21.0, 26.0, 10.75, 45.63, 23.13, 8.13, 4.5, 14.0, 18.0, 95.88, 95.13, 36.5, 76.25, 7.13, 19.88, 15.75, 20.38, 10.0, 41.13, 24.0, 6.13, 4.88, 16.75, 17.88, 38.38, 83.38, 6.25, 17.13, 12.13, 15.88, 10.38, 38.63, 24.25, 8.13, 2.75, 12.5, 20.88
50, 2013-02-09, Home, GSW, W, W, -5.5, U, 210.5, 1, 0, 104.25, 103.63, 40.88, 86.88, 7.0, 17.63, 15.5, 19.25, 10.38, 44.75, 24.88, 7.88, 5.63, 12.88, 18.38, 38.38, 84.38, 7.88, 22.38, 19.0, 23.88, 9.38, 44.25, 24.0, 7.88, 4.38, 12.63, 17.63, 104.63, 106.75, 40.75, 86.13, 8.13, 18.75, 15.0, 19.0, 11.13, 44.25, 25.25, 5.63, 5.13, 14.25, 22.25, 39.5, 88.0, 9.38, 23.75, 18.38, 24.25, 13.13, 45.88, 27.0, 7.63, 5.38, 11.5, 17.88
51, 2013-02-11, Home, ATL, L, L, -5.5, O, 204.5, 0, 0, 104.88, 101.88, 40.0, 85.25, 7.38, 18.25, 17.5, 22.13, 9.88, 44.88, 24.38, 7.88, 5.5, 13.13, 19.63, 37.63, 85.63, 7.5, 21.75, 19.13, 24.38, 10.88, 45.5, 22.25, 7.75, 4.13, 12.88, 19.13, 100.75, 101.38, 37.5, 78.63, 10.13, 24.75, 15.63, 21.88, 7.88, 40.38, 26.25, 6.75, 5.38, 15.5, 19.75, 37.75, 83.0, 8.88, 19.5, 17.0, 22.0, 10.63, 42.38, 23.75, 7.5, 4.88, 13.75, 19.75
52, 2013-02-13, Home, SAC, W, W, -10, O, 212, 1, 0, 104.13, 100.88, 39.5, 85.0, 7.75, 18.63, 17.38, 22.38, 9.63, 43.63, 25.0, 8.0, 5.0, 12.75, 19.75, 37.25, 84.13, 7.5, 22.13, 18.88, 24.25, 10.88, 45.75, 21.88, 7.25, 4.25, 13.25, 19.5, 95.88, 103.5, 35.75, 81.88, 6.0, 18.25, 18.38, 25.25, 11.25, 37.88, 19.25, 11.0, 3.0, 14.38, 19.75, 40.25, 78.75, 7.13, 19.63, 15.88, 19.75, 9.63, 43.0, 24.25, 6.75, 4.63, 17.88, 20.88
53, 2013-02-20, Home, ORL, W, W, -11.5, O, 206.5, 1, 0, 105.75, 101.5, 39.25, 85.5, 8.75, 21.5, 18.5, 23.38, 10.0, 44.5, 25.13, 8.5, 6.25, 12.63, 20.13, 37.13, 84.5, 7.5, 22.0, 19.75, 25.25, 11.38, 46.5, 21.25, 7.38, 3.75, 13.38, 20.38, 88.13, 100.5, 37.13, 88.25, 4.38, 18.13, 9.5, 13.75, 13.13, 46.38, 24.38, 6.5, 4.0, 14.88, 17.25, 39.13, 83.88, 7.25, 22.38, 15.0, 20.5, 10.38, 44.13, 25.38, 8.13, 5.13, 12.5, 14.13
54, 2013-02-22, Away, NOH, W, W, -1, O, 199, 0, 0, 106.63, 100.25, 39.25, 86.0, 9.13, 23.25, 19.0, 23.75, 9.63, 45.0, 25.25, 8.25, 7.0, 11.75, 19.88, 37.13, 84.38, 6.88, 20.5, 19.13, 25.13, 10.75, 46.13, 21.25, 7.0, 3.63, 13.0, 20.25, 96.25, 93.88, 37.5, 78.75, 5.88, 15.25, 15.38, 20.88, 10.25, 39.63, 21.25, 6.63, 6.5, 14.0, 20.0, 35.63, 77.88, 5.5, 16.63, 17.13, 22.75, 11.13, 39.13, 24.13, 8.0, 5.0, 14.25, 18.13
55, 2013-02-24, Home, LAL, L, L, -3, U, 212, 0, 0, 107.5, 100.25, 39.75, 86.38, 9.13, 22.63, 18.88, 23.13, 9.75, 44.63, 25.38, 8.38, 8.5, 11.38, 19.88, 37.25, 85.25, 6.63, 20.13, 19.13, 25.0, 11.0, 46.0, 21.13, 7.25, 3.63, 13.0, 20.13, 100.0, 101.88, 37.5, 80.63, 6.13, 19.38, 18.88, 26.13, 9.63, 42.38, 21.25, 6.63, 4.5, 14.38, 17.25, 40.63, 86.88, 7.13, 18.38, 13.5, 18.5, 11.63, 44.38, 23.88, 8.75, 5.25, 13.13, 24.0
56, 2013-02-26, Home, MIL, L, L, -5.5, U, 212.5, 0, 0, 106.25, 100.75, 39.63, 86.25, 9.13, 22.25, 17.88, 22.38, 9.75, 43.75, 24.63, 8.5, 7.13, 11.0, 20.5, 36.75, 83.13, 7.75, 21.38, 19.5, 25.75, 10.38, 45.88, 20.75, 7.0, 3.0, 13.38, 19.5, 97.63, 103.0, 38.25, 88.88, 5.25, 17.38, 15.88, 22.5, 12.75, 44.5, 22.25, 8.63, 7.88, 13.63, 20.0, 39.0, 84.0, 7.38, 17.63, 17.63, 23.25, 12.25, 46.25, 24.5, 8.38, 6.0, 15.75, 19.5
57, 2013-02-27, Away, MEM, L, W, 7.5, U, 187.5, 0, 1, 106.13, 98.63, 39.63, 86.0, 8.88, 22.38, 18.0, 22.5, 11.0, 45.75, 24.5, 8.5, 6.5, 11.75, 20.88, 35.88, 82.5, 7.38, 20.5, 19.5, 25.63, 10.38, 44.75, 20.38, 6.88, 2.13, 13.5, 19.63, 95.13, 89.0, 37.0, 78.0, 4.88, 12.88, 16.25, 22.5, 11.38, 42.0, 24.25, 8.0, 5.88, 12.88, 20.5, 34.5, 77.13, 6.88, 18.38, 13.13, 18.75, 10.0, 38.25, 21.13, 6.63, 4.13, 14.75, 21.38
58, 2013-03-01, Away, BRK, W, W, 3, U, 194.5, 0, 0, 103.5, 97.5, 38.63, 84.75, 8.0, 21.38, 18.25, 22.5, 10.38, 44.38, 24.25, 9.0, 7.25, 13.38, 21.75, 35.0, 81.75, 6.75, 18.5, 20.75, 27.5, 10.88, 45.25, 20.5, 7.5, 2.25, 14.63, 20.0, 96.63, 98.38, 36.13, 80.88, 9.5, 21.75, 14.88, 21.25, 12.88, 43.25, 21.0, 6.0, 5.13, 13.25, 18.25, 39.0, 81.75, 8.13, 17.88, 12.25, 18.5, 9.88, 38.88, 21.38, 6.5, 7.13, 10.75, 21.5
59, 2013-03-03, Away, HOU, L, L, 5.5, O, 219.5, 0, 0, 101.25, 97.38, 38.75, 84.88, 7.75, 21.5, 16.0, 19.5, 10.25, 42.75, 23.38, 9.5, 7.25, 13.75, 21.13, 35.25, 80.38, 6.88, 19.38, 20.0, 26.25, 9.88, 44.25, 21.25, 8.0, 2.25, 15.13, 18.75, 109.88, 108.75, 41.25, 85.13, 12.13, 31.88, 15.25, 20.75, 11.25, 41.38, 26.0, 8.63, 3.13, 15.75, 20.63, 40.63, 83.88, 9.75, 24.0, 17.75, 22.13, 10.0, 41.13, 26.5, 8.5, 5.38, 15.5, 20.63
60, 2013-03-06, Home, HOU, W, W, -1.5, U, 221, 0, 0, 101.5, 101.25, 38.75, 83.75, 8.13, 22.25, 15.88, 20.0, 10.38, 42.13, 22.63, 9.38, 7.25, 14.63, 22.75, 36.0, 80.75, 7.5, 20.38, 21.75, 28.38, 10.13, 43.88, 21.75, 8.75, 2.0, 14.5, 18.88, 113.0, 107.0, 41.5, 84.0, 12.63, 32.0, 17.38, 23.63, 10.75, 41.63, 26.13, 9.5, 2.25, 15.5, 20.63, 40.38, 83.0, 9.88, 24.88, 16.38, 21.75, 9.25, 39.38, 26.13, 8.38, 5.5, 16.13, 22.13
61, 2013-03-08, Away, DET, W, L, -4, O, 199, 0, 0, 100.13, 102.25, 39.0, 82.63, 7.88, 21.25, 14.25, 18.5, 9.13, 39.88, 23.63, 8.5, 6.38, 14.5, 22.13, 36.25, 80.5, 8.5, 22.38, 21.25, 28.0, 9.63, 43.38, 22.38, 8.38, 2.38, 13.75, 18.38, 88.13, 101.63, 34.25, 79.25, 5.63, 17.13, 14.0, 20.75, 10.0, 40.13, 22.63, 7.13, 3.75, 15.63, 20.25, 37.75, 80.63, 10.0, 23.5, 16.13, 21.63, 10.88, 45.13, 26.0, 8.38, 6.25, 14.0, 18.5
62, 2013-03-10, Away, MIN, W, W, -7, U, 199, 1, 0, 99.0, 102.63, 38.88, 81.38, 7.88, 20.38, 13.38, 18.13, 8.75, 39.5, 23.25, 8.5, 6.0, 14.88, 21.63, 36.25, 81.88, 9.0, 24.13, 21.13, 27.63, 10.63, 44.5, 21.75, 8.63, 2.25, 13.63, 19.25, 92.13, 103.25, 34.88, 84.5, 4.25, 16.5, 18.13, 25.13, 11.13, 40.0, 22.13, 10.5, 4.5, 14.63, 18.75, 39.88, 80.63, 8.0, 19.13, 15.5, 20.63, 11.13, 48.0, 24.13, 8.0, 6.63, 19.0, 24.38
63, 2013-03-12, Away, MIL, W, W, 2.5, O, 210, 0, 0, 98.5, 99.75, 39.13, 82.38, 7.88, 20.5, 12.38, 17.0, 9.0, 41.38, 23.38, 8.25, 4.5, 14.88, 21.25, 35.63, 81.5, 8.63, 24.25, 19.88, 26.38, 9.88, 43.88, 21.25, 8.38, 2.25, 13.25, 19.0, 107.13, 105.63, 40.63, 86.38, 8.5, 21.0, 17.38, 22.63, 10.13, 43.75, 27.25, 8.63, 5.0, 14.25, 19.75, 41.38, 90.88, 7.25, 21.13, 15.63, 21.0, 13.25, 47.13, 24.5, 9.0, 3.38, 15.25, 20.13
64, 2013-03-14, Away, SAS, L, W, 9.5, U, 206, 0, 0, 100.5, 100.38, 39.38, 81.75, 8.25, 21.88, 13.5, 18.0, 7.88, 41.0, 23.88, 7.5, 5.0, 14.5, 20.75, 36.75, 83.63, 8.0, 23.75, 18.88, 24.63, 9.88, 43.5, 22.88, 8.5, 2.75, 12.38, 19.75, 104.63, 98.5, 39.88, 81.0, 7.5, 19.63, 17.38, 22.25, 7.5, 40.25, 26.25, 8.88, 4.63, 14.5, 18.38, 38.0, 85.25, 7.38, 17.38, 15.13, 20.25, 11.63, 42.63, 22.88, 7.88, 5.5, 15.5, 21.0
65, 2013-03-15, Home, CLE, W, W, -8.5, U, 203.5, 0, 1, 100.63, 100.0, 39.5, 81.5, 9.13, 22.13, 12.5, 16.63, 6.63, 38.38, 24.0, 7.88, 5.75, 13.38, 21.0, 37.13, 83.88, 7.75, 23.13, 18.0, 23.5, 10.25, 44.75, 24.0, 8.13, 3.13, 12.75, 18.5, 97.13, 98.88, 35.5, 80.13, 6.13, 17.88, 20.0, 26.25, 11.25, 39.63, 21.63, 6.88, 4.63, 12.5, 21.0, 37.5, 81.25, 7.0, 20.75, 16.88, 21.63, 10.0, 39.88, 25.63, 7.13, 7.13, 13.5, 20.25
66, 2013-03-17, Home, OKC, L, L, 5, P, 208, 0, 0, 102.13, 99.5, 40.5, 82.25, 9.63, 23.25, 11.5, 15.63, 6.88, 39.75, 24.63, 7.63, 5.38, 12.75, 20.5, 37.75, 83.88, 8.0, 23.38, 16.0, 21.5, 9.75, 43.88, 23.63, 8.13, 3.13, 13.13, 17.13, 106.5, 96.5, 37.88, 77.13, 7.0, 18.88, 23.75, 29.5, 10.25, 44.38, 20.63, 8.0, 6.25, 14.25, 21.0, 34.88, 82.63, 8.13, 23.75, 18.63, 23.63, 11.75, 38.63, 17.88, 7.38, 3.0, 14.38, 21.75
67, 2013-03-18, Away, ATL, W, W, 4, O, 203, 1, 1, 102.5, 101.63, 40.38, 82.88, 9.63, 23.25, 12.13, 15.88, 7.25, 40.13, 24.63, 7.63, 4.88, 12.88, 20.75, 38.13, 84.13, 7.75, 23.13, 17.63, 23.5, 10.13, 44.13, 23.5, 8.25, 4.0, 12.75, 17.25, 95.75, 97.13, 38.25, 82.38, 8.13, 22.63, 11.13, 15.63, 9.5, 41.5, 24.75, 7.38, 3.75, 15.63, 18.25, 37.63, 84.0, 6.5, 20.75, 15.38, 20.63, 11.5, 45.0, 23.0, 9.5, 3.13, 14.63, 17.38
68, 2013-03-20, Home, BRK, L, L, -3.5, O, 196, 0, 0, 105.5, 98.75, 42.0, 84.0, 9.75, 22.63, 11.75, 14.63, 7.38, 41.0, 26.38, 7.5, 4.88, 12.13, 19.13, 37.63, 83.5, 7.0, 21.5, 16.5, 22.13, 9.5, 42.38, 23.0, 7.5, 4.25, 13.0, 16.5, 98.63, 90.38, 36.88, 79.13, 8.0, 21.38, 16.88, 23.25, 12.63, 45.0, 19.88, 7.75, 4.75, 14.63, 16.75, 36.5, 80.0, 5.0, 17.25, 12.38, 16.5, 9.75, 36.0, 23.5, 7.88, 5.25, 13.0, 21.75
69, 2013-03-22, Home, BOS, W, W, -4.5, O, 195.5, 0, 0, 103.5, 99.38, 41.38, 83.63, 9.25, 21.75, 11.5, 14.75, 7.63, 41.13, 24.38, 7.5, 4.88, 12.13, 18.88, 38.88, 84.88, 6.38, 20.13, 15.25, 20.63, 10.13, 43.0, 22.88, 7.63, 3.88, 12.63, 16.13, 93.63, 92.75, 35.25, 75.38, 7.25, 16.88, 15.88, 21.25, 6.38, 37.25, 21.75, 8.25, 6.0, 14.88, 20.5, 34.75, 79.0, 5.88, 19.5, 17.38, 22.63, 9.88, 41.63, 21.25, 8.63, 6.25, 14.13, 18.13
70, 2013-03-24, Home, UTA, W, L, -6, O, 199.5, 0, 0, 103.75, 98.75, 41.0, 84.13, 8.63, 21.38, 13.13, 16.38, 8.75, 42.0, 24.0, 7.63, 4.63, 12.38, 19.75, 38.0, 82.5, 5.88, 18.5, 16.88, 21.63, 9.13, 41.25, 22.88, 7.75, 4.13, 13.13, 16.88, 90.63, 97.5, 34.25, 80.25, 6.0, 17.0, 16.13, 21.75, 11.75, 42.0, 19.38, 8.13, 6.38, 14.25, 22.13, 34.63, 76.38, 7.13, 20.38, 21.13, 26.75, 10.25, 41.63, 18.0, 8.0, 5.13, 13.63, 20.0
71, 2013-03-26, Home, LAC, W, W, 1.5, O, 202.5, 0, 0, 105.38, 102.63, 40.5, 81.38, 8.75, 21.0, 15.63, 19.25, 7.75, 38.88, 23.5, 7.75, 4.88, 13.25, 20.13, 39.25, 81.75, 6.5, 18.38, 17.63, 22.5, 9.63, 41.0, 23.13, 8.25, 4.0, 14.25, 17.63, 102.38, 95.5, 39.0, 79.5, 8.88, 25.63, 15.5, 21.63, 10.13, 40.0, 25.75, 9.0, 5.13, 12.5, 20.38, 34.63, 74.38, 10.25, 23.25, 16.0, 21.5, 8.25, 34.63, 25.25, 7.0, 3.25, 13.5, 21.13
72, 2013-03-28, Home, IND, L, L, -4.5, U, 193, 1, 0, 104.63, 101.88, 40.38, 81.38, 8.13, 20.25, 15.75, 19.25, 8.38, 39.0, 23.5, 8.63, 5.13, 14.0, 20.38, 38.63, 81.25, 6.75, 19.88, 17.88, 23.5, 10.13, 41.25, 21.75, 8.0, 3.75, 15.25, 17.88, 97.0, 88.75, 35.88, 85.13, 6.75, 19.38, 18.5, 22.5, 13.63, 51.75, 20.38, 6.63, 6.38, 13.88, 20.13, 33.63, 85.25, 5.88, 18.75, 15.63, 23.25, 12.63, 44.25, 20.25, 6.75, 7.25, 12.0, 20.75
73, 2013-03-30, Home, CHI, W, L, -5, O, 192, 0, 0, 103.0, 103.25, 39.75, 81.38, 7.63, 19.63, 15.88, 19.75, 8.5, 38.88, 23.13, 8.38, 4.75, 14.0, 20.5, 39.0, 81.25, 7.0, 20.13, 18.25, 24.63, 10.63, 42.0, 20.63, 8.13, 3.75, 15.0, 19.0, 96.5, 100.25, 38.75, 86.88, 5.88, 18.38, 13.13, 17.0, 13.25, 44.0, 24.5, 6.63, 4.13, 13.5, 18.88, 38.88, 82.75, 6.5, 18.75, 16.0, 21.63, 10.25, 41.0, 19.25, 7.88, 6.25, 11.25, 17.5
74, 2013-04-02, Away, LAL, L, L, 3.5, U, 207.5, 0, 0, 103.5, 104.75, 39.63, 81.0, 7.5, 19.25, 16.75, 20.63, 8.63, 38.0, 23.0, 7.88, 5.13, 13.38, 20.25, 39.5, 81.5, 7.63, 20.75, 18.13, 24.63, 11.13, 42.0, 21.38, 7.5, 4.0, 14.25, 19.25, 102.13, 104.25, 36.75, 81.25, 9.0, 24.63, 19.63, 28.88, 11.13, 45.13, 23.5, 7.25, 5.38, 14.75, 16.63, 41.63, 91.88, 8.75, 23.38, 12.25, 16.88, 12.63, 45.13, 21.63, 7.75, 4.25, 11.88, 22.25
75, 2013-04-04, Away, DEN, L, W, 7, U, 207.5, 1, 0, 101.0, 104.0, 39.13, 80.75, 7.25, 19.0, 15.5, 20.13, 8.63, 38.38, 23.63, 7.63, 5.63, 13.25, 20.75, 39.13, 81.63, 8.0, 21.13, 17.75, 25.0, 12.0, 43.38, 22.13, 7.38, 4.0, 14.25, 19.13, 105.25, 101.25, 39.13, 82.25, 4.75, 15.5, 22.25, 29.25, 12.75, 41.63, 22.13, 9.5, 5.63, 14.13, 20.75, 39.13, 83.63, 7.75, 21.5, 15.25, 21.75, 12.63, 40.25, 24.25, 7.75, 7.75, 15.25, 22.13
76, 2013-04-05, Away, SAC, W, W, 1.5, O, 212.5, 0, 1, 96.88, 101.75, 37.88, 80.63, 6.13, 18.5, 15.0, 19.63, 8.5, 38.63, 22.75, 7.5, 6.13, 13.0, 21.25, 38.25, 83.38, 7.75, 20.63, 17.5, 25.13, 13.63, 45.75, 21.63, 7.38, 4.5, 13.38, 19.13, 104.63, 104.13, 39.5, 83.13, 8.5, 23.63, 17.13, 22.0, 11.13, 41.13, 21.38, 5.75, 3.75, 14.25, 20.25, 40.5, 88.88, 6.75, 23.0, 16.38, 22.5, 14.0, 42.88, 29.0, 8.75, 4.75, 12.75, 20.25
77, 2013-04-07, Away, POR, W, W, -3.5, U, 206.5, 0, 0, 99.5, 101.13, 38.63, 81.88, 6.0, 18.63, 16.25, 20.13, 8.75, 39.75, 24.13, 7.75, 6.25, 12.75, 21.25, 37.5, 83.13, 7.63, 21.25, 18.5, 26.38, 13.5, 45.75, 21.5, 7.25, 4.38, 13.75, 19.25, 93.63, 107.38, 35.63, 79.88, 7.63, 21.25, 14.75, 20.25, 9.0, 37.38, 22.5, 5.0, 2.75, 13.88, 18.88, 41.75, 82.38, 6.75, 19.5, 17.13, 23.13, 10.63, 43.13, 24.75, 8.88, 4.38, 10.0, 18.5
78, 2013-04-10, Home, PHO, L, L, -13.5, U, 204.5, 1, 0, 98.5, 100.75, 39.13, 82.88, 5.63, 17.88, 14.63, 18.13, 8.75, 39.75, 24.38, 8.0, 6.75, 12.5, 19.88, 38.13, 83.5, 7.5, 21.88, 17.0, 25.0, 13.0, 45.88, 22.0, 7.25, 4.13, 13.75, 18.0, 99.13, 108.38, 38.5, 83.25, 6.38, 16.63, 15.75, 19.75, 11.75, 39.0, 24.25, 7.13, 4.75, 16.0, 20.75, 40.63, 83.63, 6.13, 18.0, 21.0, 25.13, 14.25, 43.0, 23.88, 10.13, 4.75, 14.38, 20.13
79, 2013-04-12, Home, DEN, W, W, 3, O, 209, 0, 0, 95.75, 100.0, 38.63, 84.75, 5.25, 17.75, 13.25, 16.63, 9.63, 41.75, 24.13, 7.75, 6.88, 11.75, 19.75, 37.5, 84.38, 8.13, 23.13, 16.88, 24.5, 13.0, 47.13, 22.25, 6.88, 5.13, 12.75, 17.13, 103.88, 97.75, 39.38, 82.5, 5.38, 16.13, 19.75, 27.88, 12.63, 42.88, 24.75, 8.75, 5.88, 12.88, 20.25, 37.63, 83.5, 8.13, 22.63, 14.38, 21.5, 12.75, 40.75, 24.63, 6.88, 7.63, 14.13, 21.63
80, 2013-04-14, Away, NOH, W, W, -3, O, 195.5, 0, 0, 95.63, 100.38, 39.0, 86.38, 5.88, 17.75, 11.75, 15.63, 10.5, 43.0, 24.88, 7.13, 7.13, 12.25, 19.13, 37.88, 85.38, 7.88, 22.0, 16.75, 24.0, 13.25, 47.38, 22.63, 7.88, 5.13, 13.0, 16.38, 95.75, 100.75, 35.13, 79.13, 5.5, 17.25, 20.0, 25.5, 12.13, 41.38, 19.75, 6.63, 4.13, 15.0, 21.63, 38.88, 78.5, 8.75, 22.75, 14.25, 19.13, 7.88, 37.25, 25.38, 8.13, 6.0, 13.75, 22.5
81, 2013-04-15, Home, MEM, L, L, 3.5, O, 187, 0, 1, 99.25, 98.63, 40.63, 86.75, 6.5, 18.63, 11.5, 14.88, 10.75, 43.88, 26.0, 6.88, 7.0, 11.88, 18.13, 37.0, 85.75, 8.13, 22.88, 16.5, 23.0, 13.88, 46.38, 22.63, 7.38, 4.88, 12.63, 15.5, 90.13, 83.63, 34.88, 78.25, 4.0, 11.63, 16.38, 22.88, 9.25, 41.0, 20.25, 8.88, 6.25, 9.25, 19.88, 31.38, 76.38, 6.0, 21.88, 14.88, 20.63, 9.88, 41.13, 18.75, 5.63, 4.88, 14.63, 21.38
82, 2013-04-17, Home, NOH, W, W, -8, U, 197, 0, 0, 98.88, 99.25, 39.88, 86.38, 6.88, 18.75, 12.25, 15.75, 10.63, 43.5, 25.25, 7.38, 6.25, 12.38, 18.75, 37.0, 85.75, 7.5, 22.88, 17.75, 23.88, 14.5, 47.75, 22.63, 7.88, 4.75, 13.13, 16.5, 95.75, 100.63, 35.0, 80.75, 6.0, 17.75, 19.75, 25.5, 13.25, 43.0, 20.13, 6.13, 4.0, 13.88, 20.5, 39.25, 80.63, 8.13, 22.0, 14.0, 18.13, 8.63, 39.0, 25.0, 7.5, 6.38, 13.13, 22.13
