18, 2012-12-05, Away, LAC, L, L, 8.5, O, 200.5, 0, 1680.0, 1701.0, 625.0, 1403.0, 139.0, 353.0, 291.0, 378.0, 157.0, 701.0, 376.0, 132.0, 97.0, 246.0, 381.0, 620.0, 1414.0, 117.0, 335.0, 344.0, 475.0, 227.0, 790.0, 348.0, 159.0, 73.0, 241.0, 345.0
19, 2012-12-06, Away, PHO, W, W, 3.5, U, 204.5, 1, 1671.0, 1722.0, 619.0, 1402.0, 139.0, 357.0, 294.0, 379.0, 159.0, 702.0, 374.0, 131.0, 98.0, 257.0, 374.0, 627.0, 1427.0, 120.0, 342.0, 348.0, 465.0, 224.0, 793.0, 354.0, 171.0, 74.0, 244.0, 341.0
20, 2012-12-08, Away, HOU, W, W, 6, O, 209, 0, 1674.0, 1703.0, 624.0, 1395.0, 132.0, 347.0, 294.0, 377.0, 162.0, 706.0, 369.0, 131.0, 97.0, 257.0, 365.0, 623.0, 1423.0, 122.0, 349.0, 335.0, 448.0, 217.0, 774.0, 349.0, 172.0, 70.0, 242.0, 336.0
21, 2012-12-10, Home, SAC, W, W, -6, O, 200.5, 0, 1664.0, 1713.0, 618.0, 1406.0, 126.0, 346.0, 302.0, 387.0, 165.0, 703.0, 362.0, 132.0, 92.0, 247.0, 366.0, 619.0, 1404.0, 131.0, 367.0, 344.0, 462.0, 206.0, 773.0, 358.0, 167.0, 72.0, 251.0, 348.0
22, 2012-12-12, Away, BOS, L, W, 6, O, 197.5, 0, 1669.0, 1718.0, 618.0, 1415.0, 123.0, 346.0, 310.0, 395.0, 170.0, 704.0, 359.0, 130.0, 94.0, 246.0, 365.0, 620.0, 1395.0, 138.0, 372.0, 340.0, 460.0, 197.0, 768.0, 367.0, 166.0, 73.0, 257.0, 351.0
23, 2012-12-14, Away, TOR, L, L, -5, U, 194.5, 0, 1675.0, 1731.0, 626.0, 1423.0, 123.0, 348.0, 300.0, 377.0, 161.0, 707.0, 365.0, 134.0, 95.0, 262.0, 369.0, 627.0, 1414.0, 139.0, 372.0, 338.0, 459.0, 196.0, 772.0, 370.0, 175.0, 77.0, 262.0, 345.0
24, 2012-12-15, Away, MIN, L, L, 5, O, 196, 1, 1655.0, 1722.0, 620.0, 1411.0, 115.0, 333.0, 300.0, 377.0, 156.0, 695.0, 365.0, 134.0, 93.0, 259.0, 358.0, 626.0, 1414.0, 143.0, 386.0, 327.0, 443.0, 199.0, 776.0, 375.0, 174.0, 76.0, 263.0, 344.0
25, 2012-12-18, Home, PHI, W, W, -6, O, 194, 0, 1664.0, 1735.0, 627.0, 1416.0, 113.0, 328.0, 297.0, 372.0, 159.0, 693.0, 368.0, 135.0, 94.0, 259.0, 363.0, 627.0, 1413.0, 146.0, 389.0, 335.0, 447.0, 195.0, 771.0, 388.0, 177.0, 75.0, 262.0, 338.0
26, 2012-12-20, Home, MIA, L, L, 5.5, O, 203, 0, 1689.0, 1745.0, 637.0, 1408.0, 113.0, 323.0, 302.0, 376.0, 158.0, 693.0, 371.0, 137.0, 96.0, 262.0, 356.0, 634.0, 1434.0, 155.0, 409.0, 322.0, 430.0, 202.0, 762.0, 391.0, 175.0, 70.0, 258.0, 337.0
27, 2012-12-21, Away, MEM, L, W, 10.5, U, 189, 1, 1677.0, 1754.0, 635.0, 1426.0, 113.0, 334.0, 294.0, 364.0, 157.0, 689.0, 374.0, 141.0, 98.0, 258.0, 358.0, 637.0, 1431.0, 152.0, 410.0, 328.0, 437.0, 201.0, 775.0, 392.0, 175.0, 70.0, 260.0, 327.0
28, 2012-12-23, Away, SAS, L, L, 11, O, 207, 0, 1676.0, 1743.0, 636.0, 1421.0, 117.0, 342.0, 287.0, 356.0, 160.0, 687.0, 378.0, 145.0, 99.0, 269.0, 354.0, 634.0, 1437.0, 149.0, 407.0, 326.0, 426.0, 208.0, 776.0, 392.0, 179.0, 68.0, 267.0, 328.0
29, 2012-12-27, Away, OKC, L, W, 10.5, O, 207, 0, 1664.0, 1777.0, 632.0, 1421.0, 112.0, 333.0, 288.0, 365.0, 161.0, 684.0, 374.0, 149.0, 86.0, 269.0, 353.0, 645.0, 1425.0, 161.0, 412.0, 326.0, 425.0, 203.0, 779.0, 404.0, 184.0, 69.0, 272.0, 335.0
30, 2012-12-28, Home, DEN, L, L, 3, U, 210, 1, 1668.0, 1783.0, 635.0, 1430.0, 113.0, 336.0, 285.0, 357.0, 164.0, 687.0, 372.0, 146.0, 80.0, 266.0, 350.0, 647.0, 1427.0, 162.0, 413.0, 327.0, 423.0, 201.0, 773.0, 408.0, 182.0, 80.0, 264.0, 329.0
31, 2012-12-30, Home, SAS, L, L, 6, U, 207.5, 0, 1639.0, 1778.0, 626.0, 1433.0, 105.0, 332.0, 282.0, 357.0, 166.0, 688.0, 367.0, 147.0, 84.0, 267.0, 347.0, 651.0, 1444.0, 159.0, 410.0, 317.0, 415.0, 213.0, 796.0, 408.0, 182.0, 80.0, 267.0, 336.0
32, 2013-01-01, Away, WAS, W, W, -4, O, 192, 0, 1636.0, 1774.0, 630.0, 1436.0, 96.0, 320.0, 280.0, 347.0, 171.0, 695.0, 368.0, 144.0, 84.0, 263.0, 340.0, 652.0, 1443.0, 155.0, 407.0, 315.0, 405.0, 208.0, 779.0, 408.0, 177.0, 81.0, 259.0, 322.0
33, 2013-01-02, Away, MIA, L, W, 10.5, O, 205, 1, 1641.0, 1768.0, 634.0, 1437.0, 101.0, 323.0, 272.0, 342.0, 170.0, 700.0, 370.0, 139.0, 87.0, 258.0, 343.0, 649.0, 1447.0, 159.0, 419.0, 311.0, 399.0, 207.0, 783.0, 409.0, 171.0, 82.0, 256.0, 320.0
34, 2013-01-05, Home, NOH, L, L, -6, O, 194, 0, 1672.0, 1786.0, 647.0, 1450.0, 107.0, 333.0, 271.0, 342.0, 167.0, 717.0, 371.0, 136.0, 86.0, 257.0, 341.0, 657.0, 1467.0, 163.0, 435.0, 309.0, 397.0, 204.0, 785.0, 406.0, 175.0, 84.0, 246.0, 317.0
35, 2013-01-07, Away, UTA, L, L, 5, U, 198.5, 0, 1676.0, 1808.0, 648.0, 1442.0, 103.0, 327.0, 277.0, 347.0, 160.0, 710.0, 364.0, 134.0, 87.0, 253.0, 343.0, 667.0, 1468.0, 166.0, 435.0, 308.0, 395.0, 195.0, 777.0, 413.0, 175.0, 80.0, 241.0, 312.0
36, 2013-01-09, Away, LAC, L, W, 10, U, 201.5, 0, 1680.0, 1796.0, 649.0, 1439.0, 104.0, 327.0, 278.0, 348.0, 155.0, 715.0, 364.0, 131.0, 86.0, 241.0, 351.0, 653.0, 1456.0, 170.0, 434.0, 320.0, 410.0, 193.0, 775.0, 403.0, 164.0, 82.0, 234.0, 317.0
37, 2013-01-10, Away, SAC, W, W, 2.5, O, 205.5, 1, 1676.0, 1801.0, 648.0, 1445.0, 106.0, 333.0, 274.0, 342.0, 154.0, 705.0, 370.0, 133.0, 85.0, 238.0, 345.0, 657.0, 1450.0, 172.0, 437.0, 315.0, 406.0, 195.0, 780.0, 409.0, 162.0, 84.0, 243.0, 313.0
38, 2013-01-12, Home, MEM, W, W, 1, P, 187, 0, 1677.0, 1804.0, 646.0, 1450.0, 101.0, 330.0, 284.0, 352.0, 158.0, 717.0, 366.0, 132.0, 89.0, 238.0, 345.0, 662.0, 1459.0, 167.0, 429.0, 313.0, 400.0, 198.0, 784.0, 404.0, 162.0, 87.0, 244.0, 316.0
39, 2013-01-14, Home, MIN, W, W, -7.5, O, 195.5, 0, 1662.0, 1791.0, 637.0, 1443.0, 105.0, 327.0, 283.0, 352.0, 162.0, 727.0, 366.0, 128.0, 87.0, 239.0, 353.0, 657.0, 1459.0, 158.0, 410.0, 319.0, 410.0, 198.0, 782.0, 401.0, 164.0, 88.0, 232.0, 315.0
40, 2013-01-16, Home, HOU, W, W, -4, U, 213, 0, 1660.0, 1772.0, 636.0, 1428.0, 103.0, 317.0, 285.0, 351.0, 159.0, 710.0, 372.0, 127.0, 81.0, 221.0, 349.0, 649.0, 1444.0, 158.0, 408.0, 316.0, 409.0, 209.0, 786.0, 396.0, 152.0, 85.0, 234.0, 308.0
41, 2013-01-18, Home, OKC, L, W, 5.5, O, 205.5, 0, 1691.0, 1777.0, 642.0, 1445.0, 108.0, 326.0, 299.0, 371.0, 166.0, 719.0, 377.0, 130.0, 85.0, 214.0, 351.0, 648.0, 1444.0, 157.0, 399.0, 324.0, 417.0, 204.0, 791.0, 391.0, 147.0, 88.0, 240.0, 317.0
42, 2013-01-20, Away, ORL, W, W, -3.5, O, 201.5, 0, 1699.0, 1780.0, 644.0, 1452.0, 108.0, 332.0, 303.0, 376.0, 166.0, 724.0, 377.0, 131.0, 80.0, 211.0, 345.0, 646.0, 1445.0, 157.0, 396.0, 331.0, 421.0, 205.0, 796.0, 376.0, 140.0, 85.0, 241.0, 322.0
43, 2013-01-25, Home, SAS, L, L, -2, O, 204.5, 0, 1703.0, 1785.0, 650.0, 1470.0, 112.0, 336.0, 291.0, 362.0, 170.0, 732.0, 387.0, 131.0, 83.0, 208.0, 345.0, 649.0, 1438.0, 153.0, 382.0, 334.0, 426.0, 196.0, 798.0, 379.0, 139.0, 86.0, 241.0, 315.0
44, 2013-01-27, Home, PHO, W, W, -8, O, 202.5, 0, 1715.0, 1788.0, 655.0, 1465.0, 115.0, 332.0, 290.0, 359.0, 167.0, 743.0, 384.0, 129.0, 84.0, 213.0, 347.0, 650.0, 1449.0, 152.0, 377.0, 336.0, 432.0, 196.0, 797.0, 383.0, 142.0, 83.0, 238.0, 318.0
45, 2013-01-29, Away, POR, L, W, 3, O, 201.5, 0, 1743.0, 1791.0, 669.0, 1477.0, 114.0, 322.0, 291.0, 360.0, 168.0, 745.0, 390.0, 130.0, 78.0, 204.0, 352.0, 648.0, 1437.0, 153.0, 381.0, 342.0, 440.0, 187.0, 788.0, 382.0, 134.0, 86.0, 240.0, 317.0
46, 2013-01-31, Away, GSW, L, W, 4, U, 203, 0, 1756.0, 1768.0, 677.0, 1487.0, 117.0, 323.0, 285.0, 346.0, 169.0, 746.0, 399.0, 128.0, 79.0, 200.0, 355.0, 640.0, 1439.0, 143.0, 379.0, 345.0, 444.0, 194.0, 793.0, 373.0, 125.0, 86.0, 238.0, 309.0
47, 2013-02-01, Away, PHO, W, W, 2.5, O, 201, 1, 1748.0, 1757.0, 673.0, 1473.0, 114.0, 324.0, 288.0, 354.0, 171.0, 747.0, 402.0, 127.0, 79.0, 202.0, 354.0, 637.0, 1430.0, 140.0, 374.0, 343.0, 441.0, 189.0, 783.0, 376.0, 123.0, 77.0, 238.0, 312.0
48, 2013-02-04, Away, OKC, L, L, 8.5, U, 210, 0, 1772.0, 1750.0, 680.0, 1473.0, 117.0, 320.0, 295.0, 358.0, 170.0, 755.0, 410.0, 128.0, 86.0, 203.0, 357.0, 632.0, 1425.0, 132.0, 361.0, 354.0, 452.0, 184.0, 769.0, 371.0, 122.0, 82.0, 234.0, 309.0
49, 2013-02-06, Home, POR, W, W, -5.5, O, 201, 0, 1777.0, 1751.0, 678.0, 1465.0, 119.0, 320.0, 302.0, 368.0, 162.0, 749.0, 408.0, 129.0, 89.0, 206.0, 354.0, 632.0, 1431.0, 134.0, 367.0, 353.0, 455.0, 186.0, 773.0, 375.0, 127.0, 85.0, 234.0, 319.0
50, 2013-02-09, Home, GSW, W, W, -5.5, U, 210.5, 0, 1779.0, 1756.0, 678.0, 1469.0, 119.0, 318.0, 304.0, 370.0, 165.0, 753.0, 405.0, 128.0, 88.0, 204.0, 345.0, 636.0, 1436.0, 134.0, 371.0, 350.0, 448.0, 181.0, 771.0, 372.0, 130.0, 82.0, 226.0, 316.0
51, 2013-02-11, Home, ATL, L, L, -5.5, O, 204.5, 0, 1786.0, 1728.0, 675.0, 1452.0, 120.0, 310.0, 316.0, 388.0, 163.0, 750.0, 411.0, 130.0, 89.0, 201.0, 344.0, 628.0, 1436.0, 130.0, 361.0, 342.0, 441.0, 191.0, 777.0, 363.0, 122.0, 75.0, 232.0, 326.0
52, 2013-02-13, Home, SAC, W, W, -10, O, 212, 0, 1791.0, 1734.0, 674.0, 1456.0, 122.0, 312.0, 321.0, 395.0, 165.0, 745.0, 415.0, 133.0, 82.0, 203.0, 344.0, 629.0, 1427.0, 131.0, 366.0, 345.0, 448.0, 193.0, 781.0, 366.0, 122.0, 74.0, 240.0, 336.0
53, 2013-02-20, Home, ORL, W, W, -11.5, O, 206.5, 0, 1820.0, 1734.0, 682.0, 1467.0, 129.0, 327.0, 327.0, 401.0, 174.0, 750.0, 422.0, 140.0, 87.0, 205.0, 345.0, 631.0, 1429.0, 125.0, 363.0, 347.0, 448.0, 195.0, 778.0, 363.0, 123.0, 68.0, 248.0, 336.0
54, 2013-02-22, Away, NOH, W, W, -1, O, 199, 0, 1838.0, 1731.0, 688.0, 1471.0, 134.0, 338.0, 328.0, 401.0, 171.0, 760.0, 433.0, 136.0, 92.0, 201.0, 347.0, 632.0, 1435.0, 120.0, 355.0, 347.0, 449.0, 190.0, 774.0, 362.0, 119.0, 66.0, 238.0, 333.0
55, 2013-02-24, Home, LAL, L, L, -3, U, 212, 0, 1825.0, 1719.0, 687.0, 1459.0, 137.0, 337.0, 314.0, 385.0, 169.0, 752.0, 439.0, 139.0, 103.0, 201.0, 341.0, 629.0, 1445.0, 118.0, 345.0, 343.0, 441.0, 197.0, 778.0, 364.0, 119.0, 63.0, 230.0, 324.0
56, 2013-02-26, Home, MIL, L, L, -5.5, U, 212.5, 0, 1820.0, 1739.0, 687.0, 1466.0, 134.0, 338.0, 312.0, 383.0, 170.0, 748.0, 432.0, 144.0, 99.0, 204.0, 342.0, 631.0, 1433.0, 128.0, 362.0, 349.0, 446.0, 190.0, 782.0, 362.0, 120.0, 60.0, 239.0, 325.0
57, 2013-02-27, Away, MEM, L, W, 7.5, U, 187.5, 1, 1797.0, 1736.0, 677.0, 1474.0, 129.0, 342.0, 314.0, 388.0, 182.0, 771.0, 419.0, 144.0, 102.0, 215.0, 340.0, 630.0, 1430.0, 129.0, 360.0, 347.0, 443.0, 178.0, 775.0, 365.0, 126.0, 59.0, 236.0, 330.0
58, 2013-03-01, Away, BRK, W, W, 3, U, 194.5, 0, 1776.0, 1726.0, 677.0, 1464.0, 127.0, 332.0, 295.0, 364.0, 177.0, 759.0, 417.0, 146.0, 106.0, 226.0, 344.0, 626.0, 1424.0, 123.0, 347.0, 351.0, 447.0, 180.0, 769.0, 369.0, 131.0, 55.0, 235.0, 324.0
59, 2013-03-03, Away, HOU, L, L, 5.5, O, 219.5, 0, 1760.0, 1699.0, 675.0, 1451.0, 129.0, 333.0, 281.0, 348.0, 171.0, 744.0, 411.0, 148.0, 109.0, 223.0, 339.0, 623.0, 1407.0, 124.0, 350.0, 329.0, 425.0, 171.0, 760.0, 374.0, 131.0, 54.0, 237.0, 317.0
60, 2013-03-06, Home, HOU, W, W, -1.5, U, 221, 0, 1752.0, 1730.0, 668.0, 1441.0, 133.0, 345.0, 283.0, 357.0, 170.0, 733.0, 401.0, 147.0, 105.0, 233.0, 359.0, 629.0, 1408.0, 129.0, 363.0, 343.0, 445.0, 176.0, 763.0, 378.0, 139.0, 51.0, 237.0, 324.0
61, 2013-03-08, Away, DET, W, L, -4, O, 199, 0, 1757.0, 1725.0, 671.0, 1433.0, 138.0, 353.0, 277.0, 353.0, 165.0, 719.0, 416.0, 144.0, 101.0, 230.0, 362.0, 621.0, 1397.0, 132.0, 372.0, 351.0, 454.0, 176.0, 757.0, 371.0, 133.0, 55.0, 234.0, 325.0
62, 2013-03-10, Away, MIN, W, W, -7, U, 199, 0, 1749.0, 1729.0, 667.0, 1423.0, 144.0, 364.0, 271.0, 350.0, 157.0, 716.0, 419.0, 142.0, 106.0, 229.0, 353.0, 626.0, 1416.0, 137.0, 385.0, 340.0, 445.0, 186.0, 771.0, 368.0, 133.0, 52.0, 227.0, 330.0
63, 2013-03-12, Away, MIL, W, W, 2.5, O, 210, 0, 1745.0, 1700.0, 667.0, 1431.0, 144.0, 370.0, 267.0, 345.0, 162.0, 735.0, 415.0, 141.0, 109.0, 225.0, 347.0, 619.0, 1418.0, 129.0, 375.0, 333.0, 436.0, 179.0, 765.0, 365.0, 131.0, 51.0, 222.0, 334.0
64, 2013-03-14, Away, SAS, L, W, 9.5, U, 206, 0, 1763.0, 1708.0, 672.0, 1432.0, 147.0, 374.0, 272.0, 348.0, 153.0, 729.0, 413.0, 138.0, 109.0, 219.0, 348.0, 626.0, 1423.0, 130.0, 376.0, 326.0, 428.0, 174.0, 761.0, 369.0, 133.0, 53.0, 219.0, 335.0
65, 2013-03-15, Home, CLE, W, W, -8.5, U, 203.5, 1, 1745.0, 1701.0, 669.0, 1427.0, 147.0, 372.0, 260.0, 333.0, 147.0, 713.0, 409.0, 138.0, 107.0, 215.0, 353.0, 625.0, 1418.0, 131.0, 374.0, 320.0, 420.0, 173.0, 764.0, 380.0, 131.0, 50.0, 221.0, 324.0
66, 2013-03-17, Home, OKC, L, L, 5, P, 208, 0, 1750.0, 1675.0, 674.0, 1422.0, 151.0, 377.0, 251.0, 324.0, 149.0, 719.0, 413.0, 138.0, 104.0, 217.0, 354.0, 618.0, 1409.0, 128.0, 365.0, 311.0, 411.0, 172.0, 755.0, 373.0, 131.0, 44.0, 228.0, 317.0
67, 2013-03-18, Away, ATL, W, W, 4, O, 203, 1, 1746.0, 1683.0, 671.0, 1419.0, 150.0, 378.0, 254.0, 321.0, 146.0, 707.0, 409.0, 146.0, 103.0, 223.0, 358.0, 621.0, 1405.0, 123.0, 356.0, 318.0, 422.0, 177.0, 759.0, 370.0, 134.0, 51.0, 238.0, 314.0
68, 2013-03-20, Home, BRK, L, L, -3.5, O, 196, 0, 1757.0, 1705.0, 684.0, 1431.0, 152.0, 380.0, 237.0, 297.0, 150.0, 702.0, 417.0, 144.0, 100.0, 225.0, 355.0, 629.0, 1391.0, 125.0, 361.0, 322.0, 427.0, 165.0, 738.0, 384.0, 137.0, 52.0, 238.0, 303.0
69, 2013-03-22, Home, BOS, W, W, -4.5, O, 195.5, 0, 1752.0, 1713.0, 686.0, 1422.0, 150.0, 378.0, 230.0, 292.0, 149.0, 699.0, 411.0, 140.0, 100.0, 225.0, 355.0, 634.0, 1403.0, 123.0, 356.0, 322.0, 425.0, 170.0, 735.0, 379.0, 136.0, 52.0, 229.0, 298.0
70, 2013-03-24, Home, UTA, W, L, -6, O, 199.5, 0, 1733.0, 1707.0, 681.0, 1412.0, 143.0, 363.0, 228.0, 294.0, 147.0, 696.0, 410.0, 135.0, 93.0, 227.0, 350.0, 633.0, 1400.0, 124.0, 357.0, 317.0, 416.0, 168.0, 729.0, 381.0, 136.0, 55.0, 225.0, 302.0
71, 2013-03-26, Home, LAC, W, W, 1.5, O, 202.5, 0, 1735.0, 1719.0, 677.0, 1394.0, 141.0, 352.0, 240.0, 309.0, 147.0, 686.0, 401.0, 137.0, 92.0, 237.0, 349.0, 636.0, 1397.0, 126.0, 358.0, 321.0, 415.0, 170.0, 724.0, 380.0, 141.0, 54.0, 232.0, 313.0
72, 2013-03-28, Home, IND, L, L, -4.5, U, 193, 0, 1740.0, 1721.0, 677.0, 1392.0, 139.0, 355.0, 247.0, 317.0, 142.0, 684.0, 398.0, 140.0, 82.0, 240.0, 352.0, 637.0, 1391.0, 131.0, 374.0, 316.0, 416.0, 167.0, 723.0, 374.0, 139.0, 54.0, 237.0, 317.0
73, 2013-03-30, Home, CHI, W, L, -5, O, 192, 0, 1719.0, 1721.0, 670.0, 1388.0, 135.0, 351.0, 244.0, 312.0, 137.0, 674.0, 397.0, 137.0, 88.0, 239.0, 353.0, 643.0, 1403.0, 125.0, 364.0, 310.0, 411.0, 175.0, 733.0, 379.0, 140.0, 56.0, 234.0, 320.0
74, 2013-04-02, Away, LAL, L, L, 3.5, U, 207.5, 0, 1729.0, 1724.0, 674.0, 1382.0, 140.0, 352.0, 241.0, 309.0, 130.0, 657.0, 401.0, 133.0, 93.0, 230.0, 349.0, 647.0, 1401.0, 130.0, 367.0, 300.0, 403.0, 178.0, 733.0, 381.0, 136.0, 59.0, 234.0, 314.0
75, 2013-04-04, Away, DEN, L, W, 7, U, 207.5, 0, 1726.0, 1735.0, 675.0, 1387.0, 144.0, 359.0, 232.0, 302.0, 132.0, 659.0, 404.0, 135.0, 90.0, 222.0, 350.0, 654.0, 1404.0, 133.0, 377.0, 294.0, 402.0, 186.0, 744.0, 383.0, 133.0, 65.0, 235.0, 307.0
76, 2013-04-05, Away, SAC, W, W, 1.5, O, 212.5, 1, 1722.0, 1740.0, 677.0, 1397.0, 139.0, 356.0, 229.0, 298.0, 136.0, 669.0, 412.0, 128.0, 91.0, 219.0, 356.0, 653.0, 1415.0, 132.0, 371.0, 302.0, 418.0, 195.0, 750.0, 387.0, 132.0, 70.0, 224.0, 306.0
77, 2013-04-07, Away, POR, W, W, -3.5, U, 206.5, 0, 1736.0, 1712.0, 685.0, 1407.0, 133.0, 349.0, 233.0, 293.0, 136.0, 680.0, 423.0, 127.0, 92.0, 210.0, 343.0, 646.0, 1422.0, 124.0, 363.0, 296.0, 409.0, 197.0, 750.0, 377.0, 124.0, 71.0, 223.0, 301.0
78, 2013-04-10, Home, PHO, L, L, -13.5, U, 204.5, 0, 1720.0, 1695.0, 682.0, 1414.0, 125.0, 336.0, 231.0, 291.0, 144.0, 695.0, 416.0, 131.0, 96.0, 211.0, 332.0, 648.0, 1424.0, 116.0, 353.0, 283.0, 392.0, 195.0, 749.0, 378.0, 127.0, 69.0, 225.0, 299.0
79, 2013-04-12, Home, DEN, W, W, 3, O, 209, 0, 1709.0, 1698.0, 675.0, 1421.0, 120.0, 331.0, 239.0, 297.0, 154.0, 704.0, 408.0, 131.0, 99.0, 212.0, 334.0, 646.0, 1417.0, 119.0, 350.0, 287.0, 390.0, 189.0, 745.0, 384.0, 127.0, 77.0, 225.0, 296.0
80, 2013-04-14, Away, NOH, W, W, -3, O, 195.5, 0, 1717.0, 1726.0, 676.0, 1424.0, 123.0, 333.0, 242.0, 306.0, 154.0, 697.0, 410.0, 131.0, 103.0, 219.0, 335.0, 655.0, 1422.0, 125.0, 356.0, 291.0, 397.0, 194.0, 751.0, 385.0, 135.0, 77.0, 235.0, 296.0
81, 2013-04-15, Home, MEM, L, L, 3.5, O, 187, 1, 1709.0, 1707.0, 680.0, 1428.0, 121.0, 325.0, 228.0, 287.0, 160.0, 697.0, 414.0, 132.0, 104.0, 218.0, 332.0, 645.0, 1420.0, 126.0, 357.0, 291.0, 398.0, 207.0, 756.0, 377.0, 131.0, 73.0, 236.0, 286.0
82, 2013-04-17, Home, NOH, W, W, -8, U, 197, 0, 1715.0, 1718.0, 677.0, 1421.0, 122.0, 325.0, 239.0, 302.0, 162.0, 698.0, 411.0, 129.0, 97.0, 222.0, 331.0, 646.0, 1416.0, 128.0, 365.0, 298.0, 406.0, 212.0, 757.0, 370.0, 134.0, 72.0, 237.0, 298.0
