15, 2012-11-30, Home, BRK, L, L, 5, P, 184, 0, 0, 91.5, 96.29, 36.64, 83.71, 5.5, 15.5, 12.71, 16.71, 11.14, 43.64, 21.57, 5.79, 4.57, 15.29, 20.14, 37.71, 85.07, 6.36, 19.93, 14.5, 21.0, 12.07, 43.36, 20.93, 8.07, 5.29, 13.43, 16.79, 95.57, 90.71, 35.79, 81.0, 7.0, 21.07, 17.0, 23.57, 13.21, 42.57, 21.71, 7.21, 5.57, 13.07, 18.57, 35.29, 78.64, 5.43, 16.36, 14.71, 20.79, 11.86, 41.07, 19.79, 7.0, 4.36, 14.21, 22.07
16, 2012-12-02, Away, LAL, W, W, 13, O, 197.5, 0, 0, 90.36, 96.93, 36.14, 83.14, 5.21, 15.21, 12.86, 16.79, 10.93, 42.93, 21.29, 5.57, 4.14, 15.14, 19.79, 38.14, 85.0, 6.64, 19.5, 14.0, 20.0, 11.79, 43.07, 20.93, 8.0, 5.36, 12.93, 16.79, 100.86, 94.29, 35.57, 78.21, 8.93, 23.71, 20.79, 30.71, 12.64, 46.0, 20.93, 8.14, 5.79, 16.36, 19.0, 36.5, 84.93, 6.71, 19.79, 14.57, 20.57, 11.43, 40.29, 21.86, 8.93, 4.36, 14.07, 24.79
17, 2012-12-03, Away, GSW, W, W, 9.5, P, 196, 0, 1, 90.21, 97.57, 36.0, 82.71, 5.14, 16.07, 13.07, 16.86, 10.36, 42.79, 21.86, 5.43, 4.79, 15.29, 20.57, 37.93, 84.64, 6.71, 19.36, 15.0, 21.5, 11.43, 43.14, 21.0, 8.14, 4.79, 12.57, 16.71, 100.0, 99.36, 37.71, 82.57, 6.36, 19.21, 18.21, 23.86, 11.64, 45.86, 21.93, 6.71, 3.21, 15.71, 23.57, 36.57, 84.07, 7.79, 22.71, 18.43, 25.43, 11.0, 40.93, 22.71, 8.21, 6.14, 13.29, 20.64
18, 2012-12-05, Away, UTA, L, W, 8, U, 196.5, 0, 0, 90.86, 97.21, 36.29, 83.14, 5.14, 16.36, 13.14, 16.79, 10.36, 42.79, 22.29, 5.71, 4.71, 15.07, 20.36, 37.71, 84.43, 7.07, 20.14, 14.71, 21.07, 11.43, 43.14, 20.71, 8.0, 4.64, 12.86, 17.29, 100.36, 101.0, 36.86, 82.71, 7.14, 19.0, 19.5, 25.57, 14.14, 44.0, 23.36, 7.21, 7.0, 15.14, 21.93, 38.43, 83.14, 6.36, 17.29, 17.79, 24.14, 12.36, 41.14, 21.07, 8.21, 5.86, 14.0, 21.21
19, 2012-12-07, Away, SAC, L, L, 3, U, 194, 0, 0, 91.29, 97.0, 36.71, 82.93, 5.0, 16.57, 12.86, 16.57, 10.43, 43.14, 22.14, 5.71, 4.71, 15.07, 20.21, 37.57, 84.5, 6.64, 19.43, 15.21, 21.43, 11.07, 42.57, 20.36, 8.14, 4.29, 12.36, 17.14, 95.64, 101.21, 36.93, 81.29, 6.14, 17.36, 15.64, 21.43, 10.93, 39.5, 18.79, 7.57, 3.79, 13.71, 21.36, 36.07, 78.14, 8.07, 21.86, 21.0, 26.57, 10.71, 41.07, 23.57, 7.5, 5.93, 14.07, 18.71
20, 2012-12-09, Away, PHO, W, W, 4, U, 198.5, 1, 0, 92.29, 95.86, 36.71, 83.64, 5.0, 16.86, 13.86, 17.5, 10.36, 43.5, 22.0, 5.93, 4.5, 14.93, 20.36, 36.93, 84.29, 6.29, 19.29, 15.71, 21.64, 10.71, 42.79, 20.29, 8.29, 4.29, 12.86, 17.57, 99.07, 103.29, 38.71, 84.5, 6.71, 18.14, 14.93, 19.57, 10.57, 39.0, 22.29, 8.21, 5.0, 14.07, 21.57, 39.21, 81.93, 7.5, 18.57, 17.36, 23.71, 11.5, 41.86, 22.36, 7.71, 5.36, 14.43, 19.64
21, 2012-12-12, Home, ATL, L, L, 5, U, 189.5, 0, 0, 94.0, 96.43, 37.43, 83.14, 5.29, 17.0, 13.86, 17.5, 10.21, 43.64, 22.64, 6.0, 4.21, 15.43, 19.86, 37.43, 84.29, 6.14, 19.0, 15.43, 21.14, 10.21, 40.93, 20.43, 8.21, 3.93, 12.64, 17.71, 97.14, 93.36, 37.0, 81.36, 8.64, 22.5, 14.5, 20.5, 10.57, 40.0, 23.14, 9.29, 5.14, 14.79, 17.93, 34.93, 79.5, 7.14, 18.86, 16.36, 20.86, 10.43, 42.14, 20.0, 9.57, 4.43, 16.5, 20.93
22, 2012-12-14, Home, GSW, W, W, 4, U, 193.5, 0, 0, 93.36, 95.5, 37.0, 83.57, 5.43, 17.57, 13.93, 17.07, 10.29, 43.43, 21.86, 6.14, 4.07, 15.07, 20.21, 37.0, 84.0, 5.93, 18.86, 15.57, 21.5, 10.36, 41.79, 20.5, 8.21, 4.29, 13.0, 17.5, 101.93, 98.86, 38.64, 82.14, 7.43, 19.43, 17.21, 21.57, 11.79, 45.43, 22.79, 6.64, 3.71, 14.64, 21.64, 36.71, 83.36, 8.14, 22.93, 17.29, 23.36, 10.57, 39.36, 23.36, 7.57, 6.14, 12.57, 18.93
23, 2012-12-15, Away, CHA, W, W, 1.5, O, 192.5, 0, 1, 92.57, 94.0, 36.79, 83.36, 5.57, 17.86, 13.43, 16.64, 10.21, 44.07, 21.79, 6.21, 4.64, 15.14, 20.07, 36.29, 84.71, 6.29, 19.71, 15.14, 20.86, 11.07, 43.14, 20.36, 8.0, 4.14, 12.86, 17.29, 95.86, 106.36, 34.43, 81.93, 7.21, 19.79, 19.79, 25.64, 9.93, 40.0, 20.43, 7.21, 6.0, 13.21, 19.07, 40.36, 86.43, 10.14, 25.71, 15.5, 20.64, 12.36, 44.93, 26.79, 6.86, 8.14, 13.07, 20.57
24, 2012-12-17, Home, MIN, W, W, 3.5, O, 193, 0, 0, 94.07, 94.07, 37.57, 83.29, 5.64, 18.14, 13.29, 16.5, 10.43, 44.29, 22.29, 6.14, 5.14, 15.07, 20.29, 36.14, 84.57, 6.07, 19.29, 15.71, 21.29, 10.93, 42.5, 20.07, 7.71, 4.21, 12.93, 16.93, 97.93, 96.29, 35.79, 83.21, 6.29, 20.71, 20.07, 28.21, 14.64, 46.43, 21.64, 9.0, 5.64, 14.86, 18.79, 37.71, 82.5, 6.29, 19.07, 14.57, 20.43, 10.79, 41.43, 21.0, 8.0, 6.36, 14.86, 23.79
25, 2012-12-19, Home, WAS, W, L, -7.5, U, 184.5, 1, 0, 96.21, 94.93, 38.5, 83.29, 5.93, 18.43, 13.29, 16.07, 10.07, 43.36, 23.29, 6.36, 5.0, 14.93, 20.5, 36.5, 85.07, 6.21, 19.29, 15.71, 21.21, 11.21, 42.14, 20.57, 7.36, 4.07, 13.21, 16.71, 92.0, 99.43, 34.14, 83.86, 6.21, 19.36, 17.5, 23.07, 11.93, 44.0, 19.14, 8.0, 4.07, 14.36, 20.86, 36.71, 81.57, 8.86, 25.07, 17.14, 24.0, 10.36, 44.86, 22.0, 7.86, 5.07, 14.43, 21.21
26, 2012-12-21, Away, TOR, L, W, 3.5, U, 187.5, 0, 0, 96.21, 95.57, 38.36, 83.14, 6.14, 18.43, 13.36, 16.0, 10.14, 43.0, 22.86, 6.93, 4.86, 14.86, 19.71, 36.93, 84.5, 6.64, 19.29, 15.07, 20.21, 10.64, 41.43, 20.93, 7.36, 4.29, 13.29, 17.07, 96.57, 101.93, 35.71, 81.93, 7.71, 24.07, 17.43, 21.86, 10.29, 40.43, 21.14, 6.64, 5.79, 12.79, 23.5, 36.93, 81.0, 6.64, 18.71, 21.43, 28.93, 11.57, 44.14, 21.93, 7.21, 4.57, 12.93, 19.14
27, 2012-12-23, Home, UTA, L, L, -1, O, 187.5, 1, 0, 94.93, 94.79, 38.0, 82.43, 5.64, 17.93, 13.29, 15.93, 9.86, 43.64, 22.93, 6.86, 4.79, 14.86, 18.64, 36.64, 84.07, 6.64, 18.79, 14.86, 19.57, 9.93, 41.0, 21.0, 7.71, 4.5, 13.0, 16.79, 98.86, 100.36, 37.21, 81.0, 6.5, 17.5, 17.93, 23.29, 12.43, 41.0, 22.64, 8.5, 5.86, 14.43, 21.86, 37.86, 80.14, 6.93, 18.14, 17.71, 23.43, 12.36, 41.14, 19.79, 7.79, 6.43, 15.07, 20.21
28, 2012-12-26, Home, NOH, L, L, -3, O, 182, 0, 0, 93.71, 93.43, 37.79, 81.43, 5.5, 17.5, 12.64, 15.64, 10.0, 43.86, 23.29, 6.5, 4.43, 14.93, 18.86, 35.86, 82.5, 6.64, 18.79, 15.07, 20.0, 9.64, 39.93, 20.64, 7.5, 4.57, 12.71, 16.43, 87.64, 95.36, 34.5, 79.5, 6.5, 18.93, 12.14, 15.57, 11.57, 39.86, 19.57, 6.64, 5.0, 13.86, 21.0, 35.57, 76.07, 6.79, 18.21, 17.43, 23.14, 10.29, 41.29, 23.14, 8.29, 6.79, 13.14, 17.29
29, 2012-12-28, Away, WAS, L, L, -1.5, O, 182.5, 0, 0, 94.07, 92.5, 37.43, 80.29, 6.14, 18.57, 13.07, 16.0, 9.5, 43.29, 23.93, 6.29, 4.57, 14.71, 19.07, 35.43, 81.93, 6.0, 17.86, 15.64, 20.36, 9.64, 39.71, 20.14, 7.0, 4.43, 12.14, 17.07, 87.36, 95.86, 33.14, 80.71, 6.07, 18.64, 15.0, 19.93, 10.0, 43.36, 19.79, 6.64, 4.29, 14.29, 19.43, 35.71, 82.71, 8.79, 24.71, 15.64, 22.21, 12.07, 47.43, 20.71, 7.71, 4.86, 13.5, 19.14
30, 2012-12-29, Home, TOR, L, L, -3.5, O, 187.5, 1, 1, 94.86, 93.0, 37.71, 80.86, 6.79, 19.79, 12.64, 15.43, 9.57, 43.64, 24.29, 6.29, 4.57, 15.0, 18.64, 35.71, 82.29, 5.64, 17.86, 15.93, 20.64, 9.64, 40.14, 20.36, 7.14, 4.57, 12.36, 16.86, 95.71, 98.79, 35.14, 80.07, 7.79, 23.86, 17.64, 22.21, 9.64, 38.64, 21.93, 7.79, 5.57, 11.79, 22.93, 35.5, 77.93, 5.79, 16.93, 22.0, 29.21, 11.43, 43.93, 21.0, 6.64, 4.57, 13.93, 19.29
31, 2012-12-31, Home, MIA, L, W, 10, O, 194, 0, 0, 93.07, 94.43, 37.21, 80.5, 6.57, 19.43, 12.07, 15.57, 9.93, 43.0, 23.14, 6.36, 4.43, 14.64, 17.57, 36.43, 82.0, 6.29, 18.57, 15.29, 19.36, 9.43, 40.0, 21.29, 7.0, 4.57, 12.14, 17.0, 100.64, 95.36, 38.07, 77.14, 8.5, 22.5, 16.0, 20.86, 7.79, 38.64, 21.64, 8.43, 4.79, 14.07, 18.93, 35.36, 80.57, 7.71, 21.86, 16.93, 21.64, 10.5, 40.43, 20.21, 8.14, 3.07, 14.14, 19.07
32, 2013-01-02, Home, CHI, L, W, 3, O, 184, 0, 0, 93.64, 95.71, 37.36, 80.21, 6.57, 19.43, 12.36, 16.0, 10.43, 43.5, 22.79, 6.14, 4.43, 15.21, 17.93, 36.64, 82.29, 6.21, 18.86, 16.21, 20.57, 9.43, 39.29, 21.36, 7.29, 4.43, 11.71, 16.79, 90.07, 91.0, 34.21, 79.79, 5.21, 14.21, 16.43, 20.29, 11.07, 42.43, 21.86, 7.5, 4.86, 13.57, 20.07, 34.36, 80.79, 5.5, 15.21, 16.79, 22.86, 12.64, 43.29, 17.36, 7.79, 4.71, 13.43, 18.5
33, 2013-01-05, Home, NYK, L, L, 6, O, 195.5, 0, 0, 94.57, 96.36, 37.57, 80.29, 7.14, 20.07, 12.29, 15.79, 10.07, 42.79, 22.86, 6.0, 4.21, 14.71, 18.07, 36.93, 82.29, 6.5, 19.0, 16.0, 20.43, 9.5, 39.07, 22.07, 6.86, 4.5, 11.29, 16.79, 100.71, 99.43, 37.14, 83.86, 10.29, 28.21, 16.14, 22.29, 10.93, 39.93, 20.07, 8.29, 3.86, 11.21, 19.07, 36.71, 79.36, 8.57, 24.43, 17.43, 22.0, 9.14, 41.93, 19.36, 6.57, 3.64, 14.0, 19.07
34, 2013-01-07, Away, POR, L, W, 6.5, O, 192, 0, 0, 96.29, 98.0, 38.36, 80.64, 7.57, 20.86, 12.0, 15.57, 10.5, 43.14, 23.29, 5.93, 4.29, 14.5, 17.71, 37.64, 82.93, 7.07, 19.86, 15.64, 20.0, 9.43, 38.29, 22.36, 6.57, 4.14, 10.57, 16.79, 93.93, 93.86, 35.79, 81.86, 8.0, 24.71, 14.36, 17.79, 11.79, 43.29, 21.79, 6.79, 5.0, 14.07, 18.0, 36.57, 83.57, 6.29, 20.36, 14.43, 18.64, 12.29, 42.86, 22.79, 8.07, 3.93, 12.29, 16.79
35, 2013-01-09, Away, DEN, L, W, 11.5, O, 204.5, 0, 0, 97.79, 100.5, 38.79, 81.79, 8.0, 21.93, 12.21, 15.57, 10.29, 42.57, 23.57, 5.71, 4.57, 13.93, 18.36, 38.5, 84.07, 7.29, 20.14, 16.21, 20.43, 9.86, 39.36, 23.21, 6.71, 4.21, 10.36, 16.43, 104.0, 97.21, 40.29, 85.36, 6.29, 18.86, 17.14, 25.07, 13.57, 47.57, 25.5, 8.43, 6.86, 13.93, 21.93, 35.71, 87.14, 7.71, 24.79, 18.07, 25.21, 14.43, 44.57, 22.79, 8.29, 6.93, 13.43, 20.71
36, 2013-01-12, Away, LAC, W, W, 12.5, O, 198.5, 0, 0, 99.57, 102.07, 39.71, 82.64, 8.07, 22.07, 12.07, 15.5, 10.36, 42.86, 24.0, 5.43, 5.14, 13.64, 19.29, 38.93, 85.07, 7.14, 19.43, 17.07, 21.86, 10.57, 39.71, 23.79, 6.36, 4.21, 10.07, 16.14, 101.86, 91.29, 38.5, 81.0, 7.79, 22.64, 17.07, 25.36, 11.64, 43.5, 25.36, 10.71, 6.14, 13.5, 20.86, 33.43, 77.79, 6.14, 18.93, 18.29, 24.43, 10.29, 39.29, 20.86, 7.43, 5.21, 15.93, 21.93
37, 2013-01-14, Away, WAS, L, L, 1.5, O, 191.5, 0, 0, 99.93, 103.21, 39.57, 82.29, 8.21, 22.36, 12.57, 16.07, 10.14, 42.0, 24.14, 5.29, 4.43, 13.5, 19.07, 39.57, 84.79, 7.29, 19.57, 16.79, 21.5, 10.07, 38.71, 24.71, 6.57, 4.5, 9.86, 16.14, 87.43, 96.21, 33.93, 82.5, 5.79, 17.36, 13.79, 18.93, 10.93, 45.07, 21.14, 6.57, 4.43, 14.71, 20.57, 35.64, 82.79, 8.14, 22.64, 16.79, 22.86, 11.36, 47.14, 21.86, 7.57, 5.14, 13.0, 18.14
38, 2013-01-16, Home, IND, W, W, 2, U, 186.5, 1, 0, 98.79, 104.79, 39.14, 82.86, 8.21, 22.43, 12.29, 15.79, 10.14, 41.64, 24.0, 5.71, 4.07, 13.5, 18.43, 40.29, 85.07, 7.5, 19.5, 16.71, 21.21, 10.14, 39.5, 25.71, 6.86, 4.43, 9.86, 16.5, 91.5, 85.71, 34.43, 81.93, 6.71, 19.64, 15.93, 21.57, 13.93, 46.5, 19.86, 7.5, 6.21, 13.79, 19.79, 33.5, 81.0, 4.43, 14.0, 14.29, 19.0, 11.64, 41.07, 18.71, 6.43, 6.29, 13.86, 21.71
39, 2013-01-18, Home, CHA, L, L, -6.5, O, 197, 0, 0, 98.43, 104.29, 38.86, 83.14, 8.64, 22.93, 12.07, 15.57, 10.29, 41.5, 23.86, 5.79, 4.0, 13.14, 18.29, 40.14, 84.29, 7.14, 18.93, 16.86, 21.21, 9.93, 39.57, 25.21, 6.79, 4.79, 9.71, 16.64, 92.57, 103.14, 34.36, 80.64, 4.5, 12.57, 19.36, 26.86, 12.07, 40.93, 18.29, 7.14, 5.71, 13.21, 19.0, 39.43, 84.07, 9.79, 23.36, 14.5, 19.57, 13.07, 44.57, 25.86, 7.79, 8.14, 13.64, 23.29
40, 2013-01-20, Home, DAL, L, L, 3.5, O, 201.5, 0, 0, 99.14, 105.93, 39.07, 83.0, 8.86, 23.71, 12.14, 15.86, 10.29, 40.64, 24.0, 5.21, 4.0, 13.21, 19.43, 40.36, 84.43, 6.79, 18.57, 18.43, 23.36, 10.36, 39.93, 24.93, 6.79, 4.71, 9.36, 16.86, 101.07, 105.57, 38.36, 86.29, 6.79, 19.86, 17.57, 22.07, 9.71, 43.64, 22.5, 7.5, 4.57, 12.07, 21.14, 37.93, 85.14, 9.36, 22.86, 20.36, 26.29, 11.86, 47.29, 21.79, 7.93, 5.43, 13.93, 19.36
41, 2013-01-22, Away, DET, L, L, 4.5, P, 195, 0, 0, 100.21, 107.21, 39.43, 83.64, 9.21, 24.21, 12.14, 15.93, 10.07, 40.43, 24.29, 5.29, 4.07, 12.86, 19.36, 41.21, 85.07, 6.79, 18.29, 18.0, 22.93, 10.57, 40.71, 25.57, 6.5, 4.93, 9.29, 16.36, 96.86, 93.93, 37.57, 82.14, 7.71, 19.57, 14.0, 21.29, 14.07, 46.71, 20.5, 6.29, 6.43, 15.5, 19.5, 35.21, 81.0, 6.71, 22.07, 16.79, 22.21, 11.07, 40.36, 20.5, 8.5, 5.0, 12.79, 20.36
42, 2013-01-24, Home, TOR, L, L, -4, U, 198.5, 1, 0, 100.0, 107.79, 39.43, 84.21, 9.14, 24.21, 12.0, 15.43, 9.64, 40.14, 24.43, 5.29, 4.0, 12.43, 19.21, 41.64, 85.64, 6.79, 18.64, 17.71, 22.64, 10.79, 42.0, 25.71, 6.64, 5.07, 9.07, 16.07, 101.29, 98.86, 38.79, 82.5, 8.14, 21.71, 15.57, 21.0, 11.21, 39.57, 25.71, 7.64, 3.21, 12.5, 21.71, 37.29, 79.36, 5.57, 17.64, 18.71, 24.71, 11.21, 40.64, 22.43, 6.36, 4.64, 13.29, 19.5
43, 2013-01-27, Home, DET, L, L, -2, O, 194.5, 0, 0, 100.07, 107.79, 39.36, 84.36, 8.93, 23.36, 12.43, 15.93, 9.57, 40.36, 24.21, 5.36, 3.93, 12.43, 18.86, 41.71, 85.79, 6.93, 18.93, 17.43, 22.57, 10.71, 42.14, 26.14, 6.5, 5.07, 9.21, 16.29, 97.43, 96.21, 38.14, 82.14, 7.36, 19.0, 13.79, 20.43, 13.71, 46.0, 20.5, 7.07, 5.64, 15.57, 19.43, 36.21, 80.79, 6.64, 21.21, 17.14, 22.57, 10.79, 40.29, 21.36, 8.71, 4.71, 13.5, 20.07
44, 2013-01-28, Away, BRK, L, L, 9.5, U, 195.5, 0, 1, 100.43, 107.71, 39.43, 84.64, 8.93, 23.0, 12.64, 16.29, 10.21, 41.07, 24.29, 5.64, 3.93, 12.57, 19.43, 41.57, 85.14, 7.29, 19.14, 17.29, 22.64, 10.43, 41.43, 26.14, 6.64, 5.0, 9.36, 16.29, 98.57, 96.36, 35.57, 79.57, 7.71, 21.64, 19.71, 25.21, 12.71, 43.07, 19.86, 7.5, 4.64, 13.64, 18.14, 38.86, 82.29, 7.0, 18.07, 11.64, 16.93, 10.29, 39.14, 23.21, 6.93, 4.71, 13.0, 20.64
45, 2013-01-30, Away, NYK, L, L, 8.5, O, 196, 0, 0, 99.64, 105.86, 39.14, 84.5, 9.0, 23.64, 12.36, 15.36, 10.29, 41.14, 24.71, 5.86, 3.71, 13.14, 19.36, 40.93, 84.57, 7.14, 19.29, 16.86, 22.0, 10.64, 41.5, 25.43, 7.0, 5.07, 10.21, 15.93, 96.64, 95.5, 35.57, 82.36, 9.93, 27.64, 15.57, 20.79, 12.07, 42.43, 19.36, 7.36, 4.21, 11.79, 19.71, 35.93, 77.43, 7.86, 22.71, 15.79, 21.0, 9.14, 40.5, 20.71, 6.86, 3.86, 13.79, 19.86
46, 2013-02-01, Away, BOS, L, L, 8.5, U, 190.5, 0, 0, 98.71, 105.93, 38.86, 83.71, 8.93, 23.86, 12.07, 14.93, 9.57, 39.79, 24.0, 5.79, 3.43, 12.71, 18.57, 41.43, 84.36, 7.71, 20.21, 15.36, 20.07, 10.71, 41.71, 25.86, 6.64, 5.14, 10.36, 16.0, 94.71, 92.14, 37.14, 82.14, 5.07, 17.0, 15.36, 20.29, 10.43, 42.79, 23.0, 9.07, 4.79, 14.43, 23.14, 33.5, 80.29, 6.71, 21.79, 18.43, 25.86, 12.07, 43.79, 19.29, 7.43, 4.29, 15.93, 20.86
47, 2013-02-02, Away, MIL, L, W, 10.5, O, 200, 1, 1, 98.0, 106.0, 38.79, 84.93, 8.5, 23.5, 11.93, 14.57, 10.07, 40.57, 24.21, 6.21, 3.57, 12.86, 17.93, 41.86, 84.86, 7.64, 20.64, 14.64, 19.29, 10.79, 42.64, 26.07, 6.79, 5.14, 10.93, 15.79, 100.0, 99.86, 38.43, 88.21, 7.93, 20.36, 15.21, 21.29, 14.29, 44.79, 22.79, 7.43, 7.71, 13.5, 18.43, 38.43, 87.93, 6.43, 19.57, 16.57, 22.14, 14.29, 47.64, 23.14, 7.64, 4.5, 14.79, 20.0
48, 2013-02-04, Away, PHI, L, L, 9.5, U, 189, 0, 0, 97.43, 105.5, 38.79, 85.57, 8.14, 23.0, 11.71, 14.86, 10.64, 41.07, 24.86, 6.5, 3.64, 13.14, 17.79, 41.86, 85.0, 7.43, 20.0, 14.36, 19.14, 11.14, 42.79, 26.21, 6.71, 5.71, 11.5, 15.57, 92.86, 97.93, 38.57, 83.79, 5.71, 16.07, 10.0, 14.21, 9.07, 39.07, 23.29, 6.5, 4.57, 13.57, 17.93, 37.29, 80.79, 6.5, 19.36, 16.86, 21.79, 10.79, 44.36, 23.07, 8.43, 4.07, 15.0, 15.57
49, 2013-02-06, Home, LAC, L, L, 5, U, 184.5, 0, 0, 93.29, 102.14, 37.43, 84.64, 7.43, 21.71, 11.0, 14.14, 10.93, 41.79, 23.79, 6.57, 3.5, 13.29, 16.43, 41.0, 83.93, 7.07, 19.71, 13.07, 17.79, 10.86, 42.93, 25.64, 6.86, 5.93, 11.64, 15.29, 96.0, 95.29, 37.0, 80.79, 6.29, 18.0, 15.71, 22.57, 11.93, 41.71, 22.14, 7.93, 4.93, 14.21, 20.36, 34.79, 77.93, 8.79, 21.5, 16.93, 23.21, 10.71, 39.5, 23.21, 8.0, 3.57, 14.86, 20.86
50, 2013-02-08, Away, CLE, L, L, 7, O, 199.5, 0, 0, 91.21, 100.57, 36.43, 84.21, 7.29, 21.43, 11.07, 14.43, 11.14, 42.29, 23.29, 6.64, 3.07, 13.79, 15.93, 40.43, 83.07, 7.21, 20.14, 12.5, 16.79, 10.5, 42.93, 25.14, 7.57, 5.93, 11.93, 15.93, 101.57, 104.21, 38.64, 85.5, 6.29, 18.14, 18.0, 22.57, 11.86, 39.79, 21.93, 8.21, 4.43, 12.36, 20.64, 39.93, 82.64, 8.0, 19.21, 16.36, 22.86, 12.86, 45.0, 25.71, 7.0, 7.21, 15.5, 20.29
51, 2013-02-10, Home, POR, W, W, 3, O, 196.5, 0, 0, 91.5, 101.86, 36.86, 84.57, 7.07, 21.14, 10.71, 14.0, 11.07, 42.14, 23.43, 6.43, 3.5, 14.21, 16.93, 40.14, 82.5, 7.07, 19.57, 14.5, 19.29, 10.36, 42.71, 24.5, 7.71, 5.71, 11.71, 15.93, 96.79, 99.21, 36.14, 79.71, 7.57, 22.86, 16.93, 21.5, 10.43, 42.79, 22.36, 5.79, 4.86, 15.64, 18.79, 38.93, 83.79, 6.93, 19.0, 14.43, 19.07, 9.86, 39.93, 24.0, 8.29, 3.36, 11.79, 20.14
52, 2013-02-13, Home, ATL, L, L, 2.5, U, 200, 0, 0, 92.86, 100.71, 37.57, 85.0, 7.07, 20.93, 10.64, 14.21, 11.5, 43.0, 24.21, 6.29, 3.5, 13.93, 16.93, 39.86, 82.57, 7.29, 20.71, 13.71, 18.36, 10.07, 42.43, 24.43, 7.43, 5.5, 11.93, 15.36, 97.43, 99.43, 37.14, 78.71, 9.07, 22.64, 14.07, 20.14, 8.79, 40.57, 25.57, 6.64, 4.5, 16.0, 20.21, 36.93, 82.36, 8.0, 20.07, 17.57, 22.93, 10.86, 42.07, 22.36, 8.0, 4.93, 13.57, 19.36
53, 2013-02-19, Home, CHA, L, L, -5, U, 199, 0, 0, 91.36, 102.29, 37.14, 84.71, 6.43, 20.43, 10.64, 14.5, 11.43, 43.07, 23.43, 6.07, 3.5, 14.14, 17.0, 40.14, 83.07, 7.86, 21.93, 14.14, 19.14, 10.43, 43.14, 25.43, 7.43, 5.21, 11.5, 15.0, 91.0, 100.43, 32.86, 79.21, 5.5, 15.86, 19.79, 25.86, 10.29, 40.21, 18.21, 6.79, 6.14, 13.07, 19.64, 38.5, 81.79, 7.36, 20.57, 16.07, 21.71, 11.14, 44.07, 24.86, 6.43, 5.71, 12.57, 21.57
54, 2013-02-20, Away, DAL, L, L, 11.5, O, 206.5, 0, 1, 90.79, 102.21, 37.14, 85.43, 5.93, 20.0, 10.57, 14.21, 11.64, 43.79, 23.86, 6.36, 3.43, 14.14, 16.43, 40.21, 83.21, 8.21, 22.79, 13.57, 18.36, 10.36, 43.29, 25.57, 7.5, 5.29, 11.93, 14.57, 107.57, 102.86, 40.43, 86.21, 7.64, 19.36, 19.07, 23.36, 9.86, 44.0, 25.36, 8.43, 5.21, 12.21, 20.14, 37.21, 84.64, 7.5, 21.71, 20.93, 26.36, 11.36, 46.36, 21.14, 7.14, 3.57, 14.29, 19.71
55, 2013-02-22, Away, MEM, L, W, 14, U, 186.5, 0, 0, 90.14, 102.21, 37.07, 85.86, 5.64, 19.64, 10.36, 14.36, 12.0, 43.86, 23.71, 6.36, 3.5, 14.0, 16.36, 40.0, 83.07, 8.43, 23.79, 13.79, 18.57, 10.14, 43.36, 25.79, 7.29, 5.36, 12.0, 15.0, 95.36, 91.36, 38.29, 83.21, 4.79, 13.0, 14.0, 18.14, 13.79, 42.43, 22.64, 8.36, 4.43, 14.0, 19.86, 35.36, 75.5, 6.14, 16.79, 14.5, 19.86, 8.5, 36.36, 20.93, 7.07, 5.14, 15.5, 18.71
56, 2013-02-23, Home, CLE, L, L, 5, O, 200, 0, 1, 89.57, 101.0, 36.86, 85.86, 5.43, 19.29, 10.43, 14.43, 12.36, 43.93, 23.14, 6.5, 3.93, 13.93, 16.79, 39.43, 82.0, 8.14, 23.29, 14.0, 19.14, 10.0, 43.21, 25.86, 7.29, 5.43, 12.43, 15.14, 103.07, 102.71, 38.93, 84.5, 5.71, 16.64, 19.5, 24.43, 10.86, 39.43, 23.14, 8.0, 4.64, 11.79, 18.79, 39.86, 82.64, 7.36, 18.5, 15.64, 21.71, 11.93, 43.14, 24.71, 6.57, 7.36, 15.29, 20.79
57, 2013-02-26, Away, PHI, W, W, 8.5, U, 185.5, 0, 0, 89.5, 102.5, 37.07, 85.71, 5.14, 19.0, 10.21, 14.57, 12.43, 43.57, 23.14, 6.43, 4.14, 14.07, 17.36, 39.71, 82.64, 8.5, 23.64, 14.57, 19.79, 10.79, 43.86, 26.07, 7.64, 5.21, 12.43, 15.14, 89.36, 91.43, 36.79, 83.79, 5.0, 15.29, 10.79, 14.86, 10.71, 42.07, 22.71, 6.36, 4.21, 12.64, 18.71, 33.93, 78.71, 5.14, 18.21, 18.43, 24.5, 10.93, 43.64, 21.93, 7.79, 4.43, 12.64, 14.64
58, 2013-02-27, Home, SAC, L, L, -1.5, O, 205.5, 1, 1, 89.21, 101.07, 37.14, 84.71, 4.79, 18.29, 10.14, 14.57, 11.57, 43.14, 23.64, 6.07, 4.21, 13.93, 17.14, 39.14, 82.79, 8.21, 23.5, 14.57, 19.79, 10.86, 43.86, 26.14, 7.5, 4.79, 12.36, 15.21, 99.57, 110.93, 36.5, 84.07, 7.64, 19.79, 18.93, 25.21, 11.71, 39.5, 20.64, 9.43, 3.14, 14.93, 19.86, 42.64, 83.43, 8.64, 22.71, 17.0, 21.0, 10.14, 44.57, 27.07, 8.07, 6.36, 15.29, 21.14
59, 2013-03-01, Home, HOU, L, W, 9, O, 213, 0, 0, 90.93, 103.07, 37.5, 85.0, 4.79, 17.71, 11.14, 15.71, 11.36, 43.29, 23.71, 5.86, 4.0, 14.14, 18.43, 39.79, 83.5, 8.0, 23.0, 15.5, 21.0, 10.5, 43.5, 26.71, 7.79, 4.79, 11.86, 15.86, 113.57, 106.07, 42.21, 85.21, 12.07, 30.21, 17.07, 22.64, 11.29, 43.5, 26.29, 8.0, 3.93, 14.21, 21.57, 38.93, 83.64, 9.07, 23.93, 19.14, 24.21, 10.5, 40.07, 23.29, 7.14, 6.43, 14.36, 20.21
60, 2013-03-03, Home, MEM, L, L, 9, O, 184, 0, 0, 91.86, 103.43, 37.93, 85.07, 4.93, 17.43, 11.07, 15.71, 11.21, 43.29, 24.86, 6.14, 4.07, 14.43, 19.0, 39.43, 83.14, 8.07, 22.86, 16.5, 22.43, 10.43, 43.36, 26.57, 8.07, 4.57, 12.07, 15.71, 93.5, 90.86, 35.93, 79.29, 4.71, 13.14, 16.93, 22.36, 12.0, 41.86, 22.86, 8.07, 4.57, 13.86, 20.07, 35.64, 76.93, 6.14, 16.5, 13.43, 18.21, 8.5, 36.93, 21.64, 7.36, 4.43, 14.79, 20.5
61, 2013-03-04, Away, NOH, W, W, 8.5, O, 194.5, 0, 1, 91.71, 104.21, 37.43, 83.5, 4.86, 17.14, 12.0, 16.93, 11.0, 42.57, 24.86, 5.86, 3.93, 14.43, 19.07, 39.57, 83.07, 8.57, 23.29, 16.5, 22.5, 10.71, 42.93, 26.64, 8.0, 4.57, 12.0, 16.14, 96.36, 98.43, 37.29, 80.5, 5.71, 15.93, 16.07, 20.79, 10.93, 39.57, 21.5, 6.29, 6.57, 13.14, 19.57, 37.29, 78.86, 7.0, 17.93, 16.86, 21.29, 11.14, 39.71, 24.93, 7.71, 6.29, 13.14, 17.71
62, 2013-03-06, Away, MIA, L, W, 15.5, U, 204, 0, 0, 92.21, 103.86, 37.57, 83.0, 5.0, 17.29, 12.07, 16.5, 10.36, 41.71, 24.43, 5.79, 3.79, 13.79, 19.29, 39.21, 82.36, 8.5, 23.07, 16.93, 22.93, 10.5, 42.79, 26.29, 7.64, 4.64, 11.64, 16.5, 107.5, 95.57, 40.71, 79.14, 8.43, 20.36, 17.64, 22.64, 8.36, 38.14, 23.43, 9.86, 5.07, 12.07, 18.93, 35.5, 77.71, 7.21, 20.57, 17.36, 21.36, 9.07, 36.29, 20.71, 7.36, 3.57, 16.07, 20.5
63, 2013-03-08, Home, IND, L, L, 9, O, 189, 0, 0, 94.71, 105.21, 38.5, 83.64, 5.36, 18.43, 12.36, 16.79, 10.71, 41.64, 24.86, 6.14, 3.86, 14.14, 21.07, 38.93, 82.0, 8.71, 23.64, 18.64, 24.79, 10.5, 41.86, 25.86, 7.86, 4.64, 11.86, 17.0, 99.64, 88.29, 36.07, 79.57, 7.5, 20.36, 20.0, 26.86, 12.21, 46.57, 21.64, 8.14, 7.0, 14.57, 21.0, 32.79, 82.36, 4.93, 16.71, 17.79, 23.57, 11.71, 41.43, 17.21, 8.29, 5.79, 13.93, 24.57
64, 2013-03-10, Home, PHI, W, W, 1, U, 193.5, 0, 0, 95.43, 107.29, 38.64, 83.29, 5.29, 18.07, 12.86, 17.14, 10.57, 40.79, 24.86, 6.29, 3.86, 14.29, 21.21, 39.64, 82.07, 9.07, 23.71, 18.93, 24.86, 10.5, 41.64, 27.0, 7.07, 4.86, 11.71, 17.21, 89.64, 97.71, 35.57, 84.64, 6.14, 16.93, 12.36, 16.93, 11.93, 43.14, 22.64, 7.14, 3.5, 13.21, 19.43, 36.79, 80.07, 6.79, 19.21, 17.36, 23.07, 11.07, 44.5, 24.07, 7.5, 5.64, 13.21, 15.64
65, 2013-03-12, Home, LAL, L, L, 8.5, U, 208.5, 0, 0, 94.79, 105.29, 38.36, 83.07, 5.57, 18.5, 12.5, 16.71, 10.29, 40.93, 24.71, 6.36, 4.0, 14.07, 20.36, 39.71, 82.5, 8.93, 23.57, 16.93, 22.64, 10.57, 42.07, 27.21, 7.0, 5.07, 12.14, 17.07, 104.29, 103.36, 38.07, 79.93, 9.29, 24.14, 18.86, 27.21, 10.64, 43.43, 21.71, 7.07, 4.5, 14.93, 17.21, 41.36, 87.36, 7.36, 19.79, 13.29, 18.0, 10.64, 42.64, 25.14, 9.29, 5.5, 12.57, 23.29
66, 2013-03-15, Away, OKC, L, W, 17, O, 207, 0, 0, 93.86, 105.43, 37.64, 83.07, 5.93, 19.71, 12.64, 16.64, 10.0, 40.5, 23.57, 6.36, 4.07, 14.36, 21.71, 39.14, 81.79, 8.86, 23.43, 18.29, 25.14, 10.71, 42.29, 26.43, 7.29, 5.21, 11.86, 17.29, 107.07, 97.93, 38.21, 77.86, 7.21, 18.79, 23.43, 27.71, 10.29, 43.07, 20.79, 7.86, 8.0, 15.64, 20.71, 35.86, 84.21, 8.14, 22.93, 18.07, 23.07, 12.07, 39.0, 20.57, 8.93, 4.0, 14.79, 22.21
67, 2013-03-17, Away, MIL, L, W, 9, O, 208.5, 0, 0, 95.86, 106.07, 38.07, 83.79, 6.21, 20.64, 13.5, 17.5, 10.0, 39.93, 23.14, 6.71, 3.93, 14.0, 21.86, 39.21, 80.64, 8.43, 21.93, 19.21, 26.57, 10.07, 42.14, 25.64, 7.29, 5.29, 12.43, 17.57, 103.64, 105.36, 39.86, 86.64, 7.71, 20.29, 16.21, 21.5, 10.93, 44.0, 25.36, 7.79, 5.93, 13.21, 20.29, 40.5, 87.57, 7.64, 20.5, 16.71, 22.43, 11.93, 45.71, 23.86, 8.07, 3.64, 13.93, 19.43
68, 2013-03-19, Away, IND, L, L, 11, U, 195, 1, 0, 97.07, 106.79, 38.79, 84.07, 6.29, 20.36, 13.21, 17.36, 9.86, 39.79, 22.79, 6.93, 4.07, 13.86, 21.93, 39.36, 81.29, 8.64, 22.14, 19.43, 26.5, 10.29, 42.21, 26.14, 7.29, 5.14, 12.29, 17.21, 100.5, 90.43, 36.36, 79.86, 8.5, 21.57, 19.29, 25.29, 12.57, 46.5, 22.07, 8.0, 6.36, 15.5, 21.57, 33.29, 79.71, 6.21, 18.79, 17.64, 23.71, 10.36, 39.14, 19.0, 8.5, 6.0, 13.93, 23.79
69, 2013-03-20, Away, NYK, L, L, 11, O, 198, 0, 1, 95.43, 105.64, 38.0, 84.29, 6.14, 20.29, 13.29, 17.29, 9.86, 39.71, 21.93, 7.07, 4.29, 13.79, 22.57, 38.79, 81.21, 8.29, 21.71, 19.79, 26.93, 10.86, 43.57, 25.14, 7.14, 5.0, 12.71, 17.36, 93.43, 94.86, 32.93, 77.86, 9.71, 29.21, 17.86, 23.14, 10.36, 40.71, 18.64, 8.71, 4.0, 13.79, 21.79, 34.5, 77.21, 8.36, 21.21, 17.5, 24.14, 10.43, 42.86, 18.93, 7.71, 4.71, 14.64, 19.79
70, 2013-03-22, Home, OKC, L, W, 14, U, 207.5, 0, 0, 96.29, 106.93, 38.21, 83.93, 6.14, 20.43, 13.71, 17.93, 10.07, 39.71, 21.86, 7.14, 3.71, 14.07, 21.64, 39.21, 81.21, 9.14, 23.0, 19.36, 26.0, 10.57, 42.29, 24.86, 7.14, 4.71, 12.5, 17.57, 105.43, 94.86, 37.36, 78.86, 6.29, 19.29, 24.43, 29.86, 11.21, 45.86, 19.64, 7.93, 7.36, 14.64, 20.57, 34.79, 84.79, 7.21, 21.93, 18.07, 22.64, 12.21, 40.07, 18.0, 8.29, 3.64, 14.5, 22.0
71, 2013-03-25, Home, MIA, L, L, 12, O, 198, 1, 0, 95.93, 105.43, 38.21, 84.86, 6.21, 20.57, 13.29, 17.07, 10.07, 40.29, 21.71, 7.5, 3.57, 14.0, 22.07, 38.57, 80.71, 8.86, 23.0, 19.43, 26.36, 10.0, 42.43, 24.07, 7.14, 5.21, 12.71, 17.14, 101.71, 90.64, 37.36, 75.43, 8.0, 21.0, 19.0, 24.86, 7.71, 37.79, 23.79, 9.93, 5.5, 13.57, 16.29, 34.71, 81.36, 6.79, 22.29, 14.43, 18.64, 12.71, 41.21, 20.07, 8.64, 3.07, 16.14, 22.36
72, 2013-03-27, Away, CHA, L, L, 3, O, 201, 0, 0, 95.64, 107.14, 37.93, 85.57, 6.5, 21.36, 13.29, 17.21, 10.36, 40.14, 21.14, 7.86, 3.79, 13.93, 22.07, 38.93, 80.5, 9.43, 23.5, 19.86, 27.14, 10.21, 42.93, 24.43, 7.21, 5.57, 12.79, 17.07, 89.93, 103.64, 33.36, 81.07, 5.64, 18.71, 17.57, 23.57, 10.43, 36.57, 19.43, 8.21, 4.43, 11.86, 18.86, 38.43, 76.86, 9.14, 21.07, 17.64, 23.36, 10.86, 45.71, 24.93, 6.71, 7.21, 15.71, 20.64
73, 2013-03-29, Home, WAS, W, W, 4, U, 197.5, 0, 0, 96.14, 106.36, 38.43, 85.64, 6.57, 21.36, 12.71, 16.71, 10.29, 39.86, 21.71, 7.86, 4.07, 13.36, 21.43, 38.79, 80.57, 9.14, 23.36, 19.64, 27.07, 10.5, 43.14, 24.07, 6.71, 5.93, 12.57, 16.36, 96.93, 95.14, 35.93, 79.43, 7.21, 17.79, 17.86, 24.43, 11.0, 43.0, 22.14, 6.71, 4.36, 14.43, 22.21, 34.79, 79.64, 6.93, 19.21, 18.64, 24.29, 10.71, 42.43, 20.57, 7.5, 2.93, 13.93, 19.36
74, 2013-03-30, Away, ATL, L, W, 11, U, 202.5, 1, 1, 95.21, 104.5, 37.93, 86.21, 6.29, 20.86, 13.07, 17.14, 10.79, 40.57, 21.21, 7.79, 4.5, 13.0, 21.43, 37.93, 80.86, 8.36, 22.5, 20.29, 27.36, 11.14, 44.64, 23.14, 6.43, 6.0, 12.64, 16.5, 99.57, 99.93, 38.71, 81.0, 8.29, 22.0, 13.86, 19.0, 8.64, 40.79, 25.57, 8.14, 3.5, 14.64, 17.43, 39.0, 85.57, 7.57, 21.0, 14.36, 19.36, 12.07, 44.5, 22.71, 8.36, 3.79, 14.07, 17.5
75, 2013-04-01, Away, HOU, L, W, 11.5, O, 201, 0, 0, 95.64, 103.71, 38.29, 87.21, 6.43, 20.71, 12.64, 17.21, 11.14, 41.71, 20.71, 8.07, 4.5, 13.21, 22.21, 37.21, 80.5, 8.0, 22.29, 21.29, 28.5, 10.79, 44.79, 22.21, 6.5, 6.07, 12.86, 16.86, 103.79, 97.07, 35.79, 79.14, 11.0, 29.36, 21.21, 27.86, 11.43, 43.43, 21.71, 8.5, 4.0, 15.79, 19.64, 37.14, 81.86, 7.86, 21.07, 14.93, 19.36, 8.71, 38.57, 21.64, 8.57, 4.86, 14.71, 22.29
76, 2013-04-03, Away, SAS, L, L, 12.5, U, 198, 0, 0, 95.5, 104.36, 38.0, 87.64, 6.36, 20.29, 13.14, 17.57, 11.36, 42.29, 20.43, 7.93, 4.93, 13.29, 22.36, 37.71, 81.79, 8.07, 22.86, 20.86, 28.21, 11.43, 45.79, 22.64, 6.71, 5.79, 12.71, 16.71, 100.21, 97.5, 38.64, 80.29, 7.71, 19.86, 15.21, 19.0, 8.5, 40.86, 25.07, 7.5, 6.0, 14.0, 16.86, 38.07, 83.43, 7.57, 17.86, 13.79, 18.64, 10.57, 40.29, 21.71, 8.14, 6.0, 12.86, 20.43
77, 2013-04-05, Away, CHI, L, W, 8, U, 192, 1, 0, 94.64, 104.43, 37.64, 87.71, 6.36, 19.5, 13.0, 17.36, 10.93, 42.43, 20.29, 8.07, 5.21, 13.0, 21.36, 38.29, 82.93, 8.36, 22.93, 19.5, 26.93, 11.79, 47.21, 23.07, 6.43, 5.57, 12.79, 16.07, 93.93, 97.5, 36.71, 85.21, 6.36, 18.71, 14.14, 19.07, 13.36, 43.57, 23.07, 6.93, 3.79, 12.0, 18.71, 37.71, 79.71, 6.14, 16.71, 15.93, 21.79, 9.86, 41.86, 19.93, 6.79, 6.36, 12.07, 17.43
78, 2013-04-07, Away, CLE, L, P, 6, U, 204, 0, 0, 94.64, 102.43, 37.79, 87.57, 6.29, 19.14, 12.79, 17.21, 10.79, 42.93, 20.43, 7.93, 5.36, 12.5, 20.86, 37.57, 82.86, 8.14, 23.0, 19.14, 26.29, 11.5, 46.64, 22.07, 6.79, 5.36, 12.71, 15.57, 93.0, 102.93, 36.21, 84.0, 5.71, 17.79, 14.86, 20.57, 10.5, 40.57, 20.79, 7.86, 4.14, 13.43, 21.5, 38.71, 80.36, 7.79, 21.07, 17.71, 24.0, 9.86, 43.71, 25.79, 7.5, 5.64, 14.14, 18.64
79, 2013-04-10, Home, MIL, W, W, 4.5, O, 202, 1, 0, 93.64, 102.43, 37.29, 88.07, 5.5, 18.14, 13.57, 18.29, 11.79, 43.79, 19.93, 8.29, 5.21, 12.36, 21.07, 37.0, 83.07, 8.29, 23.36, 20.14, 27.29, 12.14, 47.64, 21.93, 6.64, 5.5, 12.86, 15.93, 98.36, 101.0, 38.21, 90.07, 8.57, 23.29, 13.36, 17.71, 14.86, 44.57, 22.29, 7.93, 5.0, 12.79, 17.07, 38.93, 82.07, 7.14, 20.21, 16.0, 20.21, 10.36, 43.5, 23.21, 7.86, 4.93, 14.93, 16.86
80, 2013-04-13, Home, BOS, L, L, 4.5, O, 194, 1, 0, 94.79, 102.21, 38.29, 89.21, 5.36, 16.93, 12.86, 17.64, 12.14, 45.07, 20.57, 8.36, 5.14, 12.5, 19.93, 37.36, 85.07, 8.21, 23.57, 19.29, 25.79, 12.71, 48.71, 22.36, 6.57, 5.93, 13.0, 15.93, 97.43, 101.36, 37.07, 77.21, 6.64, 18.71, 16.64, 21.36, 7.0, 36.36, 21.07, 7.43, 5.21, 14.21, 20.93, 37.71, 83.29, 7.21, 20.07, 18.71, 24.07, 11.71, 42.64, 22.93, 8.21, 4.36, 13.07, 18.71
81, 2013-04-15, Home, CHI, L, L, 5.5, U, 191, 1, 0, 93.64, 102.43, 37.93, 88.57, 5.21, 16.0, 12.57, 17.21, 12.5, 45.57, 21.36, 7.86, 5.43, 13.21, 19.43, 37.79, 85.43, 8.64, 23.79, 18.21, 24.07, 12.64, 47.71, 22.79, 6.86, 5.93, 12.71, 15.86, 94.36, 96.43, 35.79, 82.71, 7.5, 19.57, 15.29, 21.57, 11.43, 42.57, 22.29, 6.79, 3.79, 11.5, 19.86, 36.36, 77.64, 6.43, 16.29, 17.29, 23.29, 7.93, 40.57, 20.5, 6.21, 5.64, 12.07, 19.43
82, 2013-04-17, Away, MIA, L, L, 7.5, O, 193, 0, 0, 91.86, 101.5, 36.79, 87.21, 5.0, 15.21, 13.29, 18.5, 12.79, 45.21, 21.0, 7.71, 5.57, 13.36, 18.93, 37.93, 84.36, 8.43, 23.07, 17.21, 23.14, 12.29, 46.93, 23.36, 6.86, 6.0, 12.71, 16.71, 100.36, 91.0, 36.07, 72.93, 11.43, 26.43, 16.79, 22.79, 7.5, 39.93, 23.86, 8.0, 6.36, 14.93, 17.0, 34.71, 81.79, 7.57, 22.0, 14.0, 19.0, 11.86, 40.0, 18.43, 9.07, 3.14, 14.14, 19.21
