16, 2012-12-02, Away, LAL, W, W, 13, O, 197.5, 0, 0, 91.13, 96.4, 36.53, 83.33, 5.2, 15.2, 12.87, 16.87, 10.93, 43.13, 21.47, 5.73, 4.4, 14.87, 20.07, 37.73, 84.93, 6.67, 19.93, 14.27, 20.47, 12.0, 43.2, 21.0, 7.8, 5.33, 13.0, 16.8, 101.2, 95.73, 35.6, 77.8, 8.87, 23.33, 21.13, 30.8, 12.8, 45.93, 20.93, 8.0, 5.53, 16.87, 19.67, 36.87, 84.8, 6.87, 19.8, 15.13, 21.07, 11.33, 39.6, 21.67, 9.0, 4.4, 13.93, 24.47
17, 2012-12-03, Away, GSW, W, W, 9.5, P, 196, 0, 1, 91.87, 97.33, 36.6, 83.33, 5.4, 15.73, 13.27, 17.0, 10.53, 43.0, 22.13, 5.53, 4.53, 14.93, 20.33, 38.0, 85.07, 6.6, 19.33, 14.73, 21.27, 11.8, 43.27, 20.87, 7.8, 5.13, 12.8, 16.73, 99.6, 99.67, 37.6, 82.4, 6.6, 19.27, 17.8, 23.4, 11.47, 45.2, 21.87, 6.6, 3.33, 15.87, 23.6, 36.47, 83.6, 7.67, 22.07, 19.07, 26.0, 10.87, 40.87, 22.67, 8.27, 6.0, 13.27, 20.73
18, 2012-12-05, Away, UTA, L, W, 8, U, 196.5, 0, 0, 91.0, 97.33, 36.27, 83.33, 5.33, 16.53, 13.13, 16.8, 10.4, 42.8, 22.33, 5.6, 4.73, 14.8, 20.47, 37.87, 84.4, 6.73, 19.2, 14.87, 21.27, 11.27, 43.13, 21.13, 7.93, 4.8, 12.6, 16.93, 100.0, 100.0, 36.87, 82.73, 7.0, 18.87, 19.27, 25.07, 13.8, 43.53, 23.2, 7.53, 7.0, 14.93, 22.47, 37.53, 82.53, 6.2, 17.67, 18.73, 25.6, 12.53, 41.6, 20.4, 8.33, 5.67, 14.27, 20.73
19, 2012-12-07, Away, SAC, L, L, 3, U, 194, 0, 0, 90.2, 96.53, 36.13, 82.73, 4.87, 16.27, 13.07, 16.8, 10.53, 43.0, 21.8, 5.73, 4.87, 15.33, 20.33, 37.33, 83.93, 6.67, 19.47, 15.2, 21.47, 11.2, 42.8, 20.47, 8.33, 4.6, 12.8, 17.2, 95.8, 101.53, 36.93, 82.67, 6.27, 17.67, 15.67, 21.33, 11.27, 40.0, 18.8, 8.07, 4.4, 13.87, 21.67, 36.27, 79.53, 7.8, 21.87, 21.2, 26.6, 11.4, 42.8, 23.07, 7.67, 6.47, 14.53, 18.73
20, 2012-12-09, Away, PHO, W, W, 4, U, 198.5, 1, 0, 90.67, 96.6, 36.27, 82.73, 4.93, 16.47, 13.2, 16.87, 10.13, 42.93, 21.8, 5.73, 4.6, 15.13, 20.47, 37.2, 84.13, 6.47, 19.53, 15.73, 21.87, 11.0, 43.13, 20.33, 8.33, 4.4, 12.73, 17.27, 97.87, 102.67, 38.27, 84.67, 6.53, 18.0, 14.8, 19.4, 10.53, 38.87, 21.8, 8.47, 4.93, 13.8, 21.8, 39.13, 81.67, 7.13, 18.27, 17.27, 23.73, 11.4, 42.53, 22.33, 7.4, 5.47, 14.67, 19.53
21, 2012-12-12, Home, ATL, L, L, 5, U, 189.5, 0, 0, 92.67, 95.47, 36.93, 83.2, 5.0, 16.73, 13.8, 17.53, 10.27, 43.53, 22.6, 6.0, 4.2, 15.13, 20.0, 36.87, 83.87, 6.2, 19.33, 15.53, 21.4, 10.33, 41.87, 20.4, 8.0, 4.2, 12.8, 17.67, 96.6, 93.47, 36.8, 81.33, 8.67, 22.67, 14.33, 20.2, 10.33, 39.73, 22.93, 8.93, 5.13, 14.67, 17.8, 35.07, 79.27, 7.13, 19.07, 16.2, 20.53, 10.27, 41.73, 20.13, 9.47, 4.27, 16.33, 21.0
22, 2012-12-14, Home, GSW, W, W, 4, U, 193.5, 0, 0, 93.07, 95.73, 37.0, 83.0, 5.4, 17.33, 13.67, 17.07, 10.2, 43.33, 22.27, 6.2, 4.13, 15.4, 19.47, 37.27, 84.0, 6.13, 19.2, 15.07, 20.8, 10.07, 41.07, 20.13, 8.4, 4.07, 12.73, 17.27, 101.27, 98.13, 38.27, 81.4, 7.27, 19.33, 17.47, 21.8, 11.67, 45.33, 22.8, 6.67, 3.53, 15.2, 21.67, 36.53, 83.0, 8.07, 22.93, 17.0, 23.0, 10.2, 38.67, 23.2, 7.8, 6.0, 12.53, 18.87
23, 2012-12-15, Away, CHA, W, W, 1.5, O, 192.5, 0, 1, 93.73, 94.8, 37.27, 83.73, 5.67, 17.8, 13.53, 16.67, 10.47, 44.07, 22.13, 6.27, 4.53, 15.07, 19.87, 36.8, 84.53, 6.0, 18.93, 15.2, 20.8, 10.73, 42.27, 20.4, 8.0, 4.13, 12.93, 17.33, 95.27, 105.53, 34.27, 82.13, 7.0, 19.33, 19.73, 25.8, 10.27, 40.4, 20.2, 7.2, 5.93, 13.4, 19.47, 39.73, 86.0, 9.6, 24.93, 16.47, 21.53, 12.33, 44.87, 26.13, 7.07, 8.07, 13.13, 20.73
24, 2012-12-17, Home, MIN, W, W, 3.5, O, 193, 0, 0, 93.53, 94.27, 37.2, 83.07, 5.53, 17.8, 13.6, 16.8, 10.27, 44.0, 22.0, 5.87, 4.87, 15.07, 20.4, 36.27, 84.27, 6.13, 19.2, 15.6, 21.4, 10.87, 42.33, 20.2, 7.73, 4.33, 12.73, 17.2, 97.4, 95.33, 35.4, 82.0, 6.13, 20.33, 20.47, 28.47, 14.13, 46.6, 21.53, 8.93, 5.73, 15.0, 19.0, 37.13, 82.33, 6.13, 18.87, 14.93, 20.73, 10.53, 41.0, 20.67, 7.93, 6.07, 14.4, 23.53
25, 2012-12-19, Home, WAS, W, L, -7.5, U, 184.5, 1, 0, 94.6, 94.0, 38.0, 83.2, 5.67, 17.87, 12.93, 15.93, 10.13, 44.13, 22.87, 6.33, 5.0, 15.2, 20.4, 36.33, 85.33, 6.13, 19.67, 15.2, 20.67, 11.2, 42.53, 20.4, 7.67, 4.07, 13.2, 16.8, 90.93, 98.33, 33.93, 83.93, 6.13, 19.13, 16.93, 22.33, 12.2, 44.0, 19.07, 8.13, 4.2, 14.4, 20.8, 36.33, 81.6, 8.4, 24.0, 17.27, 24.2, 11.4, 45.87, 21.73, 7.8, 5.13, 14.6, 20.67
26, 2012-12-21, Away, TOR, L, W, 3.5, U, 187.5, 0, 0, 95.8, 94.13, 38.2, 83.13, 6.07, 18.53, 13.33, 16.13, 10.07, 43.67, 22.93, 6.67, 4.87, 14.8, 19.93, 36.33, 84.53, 6.4, 19.13, 15.07, 20.33, 10.8, 41.87, 20.53, 7.2, 4.13, 13.33, 17.0, 96.13, 101.2, 35.47, 81.67, 7.6, 23.67, 17.6, 22.07, 10.2, 40.2, 21.07, 6.6, 5.8, 12.67, 23.47, 36.87, 80.8, 6.47, 18.33, 21.0, 28.73, 11.8, 44.27, 21.6, 7.0, 4.4, 13.0, 19.33
27, 2012-12-23, Home, UTA, L, L, -1, O, 187.5, 1, 0, 95.8, 95.4, 38.13, 82.27, 6.0, 18.13, 13.53, 16.2, 10.0, 43.13, 22.8, 6.73, 4.67, 15.07, 19.4, 36.67, 84.27, 6.73, 19.27, 15.33, 20.27, 10.4, 40.8, 20.87, 7.73, 4.27, 13.0, 17.27, 98.73, 100.87, 36.87, 80.87, 6.8, 18.0, 18.2, 23.73, 12.73, 40.8, 22.67, 8.67, 5.73, 14.6, 22.13, 38.0, 79.73, 6.87, 18.0, 18.0, 24.0, 12.47, 40.87, 19.73, 7.8, 6.13, 15.0, 20.2
28, 2012-12-26, Home, NOH, L, L, -3, O, 182, 0, 0, 94.8, 94.93, 38.0, 82.0, 5.87, 18.07, 12.93, 15.87, 10.0, 43.73, 23.07, 6.67, 4.67, 15.13, 18.87, 36.6, 84.0, 6.67, 18.73, 15.07, 19.93, 10.13, 40.67, 21.0, 7.6, 4.4, 12.87, 16.8, 88.8, 95.53, 34.6, 78.93, 7.07, 19.33, 12.53, 16.07, 11.27, 39.6, 19.8, 6.6, 4.87, 13.93, 20.87, 35.67, 76.27, 7.53, 19.47, 16.67, 22.33, 10.13, 40.67, 23.33, 8.47, 6.67, 13.2, 17.87
29, 2012-12-28, Away, WAS, L, L, -1.5, O, 182.5, 0, 0, 93.73, 93.67, 37.67, 81.27, 5.87, 18.33, 12.53, 15.47, 10.07, 43.47, 23.4, 6.4, 4.47, 14.8, 18.73, 36.0, 82.07, 6.33, 18.33, 15.33, 20.0, 9.53, 39.67, 20.53, 7.33, 4.73, 12.4, 16.47, 87.67, 97.33, 33.4, 81.33, 5.93, 18.33, 14.93, 19.73, 10.33, 43.13, 19.4, 6.87, 4.13, 14.0, 19.33, 36.33, 82.53, 9.07, 24.6, 15.6, 22.07, 11.93, 47.13, 21.47, 7.47, 4.87, 13.6, 18.87
30, 2012-12-29, Home, TOR, L, L, -3.5, O, 187.5, 1, 1, 94.27, 93.33, 37.53, 80.67, 6.4, 19.2, 12.8, 15.67, 9.47, 43.13, 24.0, 6.2, 4.4, 14.6, 18.67, 35.87, 82.33, 6.0, 18.0, 15.6, 20.13, 9.73, 40.2, 20.47, 6.93, 4.67, 12.0, 16.87, 94.8, 99.07, 34.73, 79.67, 7.6, 23.4, 17.73, 22.33, 9.47, 38.27, 21.2, 7.6, 5.53, 12.13, 23.33, 35.67, 78.07, 5.93, 17.0, 21.8, 29.13, 11.47, 44.07, 21.47, 6.87, 4.73, 13.8, 19.27
31, 2012-12-31, Home, MIA, L, W, 10, O, 194, 0, 0, 94.4, 95.0, 37.6, 80.87, 6.67, 19.67, 12.53, 15.87, 9.6, 43.07, 23.87, 6.27, 4.8, 14.47, 18.27, 36.4, 82.27, 6.27, 18.47, 15.93, 20.67, 9.6, 40.4, 21.2, 6.87, 4.4, 12.07, 16.93, 100.93, 95.67, 38.33, 77.73, 8.27, 21.87, 16.0, 20.73, 7.73, 38.53, 21.67, 8.6, 4.6, 13.8, 18.87, 35.4, 80.53, 7.87, 22.4, 17.0, 21.8, 10.53, 40.73, 20.33, 7.93, 3.0, 14.47, 19.13
32, 2013-01-02, Home, CHI, L, W, 3, O, 184, 0, 0, 94.2, 95.6, 37.53, 81.0, 6.67, 19.67, 12.47, 16.0, 10.47, 43.47, 23.2, 6.27, 4.4, 14.73, 18.0, 36.67, 82.2, 6.27, 18.73, 16.0, 20.4, 9.4, 39.53, 21.47, 7.13, 4.47, 11.8, 17.0, 90.27, 90.8, 34.47, 79.87, 5.13, 13.73, 16.2, 20.33, 11.13, 42.93, 22.27, 7.27, 4.93, 13.53, 19.8, 34.47, 80.87, 5.33, 15.0, 16.53, 22.53, 12.53, 42.87, 17.33, 7.93, 4.73, 13.27, 18.53
33, 2013-01-05, Home, NYK, L, L, 6, O, 195.5, 0, 0, 93.67, 95.73, 37.33, 80.07, 6.73, 19.73, 12.27, 15.87, 10.27, 43.0, 22.33, 6.0, 4.4, 15.0, 18.2, 36.6, 81.93, 6.13, 18.4, 16.4, 20.87, 9.4, 39.0, 21.73, 7.27, 4.47, 11.33, 16.73, 101.47, 98.93, 37.4, 84.33, 10.8, 29.27, 15.87, 22.07, 10.93, 40.33, 20.07, 8.33, 3.87, 10.93, 19.07, 36.4, 79.13, 8.4, 23.87, 17.73, 22.4, 9.0, 42.0, 19.2, 6.6, 3.67, 14.0, 19.2
34, 2013-01-07, Away, POR, L, W, 6.5, O, 192, 0, 0, 95.33, 97.53, 37.8, 80.6, 7.33, 20.47, 12.4, 15.93, 10.2, 42.93, 22.87, 5.93, 4.2, 14.6, 18.13, 37.27, 82.67, 6.87, 19.93, 16.13, 20.53, 9.47, 39.13, 22.2, 6.87, 4.27, 11.07, 16.93, 93.8, 94.2, 35.67, 81.67, 7.87, 24.53, 14.6, 18.07, 11.6, 42.87, 21.53, 6.67, 4.87, 13.8, 17.8, 36.53, 83.33, 6.47, 20.73, 14.67, 18.67, 12.33, 43.07, 22.6, 7.93, 4.13, 12.33, 16.47
35, 2013-01-09, Away, DEN, L, W, 11.5, O, 204.5, 0, 0, 97.8, 99.8, 38.87, 81.47, 7.8, 21.47, 12.27, 15.73, 10.2, 42.67, 24.07, 5.8, 4.27, 14.2, 18.13, 38.33, 83.67, 7.13, 20.13, 16.0, 20.27, 9.53, 38.67, 23.13, 6.53, 4.13, 10.47, 16.6, 103.8, 97.0, 40.07, 85.0, 6.27, 18.73, 17.4, 25.67, 13.13, 46.87, 25.27, 8.53, 7.2, 13.6, 21.73, 35.6, 86.73, 7.53, 24.0, 18.27, 25.6, 14.4, 45.0, 22.47, 8.27, 7.13, 13.6, 21.2
36, 2013-01-12, Away, LAC, W, W, 12.5, O, 198.5, 0, 0, 98.27, 101.0, 39.13, 82.53, 8.0, 22.07, 12.0, 15.2, 10.33, 42.6, 23.53, 5.67, 5.0, 13.73, 18.93, 38.67, 84.73, 7.07, 19.6, 16.6, 21.47, 10.4, 39.93, 23.27, 6.67, 4.33, 10.33, 15.8, 101.73, 91.47, 38.4, 81.27, 7.87, 22.67, 17.07, 25.33, 12.0, 43.8, 25.4, 10.4, 6.47, 13.33, 20.53, 33.53, 78.07, 6.07, 18.73, 18.33, 24.4, 10.4, 39.6, 20.67, 7.2, 5.2, 15.67, 22.07
37, 2013-01-14, Away, WAS, L, L, 1.5, O, 191.5, 0, 0, 99.87, 102.0, 39.67, 82.53, 8.27, 22.27, 12.27, 15.73, 10.33, 42.73, 24.27, 5.47, 4.87, 13.6, 18.8, 39.2, 85.27, 7.27, 19.6, 16.33, 20.8, 10.47, 39.4, 24.33, 6.47, 4.33, 10.0, 16.07, 88.0, 96.6, 34.07, 82.53, 5.93, 17.6, 13.93, 19.0, 11.07, 45.27, 21.0, 6.53, 4.4, 15.0, 20.8, 35.73, 82.73, 8.13, 23.07, 17.0, 23.2, 11.47, 47.0, 21.6, 7.73, 5.2, 13.0, 18.27
38, 2013-01-16, Home, IND, W, W, 2, U, 186.5, 1, 0, 99.33, 104.33, 39.4, 82.6, 8.0, 22.07, 12.53, 16.0, 10.2, 41.73, 24.07, 5.4, 4.33, 13.53, 18.87, 40.0, 84.6, 7.27, 19.0, 17.07, 21.73, 10.0, 38.93, 25.2, 6.67, 4.6, 9.93, 16.47, 91.6, 86.53, 34.27, 81.8, 6.4, 18.87, 16.67, 22.4, 14.2, 46.8, 19.53, 7.47, 6.0, 14.2, 19.93, 33.73, 81.33, 4.53, 14.0, 14.53, 19.47, 11.67, 40.8, 18.67, 6.67, 6.67, 13.93, 22.2
39, 2013-01-18, Home, CHA, L, L, -6.5, O, 197, 0, 0, 98.67, 103.53, 39.2, 83.07, 8.47, 22.33, 11.8, 15.07, 10.0, 41.53, 24.33, 6.0, 3.93, 13.4, 18.53, 40.07, 85.07, 7.13, 19.33, 16.27, 20.6, 10.27, 39.8, 25.2, 6.8, 4.6, 10.2, 16.53, 93.07, 103.0, 34.6, 81.6, 4.87, 13.33, 19.0, 26.53, 12.67, 41.8, 18.67, 7.0, 5.87, 13.0, 19.27, 39.13, 84.33, 9.8, 23.87, 14.93, 20.07, 13.27, 44.8, 25.53, 7.67, 8.27, 13.47, 22.93
40, 2013-01-20, Home, DAL, L, L, 3.5, O, 201.5, 0, 0, 98.53, 104.4, 38.73, 82.87, 8.8, 23.47, 12.27, 15.93, 10.27, 41.13, 23.6, 5.6, 3.93, 13.2, 18.93, 39.93, 83.93, 6.93, 18.47, 17.6, 22.33, 10.0, 39.8, 24.6, 6.67, 4.73, 9.73, 17.13, 99.8, 104.67, 37.87, 85.6, 6.73, 19.93, 17.33, 21.73, 9.8, 43.53, 22.33, 7.47, 4.67, 12.73, 21.0, 37.8, 85.4, 8.93, 22.2, 20.13, 25.87, 12.2, 47.27, 21.87, 8.4, 5.27, 14.0, 19.13
41, 2013-01-22, Away, DET, L, L, 4.5, P, 195, 0, 0, 99.53, 106.27, 39.13, 82.73, 8.87, 23.53, 12.4, 16.13, 9.93, 40.73, 24.13, 5.2, 3.93, 13.2, 19.07, 40.67, 84.8, 6.87, 18.33, 18.07, 22.8, 10.33, 40.13, 25.2, 6.93, 4.87, 9.27, 16.6, 95.53, 93.53, 37.2, 82.2, 7.4, 19.13, 13.73, 20.87, 13.87, 46.33, 20.33, 6.2, 6.27, 15.13, 19.27, 35.2, 80.4, 6.73, 22.2, 16.4, 21.8, 10.67, 40.47, 20.8, 8.47, 5.27, 12.8, 20.4
42, 2013-01-24, Home, TOR, L, L, -4, U, 198.5, 1, 0, 99.53, 107.07, 39.33, 83.67, 9.13, 23.93, 11.73, 15.4, 9.8, 40.47, 24.47, 5.2, 3.93, 12.87, 19.4, 41.27, 85.47, 6.8, 18.6, 17.73, 22.8, 10.93, 41.6, 25.4, 6.6, 4.93, 9.2, 16.13, 100.73, 98.27, 38.4, 82.4, 8.13, 21.53, 15.8, 21.0, 10.93, 39.07, 25.33, 8.0, 3.27, 12.27, 21.6, 37.13, 78.73, 5.47, 17.4, 18.53, 24.33, 11.0, 40.93, 22.4, 6.2, 4.47, 13.6, 19.2
43, 2013-01-27, Home, DET, L, L, -2, O, 194.5, 0, 0, 99.67, 107.07, 39.13, 84.0, 9.07, 23.8, 12.33, 15.73, 9.67, 40.2, 24.27, 5.33, 4.0, 12.47, 18.73, 41.47, 85.13, 6.6, 18.47, 17.53, 22.4, 10.53, 41.73, 25.67, 6.4, 5.2, 9.13, 16.33, 97.6, 94.33, 38.13, 82.67, 7.53, 19.33, 13.8, 20.47, 13.87, 46.8, 20.73, 6.87, 6.13, 15.33, 19.33, 35.67, 81.07, 6.33, 20.6, 16.67, 21.93, 10.87, 40.67, 20.93, 8.4, 4.67, 13.4, 20.07
44, 2013-01-28, Away, BRK, L, L, 9.5, U, 195.5, 0, 1, 100.2, 107.53, 39.4, 84.73, 9.0, 23.33, 12.4, 15.93, 10.13, 41.07, 24.33, 5.6, 3.8, 12.6, 19.0, 41.6, 85.33, 7.2, 19.2, 17.13, 22.27, 10.47, 41.8, 26.07, 6.6, 5.2, 9.4, 16.13, 98.87, 96.6, 35.53, 79.27, 7.47, 21.2, 20.33, 26.13, 12.67, 42.8, 19.53, 7.8, 4.6, 13.53, 18.0, 38.8, 82.27, 7.13, 18.2, 11.87, 17.07, 10.47, 39.2, 23.07, 6.93, 4.53, 13.33, 20.87
45, 2013-01-30, Away, NYK, L, L, 8.5, O, 196, 0, 0, 98.87, 107.0, 38.93, 84.27, 8.73, 23.27, 12.27, 15.8, 10.27, 40.73, 24.27, 5.87, 4.0, 12.73, 18.93, 41.27, 84.4, 7.67, 19.8, 16.8, 21.93, 10.53, 41.67, 25.93, 6.73, 4.87, 10.07, 16.07, 96.47, 95.8, 35.73, 82.8, 9.87, 27.53, 15.13, 20.47, 12.0, 42.27, 19.4, 7.47, 4.13, 11.67, 20.07, 36.0, 77.4, 7.67, 22.6, 16.13, 21.67, 9.07, 40.6, 20.8, 6.67, 3.87, 13.6, 19.67
46, 2013-02-01, Away, BOS, L, L, 8.5, U, 190.5, 0, 0, 99.47, 106.33, 39.07, 84.0, 8.87, 23.8, 12.47, 15.4, 10.13, 40.47, 24.0, 5.73, 3.47, 12.93, 18.93, 41.33, 84.4, 7.6, 20.27, 16.07, 21.07, 10.6, 41.13, 25.73, 6.8, 5.0, 10.13, 16.07, 93.93, 92.2, 36.8, 81.4, 5.27, 17.33, 15.07, 20.0, 9.93, 41.73, 22.93, 9.0, 4.53, 14.13, 23.07, 33.53, 79.67, 6.8, 21.53, 18.33, 25.6, 11.8, 43.47, 19.53, 7.47, 4.2, 15.73, 20.6
47, 2013-02-02, Away, MIL, L, W, 10.5, O, 200, 1, 1, 97.73, 105.33, 38.67, 84.47, 8.53, 23.53, 11.87, 14.53, 9.93, 40.27, 23.67, 6.07, 3.6, 12.8, 18.2, 41.47, 84.33, 7.47, 20.07, 14.93, 19.67, 10.67, 42.13, 26.13, 6.8, 5.13, 10.6, 15.8, 100.07, 100.87, 38.47, 88.13, 7.8, 19.93, 15.33, 21.4, 14.47, 45.07, 22.8, 7.6, 7.67, 14.27, 18.6, 38.87, 87.6, 6.87, 20.47, 16.27, 21.93, 13.87, 46.8, 23.6, 8.0, 4.4, 15.07, 20.0
48, 2013-02-04, Away, PHI, L, L, 9.5, U, 189, 0, 0, 98.0, 106.07, 38.93, 85.53, 8.27, 23.2, 11.87, 15.07, 10.73, 41.33, 24.73, 6.4, 3.67, 13.13, 17.87, 41.87, 85.2, 7.73, 20.87, 14.6, 19.33, 11.0, 42.6, 26.07, 6.73, 5.4, 11.27, 15.8, 93.53, 98.0, 38.73, 83.93, 5.87, 16.47, 10.2, 14.6, 8.87, 39.87, 23.53, 6.47, 4.73, 13.33, 18.2, 37.27, 81.67, 6.27, 19.53, 17.2, 22.53, 11.0, 44.87, 22.67, 8.2, 4.2, 14.47, 15.67
49, 2013-02-06, Home, LAC, L, L, 5, U, 184.5, 0, 0, 95.0, 103.67, 38.0, 85.2, 7.67, 22.27, 11.33, 14.4, 10.6, 41.4, 24.53, 6.4, 3.53, 13.07, 16.93, 41.47, 84.6, 7.13, 20.0, 13.6, 18.2, 10.87, 43.0, 26.2, 6.8, 5.8, 11.47, 15.2, 96.2, 95.13, 37.07, 80.67, 6.53, 18.4, 15.53, 22.47, 12.13, 42.07, 22.33, 8.0, 5.0, 14.67, 20.07, 34.87, 78.33, 8.6, 21.27, 16.8, 22.87, 10.67, 39.13, 23.07, 8.13, 3.53, 14.73, 20.6
50, 2013-02-08, Away, CLE, L, L, 7, O, 199.5, 0, 0, 92.13, 101.07, 36.93, 84.8, 7.33, 21.6, 10.93, 14.13, 11.13, 42.33, 23.27, 6.53, 3.6, 13.6, 16.67, 40.47, 83.8, 7.0, 19.6, 13.13, 18.07, 11.0, 43.27, 25.07, 7.47, 5.93, 11.8, 15.33, 101.73, 104.73, 38.47, 85.87, 6.33, 18.47, 18.47, 22.93, 12.2, 40.07, 21.8, 8.4, 4.33, 12.4, 20.93, 39.73, 82.4, 8.27, 20.2, 17.0, 23.73, 12.8, 44.87, 25.53, 7.27, 7.0, 15.6, 20.47
51, 2013-02-10, Home, POR, W, W, 3, O, 196.5, 0, 0, 92.33, 101.8, 37.0, 84.33, 7.33, 21.4, 11.0, 14.33, 11.0, 42.07, 23.73, 6.4, 3.33, 14.13, 16.6, 40.33, 82.87, 7.2, 19.73, 13.93, 18.4, 10.27, 42.2, 25.0, 7.73, 5.73, 11.53, 15.87, 96.8, 99.47, 36.07, 80.53, 8.07, 24.2, 16.6, 21.33, 10.87, 43.4, 22.07, 5.73, 4.73, 15.47, 18.47, 39.07, 83.93, 6.87, 18.73, 14.47, 19.0, 9.73, 40.4, 24.27, 8.4, 3.47, 11.73, 19.87
52, 2013-02-13, Home, ATL, L, L, 2.5, U, 200, 0, 0, 92.73, 102.0, 37.53, 85.13, 6.93, 20.73, 10.73, 14.27, 11.47, 42.67, 24.13, 6.33, 3.47, 13.93, 16.87, 40.27, 82.53, 7.27, 20.07, 14.2, 18.8, 10.0, 42.4, 24.93, 7.47, 5.53, 11.87, 15.73, 96.47, 99.0, 36.67, 78.67, 8.93, 22.73, 14.2, 20.47, 8.6, 40.4, 25.4, 6.73, 4.47, 16.0, 20.2, 36.87, 82.13, 7.6, 19.47, 17.67, 23.2, 10.93, 42.67, 22.0, 8.07, 4.87, 13.8, 19.87
53, 2013-02-19, Home, CHA, L, L, -5, U, 199, 0, 0, 91.73, 101.2, 37.33, 84.8, 6.8, 20.47, 10.27, 13.87, 11.2, 42.87, 23.8, 6.33, 3.4, 14.0, 17.2, 39.93, 83.2, 7.47, 21.6, 13.87, 18.67, 10.53, 43.2, 24.93, 7.33, 5.33, 11.73, 15.13, 90.0, 100.6, 32.33, 78.73, 5.33, 15.4, 20.0, 26.13, 9.87, 39.6, 17.87, 6.87, 6.13, 12.93, 19.87, 38.33, 82.13, 7.4, 20.67, 16.53, 22.13, 11.6, 45.13, 24.87, 6.33, 5.93, 12.8, 21.73
54, 2013-02-20, Away, DAL, L, L, 11.5, O, 206.5, 0, 1, 91.4, 102.47, 37.13, 85.0, 6.27, 20.73, 10.87, 14.67, 11.53, 43.27, 23.6, 6.13, 3.4, 14.13, 17.2, 40.0, 82.93, 7.93, 22.07, 14.53, 19.67, 10.4, 43.27, 24.93, 7.33, 5.2, 11.8, 15.2, 107.33, 101.53, 40.33, 85.8, 7.87, 19.2, 18.8, 23.2, 9.93, 44.27, 25.4, 8.27, 5.2, 12.0, 20.27, 36.87, 84.6, 7.2, 20.8, 20.6, 26.33, 11.53, 46.0, 21.0, 7.07, 3.67, 13.8, 19.4
55, 2013-02-22, Away, MEM, L, W, 14, U, 186.5, 0, 0, 91.13, 102.8, 37.27, 85.4, 5.87, 19.73, 10.73, 14.73, 11.53, 43.73, 23.87, 6.27, 3.47, 13.93, 16.2, 40.33, 83.53, 8.4, 23.2, 13.73, 18.33, 10.13, 43.33, 26.0, 7.4, 5.47, 11.73, 14.87, 94.67, 90.73, 38.0, 83.27, 4.47, 12.47, 14.2, 18.8, 14.0, 42.8, 22.13, 8.33, 4.67, 13.87, 20.0, 35.07, 76.13, 5.93, 16.6, 14.67, 19.93, 8.93, 37.27, 21.0, 7.0, 5.2, 15.47, 19.13
56, 2013-02-23, Home, CLE, L, L, 5, O, 200, 0, 1, 89.6, 101.27, 36.93, 85.73, 5.6, 19.33, 10.13, 14.0, 11.93, 43.73, 23.4, 6.33, 3.8, 13.87, 17.0, 39.6, 82.6, 8.07, 23.27, 14.0, 19.27, 10.4, 43.93, 25.67, 7.33, 5.4, 12.13, 15.0, 104.07, 104.13, 39.27, 85.0, 5.87, 16.6, 19.67, 24.8, 11.4, 39.33, 22.8, 7.87, 4.67, 11.67, 19.13, 40.07, 82.73, 7.47, 18.53, 16.53, 22.47, 12.2, 42.93, 24.67, 6.67, 7.33, 15.0, 21.27
57, 2013-02-26, Away, PHI, W, W, 8.5, U, 185.5, 0, 0, 89.87, 102.13, 36.93, 85.4, 5.33, 18.93, 10.67, 14.93, 12.27, 43.4, 23.07, 6.4, 4.13, 14.0, 17.0, 39.67, 82.33, 8.2, 23.13, 14.6, 19.73, 10.53, 43.47, 26.0, 7.33, 5.33, 12.27, 15.47, 90.6, 92.07, 37.47, 84.27, 4.93, 15.53, 10.73, 14.8, 10.67, 41.87, 23.2, 6.33, 4.33, 12.53, 18.73, 34.33, 79.33, 5.53, 18.67, 17.87, 23.73, 10.87, 43.53, 22.4, 7.67, 4.47, 13.0, 14.93
58, 2013-02-27, Home, SAC, L, L, -1.5, O, 205.5, 1, 1, 90.07, 101.27, 37.33, 85.07, 5.13, 18.6, 10.27, 14.67, 12.0, 43.67, 23.8, 6.27, 4.07, 14.0, 17.4, 39.2, 82.53, 8.4, 23.47, 14.47, 19.67, 10.6, 43.4, 26.07, 7.53, 4.93, 12.33, 15.13, 99.27, 110.53, 36.47, 84.2, 7.67, 19.47, 18.67, 24.93, 11.47, 39.47, 20.27, 9.53, 3.13, 15.13, 20.33, 42.27, 82.93, 8.47, 22.73, 17.53, 21.6, 10.0, 44.73, 27.07, 8.2, 6.33, 15.6, 21.07
59, 2013-03-01, Home, HOU, L, W, 9, O, 213, 0, 0, 90.0, 102.67, 37.13, 84.6, 4.87, 18.33, 10.87, 15.27, 11.33, 42.8, 23.73, 6.07, 4.07, 14.2, 18.0, 39.6, 82.87, 8.33, 23.4, 15.13, 20.4, 10.6, 43.6, 26.47, 7.8, 4.67, 12.4, 15.67, 112.67, 104.47, 41.67, 84.27, 12.0, 29.6, 17.33, 22.87, 11.4, 43.53, 26.07, 8.0, 4.13, 14.67, 21.73, 38.4, 83.4, 8.67, 23.67, 19.0, 23.93, 10.6, 39.67, 23.07, 7.2, 6.47, 14.4, 20.6
60, 2013-03-03, Home, MEM, L, L, 9, O, 184, 0, 0, 92.2, 104.07, 37.93, 84.53, 5.07, 18.0, 11.27, 15.73, 11.0, 42.47, 24.13, 6.0, 3.8, 14.13, 18.6, 39.93, 83.07, 8.47, 23.6, 15.73, 21.47, 10.4, 42.87, 26.8, 7.8, 4.53, 11.87, 15.87, 92.8, 90.87, 35.67, 79.87, 4.6, 13.33, 16.87, 22.07, 12.67, 42.2, 22.53, 8.2, 4.73, 13.93, 19.87, 35.47, 76.93, 6.33, 16.73, 13.6, 18.53, 8.87, 37.33, 21.53, 7.27, 4.6, 14.8, 20.4
61, 2013-03-04, Away, NOH, W, W, 8.5, O, 194.5, 0, 1, 91.2, 103.73, 37.33, 84.27, 4.73, 17.27, 11.8, 16.4, 11.27, 42.87, 24.47, 6.13, 4.07, 14.4, 18.67, 39.73, 83.13, 8.27, 22.93, 16.0, 21.93, 10.67, 43.27, 26.87, 8.07, 4.6, 12.13, 15.93, 96.53, 98.8, 37.27, 80.33, 5.87, 16.33, 16.13, 21.27, 10.87, 39.8, 21.53, 6.2, 6.6, 13.07, 20.4, 37.07, 78.13, 6.8, 17.53, 17.87, 22.93, 10.87, 39.73, 24.87, 7.6, 6.2, 13.13, 18.13
62, 2013-03-06, Away, MIA, L, W, 15.5, U, 204, 0, 0, 92.6, 104.07, 37.8, 83.73, 5.0, 17.4, 12.0, 16.87, 11.0, 42.4, 24.93, 6.0, 3.87, 14.0, 19.13, 39.4, 82.87, 8.53, 23.13, 16.73, 22.73, 10.73, 42.73, 26.27, 7.53, 4.93, 11.93, 16.47, 107.0, 94.87, 40.67, 78.87, 8.07, 19.8, 17.6, 22.67, 8.27, 37.87, 23.13, 9.87, 5.0, 12.07, 19.2, 35.0, 77.53, 7.0, 20.4, 17.87, 22.07, 9.4, 36.4, 20.33, 7.53, 3.53, 16.0, 20.73
63, 2013-03-08, Home, IND, L, L, 9, O, 189, 0, 0, 92.47, 103.4, 37.73, 83.4, 5.07, 18.0, 11.93, 16.2, 10.67, 41.93, 24.53, 6.07, 3.73, 14.0, 20.0, 38.73, 81.8, 8.33, 23.4, 17.6, 23.47, 10.27, 42.13, 25.87, 7.87, 4.8, 11.8, 16.53, 99.8, 88.33, 36.27, 78.93, 7.47, 20.13, 19.8, 26.67, 11.93, 45.73, 21.6, 7.93, 6.73, 14.4, 21.07, 32.8, 81.53, 4.93, 16.53, 17.8, 23.6, 11.33, 40.33, 17.47, 8.2, 5.8, 13.73, 24.4
64, 2013-03-10, Home, PHI, W, W, 1, U, 193.5, 0, 0, 94.13, 105.87, 38.07, 83.53, 5.33, 18.2, 12.67, 16.93, 10.8, 41.4, 24.27, 6.27, 3.93, 14.53, 21.13, 39.2, 82.07, 8.87, 23.33, 18.6, 24.67, 10.67, 42.07, 26.33, 7.67, 4.93, 11.87, 17.13, 88.87, 95.27, 35.6, 84.27, 5.93, 17.13, 11.73, 16.13, 11.6, 43.33, 22.87, 7.2, 3.73, 13.07, 18.8, 36.13, 80.07, 6.4, 18.73, 16.6, 22.07, 11.0, 44.6, 23.8, 7.33, 5.4, 13.13, 14.93
65, 2013-03-12, Home, LAL, L, L, 8.5, U, 208.5, 0, 0, 95.67, 106.2, 38.8, 83.27, 5.73, 18.67, 12.33, 16.47, 10.2, 40.8, 25.07, 6.13, 4.2, 14.4, 20.73, 39.67, 82.33, 8.8, 22.93, 18.07, 23.87, 10.33, 41.4, 26.93, 7.2, 4.93, 11.73, 16.93, 103.67, 104.2, 37.93, 80.4, 9.0, 24.07, 18.8, 27.4, 10.8, 43.4, 21.33, 6.73, 4.4, 14.73, 17.33, 41.67, 87.33, 7.2, 19.2, 13.67, 18.47, 10.73, 43.0, 25.13, 9.33, 5.47, 12.33, 23.6
66, 2013-03-15, Away, OKC, L, W, 17, O, 207, 0, 0, 94.93, 105.33, 38.27, 83.73, 5.87, 19.4, 12.53, 16.73, 10.47, 41.13, 24.27, 6.27, 4.0, 14.07, 21.33, 39.33, 81.87, 8.93, 23.67, 17.73, 24.27, 10.33, 42.0, 26.73, 7.07, 5.07, 12.0, 17.0, 106.4, 96.0, 37.93, 77.73, 7.33, 18.67, 23.2, 27.67, 9.93, 42.87, 20.93, 8.33, 8.07, 15.47, 19.8, 35.47, 84.67, 7.87, 22.33, 17.2, 21.87, 12.4, 39.93, 20.4, 8.73, 4.27, 15.27, 22.2
67, 2013-03-17, Away, MIL, L, W, 9, O, 208.5, 0, 0, 94.53, 106.2, 37.8, 83.67, 6.0, 20.2, 12.93, 16.93, 9.8, 40.0, 22.8, 6.73, 3.8, 14.07, 21.8, 39.33, 81.4, 8.53, 22.73, 19.0, 26.33, 10.53, 42.93, 26.07, 7.2, 5.13, 12.2, 17.2, 102.73, 105.13, 39.6, 87.2, 7.53, 20.47, 16.0, 21.53, 11.33, 43.93, 25.2, 8.13, 5.87, 12.93, 20.07, 40.6, 86.67, 7.4, 19.93, 16.53, 22.07, 11.6, 45.8, 24.2, 8.0, 3.67, 14.27, 19.2
68, 2013-03-19, Away, IND, L, L, 11, U, 195, 1, 0, 96.73, 106.67, 38.67, 84.4, 6.13, 20.67, 13.27, 17.33, 10.07, 40.2, 23.0, 6.93, 3.93, 13.87, 21.8, 39.27, 81.27, 8.67, 22.27, 19.47, 26.53, 10.27, 42.4, 25.6, 7.2, 5.13, 12.53, 17.27, 100.53, 89.53, 36.67, 80.87, 8.33, 21.4, 18.87, 24.87, 12.93, 46.93, 22.2, 7.93, 6.53, 14.93, 21.53, 32.8, 79.87, 6.13, 18.6, 17.8, 24.0, 10.73, 39.53, 18.67, 8.27, 6.13, 14.07, 23.53
69, 2013-03-20, Away, NYK, L, L, 11, O, 198, 0, 1, 95.47, 106.0, 38.07, 84.33, 6.07, 20.0, 13.27, 17.6, 9.87, 39.93, 22.07, 6.93, 4.27, 13.6, 21.93, 39.0, 81.67, 8.47, 22.2, 19.53, 26.33, 10.6, 43.6, 25.6, 7.07, 5.2, 12.47, 17.47, 93.27, 96.87, 32.67, 78.4, 9.4, 29.13, 18.53, 24.0, 10.53, 40.6, 18.53, 9.0, 3.93, 13.87, 22.27, 35.0, 77.33, 8.53, 21.4, 18.33, 25.13, 10.67, 43.6, 19.53, 7.73, 5.0, 15.07, 20.13
70, 2013-03-22, Home, OKC, L, W, 14, U, 207.5, 0, 0, 95.33, 105.67, 38.0, 83.93, 6.07, 20.07, 13.27, 17.33, 10.13, 39.87, 21.67, 7.07, 4.0, 13.93, 21.93, 38.87, 80.87, 8.73, 22.53, 19.2, 26.2, 10.8, 42.93, 24.8, 7.2, 4.8, 12.6, 17.4, 106.87, 95.93, 38.07, 79.13, 6.47, 18.93, 24.27, 29.33, 11.0, 45.53, 20.2, 7.87, 7.33, 14.8, 20.93, 35.2, 84.8, 7.13, 21.6, 18.4, 23.07, 12.0, 39.53, 18.53, 8.47, 3.73, 14.2, 22.07
71, 2013-03-25, Home, MIA, L, L, 12, O, 198, 1, 0, 95.8, 106.27, 38.2, 84.47, 6.07, 20.13, 13.33, 17.4, 10.13, 40.0, 21.73, 7.33, 3.8, 14.07, 21.93, 38.87, 81.13, 8.87, 22.87, 19.67, 26.47, 10.53, 42.73, 24.33, 7.2, 5.13, 12.53, 17.33, 104.33, 93.2, 38.6, 77.13, 8.13, 21.13, 19.0, 24.8, 7.73, 38.0, 24.53, 10.13, 5.73, 13.47, 16.67, 35.6, 82.13, 7.27, 22.6, 14.73, 19.13, 12.8, 41.13, 20.93, 8.87, 3.2, 16.33, 22.53
72, 2013-03-27, Away, CHA, L, L, 3, O, 201, 0, 0, 95.8, 105.6, 38.13, 84.93, 6.4, 20.8, 13.13, 17.13, 10.07, 40.47, 21.93, 7.6, 3.73, 13.87, 21.8, 38.47, 80.53, 9.27, 23.33, 19.4, 26.53, 10.07, 42.53, 24.53, 7.13, 5.27, 12.67, 16.93, 90.53, 104.27, 33.6, 81.13, 5.4, 18.2, 17.93, 24.0, 10.53, 36.6, 19.6, 8.2, 4.8, 12.27, 18.93, 38.8, 77.27, 9.0, 20.93, 17.67, 23.27, 10.87, 45.33, 25.27, 7.0, 7.4, 15.8, 21.13
73, 2013-03-29, Home, WAS, W, W, 4, U, 197.5, 0, 0, 96.47, 107.6, 38.33, 85.47, 6.53, 21.2, 13.27, 17.27, 10.13, 39.73, 21.93, 7.73, 3.93, 13.67, 22.0, 39.27, 80.8, 9.2, 23.27, 19.87, 27.2, 10.27, 42.93, 24.53, 7.07, 5.73, 12.6, 16.73, 96.33, 95.2, 35.6, 79.07, 7.2, 17.67, 17.93, 24.73, 11.0, 43.07, 21.93, 6.73, 4.33, 14.33, 21.93, 34.8, 79.73, 7.0, 19.8, 18.6, 24.07, 10.6, 42.33, 20.4, 7.53, 2.93, 13.8, 19.6
74, 2013-03-30, Away, ATL, L, W, 11, U, 202.5, 1, 1, 96.2, 105.4, 38.33, 85.67, 6.47, 20.93, 13.07, 17.07, 10.47, 39.93, 21.8, 7.8, 4.27, 13.07, 21.4, 38.2, 80.6, 8.8, 23.13, 20.2, 27.4, 11.0, 43.93, 23.47, 6.53, 5.67, 12.6, 16.47, 98.8, 100.2, 38.53, 81.53, 8.2, 22.13, 13.53, 18.47, 8.73, 40.4, 25.2, 7.87, 3.8, 14.67, 17.0, 39.47, 85.6, 7.4, 20.6, 13.87, 18.67, 12.07, 44.73, 23.2, 8.47, 3.93, 14.27, 17.6
75, 2013-04-01, Away, HOU, L, W, 11.5, O, 201, 0, 0, 94.73, 104.0, 37.67, 86.27, 6.13, 20.33, 13.27, 17.8, 11.2, 41.4, 20.6, 7.93, 4.47, 13.27, 21.67, 37.67, 80.67, 8.2, 22.4, 20.47, 27.6, 11.0, 44.6, 22.8, 6.6, 6.0, 12.87, 17.0, 104.0, 97.93, 36.2, 79.8, 10.73, 28.93, 20.87, 27.67, 11.53, 43.67, 22.0, 8.67, 3.8, 15.87, 19.67, 37.53, 82.33, 7.93, 21.27, 14.93, 19.4, 8.73, 38.87, 22.0, 8.67, 4.93, 14.87, 22.33
76, 2013-04-03, Away, SAS, L, L, 12.5, U, 198, 0, 0, 96.13, 104.2, 38.33, 87.6, 6.4, 20.33, 13.07, 17.47, 11.33, 42.13, 20.8, 7.93, 4.8, 12.93, 22.2, 37.67, 81.67, 8.07, 22.73, 20.8, 28.07, 11.4, 45.4, 22.53, 6.33, 6.07, 12.6, 17.0, 102.2, 97.8, 39.47, 80.53, 7.8, 19.87, 15.47, 19.27, 8.53, 41.0, 26.13, 7.8, 6.0, 14.33, 16.73, 38.13, 83.53, 7.53, 18.07, 14.0, 18.67, 10.2, 39.47, 21.6, 8.53, 5.73, 13.27, 20.27
77, 2013-04-05, Away, CHI, L, W, 8, U, 192, 1, 0, 94.73, 103.93, 37.8, 87.8, 6.33, 20.07, 12.8, 17.0, 11.2, 42.6, 20.67, 8.2, 5.07, 13.27, 21.93, 37.87, 82.33, 8.2, 23.27, 20.0, 27.2, 11.47, 46.27, 22.87, 6.73, 5.67, 12.87, 16.13, 93.8, 97.47, 36.6, 84.93, 6.47, 18.73, 14.13, 19.0, 13.0, 42.93, 23.2, 7.07, 3.87, 11.93, 19.27, 37.4, 79.13, 6.13, 16.47, 16.53, 22.53, 9.87, 41.87, 19.87, 7.0, 6.33, 12.2, 17.67
78, 2013-04-07, Away, CLE, L, P, 6, U, 204, 0, 0, 94.07, 103.27, 37.4, 87.2, 6.2, 18.87, 13.07, 17.33, 10.87, 42.6, 20.13, 7.93, 5.33, 13.0, 20.93, 37.93, 82.87, 8.33, 22.73, 19.07, 26.07, 11.6, 46.53, 22.8, 6.67, 5.6, 12.67, 15.8, 93.73, 102.8, 36.27, 84.4, 5.8, 17.67, 15.4, 21.13, 10.87, 41.13, 20.93, 7.73, 4.67, 13.27, 21.27, 38.67, 80.8, 7.87, 20.93, 17.6, 23.67, 9.73, 43.33, 25.8, 7.47, 6.0, 14.2, 18.93
79, 2013-04-10, Home, MIL, W, W, 4.5, O, 202, 1, 0, 94.0, 101.67, 37.53, 87.73, 5.93, 18.73, 13.0, 17.53, 11.33, 43.6, 20.47, 8.0, 5.47, 12.6, 20.6, 37.2, 83.27, 8.07, 22.6, 19.2, 26.13, 11.87, 47.0, 22.2, 6.8, 5.53, 12.8, 15.73, 98.0, 101.33, 38.27, 89.73, 8.4, 22.93, 13.07, 17.33, 14.6, 44.53, 22.33, 7.93, 4.93, 12.87, 17.4, 39.2, 82.33, 7.2, 19.93, 15.73, 20.47, 10.53, 43.8, 23.33, 7.87, 4.6, 14.8, 16.87
80, 2013-04-13, Home, BOS, L, L, 4.5, O, 194, 1, 0, 94.93, 102.47, 38.2, 89.47, 5.67, 17.93, 12.87, 17.6, 12.2, 45.0, 20.4, 8.13, 5.07, 12.6, 20.93, 37.13, 84.27, 8.27, 23.67, 19.93, 27.2, 12.33, 48.2, 22.2, 6.67, 5.87, 12.8, 15.93, 97.93, 100.47, 37.33, 77.33, 6.87, 18.47, 16.4, 21.27, 7.2, 36.73, 21.53, 7.33, 5.4, 14.13, 20.93, 37.47, 82.8, 7.2, 20.07, 18.33, 23.87, 11.33, 42.13, 22.93, 8.13, 4.53, 13.0, 18.6
81, 2013-04-15, Home, CHI, L, L, 5.5, U, 191, 1, 0, 94.33, 103.4, 38.07, 88.8, 5.33, 16.73, 12.87, 17.47, 12.13, 44.73, 20.73, 8.13, 5.07, 13.0, 19.67, 38.07, 84.8, 8.33, 23.07, 18.93, 25.33, 12.33, 48.0, 22.67, 6.8, 5.8, 13.0, 15.87, 95.93, 97.93, 36.53, 83.6, 7.53, 19.67, 15.33, 21.4, 11.47, 42.53, 22.73, 6.8, 4.27, 11.67, 19.93, 37.0, 79.13, 6.47, 16.53, 17.47, 23.53, 8.73, 41.4, 20.87, 6.47, 5.6, 12.13, 19.4
82, 2013-04-17, Away, MIA, L, L, 7.5, O, 193, 0, 0, 93.0, 102.4, 37.47, 87.6, 5.0, 15.6, 13.07, 18.27, 12.67, 45.13, 21.0, 7.87, 5.47, 13.27, 19.07, 38.07, 84.73, 8.67, 23.33, 17.6, 23.33, 12.33, 46.87, 23.47, 6.8, 5.8, 12.8, 16.47, 100.2, 91.27, 35.8, 72.87, 11.47, 26.6, 17.13, 23.27, 7.73, 39.53, 23.67, 8.07, 6.33, 14.8, 17.2, 34.87, 81.73, 7.53, 21.93, 14.0, 18.87, 12.07, 40.13, 18.53, 9.0, 3.07, 14.27, 19.6
