21, 2014-12-10, Home, PHI, W, W, -13, U, 202, 0, 2074.0, 1980.0, 766.0, 1611.0, 186.0, 490.0, 356.0, 457.0, 168.0, 794.0, 509.0, 174.0, 101.0, 275.0, 387.0, 749.0, 1672.0, 160.0, 471.0, 322.0, 426.0, 226.0, 855.0, 500.0, 143.0, 88.0, 298.0, 436.0
22, 2014-12-12, Home, ORL, W, L, -9, U, 195.5, 0, 2067.0, 1950.0, 764.0, 1622.0, 183.0, 498.0, 356.0, 453.0, 174.0, 804.0, 509.0, 183.0, 94.0, 272.0, 379.0, 742.0, 1654.0, 158.0, 470.0, 308.0, 415.0, 217.0, 846.0, 495.0, 140.0, 89.0, 307.0, 432.0
23, 2014-12-13, Away, ORL, L, L, -3, O, 194.5, 1, 2052.0, 1939.0, 758.0, 1631.0, 185.0, 507.0, 351.0, 447.0, 176.0, 809.0, 507.0, 185.0, 91.0, 272.0, 371.0, 741.0, 1650.0, 155.0, 464.0, 302.0, 410.0, 215.0, 848.0, 484.0, 138.0, 88.0, 307.0, 433.0
24, 2014-12-15, Home, CHI, W, W, -2.5, U, 196, 0, 2059.0, 1945.0, 755.0, 1623.0, 185.0, 509.0, 364.0, 460.0, 175.0, 813.0, 505.0, 175.0, 90.0, 269.0, 365.0, 747.0, 1655.0, 160.0, 468.0, 291.0, 393.0, 211.0, 834.0, 485.0, 137.0, 85.0, 303.0, 433.0
25, 2014-12-17, Away, CLE, W, W, 6.5, O, 201, 0, 2033.0, 1909.0, 748.0, 1613.0, 179.0, 497.0, 358.0, 451.0, 173.0, 815.0, 503.0, 177.0, 94.0, 259.0, 349.0, 734.0, 1651.0, 160.0, 476.0, 281.0, 380.0, 215.0, 840.0, 472.0, 134.0, 84.0, 298.0, 420.0
26, 2014-12-20, Away, HOU, W, W, 5, O, 198, 0, 2057.0, 1911.0, 764.0, 1608.0, 186.0, 503.0, 343.0, 431.0, 167.0, 814.0, 521.0, 170.0, 94.0, 260.0, 349.0, 731.0, 1649.0, 160.0, 485.0, 289.0, 390.0, 212.0, 829.0, 470.0, 135.0, 78.0, 291.0, 408.0
27, 2014-12-22, Away, DAL, W, W, 4, U, 207.5, 0, 2070.0, 1923.0, 775.0, 1611.0, 186.0, 502.0, 334.0, 427.0, 162.0, 813.0, 527.0, 170.0, 100.0, 260.0, 348.0, 729.0, 1652.0, 169.0, 502.0, 296.0, 396.0, 216.0, 832.0, 474.0, 139.0, 80.0, 292.0, 407.0
28, 2014-12-23, Home, LAC, W, W, -1.5, O, 209, 1, 2075.0, 1928.0, 776.0, 1616.0, 184.0, 501.0, 339.0, 436.0, 155.0, 810.0, 530.0, 168.0, 102.0, 259.0, 357.0, 725.0, 1656.0, 175.0, 507.0, 303.0, 404.0, 221.0, 849.0, 469.0, 139.0, 77.0, 296.0, 413.0
29, 2014-12-26, Home, MIL, L, L, -9, U, 204.5, 0, 2068.0, 1929.0, 768.0, 1617.0, 185.0, 496.0, 347.0, 448.0, 161.0, 817.0, 525.0, 164.0, 100.0, 260.0, 358.0, 727.0, 1674.0, 176.0, 515.0, 299.0, 407.0, 232.0, 868.0, 468.0, 139.0, 79.0, 292.0, 416.0
30, 2014-12-27, Away, MIL, W, W, -4.5, U, 203.5, 1, 2051.0, 1909.0, 759.0, 1603.0, 186.0, 497.0, 347.0, 449.0, 158.0, 818.0, 519.0, 166.0, 96.0, 264.0, 365.0, 718.0, 1663.0, 165.0, 503.0, 308.0, 417.0, 226.0, 861.0, 457.0, 142.0, 83.0, 294.0, 421.0
31, 2014-12-30, Home, CLE, W, W, -6.5, O, 202, 0, 2032.0, 1880.0, 751.0, 1608.0, 186.0, 499.0, 344.0, 445.0, 162.0, 831.0, 522.0, 168.0, 97.0, 265.0, 365.0, 702.0, 1656.0, 171.0, 516.0, 305.0, 409.0, 226.0, 864.0, 454.0, 140.0, 93.0, 302.0, 415.0
32, 2015-01-02, Away, UTA, W, W, -4.5, U, 194.5, 0, 2042.0, 1892.0, 753.0, 1607.0, 191.0, 504.0, 345.0, 445.0, 161.0, 829.0, 525.0, 174.0, 97.0, 271.0, 366.0, 708.0, 1657.0, 180.0, 526.0, 296.0, 406.0, 224.0, 861.0, 465.0, 144.0, 92.0, 308.0, 419.0
33, 2015-01-03, Away, POR, W, W, 6, O, 206, 1, 2034.0, 1882.0, 750.0, 1603.0, 190.0, 502.0, 344.0, 441.0, 160.0, 833.0, 532.0, 167.0, 94.0, 271.0, 360.0, 704.0, 1659.0, 181.0, 537.0, 293.0, 401.0, 225.0, 861.0, 458.0, 148.0, 98.0, 302.0, 412.0
34, 2015-01-05, Away, LAC, W, W, 5.5, U, 210, 0, 2034.0, 1863.0, 751.0, 1605.0, 186.0, 495.0, 346.0, 448.0, 161.0, 847.0, 518.0, 174.0, 95.0, 272.0, 351.0, 704.0, 1670.0, 180.0, 541.0, 275.0, 380.0, 225.0, 869.0, 458.0, 147.0, 98.0, 309.0, 411.0
35, 2015-01-07, Home, MEM, W, W, -4.5, U, 197, 0, 2041.0, 1870.0, 749.0, 1610.0, 194.0, 505.0, 349.0, 459.0, 157.0, 846.0, 517.0, 181.0, 90.0, 266.0, 360.0, 701.0, 1655.0, 180.0, 542.0, 288.0, 397.0, 217.0, 872.0, 458.0, 144.0, 99.0, 318.0, 417.0
36, 2015-01-09, Away, DET, W, W, -2.5, O, 206, 0, 2032.0, 1881.0, 741.0, 1607.0, 195.0, 507.0, 355.0, 466.0, 160.0, 839.0, 507.0, 190.0, 89.0, 271.0, 358.0, 707.0, 1646.0, 180.0, 536.0, 287.0, 392.0, 212.0, 873.0, 458.0, 151.0, 99.0, 327.0, 422.0
37, 2015-01-11, Home, WAS, W, W, -4.5, O, 194, 0, 2029.0, 1879.0, 738.0, 1607.0, 194.0, 506.0, 359.0, 476.0, 162.0, 857.0, 498.0, 185.0, 84.0, 269.0, 357.0, 704.0, 1658.0, 181.0, 556.0, 290.0, 397.0, 214.0, 877.0, 449.0, 150.0, 99.0, 313.0, 421.0
38, 2015-01-13, Away, PHI, W, W, -10, U, 196, 0, 2037.0, 1866.0, 740.0, 1622.0, 198.0, 512.0, 359.0, 477.0, 170.0, 869.0, 507.0, 190.0, 86.0, 261.0, 348.0, 704.0, 1670.0, 180.0, 560.0, 278.0, 380.0, 218.0, 886.0, 449.0, 145.0, 101.0, 314.0, 413.0
39, 2015-01-14, Away, BOS, W, W, -5.5, U, 202, 1, 2044.0, 1878.0, 747.0, 1628.0, 197.0, 501.0, 353.0, 469.0, 179.0, 870.0, 519.0, 184.0, 85.0, 267.0, 343.0, 705.0, 1666.0, 186.0, 567.0, 282.0, 386.0, 221.0, 870.0, 453.0, 149.0, 105.0, 315.0, 414.0
40, 2015-01-16, Away, TOR, W, W, -2, U, 206, 0, 2053.0, 1885.0, 747.0, 1614.0, 197.0, 503.0, 362.0, 477.0, 174.0, 862.0, 516.0, 188.0, 88.0, 267.0, 340.0, 705.0, 1656.0, 191.0, 565.0, 284.0, 387.0, 218.0, 858.0, 450.0, 145.0, 103.0, 317.0, 415.0
41, 2015-01-17, Away, CHI, W, W, -3.5, O, 201, 1, 2055.0, 1882.0, 749.0, 1606.0, 200.0, 505.0, 357.0, 466.0, 172.0, 847.0, 519.0, 184.0, 87.0, 268.0, 337.0, 703.0, 1654.0, 188.0, 563.0, 288.0, 387.0, 222.0, 851.0, 447.0, 146.0, 104.0, 317.0, 409.0
42, 2015-01-19, Home, DET, W, W, -7.5, U, 203.5, 0, 2067.0, 1902.0, 751.0, 1599.0, 201.0, 501.0, 364.0, 474.0, 165.0, 835.0, 524.0, 179.0, 93.0, 263.0, 340.0, 710.0, 1662.0, 191.0, 564.0, 291.0, 385.0, 222.0, 855.0, 451.0, 141.0, 99.0, 312.0, 412.0
43, 2015-01-21, Home, IND, W, W, -10.5, O, 192.5, 0, 2073.0, 1903.0, 759.0, 1605.0, 201.0, 502.0, 354.0, 461.0, 165.0, 835.0, 531.0, 175.0, 91.0, 261.0, 347.0, 709.0, 1667.0, 191.0, 573.0, 294.0, 395.0, 233.0, 870.0, 454.0, 144.0, 97.0, 312.0, 402.0
44, 2015-01-23, Home, OKC, W, W, -3.5, U, 207.5, 0, 2084.0, 1894.0, 763.0, 1599.0, 206.0, 504.0, 352.0, 463.0, 165.0, 837.0, 537.0, 183.0, 90.0, 267.0, 351.0, 703.0, 1671.0, 186.0, 577.0, 302.0, 400.0, 236.0, 876.0, 450.0, 145.0, 93.0, 315.0, 408.0
45, 2015-01-25, Home, MIN, W, L, -17.5, O, 201, 0, 2094.0, 1901.0, 767.0, 1599.0, 209.0, 508.0, 351.0, 459.0, 170.0, 844.0, 538.0, 179.0, 88.0, 274.0, 347.0, 704.0, 1665.0, 190.0, 574.0, 303.0, 404.0, 230.0, 855.0, 455.0, 153.0, 94.0, 312.0, 407.0
46, 2015-01-28, Home, BRK, W, L, -14, O, 192, 0, 2079.0, 1903.0, 763.0, 1603.0, 203.0, 508.0, 350.0, 461.0, 172.0, 833.0, 532.0, 184.0, 88.0, 275.0, 350.0, 704.0, 1654.0, 188.0, 560.0, 307.0, 408.0, 231.0, 859.0, 455.0, 154.0, 96.0, 317.0, 408.0
47, 2015-01-30, Home, POR, W, W, -5, O, 203.5, 0, 2088.0, 1908.0, 763.0, 1611.0, 205.0, 515.0, 357.0, 463.0, 180.0, 841.0, 535.0, 181.0, 83.0, 271.0, 353.0, 709.0, 1655.0, 182.0, 541.0, 308.0, 408.0, 225.0, 851.0, 454.0, 152.0, 97.0, 309.0, 403.0
48, 2015-01-31, Home, PHI, W, L, -16, U, 192.5, 1, 2088.0, 1905.0, 763.0, 1614.0, 209.0, 519.0, 353.0, 458.0, 181.0, 840.0, 535.0, 187.0, 81.0, 267.0, 349.0, 709.0, 1652.0, 182.0, 543.0, 305.0, 399.0, 221.0, 850.0, 456.0, 147.0, 95.0, 311.0, 400.0
49, 2015-02-02, Away, NOP, L, L, -3, O, 196, 0, 2072.0, 1886.0, 763.0, 1616.0, 207.0, 524.0, 339.0, 441.0, 180.0, 841.0, 527.0, 187.0, 83.0, 265.0, 344.0, 703.0, 1641.0, 185.0, 549.0, 295.0, 386.0, 215.0, 843.0, 451.0, 144.0, 94.0, 315.0, 403.0
50, 2015-02-04, Home, WAS, W, W, -5.5, O, 196, 0, 2095.0, 1894.0, 772.0, 1629.0, 210.0, 523.0, 341.0, 444.0, 181.0, 835.0, 526.0, 185.0, 82.0, 249.0, 340.0, 706.0, 1648.0, 186.0, 553.0, 296.0, 386.0, 226.0, 855.0, 453.0, 134.0, 98.0, 313.0, 399.0
51, 2015-02-06, Home, GSW, W, W, 2, O, 213, 0, 2110.0, 1905.0, 777.0, 1619.0, 212.0, 519.0, 344.0, 452.0, 173.0, 830.0, 525.0, 183.0, 80.0, 252.0, 345.0, 709.0, 1645.0, 178.0, 539.0, 309.0, 402.0, 218.0, 849.0, 451.0, 136.0, 90.0, 306.0, 405.0
52, 2015-02-08, Away, MEM, L, L, 2.5, U, 197, 0, 2125.0, 1920.0, 775.0, 1617.0, 217.0, 517.0, 358.0, 463.0, 170.0, 824.0, 530.0, 183.0, 79.0, 250.0, 345.0, 719.0, 1664.0, 177.0, 541.0, 305.0, 396.0, 226.0, 858.0, 459.0, 133.0, 95.0, 302.0, 405.0
53, 2015-02-09, Away, MIN, W, W, -6.5, O, 206.5, 1, 2115.0, 1922.0, 775.0, 1616.0, 223.0, 524.0, 342.0, 444.0, 162.0, 814.0, 523.0, 180.0, 81.0, 254.0, 344.0, 723.0, 1670.0, 170.0, 523.0, 306.0, 393.0, 226.0, 866.0, 459.0, 135.0, 90.0, 299.0, 399.0
54, 2015-02-11, Away, BOS, L, L, -6.5, U, 201, 0, 2117.0, 1920.0, 776.0, 1618.0, 227.0, 528.0, 338.0, 433.0, 162.0, 804.0, 532.0, 185.0, 82.0, 250.0, 350.0, 723.0, 1670.0, 162.0, 506.0, 312.0, 403.0, 238.0, 872.0, 459.0, 135.0, 91.0, 297.0, 395.0
55, 2015-02-20, Home, TOR, L, L, -5.5, U, 206, 0, 2098.0, 1911.0, 773.0, 1615.0, 221.0, 530.0, 331.0, 423.0, 160.0, 807.0, 530.0, 178.0, 85.0, 250.0, 344.0, 720.0, 1689.0, 165.0, 512.0, 306.0, 390.0, 246.0, 883.0, 457.0, 137.0, 90.0, 286.0, 393.0
56, 2015-02-22, Away, MIL, W, W, -5, U, 195, 0, 2082.0, 1930.0, 770.0, 1631.0, 216.0, 543.0, 326.0, 421.0, 169.0, 822.0, 528.0, 167.0, 89.0, 255.0, 339.0, 728.0, 1706.0, 173.0, 525.0, 301.0, 387.0, 253.0, 896.0, 464.0, 142.0, 95.0, 278.0, 392.0
57, 2015-02-25, Home, DAL, W, W, -9, U, 205, 0, 2073.0, 1913.0, 765.0, 1636.0, 215.0, 550.0, 328.0, 418.0, 179.0, 816.0, 524.0, 174.0, 93.0, 261.0, 343.0, 722.0, 1682.0, 164.0, 498.0, 305.0, 387.0, 250.0, 888.0, 459.0, 143.0, 99.0, 295.0, 397.0
58, 2015-02-27, Home, ORL, W, L, -11, U, 195.5, 0, 2057.0, 1911.0, 762.0, 1632.0, 212.0, 554.0, 321.0, 410.0, 176.0, 815.0, 518.0, 167.0, 92.0, 264.0, 346.0, 720.0, 1686.0, 164.0, 509.0, 307.0, 390.0, 255.0, 893.0, 454.0, 138.0, 95.0, 291.0, 399.0
59, 2015-02-28, Away, MIA, W, P, -2, U, 197, 1, 2047.0, 1912.0, 756.0, 1626.0, 214.0, 562.0, 321.0, 406.0, 172.0, 810.0, 511.0, 172.0, 94.0, 266.0, 341.0, 725.0, 1690.0, 164.0, 510.0, 298.0, 378.0, 253.0, 898.0, 456.0, 140.0, 96.0, 290.0, 394.0
60, 2015-03-03, Home, HOU, W, L, -8.5, O, 199, 0, 2035.0, 1912.0, 754.0, 1632.0, 214.0, 558.0, 313.0, 399.0, 174.0, 812.0, 511.0, 171.0, 92.0, 272.0, 348.0, 723.0, 1688.0, 160.0, 503.0, 306.0, 385.0, 254.0, 905.0, 451.0, 147.0, 97.0, 297.0, 387.0
61, 2015-03-06, Home, CLE, W, W, 1.5, U, 206.5, 0, 2029.0, 1919.0, 751.0, 1649.0, 210.0, 564.0, 317.0, 404.0, 179.0, 829.0, 504.0, 167.0, 92.0, 270.0, 344.0, 727.0, 1696.0, 168.0, 519.0, 297.0, 377.0, 250.0, 911.0, 461.0, 146.0, 100.0, 292.0, 392.0
62, 2015-03-07, Away, PHI, L, L, -7.5, U, 194, 1, 2028.0, 1917.0, 754.0, 1649.0, 205.0, 559.0, 315.0, 400.0, 181.0, 827.0, 500.0, 167.0, 89.0, 273.0, 347.0, 719.0, 1685.0, 172.0, 531.0, 307.0, 390.0, 253.0, 905.0, 454.0, 148.0, 101.0, 296.0, 385.0
63, 2015-03-09, Home, SAC, W, W, -11, O, 210, 0, 2019.0, 1927.0, 747.0, 1642.0, 207.0, 554.0, 318.0, 402.0, 181.0, 827.0, 489.0, 167.0, 97.0, 282.0, 342.0, 725.0, 1698.0, 176.0, 533.0, 301.0, 381.0, 250.0, 899.0, 461.0, 156.0, 102.0, 294.0, 380.0
64, 2015-03-11, Away, DEN, L, L, -7, O, 207.5, 0, 2039.0, 1941.0, 761.0, 1652.0, 214.0, 561.0, 303.0, 383.0, 182.0, 817.0, 501.0, 163.0, 100.0, 279.0, 337.0, 733.0, 1701.0, 179.0, 528.0, 296.0, 375.0, 256.0, 897.0, 460.0, 159.0, 102.0, 292.0, 371.0
65, 2015-03-13, Away, PHO, W, W, -6.5, U, 202.5, 0, 2038.0, 1963.0, 755.0, 1650.0, 213.0, 563.0, 315.0, 397.0, 180.0, 802.0, 492.0, 168.0, 98.0, 280.0, 342.0, 739.0, 1698.0, 182.0, 533.0, 303.0, 377.0, 258.0, 905.0, 465.0, 156.0, 104.0, 300.0, 375.0
66, 2015-03-15, Away, LAL, W, L, -9, U, 198.5, 0, 2022.0, 1950.0, 749.0, 1653.0, 211.0, 553.0, 313.0, 391.0, 179.0, 811.0, 484.0, 171.0, 99.0, 281.0, 342.0, 734.0, 1705.0, 186.0, 543.0, 296.0, 373.0, 258.0, 913.0, 460.0, 159.0, 108.0, 305.0, 371.0
67, 2015-03-16, Away, SAC, W, W, -4.5, O, 207, 1, 2000.0, 1934.0, 745.0, 1647.0, 204.0, 543.0, 306.0, 392.0, 174.0, 800.0, 480.0, 176.0, 101.0, 280.0, 338.0, 729.0, 1703.0, 184.0, 537.0, 292.0, 370.0, 268.0, 932.0, 455.0, 159.0, 107.0, 318.0, 373.0
68, 2015-03-18, Away, GSW, L, L, 6.5, O, 207.5, 0, 2005.0, 1938.0, 743.0, 1647.0, 205.0, 551.0, 314.0, 400.0, 176.0, 797.0, 479.0, 175.0, 102.0, 279.0, 345.0, 728.0, 1697.0, 180.0, 527.0, 302.0, 384.0, 268.0, 931.0, 453.0, 159.0, 109.0, 321.0, 382.0
69, 2015-03-20, Away, OKC, L, L, 1, O, 210.5, 0, 2009.0, 1967.0, 740.0, 1656.0, 203.0, 545.0, 326.0, 412.0, 183.0, 797.0, 483.0, 183.0, 101.0, 282.0, 349.0, 741.0, 1700.0, 180.0, 522.0, 305.0, 389.0, 268.0, 931.0, 471.0, 160.0, 112.0, 325.0, 379.0
70, 2015-03-22, Home, SAS, L, L, -1.5, O, 201, 0, 2024.0, 1975.0, 741.0, 1649.0, 209.0, 552.0, 333.0, 420.0, 181.0, 799.0, 484.0, 186.0, 102.0, 287.0, 350.0, 741.0, 1698.0, 184.0, 529.0, 309.0, 392.0, 261.0, 923.0, 467.0, 161.0, 108.0, 324.0, 383.0
71, 2015-03-25, Away, ORL, W, W, -9, U, 200, 0, 2014.0, 1993.0, 741.0, 1649.0, 210.0, 551.0, 322.0, 400.0, 178.0, 782.0, 485.0, 192.0, 102.0, 291.0, 343.0, 753.0, 1703.0, 187.0, 530.0, 300.0, 379.0, 266.0, 925.0, 478.0, 162.0, 110.0, 328.0, 373.0
72, 2015-03-27, Home, MIA, W, W, -8, U, 195.5, 0, 1985.0, 1960.0, 742.0, 1662.0, 205.0, 555.0, 296.0, 373.0, 186.0, 789.0, 478.0, 188.0, 106.0, 291.0, 341.0, 738.0, 1678.0, 178.0, 513.0, 306.0, 384.0, 257.0, 916.0, 466.0, 162.0, 106.0, 331.0, 363.0
73, 2015-03-28, Away, CHO, L, L, 5.5, O, 188, 1, 1996.0, 1952.0, 746.0, 1654.0, 199.0, 543.0, 305.0, 386.0, 188.0, 790.0, 492.0, 194.0, 105.0, 293.0, 338.0, 734.0, 1668.0, 186.0, 535.0, 298.0, 378.0, 251.0, 902.0, 468.0, 163.0, 108.0, 338.0, 371.0
74, 2015-03-30, Home, MIL, W, W, -9, U, 194.5, 0, 1979.0, 1962.0, 739.0, 1654.0, 204.0, 552.0, 297.0, 380.0, 185.0, 790.0, 498.0, 186.0, 103.0, 293.0, 334.0, 734.0, 1655.0, 193.0, 545.0, 301.0, 378.0, 235.0, 894.0, 472.0, 161.0, 106.0, 330.0, 368.0
75, 2015-03-31, Away, DET, L, L, -2, O, 199, 1, 1992.0, 1961.0, 742.0, 1655.0, 206.0, 552.0, 302.0, 381.0, 192.0, 788.0, 504.0, 185.0, 102.0, 292.0, 337.0, 738.0, 1637.0, 187.0, 531.0, 298.0, 381.0, 232.0, 877.0, 477.0, 158.0, 104.0, 331.0, 367.0
76, 2015-04-04, Home, BRK, W, W, -10, O, 206, 0, 2007.0, 1961.0, 753.0, 1651.0, 206.0, 539.0, 295.0, 370.0, 187.0, 779.0, 510.0, 187.0, 94.0, 287.0, 341.0, 736.0, 1624.0, 185.0, 530.0, 304.0, 390.0, 226.0, 863.0, 476.0, 154.0, 101.0, 329.0, 361.0
77, 2015-04-07, Home, PHO, W, W, -7, U, 200.5, 0, 2041.0, 1974.0, 767.0, 1646.0, 214.0, 542.0, 293.0, 368.0, 178.0, 770.0, 527.0, 192.0, 91.0, 279.0, 340.0, 743.0, 1632.0, 191.0, 537.0, 297.0, 389.0, 230.0, 864.0, 479.0, 151.0, 96.0, 326.0, 352.0
78, 2015-04-08, Away, BRK, W, W, 4.5, O, 204, 1, 2033.0, 1956.0, 769.0, 1644.0, 205.0, 532.0, 290.0, 366.0, 176.0, 783.0, 520.0, 194.0, 93.0, 283.0, 339.0, 735.0, 1635.0, 190.0, 526.0, 296.0, 389.0, 226.0, 857.0, 475.0, 156.0, 99.0, 326.0, 343.0
79, 2015-04-10, Home, CHO, W, W, -10, U, 191.5, 0, 2052.0, 1979.0, 776.0, 1649.0, 202.0, 529.0, 298.0, 379.0, 175.0, 781.0, 528.0, 194.0, 92.0, 276.0, 345.0, 740.0, 1642.0, 188.0, 526.0, 311.0, 401.0, 230.0, 864.0, 480.0, 153.0, 96.0, 321.0, 346.0
80, 2015-04-12, Away, WAS, L, P, 9, O, 194, 0, 2063.0, 1968.0, 783.0, 1652.0, 202.0, 532.0, 295.0, 375.0, 176.0, 788.0, 536.0, 192.0, 91.0, 271.0, 344.0, 738.0, 1644.0, 189.0, 530.0, 303.0, 398.0, 228.0, 863.0, 484.0, 149.0, 96.0, 311.0, 345.0
81, 2015-04-13, Home, NYK, L, L, -14, O, 196, 1, 2058.0, 1980.0, 780.0, 1653.0, 203.0, 532.0, 295.0, 378.0, 174.0, 777.0, 537.0, 199.0, 87.0, 267.0, 353.0, 738.0, 1639.0, 184.0, 510.0, 320.0, 416.0, 234.0, 873.0, 476.0, 151.0, 96.0, 318.0, 343.0
82, 2015-04-15, Away, CHI, L, L, 5.5, U, 198, 0, 2060.0, 1995.0, 776.0, 1657.0, 208.0, 543.0, 300.0, 384.0, 175.0, 776.0, 537.0, 199.0, 86.0, 263.0, 348.0, 752.0, 1647.0, 184.0, 497.0, 307.0, 402.0, 233.0, 875.0, 491.0, 151.0, 97.0, 318.0, 348.0
