16, 2013-12-03, Away, SAC, W, L, -8.5, U, 201.5, 0, 1562.0, 1488.0, 567.0, 1242.0, 93.0, 283.0, 335.0, 415.0, 173.0, 711.0, 319.0, 121.0, 90.0, 242.0, 327.0, 551.0, 1288.0, 132.0, 386.0, 254.0, 371.0, 171.0, 644.0, 331.0, 144.0, 63.0, 229.0, 319.0
17, 2013-12-04, Away, POR, L, L, 2.5, O, 205.5, 1, 1558.0, 1485.0, 570.0, 1244.0, 94.0, 284.0, 324.0, 402.0, 173.0, 713.0, 331.0, 111.0, 91.0, 244.0, 323.0, 550.0, 1298.0, 136.0, 393.0, 249.0, 360.0, 174.0, 641.0, 330.0, 147.0, 63.0, 215.0, 309.0
18, 2013-12-06, Away, NOP, W, W, -5.5, U, 206, 0, 1581.0, 1496.0, 580.0, 1250.0, 92.0, 264.0, 329.0, 407.0, 172.0, 714.0, 326.0, 113.0, 92.0, 236.0, 318.0, 561.0, 1319.0, 136.0, 396.0, 238.0, 344.0, 181.0, 644.0, 331.0, 140.0, 68.0, 211.0, 304.0
19, 2013-12-08, Home, IND, W, W, -4.5, O, 194.5, 0, 1587.0, 1495.0, 584.0, 1245.0, 97.0, 267.0, 322.0, 400.0, 169.0, 714.0, 326.0, 114.0, 99.0, 235.0, 318.0, 562.0, 1327.0, 125.0, 375.0, 246.0, 356.0, 188.0, 650.0, 329.0, 138.0, 68.0, 204.0, 302.0
20, 2013-12-10, Away, ATL, W, W, -3.5, U, 203.5, 0, 1598.0, 1496.0, 588.0, 1243.0, 97.0, 267.0, 325.0, 397.0, 169.0, 716.0, 325.0, 110.0, 102.0, 230.0, 325.0, 560.0, 1327.0, 123.0, 373.0, 253.0, 363.0, 186.0, 643.0, 325.0, 135.0, 70.0, 196.0, 304.0
21, 2013-12-11, Away, MEM, W, W, -6, O, 190.5, 1, 1580.0, 1478.0, 589.0, 1247.0, 95.0, 268.0, 307.0, 381.0, 162.0, 718.0, 330.0, 109.0, 100.0, 233.0, 322.0, 552.0, 1323.0, 121.0, 368.0, 253.0, 363.0, 182.0, 646.0, 327.0, 135.0, 69.0, 198.0, 299.0
22, 2013-12-13, Home, LAL, W, W, -12.5, O, 211, 0, 1590.0, 1473.0, 588.0, 1226.0, 98.0, 266.0, 316.0, 392.0, 154.0, 702.0, 331.0, 110.0, 97.0, 237.0, 329.0, 546.0, 1316.0, 115.0, 354.0, 266.0, 371.0, 184.0, 638.0, 321.0, 141.0, 65.0, 198.0, 305.0
23, 2013-12-15, Home, ORL, W, L, -13, U, 205.5, 0, 1609.0, 1459.0, 600.0, 1250.0, 100.0, 275.0, 309.0, 382.0, 166.0, 726.0, 338.0, 112.0, 102.0, 229.0, 325.0, 543.0, 1317.0, 116.0, 351.0, 257.0, 368.0, 181.0, 629.0, 317.0, 133.0, 65.0, 195.0, 299.0
24, 2013-12-17, Away, DEN, W, W, -2.5, U, 210, 0, 1595.0, 1441.0, 598.0, 1257.0, 96.0, 272.0, 303.0, 374.0, 164.0, 723.0, 341.0, 118.0, 106.0, 223.0, 327.0, 535.0, 1305.0, 109.0, 352.0, 262.0, 380.0, 181.0, 643.0, 310.0, 128.0, 62.0, 202.0, 295.0
25, 2013-12-19, Home, CHI, W, L, -13.5, O, 191, 0, 1608.0, 1455.0, 607.0, 1263.0, 96.0, 277.0, 298.0, 367.0, 164.0, 725.0, 343.0, 121.0, 105.0, 230.0, 330.0, 541.0, 1306.0, 106.0, 349.0, 267.0, 387.0, 180.0, 634.0, 317.0, 130.0, 59.0, 201.0, 294.0
26, 2013-12-21, Away, SAS, W, W, 3, O, 207.5, 0, 1600.0, 1437.0, 612.0, 1254.0, 92.0, 265.0, 284.0, 349.0, 153.0, 715.0, 345.0, 127.0, 106.0, 234.0, 330.0, 530.0, 1300.0, 106.0, 355.0, 271.0, 383.0, 181.0, 629.0, 313.0, 131.0, 59.0, 206.0, 288.0
27, 2013-12-22, Home, TOR, L, L, -10.5, U, 207, 1, 1608.0, 1446.0, 614.0, 1263.0, 100.0, 273.0, 280.0, 338.0, 154.0, 714.0, 342.0, 126.0, 108.0, 229.0, 336.0, 527.0, 1290.0, 107.0, 346.0, 285.0, 394.0, 178.0, 625.0, 312.0, 129.0, 61.0, 207.0, 286.0
28, 2013-12-25, Away, NYK, W, W, -10.5, O, 201, 0, 1611.0, 1477.0, 606.0, 1268.0, 102.0, 284.0, 297.0, 352.0, 162.0, 715.0, 335.0, 123.0, 111.0, 232.0, 340.0, 535.0, 1310.0, 111.0, 348.0, 296.0, 394.0, 184.0, 634.0, 317.0, 127.0, 59.0, 202.0, 296.0
29, 2013-12-27, Away, CHA, W, L, -7, U, 195.5, 0, 1640.0, 1483.0, 612.0, 1268.0, 111.0, 293.0, 305.0, 363.0, 159.0, 710.0, 343.0, 126.0, 108.0, 226.0, 344.0, 537.0, 1308.0, 110.0, 344.0, 299.0, 399.0, 184.0, 631.0, 321.0, 121.0, 58.0, 202.0, 302.0
30, 2013-12-29, Home, HOU, W, W, -4.5, U, 210, 0, 1616.0, 1456.0, 609.0, 1256.0, 113.0, 300.0, 285.0, 345.0, 158.0, 705.0, 346.0, 120.0, 104.0, 225.0, 340.0, 525.0, 1293.0, 111.0, 341.0, 295.0, 390.0, 181.0, 623.0, 321.0, 122.0, 57.0, 195.0, 292.0
31, 2013-12-31, Home, POR, L, L, -6, U, 214, 0, 1620.0, 1439.0, 607.0, 1251.0, 114.0, 303.0, 292.0, 352.0, 154.0, 711.0, 348.0, 118.0, 99.0, 220.0, 342.0, 519.0, 1289.0, 109.0, 340.0, 292.0, 395.0, 177.0, 615.0, 307.0, 114.0, 59.0, 192.0, 292.0
32, 2014-01-02, Home, BRK, L, L, -12, U, 201.5, 0, 1617.0, 1442.0, 607.0, 1250.0, 110.0, 297.0, 293.0, 358.0, 154.0, 716.0, 342.0, 116.0, 98.0, 215.0, 342.0, 520.0, 1291.0, 107.0, 344.0, 295.0, 397.0, 174.0, 617.0, 309.0, 110.0, 57.0, 190.0, 296.0
33, 2014-01-04, Away, MIN, W, W, 1.5, O, 207, 0, 1606.0, 1426.0, 602.0, 1229.0, 114.0, 308.0, 288.0, 353.0, 147.0, 706.0, 351.0, 118.0, 97.0, 223.0, 342.0, 507.0, 1263.0, 108.0, 345.0, 304.0, 411.0, 167.0, 604.0, 303.0, 116.0, 52.0, 198.0, 300.0
34, 2014-01-05, Home, BOS, W, W, -9, O, 194, 1, 1612.0, 1442.0, 603.0, 1235.0, 115.0, 311.0, 291.0, 351.0, 150.0, 710.0, 353.0, 116.0, 94.0, 231.0, 349.0, 517.0, 1269.0, 112.0, 349.0, 296.0, 406.0, 157.0, 595.0, 309.0, 119.0, 50.0, 197.0, 303.0
35, 2014-01-07, Away, UTA, L, L, -6, O, 195, 0, 1613.0, 1444.0, 599.0, 1241.0, 119.0, 317.0, 296.0, 362.0, 152.0, 707.0, 354.0, 120.0, 91.0, 222.0, 341.0, 518.0, 1264.0, 116.0, 351.0, 292.0, 409.0, 160.0, 603.0, 319.0, 115.0, 52.0, 199.0, 311.0
36, 2014-01-09, Away, DEN, L, L, -3, U, 211.5, 0, 1613.0, 1464.0, 596.0, 1244.0, 121.0, 333.0, 300.0, 365.0, 157.0, 693.0, 345.0, 125.0, 86.0, 216.0, 349.0, 527.0, 1245.0, 115.0, 343.0, 295.0, 413.0, 151.0, 598.0, 317.0, 111.0, 53.0, 201.0, 309.0
37, 2014-01-11, Home, MIL, W, W, -15, U, 195.5, 0, 1585.0, 1465.0, 586.0, 1258.0, 118.0, 339.0, 295.0, 359.0, 157.0, 697.0, 334.0, 125.0, 91.0, 207.0, 342.0, 530.0, 1254.0, 123.0, 359.0, 282.0, 397.0, 154.0, 618.0, 324.0, 107.0, 54.0, 201.0, 310.0
38, 2014-01-14, Away, MEM, L, L, 1, U, 196, 0, 1564.0, 1453.0, 574.0, 1245.0, 120.0, 339.0, 296.0, 363.0, 158.0, 696.0, 324.0, 117.0, 90.0, 210.0, 333.0, 526.0, 1248.0, 128.0, 365.0, 273.0, 380.0, 152.0, 617.0, 320.0, 107.0, 54.0, 197.0, 316.0
39, 2014-01-16, Away, HOU, W, W, 2.5, U, 208, 0, 1550.0, 1445.0, 568.0, 1239.0, 120.0, 341.0, 294.0, 363.0, 159.0, 696.0, 313.0, 112.0, 88.0, 216.0, 341.0, 521.0, 1246.0, 125.0, 355.0, 278.0, 381.0, 154.0, 615.0, 320.0, 108.0, 55.0, 196.0, 319.0
40, 2014-01-17, Home, GSW, W, W, 1, O, 206, 1, 1549.0, 1444.0, 563.0, 1233.0, 121.0, 344.0, 302.0, 368.0, 157.0, 690.0, 312.0, 113.0, 91.0, 213.0, 345.0, 518.0, 1241.0, 132.0, 370.0, 276.0, 380.0, 151.0, 614.0, 315.0, 103.0, 57.0, 198.0, 319.0
41, 2014-01-19, Home, SAC, W, W, -8.5, U, 213.5, 0, 1569.0, 1470.0, 567.0, 1230.0, 121.0, 351.0, 314.0, 387.0, 161.0, 688.0, 309.0, 114.0, 88.0, 214.0, 344.0, 532.0, 1246.0, 140.0, 368.0, 266.0, 375.0, 152.0, 607.0, 317.0, 105.0, 52.0, 199.0, 332.0
42, 2014-01-21, Home, POR, W, W, -6.5, U, 215, 0, 1564.0, 1463.0, 563.0, 1228.0, 118.0, 345.0, 320.0, 399.0, 168.0, 685.0, 310.0, 121.0, 83.0, 218.0, 345.0, 530.0, 1241.0, 136.0, 366.0, 267.0, 377.0, 159.0, 614.0, 309.0, 105.0, 54.0, 208.0, 336.0
43, 2014-01-22, Away, SAS, W, W, 6.5, O, 205, 1, 1571.0, 1456.0, 577.0, 1239.0, 121.0, 337.0, 296.0, 380.0, 170.0, 683.0, 309.0, 117.0, 84.0, 206.0, 331.0, 534.0, 1236.0, 135.0, 365.0, 253.0, 364.0, 160.0, 617.0, 310.0, 102.0, 57.0, 204.0, 319.0
44, 2014-01-24, Away, BOS, W, W, -2.5, U, 192, 0, 1559.0, 1467.0, 577.0, 1238.0, 118.0, 331.0, 287.0, 370.0, 173.0, 675.0, 298.0, 117.0, 88.0, 211.0, 335.0, 536.0, 1221.0, 139.0, 364.0, 256.0, 367.0, 156.0, 605.0, 312.0, 107.0, 58.0, 209.0, 314.0
45, 2014-01-25, Away, PHI, W, W, -9, U, 208, 1, 1571.0, 1465.0, 587.0, 1238.0, 115.0, 319.0, 282.0, 359.0, 175.0, 672.0, 303.0, 123.0, 85.0, 215.0, 335.0, 538.0, 1216.0, 135.0, 368.0, 254.0, 366.0, 158.0, 594.0, 316.0, 109.0, 53.0, 217.0, 308.0
46, 2014-01-27, Home, ATL, W, L, -10, O, 204, 0, 1557.0, 1470.0, 580.0, 1232.0, 109.0, 318.0, 288.0, 368.0, 180.0, 667.0, 298.0, 127.0, 88.0, 225.0, 332.0, 541.0, 1221.0, 132.0, 367.0, 256.0, 362.0, 166.0, 600.0, 330.0, 120.0, 53.0, 223.0, 316.0
47, 2014-01-29, Away, MIA, W, W, 4, O, 202.5, 0, 1574.0, 1481.0, 587.0, 1232.0, 119.0, 329.0, 281.0, 360.0, 180.0, 648.0, 306.0, 132.0, 94.0, 229.0, 324.0, 548.0, 1218.0, 136.0, 359.0, 249.0, 353.0, 171.0, 597.0, 329.0, 123.0, 52.0, 232.0, 311.0
48, 2014-01-31, Away, BRK, W, W, -5, O, 198, 0, 1593.0, 1481.0, 594.0, 1244.0, 126.0, 334.0, 279.0, 360.0, 185.0, 649.0, 309.0, 136.0, 90.0, 220.0, 317.0, 554.0, 1220.0, 130.0, 354.0, 243.0, 344.0, 172.0, 600.0, 333.0, 114.0, 52.0, 233.0, 306.0
49, 2014-02-01, Away, WAS, L, L, -5, U, 201, 1, 1598.0, 1465.0, 603.0, 1238.0, 123.0, 325.0, 269.0, 352.0, 185.0, 645.0, 315.0, 138.0, 89.0, 214.0, 307.0, 546.0, 1200.0, 134.0, 358.0, 239.0, 332.0, 166.0, 577.0, 326.0, 115.0, 54.0, 231.0, 303.0
50, 2014-02-03, Home, MEM, W, W, -8, U, 186, 0, 1560.0, 1465.0, 591.0, 1233.0, 118.0, 330.0, 260.0, 338.0, 184.0, 648.0, 306.0, 132.0, 89.0, 226.0, 309.0, 552.0, 1209.0, 131.0, 359.0, 230.0, 317.0, 162.0, 583.0, 331.0, 119.0, 50.0, 226.0, 295.0
51, 2014-02-05, Home, MIN, W, L, -12.5, O, 199, 0, 1545.0, 1430.0, 590.0, 1220.0, 116.0, 314.0, 249.0, 330.0, 179.0, 652.0, 305.0, 126.0, 96.0, 232.0, 302.0, 544.0, 1222.0, 125.0, 357.0, 217.0, 301.0, 170.0, 578.0, 327.0, 121.0, 48.0, 220.0, 296.0
52, 2014-02-07, Away, ORL, L, L, -9.5, O, 198, 0, 1563.0, 1426.0, 604.0, 1226.0, 120.0, 317.0, 235.0, 314.0, 190.0, 655.0, 319.0, 126.0, 92.0, 236.0, 304.0, 544.0, 1210.0, 117.0, 346.0, 221.0, 306.0, 169.0, 564.0, 321.0, 121.0, 52.0, 222.0, 286.0
53, 2014-02-09, Home, NYK, W, W, -9, O, 198.5, 0, 1564.0, 1444.0, 606.0, 1213.0, 120.0, 314.0, 232.0, 306.0, 173.0, 631.0, 320.0, 126.0, 94.0, 235.0, 308.0, 550.0, 1209.0, 110.0, 327.0, 234.0, 318.0, 166.0, 560.0, 324.0, 124.0, 50.0, 216.0, 276.0
54, 2014-02-11, Away, POR, W, W, -1, U, 211, 0, 1589.0, 1454.0, 613.0, 1205.0, 127.0, 320.0, 236.0, 313.0, 166.0, 627.0, 336.0, 127.0, 94.0, 226.0, 300.0, 556.0, 1215.0, 115.0, 337.0, 227.0, 311.0, 167.0, 555.0, 332.0, 122.0, 50.0, 215.0, 276.0
55, 2014-02-13, Away, LAL, W, L, -10.5, O, 205.5, 0, 1583.0, 1457.0, 615.0, 1206.0, 128.0, 309.0, 225.0, 300.0, 166.0, 624.0, 332.0, 124.0, 89.0, 227.0, 296.0, 555.0, 1218.0, 110.0, 326.0, 237.0, 317.0, 170.0, 555.0, 329.0, 126.0, 48.0, 215.0, 270.0
56, 2014-02-20, Home, MIA, L, L, -3, U, 206, 0, 1563.0, 1439.0, 607.0, 1213.0, 127.0, 315.0, 222.0, 291.0, 163.0, 627.0, 332.0, 125.0, 93.0, 224.0, 293.0, 552.0, 1219.0, 104.0, 327.0, 231.0, 305.0, 165.0, 564.0, 336.0, 122.0, 51.0, 220.0, 259.0
57, 2014-02-23, Home, LAC, L, L, -5.5, O, 211, 0, 1536.0, 1449.0, 596.0, 1201.0, 120.0, 314.0, 224.0, 291.0, 157.0, 620.0, 324.0, 123.0, 91.0, 228.0, 293.0, 560.0, 1217.0, 104.0, 331.0, 225.0, 298.0, 159.0, 561.0, 343.0, 130.0, 48.0, 218.0, 257.0
58, 2014-02-26, Home, CLE, L, L, -15, O, 205, 0, 1548.0, 1477.0, 597.0, 1207.0, 122.0, 328.0, 232.0, 298.0, 152.0, 612.0, 334.0, 129.0, 86.0, 235.0, 309.0, 562.0, 1212.0, 110.0, 342.0, 243.0, 321.0, 156.0, 560.0, 346.0, 134.0, 45.0, 226.0, 268.0
59, 2014-02-28, Home, MEM, W, P, -6, O, 195.5, 0, 1541.0, 1486.0, 591.0, 1204.0, 125.0, 341.0, 234.0, 299.0, 152.0, 614.0, 339.0, 129.0, 85.0, 239.0, 301.0, 562.0, 1223.0, 111.0, 346.0, 251.0, 323.0, 161.0, 571.0, 345.0, 136.0, 43.0, 225.0, 265.0
60, 2014-03-02, Home, CHA, W, W, -10.5, O, 204, 0, 1553.0, 1510.0, 586.0, 1201.0, 130.0, 350.0, 251.0, 318.0, 155.0, 608.0, 333.0, 131.0, 91.0, 238.0, 301.0, 571.0, 1228.0, 116.0, 335.0, 252.0, 324.0, 159.0, 572.0, 351.0, 140.0, 44.0, 221.0, 275.0
61, 2014-03-04, Home, PHI, W, W, -21, U, 219, 0, 1566.0, 1518.0, 587.0, 1207.0, 134.0, 351.0, 258.0, 323.0, 157.0, 608.0, 329.0, 131.0, 90.0, 233.0, 309.0, 567.0, 1206.0, 120.0, 330.0, 264.0, 337.0, 142.0, 557.0, 348.0, 132.0, 44.0, 221.0, 276.0
62, 2014-03-06, Away, PHO, L, L, -6, O, 217, 0, 1580.0, 1501.0, 587.0, 1201.0, 128.0, 346.0, 278.0, 348.0, 156.0, 632.0, 337.0, 135.0, 90.0, 241.0, 319.0, 556.0, 1212.0, 118.0, 335.0, 271.0, 351.0, 140.0, 555.0, 343.0, 137.0, 42.0, 223.0, 287.0
63, 2014-03-09, Away, LAL, L, L, -12, U, 228.5, 0, 1590.0, 1534.0, 591.0, 1211.0, 125.0, 352.0, 283.0, 348.0, 152.0, 631.0, 335.0, 129.0, 92.0, 238.0, 330.0, 561.0, 1220.0, 130.0, 343.0, 282.0, 368.0, 141.0, 562.0, 344.0, 139.0, 42.0, 217.0, 296.0
64, 2014-03-11, Home, HOU, W, W, -4.5, U, 215.5, 0, 1580.0, 1553.0, 584.0, 1234.0, 132.0, 372.0, 280.0, 349.0, 161.0, 649.0, 333.0, 131.0, 87.0, 238.0, 341.0, 564.0, 1227.0, 132.0, 350.0, 293.0, 381.0, 139.0, 581.0, 357.0, 133.0, 45.0, 219.0, 291.0
65, 2014-03-13, Home, LAL, W, W, -16.5, O, 226.5, 0, 1605.0, 1555.0, 587.0, 1236.0, 139.0, 377.0, 292.0, 366.0, 158.0, 652.0, 332.0, 132.0, 89.0, 230.0, 348.0, 556.0, 1217.0, 133.0, 351.0, 310.0, 406.0, 139.0, 583.0, 347.0, 131.0, 48.0, 222.0, 295.0
66, 2014-03-16, Home, DAL, L, L, -7.5, U, 212, 0, 1650.0, 1580.0, 598.0, 1249.0, 148.0, 389.0, 306.0, 373.0, 161.0, 668.0, 339.0, 135.0, 91.0, 231.0, 355.0, 561.0, 1230.0, 144.0, 362.0, 314.0, 416.0, 140.0, 585.0, 352.0, 130.0, 49.0, 225.0, 293.0
67, 2014-03-17, Away, CHI, W, W, -2.5, U, 193.5, 1, 1630.0, 1592.0, 583.0, 1237.0, 147.0, 391.0, 317.0, 389.0, 152.0, 652.0, 331.0, 132.0, 89.0, 229.0, 354.0, 564.0, 1227.0, 151.0, 366.0, 313.0, 413.0, 137.0, 588.0, 360.0, 132.0, 45.0, 229.0, 294.0
68, 2014-03-20, Away, CLE, W, L, -9.5, U, 201, 0, 1625.0, 1574.0, 577.0, 1239.0, 150.0, 394.0, 321.0, 398.0, 154.0, 664.0, 326.0, 129.0, 86.0, 224.0, 361.0, 555.0, 1231.0, 151.0, 376.0, 313.0, 418.0, 140.0, 598.0, 356.0, 129.0, 47.0, 225.0, 296.0
69, 2014-03-21, Away, TOR, W, L, -3, O, 205, 1, 1615.0, 1569.0, 575.0, 1255.0, 148.0, 398.0, 317.0, 391.0, 167.0, 676.0, 319.0, 131.0, 88.0, 230.0, 363.0, 553.0, 1226.0, 150.0, 374.0, 313.0, 422.0, 137.0, 596.0, 356.0, 132.0, 44.0, 225.0, 295.0
70, 2014-03-24, Home, DEN, W, W, -11, U, 216, 0, 1636.0, 1592.0, 573.0, 1270.0, 153.0, 420.0, 337.0, 417.0, 166.0, 679.0, 323.0, 133.0, 89.0, 228.0, 371.0, 562.0, 1242.0, 151.0, 380.0, 317.0, 428.0, 138.0, 611.0, 356.0, 134.0, 49.0, 226.0, 313.0
71, 2014-03-25, Away, DAL, L, L, -2.5, O, 208.5, 1, 1646.0, 1585.0, 579.0, 1271.0, 156.0, 414.0, 332.0, 414.0, 164.0, 675.0, 332.0, 132.0, 87.0, 228.0, 381.0, 552.0, 1236.0, 150.0, 380.0, 331.0, 446.0, 143.0, 611.0, 347.0, 135.0, 47.0, 224.0, 320.0
72, 2014-03-28, Home, SAC, W, P, -13, U, 208, 0, 1684.0, 1610.0, 597.0, 1290.0, 166.0, 427.0, 324.0, 403.0, 163.0, 675.0, 344.0, 130.0, 87.0, 229.0, 387.0, 556.0, 1251.0, 160.0, 397.0, 338.0, 453.0, 147.0, 618.0, 350.0, 134.0, 48.0, 226.0, 322.0
73, 2014-03-30, Home, UTA, W, W, -15, O, 202.5, 0, 1661.0, 1566.0, 587.0, 1266.0, 163.0, 421.0, 324.0, 404.0, 156.0, 676.0, 344.0, 129.0, 92.0, 229.0, 379.0, 545.0, 1255.0, 156.0, 385.0, 320.0, 430.0, 154.0, 623.0, 341.0, 132.0, 47.0, 225.0, 321.0
74, 2014-04-03, Home, SAS, W, W, -4, U, 208, 0, 1673.0, 1548.0, 589.0, 1260.0, 161.0, 408.0, 334.0, 413.0, 152.0, 678.0, 344.0, 127.0, 93.0, 222.0, 389.0, 541.0, 1255.0, 151.0, 380.0, 315.0, 430.0, 157.0, 622.0, 340.0, 125.0, 50.0, 223.0, 324.0
75, 2014-04-04, Away, HOU, L, L, 2.5, O, 212.5, 1, 1666.0, 1535.0, 591.0, 1264.0, 157.0, 404.0, 327.0, 404.0, 145.0, 678.0, 344.0, 131.0, 90.0, 221.0, 387.0, 538.0, 1263.0, 150.0, 386.0, 309.0, 422.0, 161.0, 631.0, 328.0, 119.0, 52.0, 229.0, 320.0
76, 2014-04-06, Away, PHO, L, L, -2.5, O, 210.5, 0, 1657.0, 1547.0, 588.0, 1267.0, 162.0, 413.0, 319.0, 394.0, 144.0, 679.0, 349.0, 126.0, 91.0, 220.0, 382.0, 541.0, 1273.0, 155.0, 395.0, 310.0, 419.0, 168.0, 647.0, 330.0, 120.0, 50.0, 225.0, 318.0
77, 2014-04-08, Away, SAC, W, W, -9.5, U, 200, 0, 1647.0, 1577.0, 585.0, 1275.0, 164.0, 425.0, 313.0, 383.0, 142.0, 660.0, 335.0, 120.0, 85.0, 210.0, 390.0, 554.0, 1256.0, 156.0, 388.0, 313.0, 424.0, 160.0, 645.0, 327.0, 113.0, 52.0, 220.0, 314.0
78, 2014-04-09, Away, LAC, W, W, 3.5, U, 212, 1, 1632.0, 1541.0, 578.0, 1265.0, 163.0, 414.0, 313.0, 391.0, 145.0, 666.0, 337.0, 118.0, 85.0, 207.0, 386.0, 546.0, 1258.0, 144.0, 375.0, 305.0, 413.0, 162.0, 645.0, 319.0, 112.0, 54.0, 215.0, 308.0
79, 2014-04-11, Home, NOP, W, W, -15.5, O, 205, 0, 1629.0, 1528.0, 574.0, 1255.0, 156.0, 400.0, 325.0, 402.0, 137.0, 651.0, 329.0, 115.0, 91.0, 199.0, 380.0, 544.0, 1263.0, 139.0, 371.0, 301.0, 417.0, 176.0, 661.0, 311.0, 112.0, 53.0, 216.0, 314.0
80, 2014-04-13, Away, IND, L, L, -1, O, 192, 0, 1639.0, 1524.0, 584.0, 1257.0, 150.0, 384.0, 321.0, 395.0, 137.0, 649.0, 339.0, 118.0, 96.0, 197.0, 376.0, 546.0, 1270.0, 139.0, 364.0, 293.0, 402.0, 176.0, 651.0, 317.0, 109.0, 52.0, 215.0, 312.0
81, 2014-04-14, Away, NOP, L, L, -8.5, U, 204.5, 1, 1605.0, 1524.0, 575.0, 1252.0, 144.0, 382.0, 311.0, 384.0, 132.0, 621.0, 336.0, 120.0, 89.0, 189.0, 373.0, 547.0, 1248.0, 135.0, 357.0, 295.0, 400.0, 174.0, 660.0, 317.0, 105.0, 51.0, 222.0, 314.0
82, 2014-04-16, Home, DET, W, L, -14.5, O, 213, 0, 1608.0, 1516.0, 577.0, 1250.0, 144.0, 385.0, 310.0, 379.0, 133.0, 631.0, 340.0, 121.0, 89.0, 191.0, 374.0, 542.0, 1252.0, 131.0, 362.0, 301.0, 410.0, 176.0, 657.0, 310.0, 104.0, 52.0, 214.0, 315.0
