14, 2013-11-23, Away, SAS, L, L, 13, O, 192, 1, 1209.0, 1297.0, 457.0, 1089.0, 92.0, 261.0, 203.0, 264.0, 145.0, 547.0, 240.0, 115.0, 62.0, 205.0, 274.0, 477.0, 1091.0, 101.0, 282.0, 242.0, 301.0, 147.0, 576.0, 318.0, 105.0, 76.0, 197.0, 244.0
15, 2013-11-27, Home, MIA, L, L, 8.5, U, 197.5, 0, 1207.0, 1329.0, 461.0, 1088.0, 91.0, 259.0, 194.0, 250.0, 139.0, 536.0, 238.0, 117.0, 61.0, 211.0, 275.0, 490.0, 1089.0, 108.0, 282.0, 241.0, 300.0, 144.0, 576.0, 324.0, 106.0, 73.0, 197.0, 234.0
16, 2013-11-29, Away, BOS, L, L, 3.5, U, 189.5, 0, 1207.0, 1334.0, 458.0, 1087.0, 97.0, 269.0, 194.0, 252.0, 140.0, 541.0, 243.0, 115.0, 62.0, 212.0, 264.0, 492.0, 1088.0, 109.0, 289.0, 241.0, 291.0, 141.0, 580.0, 326.0, 110.0, 72.0, 196.0, 233.0
17, 2013-11-30, Home, CHI, W, W, 5, O, 182.5, 1, 1219.0, 1348.0, 461.0, 1090.0, 98.0, 272.0, 199.0, 264.0, 147.0, 547.0, 245.0, 106.0, 63.0, 213.0, 260.0, 498.0, 1087.0, 110.0, 284.0, 242.0, 297.0, 139.0, 576.0, 328.0, 112.0, 73.0, 193.0, 239.0
18, 2013-12-04, Home, DEN, W, W, 3.5, U, 200.5, 0, 1223.0, 1349.0, 459.0, 1083.0, 100.0, 271.0, 205.0, 272.0, 146.0, 539.0, 243.0, 101.0, 58.0, 200.0, 254.0, 503.0, 1075.0, 111.0, 271.0, 232.0, 288.0, 136.0, 569.0, 338.0, 101.0, 72.0, 185.0, 246.0
19, 2013-12-06, Away, ATL, L, L, 6, O, 195.5, 0, 1217.0, 1328.0, 458.0, 1089.0, 93.0, 257.0, 208.0, 274.0, 154.0, 558.0, 243.0, 97.0, 69.0, 203.0, 243.0, 503.0, 1095.0, 104.0, 271.0, 218.0, 275.0, 142.0, 571.0, 340.0, 104.0, 76.0, 182.0, 250.0
20, 2013-12-07, Home, LAC, W, W, 6, U, 198.5, 1, 1227.0, 1342.0, 466.0, 1093.0, 89.0, 251.0, 206.0, 277.0, 152.0, 562.0, 240.0, 92.0, 67.0, 201.0, 242.0, 510.0, 1102.0, 105.0, 273.0, 217.0, 277.0, 144.0, 574.0, 346.0, 105.0, 71.0, 177.0, 250.0
21, 2013-12-10, Home, NYK, W, W, -2.5, O, 190, 0, 1188.0, 1299.0, 451.0, 1074.0, 80.0, 234.0, 206.0, 278.0, 154.0, 572.0, 230.0, 87.0, 60.0, 198.0, 242.0, 491.0, 1090.0, 101.0, 281.0, 216.0, 280.0, 145.0, 575.0, 346.0, 104.0, 75.0, 171.0, 249.0
22, 2013-12-13, Away, ORL, W, W, 2, O, 195, 0, 1216.0, 1297.0, 462.0, 1073.0, 84.0, 239.0, 208.0, 280.0, 152.0, 572.0, 242.0, 86.0, 50.0, 192.0, 233.0, 497.0, 1094.0, 107.0, 296.0, 196.0, 259.0, 140.0, 565.0, 349.0, 99.0, 73.0, 173.0, 247.0
23, 2013-12-14, Away, MIA, L, W, 12.5, O, 199.5, 1, 1230.0, 1273.0, 468.0, 1073.0, 87.0, 244.0, 207.0, 279.0, 149.0, 579.0, 242.0, 88.0, 52.0, 191.0, 231.0, 489.0, 1097.0, 107.0, 304.0, 188.0, 249.0, 140.0, 561.0, 337.0, 101.0, 73.0, 176.0, 248.0
24, 2013-12-17, Home, POR, L, W, 4.5, O, 205, 0, 1257.0, 1301.0, 475.0, 1078.0, 93.0, 258.0, 214.0, 287.0, 151.0, 575.0, 241.0, 85.0, 47.0, 191.0, 234.0, 499.0, 1093.0, 107.0, 305.0, 196.0, 259.0, 137.0, 554.0, 338.0, 103.0, 74.0, 174.0, 256.0
25, 2013-12-20, Home, MIL, W, L, -8, O, 192, 0, 1270.0, 1324.0, 487.0, 1099.0, 92.0, 254.0, 204.0, 281.0, 157.0, 573.0, 249.0, 79.0, 42.0, 177.0, 232.0, 503.0, 1092.0, 116.0, 313.0, 202.0, 262.0, 142.0, 563.0, 342.0, 94.0, 76.0, 170.0, 255.0
26, 2013-12-21, Away, CHI, L, L, 3, U, 187, 1, 1293.0, 1337.0, 494.0, 1122.0, 94.0, 259.0, 211.0, 287.0, 162.0, 591.0, 248.0, 79.0, 54.0, 174.0, 234.0, 505.0, 1108.0, 118.0, 323.0, 209.0, 273.0, 141.0, 571.0, 333.0, 95.0, 78.0, 167.0, 261.0
27, 2013-12-23, Home, DET, L, L, -1, O, 203.5, 0, 1277.0, 1333.0, 489.0, 1135.0, 90.0, 254.0, 209.0, 280.0, 167.0, 590.0, 254.0, 78.0, 53.0, 164.0, 228.0, 506.0, 1089.0, 122.0, 321.0, 199.0, 264.0, 131.0, 572.0, 340.0, 88.0, 77.0, 176.0, 255.0
28, 2013-12-26, Home, ATL, L, W, 3, O, 205, 0, 1273.0, 1322.0, 484.0, 1140.0, 94.0, 269.0, 211.0, 284.0, 170.0, 592.0, 255.0, 74.0, 55.0, 166.0, 223.0, 506.0, 1105.0, 116.0, 321.0, 194.0, 259.0, 143.0, 585.0, 337.0, 90.0, 77.0, 175.0, 258.0
29, 2013-12-28, Away, BOS, L, W, 4.5, O, 196, 0, 1314.0, 1354.0, 504.0, 1151.0, 92.0, 262.0, 214.0, 286.0, 169.0, 590.0, 258.0, 76.0, 61.0, 170.0, 224.0, 522.0, 1136.0, 123.0, 336.0, 187.0, 253.0, 151.0, 586.0, 347.0, 92.0, 75.0, 182.0, 263.0
30, 2013-12-29, Home, GSW, L, W, 7, O, 206.5, 1, 1328.0, 1354.0, 509.0, 1144.0, 97.0, 262.0, 213.0, 283.0, 166.0, 587.0, 262.0, 75.0, 63.0, 168.0, 224.0, 522.0, 1143.0, 121.0, 338.0, 189.0, 252.0, 156.0, 582.0, 343.0, 93.0, 73.0, 180.0, 259.0
31, 2013-12-31, Away, IND, L, L, 12.5, U, 197, 0, 1335.0, 1369.0, 510.0, 1158.0, 100.0, 263.0, 215.0, 285.0, 163.0, 590.0, 263.0, 78.0, 63.0, 173.0, 224.0, 525.0, 1156.0, 125.0, 356.0, 194.0, 256.0, 159.0, 598.0, 342.0, 96.0, 79.0, 188.0, 265.0
32, 2014-01-02, Home, ORL, W, W, -2, U, 194, 0, 1313.0, 1372.0, 502.0, 1147.0, 96.0, 261.0, 213.0, 284.0, 155.0, 580.0, 258.0, 77.0, 53.0, 174.0, 236.0, 523.0, 1141.0, 124.0, 358.0, 202.0, 265.0, 152.0, 596.0, 337.0, 97.0, 80.0, 188.0, 259.0
33, 2014-01-04, Away, BRK, L, L, 6.5, U, 192, 0, 1311.0, 1345.0, 497.0, 1149.0, 95.0, 260.0, 222.0, 291.0, 156.0, 592.0, 261.0, 79.0, 56.0, 175.0, 246.0, 508.0, 1134.0, 123.0, 360.0, 206.0, 272.0, 146.0, 595.0, 327.0, 96.0, 89.0, 190.0, 261.0
34, 2014-01-05, Home, IND, L, W, 9.5, U, 181.5, 1, 1305.0, 1352.0, 495.0, 1145.0, 101.0, 268.0, 214.0, 281.0, 154.0, 577.0, 257.0, 78.0, 56.0, 171.0, 247.0, 511.0, 1118.0, 124.0, 349.0, 206.0, 268.0, 142.0, 583.0, 327.0, 91.0, 86.0, 186.0, 258.0
35, 2014-01-07, Home, PHI, W, W, -5.5, U, 207.5, 0, 1274.0, 1340.0, 480.0, 1150.0, 98.0, 269.0, 216.0, 279.0, 161.0, 588.0, 246.0, 79.0, 57.0, 177.0, 259.0, 499.0, 1108.0, 122.0, 342.0, 220.0, 285.0, 143.0, 594.0, 317.0, 95.0, 85.0, 186.0, 258.0
36, 2014-01-10, Away, UTA, W, W, 1, O, 189.5, 0, 1276.0, 1333.0, 482.0, 1152.0, 103.0, 276.0, 209.0, 277.0, 168.0, 602.0, 257.0, 78.0, 63.0, 185.0, 270.0, 496.0, 1109.0, 115.0, 331.0, 226.0, 296.0, 143.0, 587.0, 316.0, 97.0, 86.0, 184.0, 255.0
37, 2014-01-12, Away, SAC, L, L, 3, U, 206, 0, 1282.0, 1321.0, 488.0, 1151.0, 100.0, 261.0, 206.0, 272.0, 164.0, 608.0, 258.0, 80.0, 63.0, 178.0, 270.0, 493.0, 1114.0, 116.0, 330.0, 219.0, 293.0, 142.0, 581.0, 314.0, 91.0, 80.0, 181.0, 251.0
38, 2014-01-14, Away, LAL, W, L, -4, O, 205, 0, 1246.0, 1326.0, 471.0, 1129.0, 98.0, 265.0, 206.0, 279.0, 157.0, 596.0, 255.0, 80.0, 65.0, 186.0, 276.0, 494.0, 1103.0, 116.0, 327.0, 222.0, 298.0, 136.0, 575.0, 309.0, 95.0, 83.0, 182.0, 258.0
39, 2014-01-15, Away, POR, L, L, 10.5, U, 211.5, 1, 1252.0, 1333.0, 473.0, 1117.0, 100.0, 254.0, 206.0, 284.0, 155.0, 588.0, 264.0, 83.0, 55.0, 182.0, 276.0, 498.0, 1087.0, 119.0, 332.0, 218.0, 296.0, 128.0, 558.0, 322.0, 92.0, 82.0, 183.0, 256.0
40, 2014-01-17, Away, DEN, W, W, 6.5, O, 211, 0, 1264.0, 1341.0, 476.0, 1116.0, 102.0, 259.0, 210.0, 293.0, 154.0, 594.0, 260.0, 86.0, 53.0, 185.0, 277.0, 503.0, 1106.0, 120.0, 344.0, 215.0, 289.0, 130.0, 557.0, 322.0, 94.0, 80.0, 178.0, 254.0
41, 2014-01-20, Home, DAL, L, L, 1, U, 206.5, 0, 1289.0, 1335.0, 484.0, 1116.0, 99.0, 247.0, 222.0, 304.0, 157.0, 604.0, 261.0, 89.0, 55.0, 177.0, 280.0, 497.0, 1102.0, 124.0, 357.0, 217.0, 290.0, 125.0, 548.0, 323.0, 89.0, 84.0, 177.0, 262.0
42, 2014-01-22, Home, CHI, L, L, -4.5, U, 186, 0, 1261.0, 1310.0, 468.0, 1103.0, 96.0, 249.0, 229.0, 311.0, 160.0, 605.0, 260.0, 85.0, 48.0, 168.0, 285.0, 484.0, 1082.0, 117.0, 343.0, 225.0, 299.0, 123.0, 545.0, 312.0, 83.0, 82.0, 164.0, 263.0
43, 2014-01-24, Home, MIL, W, W, -8, U, 194.5, 0, 1248.0, 1305.0, 464.0, 1112.0, 95.0, 250.0, 225.0, 305.0, 169.0, 606.0, 266.0, 87.0, 46.0, 162.0, 282.0, 483.0, 1069.0, 118.0, 339.0, 221.0, 292.0, 117.0, 545.0, 314.0, 79.0, 85.0, 159.0, 264.0
44, 2014-01-26, Home, PHO, L, L, -2, U, 203.5, 0, 1237.0, 1275.0, 463.0, 1108.0, 89.0, 248.0, 222.0, 307.0, 183.0, 614.0, 273.0, 88.0, 44.0, 159.0, 282.0, 471.0, 1048.0, 115.0, 330.0, 218.0, 287.0, 113.0, 527.0, 304.0, 77.0, 84.0, 157.0, 256.0
45, 2014-01-28, Home, NOP, L, L, -2.5, U, 194, 0, 1251.0, 1283.0, 468.0, 1114.0, 93.0, 252.0, 222.0, 308.0, 185.0, 609.0, 281.0, 89.0, 44.0, 160.0, 283.0, 471.0, 1053.0, 119.0, 332.0, 222.0, 293.0, 119.0, 536.0, 305.0, 76.0, 77.0, 158.0, 264.0
46, 2014-01-30, Away, NYK, L, L, 6.5, O, 198, 0, 1253.0, 1302.0, 468.0, 1098.0, 95.0, 248.0, 222.0, 311.0, 178.0, 585.0, 281.0, 93.0, 41.0, 159.0, 278.0, 478.0, 1043.0, 116.0, 320.0, 230.0, 298.0, 117.0, 528.0, 311.0, 78.0, 75.0, 157.0, 267.0
47, 2014-02-01, Away, HOU, L, L, 11.5, U, 206.5, 0, 1257.0, 1330.0, 470.0, 1106.0, 93.0, 249.0, 224.0, 313.0, 177.0, 576.0, 281.0, 99.0, 40.0, 160.0, 281.0, 490.0, 1048.0, 120.0, 322.0, 230.0, 304.0, 119.0, 539.0, 308.0, 79.0, 81.0, 164.0, 267.0
48, 2014-02-03, Away, DAL, L, L, 8, O, 205.5, 0, 1271.0, 1354.0, 481.0, 1114.0, 95.0, 259.0, 214.0, 303.0, 168.0, 559.0, 290.0, 100.0, 42.0, 158.0, 280.0, 503.0, 1051.0, 119.0, 324.0, 229.0, 306.0, 119.0, 541.0, 315.0, 79.0, 84.0, 168.0, 260.0
49, 2014-02-05, Home, LAL, L, L, -7, O, 207.5, 0, 1267.0, 1385.0, 474.0, 1105.0, 90.0, 255.0, 229.0, 318.0, 164.0, 532.0, 282.0, 104.0, 37.0, 149.0, 277.0, 513.0, 1045.0, 127.0, 331.0, 232.0, 305.0, 121.0, 548.0, 324.0, 74.0, 83.0, 171.0, 265.0
50, 2014-02-07, Away, WAS, W, W, 9.5, O, 198, 0, 1262.0, 1402.0, 467.0, 1123.0, 88.0, 274.0, 240.0, 335.0, 183.0, 544.0, 287.0, 105.0, 37.0, 152.0, 279.0, 516.0, 1043.0, 136.0, 348.0, 234.0, 300.0, 119.0, 554.0, 337.0, 77.0, 83.0, 173.0, 273.0
51, 2014-02-09, Home, MEM, W, W, 3, U, 183.5, 0, 1297.0, 1391.0, 476.0, 1120.0, 87.0, 268.0, 258.0, 345.0, 191.0, 557.0, 284.0, 106.0, 36.0, 156.0, 279.0, 517.0, 1047.0, 132.0, 338.0, 225.0, 293.0, 118.0, 538.0, 345.0, 82.0, 80.0, 171.0, 273.0
52, 2014-02-11, Home, SAC, W, W, 1.5, O, 204.5, 0, 1268.0, 1356.0, 470.0, 1120.0, 84.0, 271.0, 244.0, 331.0, 185.0, 557.0, 281.0, 104.0, 39.0, 161.0, 277.0, 506.0, 1049.0, 122.0, 318.0, 222.0, 286.0, 121.0, 549.0, 332.0, 86.0, 80.0, 173.0, 273.0
53, 2014-02-12, Away, DET, W, W, 8, U, 209, 1, 1281.0, 1347.0, 472.0, 1117.0, 90.0, 269.0, 247.0, 336.0, 190.0, 560.0, 294.0, 103.0, 38.0, 161.0, 283.0, 498.0, 1035.0, 119.0, 317.0, 232.0, 302.0, 119.0, 537.0, 323.0, 84.0, 83.0, 171.0, 279.0
54, 2014-02-18, Away, PHI, W, W, -4, U, 211.5, 0, 1257.0, 1327.0, 464.0, 1113.0, 90.0, 268.0, 239.0, 331.0, 187.0, 556.0, 290.0, 104.0, 34.0, 160.0, 285.0, 491.0, 1026.0, 109.0, 303.0, 236.0, 310.0, 121.0, 549.0, 316.0, 83.0, 79.0, 174.0, 275.0
55, 2014-02-19, Home, ORL, W, W, -5.5, U, 197.5, 1, 1274.0, 1310.0, 471.0, 1119.0, 91.0, 263.0, 241.0, 331.0, 194.0, 571.0, 297.0, 106.0, 35.0, 167.0, 282.0, 484.0, 1030.0, 110.0, 305.0, 232.0, 309.0, 131.0, 554.0, 311.0, 82.0, 78.0, 183.0, 274.0
56, 2014-02-21, Away, TOR, L, W, 8, U, 196, 0, 1288.0, 1305.0, 471.0, 1111.0, 88.0, 264.0, 258.0, 350.0, 185.0, 581.0, 296.0, 105.0, 38.0, 169.0, 284.0, 482.0, 1049.0, 106.0, 306.0, 235.0, 315.0, 134.0, 556.0, 308.0, 84.0, 72.0, 179.0, 280.0
57, 2014-02-23, Home, WAS, L, L, 1.5, U, 195.5, 0, 1286.0, 1325.0, 466.0, 1105.0, 90.0, 270.0, 264.0, 356.0, 181.0, 576.0, 289.0, 101.0, 41.0, 171.0, 284.0, 492.0, 1068.0, 106.0, 303.0, 235.0, 314.0, 138.0, 564.0, 311.0, 86.0, 67.0, 172.0, 283.0
58, 2014-02-25, Home, TOR, L, L, 4, U, 193, 0, 1279.0, 1322.0, 462.0, 1097.0, 87.0, 272.0, 268.0, 358.0, 180.0, 584.0, 281.0, 97.0, 40.0, 169.0, 273.0, 499.0, 1082.0, 105.0, 296.0, 219.0, 296.0, 139.0, 562.0, 314.0, 87.0, 68.0, 165.0, 278.0
59, 2014-02-26, Away, OKC, W, W, 15, O, 205, 1, 1283.0, 1321.0, 463.0, 1101.0, 86.0, 274.0, 271.0, 355.0, 184.0, 592.0, 283.0, 93.0, 39.0, 170.0, 278.0, 495.0, 1087.0, 111.0, 315.0, 220.0, 297.0, 143.0, 560.0, 314.0, 85.0, 64.0, 166.0, 276.0
60, 2014-02-28, Home, UTA, W, W, -4, U, 193, 0, 1311.0, 1308.0, 472.0, 1100.0, 89.0, 277.0, 278.0, 357.0, 184.0, 597.0, 293.0, 95.0, 38.0, 174.0, 267.0, 491.0, 1091.0, 112.0, 320.0, 214.0, 286.0, 146.0, 556.0, 319.0, 88.0, 60.0, 169.0, 275.0
61, 2014-03-01, Away, MEM, L, L, 9, O, 184, 1, 1318.0, 1281.0, 477.0, 1101.0, 85.0, 262.0, 279.0, 359.0, 190.0, 621.0, 298.0, 89.0, 38.0, 168.0, 255.0, 478.0, 1091.0, 119.0, 323.0, 206.0, 276.0, 142.0, 543.0, 315.0, 86.0, 59.0, 161.0, 278.0
62, 2014-03-04, Home, SAS, L, L, 7.5, O, 204, 0, 1307.0, 1267.0, 479.0, 1100.0, 84.0, 256.0, 265.0, 341.0, 188.0, 623.0, 297.0, 85.0, 37.0, 171.0, 247.0, 478.0, 1092.0, 116.0, 316.0, 195.0, 268.0, 143.0, 534.0, 309.0, 90.0, 61.0, 157.0, 266.0
63, 2014-03-07, Away, CHA, L, L, 4.5, U, 198.5, 0, 1300.0, 1270.0, 479.0, 1078.0, 89.0, 242.0, 253.0, 324.0, 165.0, 605.0, 297.0, 80.0, 39.0, 176.0, 249.0, 479.0, 1103.0, 112.0, 312.0, 200.0, 270.0, 144.0, 536.0, 313.0, 95.0, 68.0, 155.0, 259.0
64, 2014-03-08, Home, NYK, L, L, -1, O, 201.5, 1, 1277.0, 1258.0, 476.0, 1087.0, 86.0, 244.0, 239.0, 311.0, 166.0, 601.0, 293.0, 80.0, 38.0, 171.0, 245.0, 472.0, 1095.0, 110.0, 321.0, 204.0, 269.0, 141.0, 539.0, 310.0, 90.0, 73.0, 154.0, 253.0
65, 2014-03-12, Away, PHO, W, W, 8, P, 211, 0, 1283.0, 1282.0, 477.0, 1086.0, 85.0, 247.0, 244.0, 311.0, 165.0, 590.0, 290.0, 82.0, 38.0, 168.0, 242.0, 477.0, 1097.0, 121.0, 338.0, 207.0, 276.0, 145.0, 542.0, 314.0, 89.0, 76.0, 153.0, 248.0
66, 2014-03-14, Away, GSW, W, W, 9, U, 200, 0, 1284.0, 1284.0, 474.0, 1081.0, 85.0, 250.0, 251.0, 315.0, 163.0, 596.0, 280.0, 80.0, 38.0, 174.0, 236.0, 482.0, 1113.0, 123.0, 348.0, 197.0, 265.0, 148.0, 542.0, 316.0, 96.0, 71.0, 151.0, 251.0
67, 2014-03-16, Away, LAC, L, L, 11.5, U, 207.5, 0, 1294.0, 1289.0, 480.0, 1079.0, 90.0, 257.0, 244.0, 303.0, 154.0, 592.0, 282.0, 82.0, 40.0, 175.0, 235.0, 484.0, 1107.0, 130.0, 354.0, 191.0, 257.0, 138.0, 531.0, 318.0, 97.0, 72.0, 152.0, 243.0
68, 2014-03-18, Home, MIA, L, W, 10, O, 193.5, 0, 1260.0, 1306.0, 469.0, 1075.0, 92.0, 263.0, 230.0, 290.0, 149.0, 579.0, 273.0, 77.0, 39.0, 172.0, 231.0, 495.0, 1114.0, 133.0, 360.0, 183.0, 245.0, 130.0, 528.0, 333.0, 99.0, 73.0, 140.0, 239.0
69, 2014-03-20, Home, OKC, L, W, 9.5, U, 201, 0, 1255.0, 1313.0, 473.0, 1067.0, 94.0, 265.0, 215.0, 275.0, 143.0, 569.0, 278.0, 77.0, 39.0, 180.0, 239.0, 494.0, 1100.0, 139.0, 368.0, 186.0, 252.0, 127.0, 519.0, 334.0, 102.0, 78.0, 148.0, 232.0
70, 2014-03-22, Home, HOU, L, W, 8, O, 204, 0, 1259.0, 1317.0, 477.0, 1066.0, 96.0, 267.0, 209.0, 270.0, 135.0, 558.0, 284.0, 81.0, 31.0, 178.0, 241.0, 492.0, 1096.0, 142.0, 378.0, 191.0, 259.0, 133.0, 530.0, 332.0, 102.0, 81.0, 156.0, 230.0
71, 2014-03-23, Away, NYK, W, W, 10, O, 199, 1, 1287.0, 1339.0, 493.0, 1080.0, 100.0, 266.0, 201.0, 261.0, 135.0, 556.0, 301.0, 86.0, 33.0, 182.0, 256.0, 489.0, 1079.0, 146.0, 393.0, 215.0, 283.0, 123.0, 513.0, 337.0, 104.0, 88.0, 164.0, 229.0
72, 2014-03-25, Home, TOR, W, W, 4.5, O, 193, 0, 1300.0, 1340.0, 501.0, 1065.0, 104.0, 267.0, 194.0, 254.0, 124.0, 546.0, 294.0, 85.0, 35.0, 183.0, 253.0, 489.0, 1077.0, 148.0, 388.0, 214.0, 278.0, 122.0, 508.0, 331.0, 106.0, 84.0, 162.0, 221.0
73, 2014-03-26, Away, DET, W, W, 6.5, U, 204.5, 1, 1288.0, 1336.0, 497.0, 1049.0, 97.0, 254.0, 197.0, 263.0, 121.0, 554.0, 297.0, 79.0, 43.0, 181.0, 261.0, 485.0, 1085.0, 149.0, 389.0, 217.0, 287.0, 124.0, 506.0, 335.0, 104.0, 81.0, 150.0, 228.0
74, 2014-03-28, Away, BRK, L, L, 8.5, O, 197, 0, 1286.0, 1353.0, 491.0, 1046.0, 102.0, 265.0, 202.0, 275.0, 121.0, 543.0, 287.0, 80.0, 41.0, 181.0, 262.0, 496.0, 1089.0, 146.0, 386.0, 215.0, 286.0, 129.0, 523.0, 342.0, 103.0, 80.0, 152.0, 231.0
75, 2014-03-30, Home, IND, W, W, 5.5, U, 183, 0, 1287.0, 1351.0, 489.0, 1054.0, 105.0, 271.0, 204.0, 276.0, 123.0, 545.0, 292.0, 81.0, 40.0, 181.0, 262.0, 491.0, 1079.0, 151.0, 396.0, 218.0, 289.0, 125.0, 528.0, 342.0, 105.0, 77.0, 160.0, 236.0
76, 2014-04-02, Away, ORL, W, W, -2, O, 196.5, 0, 1276.0, 1305.0, 485.0, 1051.0, 100.0, 266.0, 206.0, 277.0, 129.0, 551.0, 288.0, 82.0, 38.0, 180.0, 259.0, 477.0, 1067.0, 145.0, 385.0, 206.0, 281.0, 128.0, 527.0, 324.0, 101.0, 70.0, 164.0, 239.0
77, 2014-04-04, Away, ATL, L, L, 1.5, O, 202, 0, 1303.0, 1302.0, 493.0, 1043.0, 106.0, 267.0, 211.0, 281.0, 120.0, 547.0, 300.0, 82.0, 41.0, 179.0, 255.0, 476.0, 1069.0, 147.0, 384.0, 203.0, 279.0, 129.0, 524.0, 319.0, 101.0, 64.0, 169.0, 243.0
78, 2014-04-05, Home, CHA, L, L, -3.5, U, 196.5, 1, 1304.0, 1312.0, 493.0, 1047.0, 102.0, 265.0, 216.0, 288.0, 121.0, 544.0, 295.0, 87.0, 39.0, 175.0, 256.0, 486.0, 1063.0, 146.0, 382.0, 194.0, 266.0, 118.0, 513.0, 328.0, 95.0, 58.0, 172.0, 244.0
79, 2014-04-09, Home, DET, W, W, -7, O, 206.5, 0, 1288.0, 1307.0, 490.0, 1062.0, 97.0, 263.0, 211.0, 282.0, 118.0, 544.0, 297.0, 86.0, 41.0, 168.0, 253.0, 481.0, 1064.0, 145.0, 372.0, 200.0, 271.0, 118.0, 535.0, 331.0, 91.0, 62.0, 172.0, 242.0
80, 2014-04-11, Away, MIL, L, L, -4.5, O, 207.5, 0, 1307.0, 1313.0, 503.0, 1073.0, 98.0, 267.0, 203.0, 273.0, 127.0, 550.0, 319.0, 83.0, 43.0, 172.0, 257.0, 480.0, 1083.0, 143.0, 371.0, 210.0, 284.0, 134.0, 539.0, 327.0, 95.0, 58.0, 170.0, 238.0
81, 2014-04-12, Home, BOS, L, L, -9, O, 206.5, 1, 1343.0, 1330.0, 516.0, 1075.0, 94.0, 263.0, 217.0, 288.0, 122.0, 542.0, 318.0, 92.0, 46.0, 165.0, 267.0, 482.0, 1073.0, 141.0, 359.0, 225.0, 307.0, 138.0, 539.0, 315.0, 92.0, 59.0, 176.0, 240.0
82, 2014-04-16, Home, BRK, W, W, -8, O, 197.5, 0, 1346.0, 1341.0, 516.0, 1093.0, 92.0, 259.0, 222.0, 296.0, 133.0, 550.0, 313.0, 88.0, 43.0, 157.0, 259.0, 490.0, 1088.0, 141.0, 359.0, 220.0, 294.0, 138.0, 550.0, 320.0, 87.0, 57.0, 171.0, 246.0
