19, 2012-12-07, Home, BOS, W, W, 2, O, 188.5, 0, 1671.0, 1702.0, 643.0, 1494.0, 125.0, 334.0, 260.0, 344.0, 192.0, 734.0, 388.0, 147.0, 100.0, 221.0, 339.0, 648.0, 1452.0, 127.0, 340.0, 279.0, 371.0, 199.0, 804.0, 413.0, 119.0, 91.0, 257.0, 319.0
20, 2012-12-08, Away, BOS, L, L, 6, U, 185.5, 1, 1682.0, 1721.0, 650.0, 1508.0, 120.0, 320.0, 262.0, 349.0, 195.0, 741.0, 389.0, 146.0, 93.0, 215.0, 351.0, 650.0, 1445.0, 129.0, 344.0, 292.0, 385.0, 190.0, 803.0, 418.0, 116.0, 93.0, 255.0, 320.0
21, 2012-12-10, Home, DET, W, W, -5.5, O, 186.5, 0, 1677.0, 1713.0, 647.0, 1508.0, 116.0, 320.0, 267.0, 355.0, 197.0, 736.0, 391.0, 142.0, 94.0, 205.0, 352.0, 651.0, 1443.0, 122.0, 331.0, 289.0, 379.0, 189.0, 796.0, 425.0, 110.0, 90.0, 252.0, 329.0
22, 2012-12-12, Home, CHI, L, L, -2, O, 180, 0, 1693.0, 1700.0, 662.0, 1504.0, 112.0, 309.0, 257.0, 352.0, 191.0, 727.0, 395.0, 147.0, 99.0, 203.0, 358.0, 644.0, 1440.0, 114.0, 317.0, 298.0, 393.0, 194.0, 792.0, 419.0, 110.0, 90.0, 258.0, 332.0
23, 2012-12-14, Away, IND, L, L, 6, P, 180, 0, 1705.0, 1734.0, 668.0, 1511.0, 110.0, 301.0, 259.0, 358.0, 196.0, 728.0, 395.0, 147.0, 101.0, 201.0, 366.0, 655.0, 1449.0, 114.0, 309.0, 310.0, 403.0, 192.0, 784.0, 425.0, 109.0, 84.0, 249.0, 334.0
24, 2012-12-16, Home, LAL, L, L, 3, O, 196.5, 0, 1684.0, 1729.0, 663.0, 1510.0, 106.0, 300.0, 252.0, 351.0, 197.0, 726.0, 388.0, 140.0, 98.0, 197.0, 364.0, 653.0, 1450.0, 118.0, 313.0, 305.0, 399.0, 199.0, 801.0, 413.0, 106.0, 91.0, 251.0, 336.0
25, 2012-12-18, Away, DAL, L, L, 6, O, 194, 0, 1689.0, 1757.0, 670.0, 1520.0, 110.0, 311.0, 239.0, 337.0, 198.0, 717.0, 390.0, 138.0, 101.0, 199.0, 362.0, 662.0, 1451.0, 120.0, 321.0, 313.0, 407.0, 203.0, 807.0, 415.0, 113.0, 91.0, 253.0, 324.0
26, 2012-12-19, Away, HOU, L, L, 8, O, 199, 1, 1693.0, 1759.0, 670.0, 1521.0, 113.0, 322.0, 240.0, 336.0, 208.0, 726.0, 391.0, 131.0, 100.0, 197.0, 369.0, 660.0, 1443.0, 117.0, 312.0, 322.0, 418.0, 203.0, 794.0, 409.0, 114.0, 88.0, 241.0, 318.0
27, 2012-12-21, Home, ATL, W, W, 2, U, 188, 0, 1720.0, 1790.0, 685.0, 1526.0, 114.0, 323.0, 236.0, 328.0, 211.0, 727.0, 397.0, 127.0, 99.0, 204.0, 369.0, 667.0, 1445.0, 125.0, 332.0, 331.0, 423.0, 198.0, 778.0, 411.0, 115.0, 84.0, 234.0, 313.0
28, 2012-12-23, Away, BRK, L, W, 6, U, 187.5, 0, 1720.0, 1777.0, 689.0, 1525.0, 112.0, 324.0, 230.0, 325.0, 215.0, 729.0, 408.0, 131.0, 96.0, 206.0, 361.0, 662.0, 1443.0, 127.0, 335.0, 326.0, 417.0, 201.0, 775.0, 408.0, 114.0, 81.0, 240.0, 313.0
29, 2012-12-26, Away, MEM, W, W, 9, O, 182.5, 0, 1726.0, 1793.0, 693.0, 1533.0, 111.0, 322.0, 229.0, 323.0, 220.0, 737.0, 400.0, 127.0, 89.0, 204.0, 368.0, 665.0, 1433.0, 130.0, 337.0, 333.0, 432.0, 194.0, 770.0, 412.0, 115.0, 80.0, 234.0, 308.0
30, 2012-12-28, Away, GSW, L, L, 6, U, 199.5, 0, 1719.0, 1784.0, 690.0, 1519.0, 111.0, 314.0, 228.0, 327.0, 219.0, 734.0, 398.0, 130.0, 91.0, 212.0, 360.0, 663.0, 1441.0, 131.0, 336.0, 327.0, 420.0, 197.0, 759.0, 406.0, 123.0, 79.0, 236.0, 306.0
31, 2012-12-29, Away, POR, L, L, 3, U, 190, 1, 1725.0, 1788.0, 694.0, 1520.0, 112.0, 317.0, 225.0, 328.0, 217.0, 738.0, 405.0, 132.0, 83.0, 214.0, 363.0, 662.0, 1435.0, 125.0, 330.0, 339.0, 432.0, 191.0, 756.0, 409.0, 125.0, 76.0, 238.0, 311.0
32, 2013-01-01, Away, LAL, W, W, 9, P, 202, 0, 1701.0, 1761.0, 685.0, 1514.0, 109.0, 314.0, 222.0, 322.0, 219.0, 740.0, 393.0, 130.0, 82.0, 212.0, 349.0, 657.0, 1423.0, 127.0, 332.0, 320.0, 411.0, 179.0, 753.0, 407.0, 122.0, 77.0, 237.0, 305.0
33, 2013-01-02, Away, PHO, L, L, 4, U, 195, 1, 1700.0, 1759.0, 687.0, 1519.0, 108.0, 317.0, 218.0, 319.0, 219.0, 758.0, 397.0, 132.0, 85.0, 214.0, 353.0, 655.0, 1434.0, 126.0, 343.0, 323.0, 424.0, 184.0, 764.0, 400.0, 124.0, 78.0, 232.0, 299.0
34, 2013-01-04, Away, OKC, L, L, 10.5, U, 196.5, 0, 1689.0, 1756.0, 689.0, 1528.0, 107.0, 317.0, 204.0, 299.0, 216.0, 762.0, 396.0, 130.0, 85.0, 213.0, 346.0, 657.0, 1438.0, 124.0, 337.0, 318.0, 422.0, 187.0, 772.0, 401.0, 124.0, 84.0, 230.0, 293.0
35, 2013-01-05, Away, SAS, L, L, 13.5, U, 198, 1, 1670.0, 1767.0, 679.0, 1526.0, 110.0, 324.0, 202.0, 297.0, 215.0, 763.0, 391.0, 133.0, 83.0, 223.0, 347.0, 657.0, 1430.0, 126.0, 337.0, 327.0, 431.0, 184.0, 778.0, 394.0, 132.0, 81.0, 238.0, 295.0
36, 2013-01-08, Home, BRK, L, L, -1.5, O, 187, 0, 1668.0, 1783.0, 678.0, 1528.0, 110.0, 329.0, 202.0, 299.0, 209.0, 767.0, 393.0, 133.0, 85.0, 226.0, 345.0, 660.0, 1434.0, 130.0, 355.0, 333.0, 433.0, 180.0, 778.0, 390.0, 139.0, 80.0, 240.0, 296.0
37, 2013-01-09, Away, TOR, L, L, 5, U, 189, 1, 1669.0, 1787.0, 681.0, 1524.0, 112.0, 326.0, 195.0, 286.0, 203.0, 759.0, 393.0, 127.0, 86.0, 226.0, 346.0, 659.0, 1440.0, 127.0, 354.0, 342.0, 438.0, 188.0, 781.0, 389.0, 142.0, 80.0, 240.0, 293.0
38, 2013-01-12, Home, HOU, W, W, -1, O, 204, 0, 1646.0, 1783.0, 673.0, 1499.0, 112.0, 325.0, 188.0, 279.0, 195.0, 742.0, 389.0, 118.0, 88.0, 230.0, 334.0, 663.0, 1439.0, 122.0, 343.0, 335.0, 426.0, 191.0, 774.0, 391.0, 145.0, 76.0, 233.0, 286.0
39, 2013-01-15, Home, NOH, L, L, -3, O, 183.5, 0, 1674.0, 1791.0, 685.0, 1507.0, 114.0, 326.0, 190.0, 282.0, 191.0, 749.0, 399.0, 122.0, 90.0, 233.0, 333.0, 660.0, 1448.0, 126.0, 361.0, 345.0, 436.0, 193.0, 784.0, 387.0, 145.0, 74.0, 238.0, 285.0
40, 2013-01-18, Home, TOR, W, W, -4, O, 190, 0, 1669.0, 1805.0, 680.0, 1507.0, 121.0, 336.0, 188.0, 272.0, 188.0, 736.0, 404.0, 119.0, 85.0, 235.0, 329.0, 672.0, 1450.0, 131.0, 361.0, 330.0, 421.0, 194.0, 792.0, 391.0, 144.0, 75.0, 239.0, 283.0
41, 2013-01-21, Home, SAS, L, W, 6, U, 194.5, 0, 1688.0, 1810.0, 686.0, 1507.0, 123.0, 341.0, 193.0, 275.0, 184.0, 731.0, 415.0, 120.0, 83.0, 233.0, 324.0, 678.0, 1460.0, 138.0, 375.0, 316.0, 408.0, 195.0, 795.0, 396.0, 143.0, 77.0, 246.0, 288.0
42, 2013-01-22, Away, MIL, L, L, 6.5, O, 196, 1, 1688.0, 1805.0, 688.0, 1510.0, 124.0, 343.0, 188.0, 270.0, 182.0, 737.0, 420.0, 121.0, 85.0, 237.0, 320.0, 677.0, 1464.0, 133.0, 379.0, 318.0, 407.0, 190.0, 794.0, 399.0, 147.0, 70.0, 244.0, 279.0
43, 2013-01-26, Home, NYK, W, W, 4, U, 192, 0, 1692.0, 1804.0, 689.0, 1522.0, 122.0, 334.0, 192.0, 272.0, 191.0, 746.0, 426.0, 121.0, 81.0, 236.0, 325.0, 679.0, 1463.0, 126.0, 361.0, 320.0, 416.0, 191.0, 791.0, 401.0, 144.0, 71.0, 242.0, 283.0
44, 2013-01-28, Home, MEM, L, L, 1, O, 177.5, 0, 1689.0, 1777.0, 690.0, 1511.0, 115.0, 318.0, 194.0, 279.0, 181.0, 740.0, 419.0, 121.0, 84.0, 234.0, 326.0, 668.0, 1472.0, 126.0, 377.0, 315.0, 410.0, 200.0, 803.0, 399.0, 141.0, 71.0, 247.0, 287.0
45, 2013-01-30, Home, WAS, W, W, -3.5, U, 189.5, 0, 1686.0, 1755.0, 695.0, 1505.0, 113.0, 310.0, 183.0, 264.0, 173.0, 728.0, 423.0, 123.0, 85.0, 232.0, 319.0, 666.0, 1470.0, 123.0, 363.0, 300.0, 393.0, 202.0, 800.0, 396.0, 143.0, 72.0, 254.0, 282.0
46, 2013-02-01, Home, SAC, W, W, -6, U, 199, 0, 1679.0, 1759.0, 691.0, 1514.0, 111.0, 304.0, 186.0, 267.0, 169.0, 726.0, 419.0, 123.0, 87.0, 229.0, 325.0, 665.0, 1466.0, 121.0, 360.0, 308.0, 402.0, 197.0, 809.0, 398.0, 141.0, 75.0, 255.0, 282.0
47, 2013-02-04, Home, ORL, W, W, -9.5, U, 189, 0, 1676.0, 1744.0, 689.0, 1502.0, 106.0, 300.0, 192.0, 276.0, 164.0, 724.0, 420.0, 125.0, 89.0, 238.0, 321.0, 662.0, 1471.0, 114.0, 348.0, 306.0, 397.0, 195.0, 801.0, 401.0, 146.0, 76.0, 259.0, 286.0
48, 2013-02-06, Home, IND, L, L, -2, U, 180, 0, 1655.0, 1716.0, 688.0, 1510.0, 100.0, 304.0, 179.0, 258.0, 163.0, 732.0, 423.0, 124.0, 84.0, 233.0, 316.0, 654.0, 1461.0, 110.0, 345.0, 298.0, 388.0, 190.0, 810.0, 399.0, 141.0, 74.0, 258.0, 273.0
49, 2013-02-09, Home, CHA, W, W, -10, U, 186, 0, 1635.0, 1708.0, 684.0, 1512.0, 97.0, 292.0, 170.0, 242.0, 170.0, 740.0, 418.0, 118.0, 89.0, 239.0, 314.0, 652.0, 1462.0, 108.0, 345.0, 296.0, 387.0, 197.0, 812.0, 399.0, 146.0, 75.0, 249.0, 262.0
50, 2013-02-11, Home, LAC, L, L, 4.5, O, 185, 0, 1637.0, 1695.0, 687.0, 1520.0, 95.0, 291.0, 168.0, 241.0, 172.0, 755.0, 423.0, 115.0, 88.0, 237.0, 319.0, 645.0, 1474.0, 102.0, 338.0, 303.0, 394.0, 203.0, 813.0, 400.0, 143.0, 72.0, 245.0, 265.0
51, 2013-02-13, Away, MIL, L, W, 6, U, 194, 0, 1624.0, 1703.0, 681.0, 1518.0, 96.0, 287.0, 166.0, 237.0, 182.0, 741.0, 423.0, 117.0, 81.0, 240.0, 315.0, 652.0, 1455.0, 107.0, 335.0, 292.0, 383.0, 200.0, 804.0, 412.0, 146.0, 73.0, 251.0, 264.0
52, 2013-02-20, Away, MIN, L, L, 3.5, U, 186, 0, 1627.0, 1702.0, 678.0, 1510.0, 95.0, 286.0, 176.0, 249.0, 183.0, 738.0, 420.0, 115.0, 82.0, 238.0, 319.0, 650.0, 1458.0, 108.0, 340.0, 294.0, 384.0, 204.0, 800.0, 409.0, 144.0, 76.0, 251.0, 269.0
53, 2013-02-23, Home, MIA, L, L, 8.5, O, 185, 0, 1629.0, 1687.0, 675.0, 1507.0, 88.0, 275.0, 191.0, 273.0, 181.0, 737.0, 417.0, 115.0, 83.0, 228.0, 330.0, 639.0, 1453.0, 103.0, 336.0, 306.0, 401.0, 204.0, 804.0, 412.0, 140.0, 78.0, 248.0, 280.0
54, 2013-02-24, Away, NYK, L, W, 11, O, 189.5, 1, 1633.0, 1692.0, 675.0, 1501.0, 96.0, 286.0, 187.0, 263.0, 183.0, 728.0, 423.0, 106.0, 79.0, 226.0, 328.0, 643.0, 1445.0, 104.0, 332.0, 302.0, 396.0, 201.0, 791.0, 415.0, 138.0, 75.0, 239.0, 273.0
55, 2013-02-26, Home, ORL, L, L, -8.5, U, 185.5, 0, 1637.0, 1682.0, 673.0, 1507.0, 93.0, 282.0, 198.0, 273.0, 187.0, 740.0, 417.0, 111.0, 78.0, 225.0, 334.0, 635.0, 1437.0, 102.0, 341.0, 310.0, 409.0, 197.0, 789.0, 405.0, 136.0, 76.0, 236.0, 276.0
56, 2013-02-28, Away, CHI, L, L, 7, U, 178, 0, 1649.0, 1690.0, 676.0, 1514.0, 98.0, 293.0, 199.0, 272.0, 186.0, 740.0, 428.0, 114.0, 73.0, 223.0, 335.0, 637.0, 1433.0, 106.0, 343.0, 310.0, 412.0, 193.0, 788.0, 412.0, 131.0, 76.0, 238.0, 278.0
57, 2013-03-02, Home, GSW, W, W, 2, O, 197.5, 0, 1624.0, 1683.0, 666.0, 1512.0, 96.0, 286.0, 196.0, 274.0, 190.0, 744.0, 418.0, 111.0, 76.0, 224.0, 341.0, 632.0, 1432.0, 101.0, 325.0, 318.0, 423.0, 199.0, 799.0, 410.0, 131.0, 91.0, 233.0, 272.0
58, 2013-03-03, Away, WAS, L, W, 6, U, 185.5, 1, 1629.0, 1669.0, 671.0, 1515.0, 97.0, 283.0, 190.0, 270.0, 191.0, 760.0, 419.0, 115.0, 79.0, 234.0, 338.0, 624.0, 1435.0, 101.0, 333.0, 320.0, 424.0, 195.0, 786.0, 410.0, 139.0, 88.0, 238.0, 268.0
59, 2013-03-05, Home, BOS, L, L, 3, O, 183, 0, 1608.0, 1658.0, 657.0, 1509.0, 99.0, 283.0, 195.0, 276.0, 190.0, 763.0, 409.0, 117.0, 76.0, 232.0, 338.0, 618.0, 1427.0, 96.0, 323.0, 326.0, 432.0, 198.0, 794.0, 404.0, 135.0, 90.0, 236.0, 269.0
60, 2013-03-06, Away, ATL, L, L, 8.5, O, 190, 1, 1624.0, 1677.0, 661.0, 1525.0, 100.0, 290.0, 202.0, 283.0, 202.0, 766.0, 408.0, 125.0, 73.0, 230.0, 340.0, 626.0, 1429.0, 104.0, 324.0, 321.0, 422.0, 201.0, 796.0, 416.0, 134.0, 92.0, 244.0, 273.0
61, 2013-03-08, Away, MIA, L, W, 13, P, 195, 0, 1618.0, 1674.0, 656.0, 1516.0, 98.0, 291.0, 208.0, 291.0, 198.0, 768.0, 409.0, 127.0, 72.0, 228.0, 333.0, 628.0, 1430.0, 108.0, 332.0, 310.0, 406.0, 196.0, 796.0, 420.0, 129.0, 92.0, 246.0, 277.0
62, 2013-03-10, Away, ORL, L, L, -1, U, 193.5, 0, 1614.0, 1696.0, 655.0, 1518.0, 102.0, 293.0, 202.0, 280.0, 200.0, 767.0, 415.0, 131.0, 70.0, 232.0, 331.0, 642.0, 1428.0, 112.0, 326.0, 300.0, 396.0, 191.0, 788.0, 426.0, 133.0, 95.0, 245.0, 269.0
63, 2013-03-11, Home, BRK, W, W, 6.5, O, 184.5, 1, 1605.0, 1692.0, 650.0, 1521.0, 103.0, 296.0, 202.0, 281.0, 202.0, 778.0, 416.0, 132.0, 72.0, 235.0, 330.0, 643.0, 1438.0, 116.0, 340.0, 290.0, 384.0, 187.0, 791.0, 428.0, 131.0, 100.0, 244.0, 268.0
64, 2013-03-13, Home, MIA, L, W, 8, U, 193, 0, 1619.0, 1705.0, 650.0, 1502.0, 105.0, 298.0, 214.0, 298.0, 200.0, 770.0, 420.0, 128.0, 70.0, 232.0, 328.0, 653.0, 1444.0, 115.0, 337.0, 284.0, 379.0, 190.0, 785.0, 434.0, 129.0, 97.0, 237.0, 272.0
65, 2013-03-16, Home, IND, W, W, 5.5, O, 182.5, 0, 1624.0, 1723.0, 654.0, 1511.0, 109.0, 302.0, 207.0, 291.0, 204.0, 763.0, 429.0, 132.0, 69.0, 226.0, 332.0, 658.0, 1440.0, 119.0, 347.0, 288.0, 381.0, 191.0, 789.0, 438.0, 124.0, 99.0, 237.0, 267.0
66, 2013-03-18, Home, POR, W, P, -1, O, 194.5, 0, 1644.0, 1753.0, 657.0, 1511.0, 112.0, 295.0, 218.0, 305.0, 206.0, 758.0, 431.0, 130.0, 76.0, 227.0, 343.0, 665.0, 1448.0, 124.0, 351.0, 299.0, 394.0, 199.0, 790.0, 443.0, 124.0, 100.0, 238.0, 282.0
67, 2013-03-20, Away, LAC, L, L, 11, U, 194.5, 0, 1676.0, 1765.0, 669.0, 1508.0, 115.0, 303.0, 223.0, 311.0, 198.0, 750.0, 442.0, 129.0, 76.0, 225.0, 341.0, 671.0, 1457.0, 131.0, 362.0, 292.0, 383.0, 195.0, 782.0, 449.0, 119.0, 102.0, 242.0, 288.0
68, 2013-03-21, Away, DEN, L, W, 14.5, U, 203.5, 1, 1661.0, 1790.0, 659.0, 1494.0, 119.0, 307.0, 224.0, 311.0, 192.0, 727.0, 440.0, 133.0, 78.0, 233.0, 341.0, 685.0, 1447.0, 135.0, 366.0, 285.0, 379.0, 191.0, 786.0, 453.0, 127.0, 102.0, 249.0, 287.0
69, 2013-03-24, Away, SAC, W, W, 3, O, 206.5, 0, 1671.0, 1784.0, 667.0, 1488.0, 117.0, 307.0, 220.0, 306.0, 183.0, 724.0, 440.0, 138.0, 83.0, 242.0, 345.0, 678.0, 1448.0, 134.0, 358.0, 294.0, 384.0, 191.0, 777.0, 442.0, 132.0, 103.0, 255.0, 290.0
70, 2013-03-25, Away, UTA, L, L, 7.5, O, 191, 1, 1696.0, 1793.0, 680.0, 1508.0, 121.0, 315.0, 215.0, 303.0, 189.0, 731.0, 453.0, 142.0, 83.0, 237.0, 338.0, 683.0, 1445.0, 139.0, 364.0, 288.0, 375.0, 184.0, 773.0, 439.0, 128.0, 96.0, 255.0, 284.0
71, 2013-03-27, Home, MIL, W, W, 1, U, 199, 0, 1700.0, 1806.0, 681.0, 1510.0, 121.0, 316.0, 217.0, 299.0, 193.0, 730.0, 444.0, 140.0, 83.0, 240.0, 326.0, 696.0, 1459.0, 141.0, 365.0, 273.0, 352.0, 188.0, 768.0, 440.0, 126.0, 101.0, 255.0, 284.0
72, 2013-03-29, Away, CLE, W, W, -2, U, 195, 0, 1710.0, 1784.0, 688.0, 1521.0, 118.0, 304.0, 216.0, 298.0, 200.0, 746.0, 447.0, 144.0, 83.0, 243.0, 325.0, 688.0, 1471.0, 138.0, 368.0, 270.0, 347.0, 197.0, 775.0, 431.0, 126.0, 102.0, 263.0, 283.0
73, 2013-03-30, Home, CHA, W, L, -10, U, 194.5, 1, 1714.0, 1772.0, 694.0, 1522.0, 121.0, 309.0, 205.0, 288.0, 201.0, 745.0, 455.0, 141.0, 87.0, 240.0, 316.0, 693.0, 1482.0, 134.0, 353.0, 252.0, 327.0, 197.0, 767.0, 438.0, 125.0, 105.0, 261.0, 280.0
74, 2013-04-03, Away, CHA, L, L, -5, U, 196, 0, 1730.0, 1766.0, 700.0, 1514.0, 119.0, 304.0, 211.0, 297.0, 200.0, 741.0, 457.0, 142.0, 87.0, 239.0, 325.0, 690.0, 1482.0, 131.0, 348.0, 255.0, 334.0, 199.0, 757.0, 427.0, 126.0, 105.0, 260.0, 284.0
75, 2013-04-05, Away, ATL, W, W, 6, U, 192.5, 0, 1731.0, 1761.0, 700.0, 1523.0, 119.0, 309.0, 212.0, 292.0, 207.0, 741.0, 457.0, 149.0, 80.0, 242.0, 317.0, 693.0, 1480.0, 132.0, 348.0, 243.0, 317.0, 197.0, 754.0, 430.0, 131.0, 95.0, 266.0, 285.0
76, 2013-04-06, Away, MIA, L, L, 7, O, 189.5, 1, 1728.0, 1754.0, 693.0, 1518.0, 116.0, 307.0, 226.0, 307.0, 207.0, 741.0, 452.0, 148.0, 79.0, 230.0, 318.0, 691.0, 1467.0, 127.0, 339.0, 245.0, 325.0, 192.0, 760.0, 431.0, 122.0, 96.0, 259.0, 290.0
77, 2013-04-09, Away, BRK, L, L, 8.5, U, 192, 0, 1728.0, 1770.0, 693.0, 1515.0, 116.0, 308.0, 226.0, 307.0, 210.0, 740.0, 444.0, 146.0, 78.0, 230.0, 313.0, 697.0, 1470.0, 135.0, 349.0, 241.0, 318.0, 190.0, 758.0, 433.0, 125.0, 92.0, 252.0, 286.0
78, 2013-04-10, Home, ATL, L, L, 3.5, O, 191, 1, 1710.0, 1765.0, 682.0, 1495.0, 118.0, 301.0, 228.0, 309.0, 199.0, 729.0, 436.0, 138.0, 77.0, 223.0, 312.0, 697.0, 1480.0, 129.0, 350.0, 242.0, 325.0, 202.0, 776.0, 415.0, 125.0, 94.0, 240.0, 286.0
79, 2013-04-12, Away, WAS, W, W, 5.5, U, 192, 0, 1715.0, 1782.0, 682.0, 1497.0, 119.0, 305.0, 232.0, 310.0, 196.0, 722.0, 427.0, 135.0, 75.0, 224.0, 314.0, 703.0, 1491.0, 126.0, 348.0, 250.0, 327.0, 204.0, 782.0, 421.0, 128.0, 91.0, 236.0, 286.0
80, 2013-04-14, Home, CLE, W, W, -5.5, U, 198.5, 0, 1719.0, 1766.0, 685.0, 1513.0, 116.0, 306.0, 233.0, 310.0, 201.0, 736.0, 434.0, 136.0, 75.0, 220.0, 307.0, 697.0, 1499.0, 119.0, 340.0, 253.0, 335.0, 207.0, 790.0, 419.0, 125.0, 91.0, 238.0, 290.0
81, 2013-04-15, Away, DET, L, L, 3.5, O, 193, 1, 1719.0, 1744.0, 683.0, 1513.0, 119.0, 315.0, 234.0, 311.0, 203.0, 737.0, 435.0, 136.0, 78.0, 220.0, 306.0, 687.0, 1501.0, 112.0, 329.0, 258.0, 343.0, 215.0, 798.0, 413.0, 126.0, 88.0, 241.0, 288.0
82, 2013-04-17, Away, IND, W, W, 2.5, O, 186.5, 0, 1714.0, 1756.0, 682.0, 1524.0, 117.0, 322.0, 233.0, 305.0, 207.0, 741.0, 429.0, 141.0, 79.0, 226.0, 306.0, 688.0, 1503.0, 115.0, 335.0, 265.0, 349.0, 216.0, 801.0, 408.0, 130.0, 88.0, 244.0, 290.0
