21, 2013-12-13, Home, PHI, W, W, -7, O, 202, 0, 1960.0, 1986.0, 710.0, 1655.0, 145.0, 434.0, 395.0, 505.0, 246.0, 848.0, 353.0, 141.0, 89.0, 281.0, 457.0, 749.0, 1607.0, 155.0, 424.0, 333.0, 456.0, 200.0, 827.0, 460.0, 141.0, 101.0, 310.0, 453.0
22, 2013-12-14, Away, CHI, W, W, 3.5, U, 187.5, 1, 1975.0, 1999.0, 711.0, 1651.0, 150.0, 442.0, 403.0, 506.0, 237.0, 847.0, 362.0, 140.0, 88.0, 279.0, 451.0, 754.0, 1625.0, 161.0, 434.0, 330.0, 448.0, 205.0, 836.0, 464.0, 138.0, 99.0, 305.0, 444.0
23, 2013-12-18, Home, CHA, L, L, -7, O, 190.5, 0, 1979.0, 1974.0, 711.0, 1646.0, 148.0, 434.0, 409.0, 510.0, 234.0, 848.0, 373.0, 140.0, 93.0, 278.0, 443.0, 749.0, 1634.0, 157.0, 429.0, 319.0, 429.0, 208.0, 840.0, 459.0, 136.0, 105.0, 307.0, 452.0
24, 2013-12-20, Away, DAL, W, W, 6.5, O, 203, 0, 1984.0, 1988.0, 721.0, 1664.0, 147.0, 437.0, 395.0, 492.0, 232.0, 838.0, 376.0, 144.0, 97.0, 276.0, 449.0, 749.0, 1631.0, 159.0, 427.0, 331.0, 445.0, 209.0, 842.0, 452.0, 136.0, 101.0, 314.0, 450.0
25, 2013-12-22, Away, OKC, W, W, 10.5, U, 207, 0, 1998.0, 1992.0, 732.0, 1683.0, 152.0, 437.0, 382.0, 477.0, 233.0, 844.0, 378.0, 149.0, 99.0, 276.0, 442.0, 754.0, 1639.0, 159.0, 425.0, 325.0, 441.0, 210.0, 849.0, 452.0, 142.0, 100.0, 318.0, 440.0
26, 2013-12-23, Away, SAS, L, L, 11.5, O, 203, 1, 2012.0, 1998.0, 733.0, 1695.0, 153.0, 441.0, 393.0, 491.0, 234.0, 848.0, 382.0, 154.0, 98.0, 277.0, 444.0, 746.0, 1642.0, 163.0, 433.0, 343.0, 447.0, 213.0, 859.0, 445.0, 144.0, 99.0, 329.0, 449.0
27, 2013-12-27, Away, NYK, W, W, -3, U, 193.5, 0, 2027.0, 2019.0, 738.0, 1695.0, 154.0, 444.0, 397.0, 500.0, 230.0, 846.0, 387.0, 151.0, 97.0, 275.0, 443.0, 751.0, 1655.0, 166.0, 435.0, 351.0, 458.0, 220.0, 871.0, 452.0, 146.0, 100.0, 327.0, 452.0
28, 2013-12-28, Home, NYK, W, W, -6.5, O, 190.5, 1, 2007.0, 2011.0, 729.0, 1685.0, 154.0, 447.0, 395.0, 504.0, 232.0, 856.0, 385.0, 149.0, 97.0, 279.0, 443.0, 747.0, 1657.0, 173.0, 436.0, 344.0, 455.0, 221.0, 876.0, 451.0, 150.0, 100.0, 329.0, 457.0
29, 2013-12-31, Away, CHI, W, W, 1, U, 187, 0, 2018.0, 2001.0, 727.0, 1651.0, 161.0, 454.0, 403.0, 511.0, 225.0, 850.0, 398.0, 145.0, 96.0, 280.0, 427.0, 749.0, 1653.0, 173.0, 431.0, 330.0, 428.0, 215.0, 854.0, 453.0, 153.0, 90.0, 320.0, 453.0
30, 2014-01-01, Home, IND, W, W, 5.5, U, 190, 1, 2000.0, 1993.0, 725.0, 1653.0, 157.0, 453.0, 393.0, 503.0, 223.0, 857.0, 400.0, 138.0, 96.0, 282.0, 428.0, 744.0, 1653.0, 169.0, 419.0, 336.0, 432.0, 213.0, 859.0, 446.0, 152.0, 89.0, 318.0, 450.0
31, 2014-01-03, Away, WAS, W, W, 3.5, U, 194, 0, 2015.0, 1979.0, 730.0, 1649.0, 159.0, 451.0, 396.0, 504.0, 221.0, 853.0, 408.0, 142.0, 94.0, 283.0, 425.0, 740.0, 1647.0, 167.0, 417.0, 332.0, 433.0, 209.0, 847.0, 441.0, 154.0, 87.0, 325.0, 456.0
32, 2014-01-05, Away, MIA, L, W, 6.5, U, 201, 0, 2006.0, 1949.0, 728.0, 1634.0, 167.0, 456.0, 383.0, 486.0, 216.0, 835.0, 420.0, 144.0, 95.0, 279.0, 422.0, 730.0, 1630.0, 156.0, 397.0, 333.0, 430.0, 210.0, 843.0, 435.0, 156.0, 83.0, 327.0, 445.0
33, 2014-01-07, Away, IND, L, W, 9, U, 187, 0, 1995.0, 1953.0, 731.0, 1625.0, 160.0, 449.0, 373.0, 479.0, 214.0, 828.0, 420.0, 142.0, 93.0, 282.0, 422.0, 734.0, 1635.0, 152.0, 388.0, 333.0, 426.0, 215.0, 835.0, 432.0, 159.0, 81.0, 317.0, 446.0
34, 2014-01-08, Home, DET, W, W, -6, O, 199, 1, 1978.0, 1951.0, 724.0, 1628.0, 160.0, 450.0, 370.0, 474.0, 206.0, 818.0, 416.0, 144.0, 89.0, 277.0, 427.0, 730.0, 1624.0, 147.0, 382.0, 344.0, 439.0, 217.0, 849.0, 432.0, 158.0, 85.0, 318.0, 443.0
35, 2014-01-11, Home, BRK, W, W, -9, U, 188.5, 0, 1990.0, 1940.0, 725.0, 1636.0, 160.0, 455.0, 380.0, 486.0, 209.0, 839.0, 423.0, 145.0, 98.0, 274.0, 433.0, 725.0, 1633.0, 147.0, 384.0, 343.0, 452.0, 217.0, 857.0, 427.0, 158.0, 87.0, 318.0, 451.0
36, 2014-01-13, Home, MIL, W, W, -10.5, O, 187.5, 0, 2003.0, 1930.0, 729.0, 1642.0, 163.0, 450.0, 382.0, 482.0, 215.0, 845.0, 423.0, 145.0, 99.0, 269.0, 436.0, 719.0, 1632.0, 146.0, 387.0, 346.0, 457.0, 223.0, 860.0, 417.0, 155.0, 93.0, 313.0, 447.0
37, 2014-01-15, Away, BOS, L, L, -4, U, 193, 0, 2021.0, 1912.0, 734.0, 1634.0, 167.0, 451.0, 386.0, 486.0, 217.0, 849.0, 431.0, 146.0, 96.0, 270.0, 439.0, 710.0, 1628.0, 145.0, 383.0, 347.0, 460.0, 224.0, 853.0, 411.0, 153.0, 94.0, 314.0, 446.0
38, 2014-01-17, Home, MIN, W, W, -1, U, 205, 0, 2001.0, 1888.0, 724.0, 1635.0, 170.0, 455.0, 383.0, 493.0, 221.0, 855.0, 436.0, 145.0, 97.0, 265.0, 443.0, 699.0, 1633.0, 137.0, 371.0, 353.0, 471.0, 234.0, 875.0, 406.0, 149.0, 95.0, 311.0, 452.0
39, 2014-01-19, Home, LAL, L, L, -9, O, 204, 0, 1998.0, 1871.0, 723.0, 1626.0, 176.0, 460.0, 376.0, 488.0, 222.0, 862.0, 447.0, 144.0, 94.0, 268.0, 438.0, 698.0, 1633.0, 131.0, 366.0, 344.0, 459.0, 228.0, 866.0, 406.0, 149.0, 94.0, 305.0, 446.0
40, 2014-01-20, Away, CHA, L, L, -4, O, 185, 1, 1998.0, 1889.0, 727.0, 1634.0, 181.0, 464.0, 363.0, 474.0, 229.0, 871.0, 458.0, 139.0, 94.0, 270.0, 441.0, 701.0, 1634.0, 134.0, 360.0, 353.0, 467.0, 226.0, 857.0, 404.0, 148.0, 93.0, 295.0, 436.0
41, 2014-01-22, Home, DAL, W, W, -3, U, 200, 0, 1990.0, 1873.0, 728.0, 1646.0, 181.0, 470.0, 353.0, 465.0, 235.0, 884.0, 454.0, 141.0, 94.0, 265.0, 447.0, 688.0, 1617.0, 130.0, 353.0, 367.0, 484.0, 220.0, 861.0, 402.0, 146.0, 95.0, 294.0, 427.0
42, 2014-01-24, Away, PHI, W, W, -6.5, U, 204, 0, 1975.0, 1858.0, 721.0, 1640.0, 178.0, 468.0, 355.0, 473.0, 234.0, 877.0, 450.0, 144.0, 90.0, 263.0, 447.0, 685.0, 1606.0, 128.0, 350.0, 360.0, 477.0, 215.0, 852.0, 405.0, 144.0, 91.0, 298.0, 433.0
43, 2014-01-25, Home, LAC, L, L, -1, O, 198.5, 1, 1980.0, 1876.0, 721.0, 1641.0, 181.0, 473.0, 357.0, 477.0, 240.0, 887.0, 452.0, 143.0, 85.0, 267.0, 452.0, 692.0, 1609.0, 128.0, 352.0, 364.0, 481.0, 215.0, 853.0, 409.0, 147.0, 84.0, 293.0, 431.0
44, 2014-01-27, Away, BRK, W, W, 4, O, 190.5, 0, 1996.0, 1898.0, 716.0, 1619.0, 189.0, 476.0, 375.0, 495.0, 239.0, 879.0, 454.0, 137.0, 82.0, 266.0, 446.0, 701.0, 1612.0, 132.0, 359.0, 364.0, 472.0, 216.0, 845.0, 411.0, 150.0, 84.0, 279.0, 430.0
45, 2014-01-29, Home, ORL, W, W, -9.5, U, 194.5, 0, 1991.0, 1893.0, 711.0, 1607.0, 187.0, 477.0, 382.0, 503.0, 235.0, 876.0, 458.0, 136.0, 82.0, 269.0, 450.0, 692.0, 1598.0, 133.0, 362.0, 376.0, 484.0, 210.0, 836.0, 402.0, 147.0, 85.0, 281.0, 433.0
46, 2014-01-31, Away, DEN, W, W, -1, U, 203.5, 0, 1985.0, 1878.0, 712.0, 1603.0, 193.0, 488.0, 368.0, 487.0, 236.0, 888.0, 462.0, 134.0, 83.0, 270.0, 441.0, 692.0, 1606.0, 132.0, 358.0, 362.0, 474.0, 207.0, 828.0, 402.0, 150.0, 83.0, 268.0, 419.0
47, 2014-02-01, Away, POR, L, W, 7.5, O, 205.5, 1, 1986.0, 1856.0, 712.0, 1607.0, 194.0, 488.0, 368.0, 482.0, 234.0, 888.0, 465.0, 140.0, 85.0, 271.0, 438.0, 687.0, 1595.0, 131.0, 356.0, 351.0, 461.0, 203.0, 827.0, 402.0, 152.0, 82.0, 280.0, 416.0
48, 2014-02-03, Away, UTA, W, W, -5, U, 192, 0, 1994.0, 1879.0, 721.0, 1621.0, 190.0, 480.0, 362.0, 474.0, 228.0, 876.0, 471.0, 136.0, 84.0, 267.0, 448.0, 692.0, 1592.0, 129.0, 355.0, 366.0, 475.0, 201.0, 827.0, 403.0, 146.0, 80.0, 278.0, 411.0
49, 2014-02-05, Away, SAC, L, L, 1, O, 200, 0, 1973.0, 1858.0, 722.0, 1625.0, 181.0, 469.0, 348.0, 456.0, 230.0, 875.0, 469.0, 135.0, 83.0, 259.0, 443.0, 685.0, 1590.0, 125.0, 351.0, 363.0, 468.0, 205.0, 829.0, 390.0, 139.0, 81.0, 275.0, 401.0
50, 2014-02-07, Away, LAC, L, L, 5.5, O, 205.5, 0, 1989.0, 1888.0, 729.0, 1640.0, 187.0, 480.0, 344.0, 449.0, 239.0, 875.0, 478.0, 137.0, 83.0, 261.0, 456.0, 687.0, 1589.0, 127.0, 354.0, 387.0, 498.0, 211.0, 825.0, 388.0, 144.0, 81.0, 270.0, 403.0
51, 2014-02-10, Home, NOP, W, P, -7, O, 194, 0, 1999.0, 1924.0, 729.0, 1647.0, 187.0, 487.0, 354.0, 466.0, 246.0, 880.0, 473.0, 132.0, 81.0, 253.0, 473.0, 691.0, 1586.0, 131.0, 364.0, 411.0, 532.0, 214.0, 834.0, 397.0, 142.0, 82.0, 260.0, 404.0
52, 2014-02-12, Home, ATL, W, W, -6.5, U, 203.5, 0, 2006.0, 1937.0, 725.0, 1644.0, 186.0, 489.0, 370.0, 486.0, 245.0, 883.0, 466.0, 130.0, 80.0, 252.0, 473.0, 696.0, 1581.0, 133.0, 364.0, 412.0, 541.0, 207.0, 828.0, 399.0, 143.0, 84.0, 257.0, 416.0
53, 2014-02-18, Away, WAS, W, W, 2.5, U, 196.5, 0, 2013.0, 1918.0, 724.0, 1661.0, 190.0, 500.0, 375.0, 487.0, 253.0, 896.0, 464.0, 133.0, 76.0, 246.0, 469.0, 688.0, 1578.0, 134.0, 373.0, 408.0, 537.0, 201.0, 831.0, 406.0, 140.0, 82.0, 262.0, 413.0
54, 2014-02-19, Home, CHI, L, L, -3, O, 182.5, 1, 2037.0, 1925.0, 736.0, 1654.0, 192.0, 497.0, 373.0, 484.0, 250.0, 889.0, 471.0, 135.0, 77.0, 252.0, 469.0, 694.0, 1584.0, 137.0, 377.0, 400.0, 532.0, 206.0, 818.0, 410.0, 143.0, 77.0, 263.0, 413.0
55, 2014-02-21, Home, CLE, W, L, -8, U, 196, 0, 2017.0, 1928.0, 736.0, 1651.0, 184.0, 483.0, 361.0, 473.0, 250.0, 867.0, 462.0, 137.0, 71.0, 250.0, 463.0, 696.0, 1570.0, 140.0, 373.0, 396.0, 517.0, 203.0, 809.0, 415.0, 140.0, 80.0, 264.0, 411.0
56, 2014-02-23, Home, ORL, W, W, -11, O, 194.5, 0, 2019.0, 1939.0, 744.0, 1665.0, 180.0, 479.0, 351.0, 458.0, 246.0, 860.0, 469.0, 137.0, 69.0, 246.0, 465.0, 698.0, 1577.0, 138.0, 368.0, 405.0, 528.0, 211.0, 817.0, 422.0, 138.0, 78.0, 264.0, 403.0
57, 2014-02-25, Away, CLE, W, W, -4, U, 193, 0, 2008.0, 1935.0, 738.0, 1651.0, 177.0, 473.0, 355.0, 464.0, 239.0, 864.0, 466.0, 132.0, 70.0, 255.0, 464.0, 699.0, 1581.0, 134.0, 363.0, 403.0, 523.0, 205.0, 809.0, 419.0, 144.0, 73.0, 257.0, 407.0
58, 2014-02-27, Home, WAS, L, L, -4.5, O, 197.5, 0, 2024.0, 1940.0, 743.0, 1652.0, 176.0, 481.0, 362.0, 463.0, 236.0, 859.0, 471.0, 132.0, 73.0, 256.0, 456.0, 704.0, 1581.0, 135.0, 363.0, 397.0, 511.0, 200.0, 794.0, 421.0, 143.0, 71.0, 260.0, 406.0
59, 2014-03-02, Home, GSW, W, W, 2.5, U, 202.5, 0, 2059.0, 1985.0, 754.0, 1674.0, 177.0, 487.0, 374.0, 479.0, 235.0, 866.0, 474.0, 136.0, 76.0, 262.0, 470.0, 719.0, 1607.0, 137.0, 367.0, 410.0, 528.0, 206.0, 807.0, 427.0, 149.0, 75.0, 264.0, 417.0
60, 2014-03-07, Home, SAC, W, W, -6.5, U, 205, 0, 2057.0, 1971.0, 748.0, 1663.0, 176.0, 479.0, 385.0, 491.0, 231.0, 858.0, 472.0, 136.0, 75.0, 258.0, 467.0, 719.0, 1615.0, 133.0, 368.0, 400.0, 520.0, 216.0, 817.0, 432.0, 148.0, 78.0, 268.0, 426.0
61, 2014-03-09, Away, MIN, W, W, 5.5, O, 208.5, 0, 2061.0, 1958.0, 743.0, 1641.0, 176.0, 471.0, 399.0, 509.0, 220.0, 844.0, 474.0, 137.0, 78.0, 258.0, 472.0, 717.0, 1622.0, 129.0, 371.0, 395.0, 524.0, 223.0, 816.0, 418.0, 151.0, 75.0, 272.0, 440.0
62, 2014-03-10, Away, BRK, L, L, 3, O, 197.5, 1, 2079.0, 1977.0, 748.0, 1641.0, 183.0, 472.0, 400.0, 508.0, 223.0, 852.0, 476.0, 129.0, 83.0, 264.0, 480.0, 724.0, 1644.0, 129.0, 370.0, 400.0, 530.0, 232.0, 821.0, 421.0, 155.0, 76.0, 260.0, 441.0
63, 2014-03-12, Home, DET, W, W, -8.5, U, 206.5, 0, 2072.0, 1983.0, 743.0, 1628.0, 181.0, 475.0, 405.0, 510.0, 217.0, 836.0, 467.0, 132.0, 83.0, 261.0, 480.0, 720.0, 1625.0, 134.0, 370.0, 409.0, 545.0, 230.0, 809.0, 413.0, 156.0, 76.0, 264.0, 450.0
64, 2014-03-14, Home, MEM, W, W, 1, U, 186.5, 0, 2055.0, 1944.0, 744.0, 1642.0, 175.0, 466.0, 392.0, 497.0, 217.0, 848.0, 462.0, 137.0, 85.0, 263.0, 478.0, 708.0, 1619.0, 131.0, 370.0, 397.0, 544.0, 231.0, 816.0, 408.0, 154.0, 78.0, 274.0, 444.0
65, 2014-03-16, Home, PHO, L, L, -4, O, 204, 0, 2050.0, 1927.0, 743.0, 1634.0, 175.0, 461.0, 389.0, 493.0, 215.0, 841.0, 464.0, 138.0, 83.0, 261.0, 482.0, 704.0, 1616.0, 122.0, 354.0, 397.0, 549.0, 238.0, 815.0, 402.0, 151.0, 80.0, 273.0, 441.0
66, 2014-03-18, Away, ATL, L, L, -3, O, 201, 0, 2065.0, 1965.0, 748.0, 1632.0, 168.0, 453.0, 401.0, 505.0, 206.0, 813.0, 465.0, 145.0, 83.0, 258.0, 489.0, 714.0, 1607.0, 127.0, 358.0, 410.0, 561.0, 240.0, 821.0, 402.0, 146.0, 79.0, 288.0, 450.0
67, 2014-03-19, Away, NOP, W, W, -2.5, O, 194, 1, 2078.0, 1993.0, 751.0, 1628.0, 167.0, 456.0, 409.0, 514.0, 205.0, 823.0, 462.0, 137.0, 79.0, 259.0, 502.0, 718.0, 1621.0, 130.0, 371.0, 427.0, 578.0, 238.0, 812.0, 399.0, 146.0, 73.0, 270.0, 455.0
68, 2014-03-21, Home, OKC, L, W, 3, O, 205, 0, 2082.0, 1987.0, 747.0, 1627.0, 170.0, 458.0, 418.0, 521.0, 218.0, 833.0, 455.0, 143.0, 81.0, 258.0, 492.0, 719.0, 1612.0, 126.0, 366.0, 423.0, 575.0, 232.0, 804.0, 395.0, 145.0, 76.0, 268.0, 456.0
69, 2014-03-23, Home, ATL, W, W, -7.5, U, 202, 0, 2106.0, 2027.0, 751.0, 1644.0, 172.0, 466.0, 432.0, 538.0, 217.0, 846.0, 451.0, 146.0, 86.0, 270.0, 507.0, 725.0, 1632.0, 135.0, 385.0, 442.0, 600.0, 230.0, 812.0, 403.0, 151.0, 75.0, 271.0, 470.0
70, 2014-03-25, Away, CLE, L, L, -4.5, O, 193, 0, 2101.0, 2004.0, 749.0, 1640.0, 170.0, 465.0, 433.0, 542.0, 213.0, 847.0, 443.0, 151.0, 84.0, 269.0, 491.0, 726.0, 1627.0, 136.0, 393.0, 416.0, 569.0, 223.0, 809.0, 405.0, 154.0, 73.0, 277.0, 466.0
71, 2014-03-26, Away, BOS, W, W, -3.5, U, 196, 1, 2096.0, 1988.0, 750.0, 1643.0, 177.0, 471.0, 419.0, 528.0, 210.0, 841.0, 451.0, 150.0, 85.0, 267.0, 480.0, 726.0, 1626.0, 131.0, 382.0, 405.0, 548.0, 223.0, 813.0, 407.0, 154.0, 78.0, 279.0, 460.0
72, 2014-03-28, Home, BOS, W, L, -9.5, O, 194.5, 0, 2087.0, 1977.0, 750.0, 1647.0, 178.0, 470.0, 409.0, 513.0, 212.0, 853.0, 446.0, 148.0, 85.0, 272.0, 481.0, 719.0, 1628.0, 134.0, 392.0, 405.0, 544.0, 222.0, 813.0, 409.0, 154.0, 79.0, 274.0, 450.0
73, 2014-03-30, Away, ORL, W, P, -5, U, 194, 0, 2088.0, 1997.0, 752.0, 1639.0, 172.0, 457.0, 412.0, 513.0, 209.0, 842.0, 447.0, 150.0, 87.0, 275.0, 480.0, 729.0, 1626.0, 136.0, 390.0, 403.0, 541.0, 222.0, 802.0, 407.0, 156.0, 81.0, 275.0, 450.0
74, 2014-03-31, Away, MIA, L, L, 6, U, 191.5, 1, 2083.0, 1997.0, 743.0, 1638.0, 171.0, 460.0, 426.0, 525.0, 215.0, 843.0, 435.0, 150.0, 84.0, 274.0, 469.0, 729.0, 1614.0, 139.0, 394.0, 400.0, 534.0, 212.0, 795.0, 410.0, 154.0, 82.0, 277.0, 454.0
75, 2014-04-02, Home, HOU, W, W, -1.5, O, 202.5, 0, 2074.0, 1996.0, 743.0, 1625.0, 176.0, 469.0, 412.0, 512.0, 208.0, 840.0, 436.0, 150.0, 81.0, 278.0, 470.0, 727.0, 1608.0, 139.0, 407.0, 403.0, 536.0, 210.0, 793.0, 404.0, 155.0, 76.0, 276.0, 444.0
76, 2014-04-04, Home, IND, W, W, 1.5, O, 179, 0, 2083.0, 2008.0, 737.0, 1607.0, 179.0, 473.0, 430.0, 538.0, 199.0, 834.0, 433.0, 149.0, 80.0, 283.0, 472.0, 731.0, 1613.0, 142.0, 413.0, 404.0, 537.0, 203.0, 793.0, 402.0, 158.0, 69.0, 277.0, 456.0
77, 2014-04-05, Away, MIL, W, L, -6.5, O, 196, 1, 2080.0, 2012.0, 743.0, 1626.0, 180.0, 478.0, 414.0, 518.0, 199.0, 826.0, 433.0, 151.0, 81.0, 271.0, 470.0, 728.0, 1604.0, 143.0, 410.0, 413.0, 548.0, 202.0, 800.0, 401.0, 150.0, 70.0, 278.0, 450.0
78, 2014-04-09, Home, PHI, W, L, -13.5, O, 207.5, 0, 2083.0, 2017.0, 744.0, 1628.0, 182.0, 473.0, 413.0, 516.0, 201.0, 826.0, 426.0, 151.0, 77.0, 266.0, 471.0, 732.0, 1599.0, 139.0, 402.0, 414.0, 551.0, 200.0, 794.0, 405.0, 149.0, 74.0, 275.0, 450.0
79, 2014-04-11, Home, NYK, L, L, -5.5, O, 194, 0, 2079.0, 1997.0, 740.0, 1610.0, 182.0, 468.0, 417.0, 517.0, 200.0, 811.0, 422.0, 143.0, 79.0, 256.0, 452.0, 725.0, 1576.0, 142.0, 401.0, 405.0, 535.0, 191.0, 773.0, 403.0, 141.0, 72.0, 269.0, 443.0
80, 2014-04-13, Away, DET, W, W, -6.5, O, 205.5, 0, 2075.0, 2007.0, 732.0, 1607.0, 189.0, 479.0, 422.0, 525.0, 205.0, 814.0, 410.0, 139.0, 80.0, 261.0, 458.0, 723.0, 1561.0, 140.0, 402.0, 421.0, 551.0, 182.0, 771.0, 394.0, 142.0, 70.0, 264.0, 445.0
81, 2014-04-14, Home, MIL, W, P, -10, O, 204.5, 1, 2092.0, 2027.0, 737.0, 1615.0, 188.0, 481.0, 430.0, 532.0, 207.0, 817.0, 411.0, 138.0, 80.0, 258.0, 464.0, 728.0, 1573.0, 140.0, 403.0, 431.0, 562.0, 194.0, 787.0, 405.0, 139.0, 72.0, 261.0, 451.0
82, 2014-04-16, Away, NYK, L, L, -6, U, 198.5, 0, 2091.0, 2023.0, 738.0, 1620.0, 188.0, 489.0, 427.0, 527.0, 210.0, 815.0, 414.0, 146.0, 74.0, 252.0, 459.0, 725.0, 1551.0, 139.0, 394.0, 434.0, 568.0, 184.0, 781.0, 401.0, 137.0, 73.0, 268.0, 447.0
