14, 2013-11-26, Home, BRK, L, L, -6.5, O, 191, 0, 1270.0, 1254.0, 460.0, 1088.0, 91.0, 268.0, 259.0, 338.0, 176.0, 579.0, 227.0, 91.0, 63.0, 182.0, 308.0, 474.0, 1045.0, 89.0, 262.0, 217.0, 309.0, 129.0, 540.0, 287.0, 84.0, 76.0, 200.0, 299.0
15, 2013-11-29, Home, MIA, L, L, 6, U, 196, 0, 1277.0, 1269.0, 456.0, 1080.0, 97.0, 277.0, 268.0, 337.0, 166.0, 565.0, 230.0, 86.0, 58.0, 180.0, 307.0, 481.0, 1056.0, 90.0, 263.0, 217.0, 302.0, 133.0, 546.0, 297.0, 81.0, 72.0, 193.0, 290.0
16, 2013-12-01, Home, DEN, L, L, -2, O, 202.5, 0, 1265.0, 1257.0, 444.0, 1065.0, 98.0, 284.0, 279.0, 355.0, 166.0, 566.0, 231.0, 89.0, 57.0, 185.0, 300.0, 481.0, 1055.0, 89.0, 262.0, 206.0, 284.0, 129.0, 545.0, 297.0, 84.0, 73.0, 199.0, 308.0
17, 2013-12-03, Away, GSW, L, L, 8, O, 202, 0, 1266.0, 1279.0, 448.0, 1074.0, 99.0, 283.0, 271.0, 343.0, 162.0, 548.0, 230.0, 91.0, 63.0, 181.0, 298.0, 488.0, 1058.0, 93.0, 268.0, 210.0, 285.0, 137.0, 554.0, 301.0, 87.0, 74.0, 201.0, 304.0
18, 2013-12-06, Away, PHO, L, L, 3.5, O, 199.5, 0, 1274.0, 1287.0, 457.0, 1079.0, 101.0, 282.0, 259.0, 328.0, 158.0, 546.0, 232.0, 93.0, 64.0, 184.0, 302.0, 487.0, 1054.0, 95.0, 274.0, 218.0, 296.0, 136.0, 552.0, 297.0, 91.0, 72.0, 202.0, 293.0
19, 2013-12-08, Away, LAL, W, W, 6, U, 203, 0, 1281.0, 1301.0, 457.0, 1087.0, 99.0, 285.0, 268.0, 338.0, 158.0, 544.0, 229.0, 98.0, 66.0, 180.0, 301.0, 488.0, 1063.0, 101.0, 282.0, 224.0, 298.0, 144.0, 568.0, 289.0, 90.0, 68.0, 210.0, 301.0
20, 2013-12-10, Home, SAS, L, L, 8.5, O, 199, 0, 1303.0, 1304.0, 465.0, 1088.0, 97.0, 293.0, 276.0, 347.0, 149.0, 540.0, 232.0, 102.0, 64.0, 176.0, 297.0, 486.0, 1064.0, 104.0, 289.0, 228.0, 302.0, 143.0, 570.0, 291.0, 92.0, 65.0, 214.0, 305.0
21, 2013-12-13, Home, PHI, W, W, -7, O, 202, 0, 1291.0, 1329.0, 463.0, 1088.0, 97.0, 291.0, 268.0, 337.0, 147.0, 538.0, 232.0, 100.0, 63.0, 181.0, 295.0, 497.0, 1069.0, 114.0, 294.0, 221.0, 294.0, 139.0, 569.0, 301.0, 93.0, 63.0, 214.0, 299.0
22, 2013-12-14, Away, CHI, W, W, 3.5, U, 187.5, 1, 1295.0, 1319.0, 464.0, 1056.0, 99.0, 291.0, 268.0, 334.0, 137.0, 534.0, 246.0, 96.0, 63.0, 183.0, 276.0, 497.0, 1069.0, 116.0, 291.0, 209.0, 268.0, 138.0, 552.0, 299.0, 92.0, 54.0, 208.0, 287.0
23, 2013-12-18, Home, CHA, L, L, -7, O, 190.5, 0, 1291.0, 1309.0, 473.0, 1072.0, 96.0, 291.0, 249.0, 313.0, 135.0, 540.0, 258.0, 89.0, 68.0, 181.0, 272.0, 493.0, 1073.0, 116.0, 288.0, 207.0, 263.0, 137.0, 553.0, 294.0, 91.0, 58.0, 206.0, 283.0
24, 2013-12-20, Away, DAL, W, W, 6.5, O, 203, 0, 1313.0, 1317.0, 485.0, 1086.0, 97.0, 296.0, 246.0, 311.0, 140.0, 547.0, 261.0, 91.0, 66.0, 180.0, 279.0, 494.0, 1074.0, 117.0, 287.0, 212.0, 278.0, 133.0, 545.0, 291.0, 92.0, 54.0, 211.0, 286.0
25, 2013-12-22, Away, OKC, W, W, 10.5, U, 207, 0, 1312.0, 1307.0, 485.0, 1083.0, 105.0, 300.0, 237.0, 298.0, 139.0, 542.0, 261.0, 94.0, 66.0, 179.0, 270.0, 496.0, 1066.0, 112.0, 276.0, 203.0, 268.0, 129.0, 544.0, 297.0, 100.0, 51.0, 211.0, 278.0
26, 2013-12-23, Away, SAS, L, L, 11.5, O, 203, 1, 1308.0, 1307.0, 485.0, 1088.0, 99.0, 291.0, 239.0, 299.0, 142.0, 543.0, 259.0, 94.0, 59.0, 182.0, 276.0, 490.0, 1066.0, 112.0, 279.0, 215.0, 273.0, 133.0, 541.0, 294.0, 102.0, 54.0, 210.0, 283.0
27, 2013-12-27, Away, NYK, W, W, -3, U, 193.5, 0, 1311.0, 1331.0, 485.0, 1091.0, 101.0, 294.0, 240.0, 301.0, 140.0, 537.0, 258.0, 93.0, 56.0, 181.0, 277.0, 495.0, 1071.0, 115.0, 285.0, 226.0, 287.0, 140.0, 552.0, 304.0, 103.0, 57.0, 209.0, 283.0
28, 2013-12-28, Home, NYK, W, W, -6.5, O, 190.5, 1, 1306.0, 1312.0, 482.0, 1086.0, 100.0, 296.0, 242.0, 312.0, 146.0, 553.0, 261.0, 95.0, 59.0, 182.0, 273.0, 486.0, 1073.0, 121.0, 290.0, 219.0, 286.0, 142.0, 555.0, 298.0, 107.0, 59.0, 210.0, 294.0
29, 2013-12-31, Away, CHI, W, W, 1, U, 187, 0, 1338.0, 1322.0, 490.0, 1093.0, 107.0, 298.0, 251.0, 314.0, 149.0, 555.0, 268.0, 95.0, 58.0, 179.0, 277.0, 489.0, 1077.0, 119.0, 289.0, 225.0, 293.0, 146.0, 556.0, 297.0, 108.0, 59.0, 205.0, 290.0
30, 2014-01-01, Home, IND, W, W, 5.5, U, 190, 1, 1325.0, 1289.0, 484.0, 1075.0, 103.0, 290.0, 254.0, 319.0, 142.0, 557.0, 266.0, 92.0, 58.0, 181.0, 279.0, 475.0, 1072.0, 111.0, 275.0, 228.0, 295.0, 141.0, 554.0, 285.0, 103.0, 57.0, 205.0, 289.0
31, 2014-01-03, Away, WAS, W, W, 3.5, U, 194, 0, 1317.0, 1259.0, 478.0, 1076.0, 102.0, 289.0, 259.0, 324.0, 142.0, 558.0, 276.0, 98.0, 60.0, 180.0, 272.0, 467.0, 1067.0, 104.0, 260.0, 221.0, 290.0, 139.0, 554.0, 274.0, 100.0, 58.0, 215.0, 300.0
32, 2014-01-05, Away, MIA, L, W, 6.5, U, 201, 0, 1321.0, 1241.0, 483.0, 1068.0, 108.0, 292.0, 247.0, 312.0, 141.0, 555.0, 290.0, 99.0, 59.0, 184.0, 266.0, 464.0, 1067.0, 99.0, 249.0, 214.0, 275.0, 137.0, 543.0, 277.0, 103.0, 56.0, 216.0, 287.0
33, 2014-01-07, Away, IND, L, W, 9, U, 187, 0, 1312.0, 1249.0, 482.0, 1063.0, 111.0, 288.0, 237.0, 308.0, 142.0, 551.0, 295.0, 93.0, 62.0, 186.0, 271.0, 468.0, 1069.0, 93.0, 232.0, 220.0, 282.0, 143.0, 545.0, 272.0, 104.0, 55.0, 207.0, 288.0
34, 2014-01-08, Home, DET, W, W, -6, O, 199, 1, 1288.0, 1219.0, 474.0, 1061.0, 106.0, 284.0, 234.0, 307.0, 136.0, 549.0, 290.0, 94.0, 63.0, 178.0, 278.0, 455.0, 1062.0, 81.0, 220.0, 228.0, 292.0, 146.0, 562.0, 259.0, 101.0, 60.0, 208.0, 289.0
35, 2014-01-11, Home, BRK, W, W, -9, U, 188.5, 0, 1292.0, 1210.0, 470.0, 1065.0, 107.0, 290.0, 245.0, 317.0, 138.0, 557.0, 291.0, 91.0, 68.0, 175.0, 289.0, 452.0, 1064.0, 76.0, 213.0, 230.0, 306.0, 145.0, 567.0, 260.0, 101.0, 60.0, 206.0, 297.0
36, 2014-01-13, Home, MIL, W, W, -10.5, O, 187.5, 0, 1289.0, 1213.0, 462.0, 1061.0, 113.0, 300.0, 252.0, 327.0, 147.0, 563.0, 281.0, 94.0, 63.0, 176.0, 293.0, 451.0, 1053.0, 78.0, 220.0, 233.0, 312.0, 144.0, 565.0, 255.0, 103.0, 61.0, 205.0, 303.0
37, 2014-01-15, Away, BOS, L, L, -4, U, 193, 0, 1303.0, 1203.0, 461.0, 1044.0, 119.0, 297.0, 262.0, 337.0, 147.0, 559.0, 285.0, 93.0, 62.0, 175.0, 288.0, 449.0, 1055.0, 79.0, 224.0, 226.0, 300.0, 152.0, 565.0, 260.0, 104.0, 67.0, 201.0, 300.0
38, 2014-01-17, Home, MIN, W, W, -1, U, 205, 0, 1277.0, 1183.0, 449.0, 1031.0, 119.0, 300.0, 260.0, 344.0, 146.0, 557.0, 290.0, 89.0, 62.0, 173.0, 303.0, 432.0, 1048.0, 73.0, 220.0, 246.0, 326.0, 160.0, 578.0, 251.0, 98.0, 67.0, 195.0, 305.0
39, 2014-01-19, Home, LAL, L, L, -9, O, 204, 0, 1267.0, 1174.0, 447.0, 1018.0, 122.0, 304.0, 251.0, 335.0, 146.0, 558.0, 294.0, 88.0, 62.0, 171.0, 295.0, 440.0, 1054.0, 69.0, 215.0, 225.0, 310.0, 159.0, 575.0, 250.0, 95.0, 63.0, 186.0, 298.0
40, 2014-01-20, Away, CHA, L, L, -4, O, 185, 1, 1274.0, 1174.0, 454.0, 1027.0, 124.0, 313.0, 242.0, 321.0, 148.0, 565.0, 303.0, 90.0, 61.0, 171.0, 295.0, 436.0, 1043.0, 72.0, 214.0, 230.0, 311.0, 149.0, 556.0, 243.0, 94.0, 58.0, 182.0, 289.0
41, 2014-01-22, Home, DAL, W, W, -3, U, 200, 0, 1274.0, 1191.0, 462.0, 1049.0, 124.0, 314.0, 226.0, 298.0, 150.0, 566.0, 301.0, 92.0, 60.0, 167.0, 299.0, 438.0, 1029.0, 71.0, 211.0, 244.0, 323.0, 138.0, 554.0, 252.0, 89.0, 58.0, 179.0, 269.0
42, 2014-01-24, Away, PHI, W, W, -6.5, U, 204, 0, 1252.0, 1176.0, 458.0, 1045.0, 116.0, 305.0, 220.0, 296.0, 146.0, 561.0, 298.0, 95.0, 57.0, 166.0, 296.0, 433.0, 1022.0, 71.0, 210.0, 239.0, 317.0, 138.0, 550.0, 251.0, 83.0, 55.0, 186.0, 267.0
43, 2014-01-25, Home, LAC, L, L, -1, O, 198.5, 1, 1271.0, 1192.0, 469.0, 1060.0, 120.0, 311.0, 213.0, 287.0, 152.0, 570.0, 310.0, 94.0, 57.0, 166.0, 296.0, 441.0, 1029.0, 75.0, 221.0, 235.0, 312.0, 139.0, 547.0, 257.0, 86.0, 53.0, 181.0, 264.0
44, 2014-01-27, Away, BRK, W, W, 4, O, 190.5, 0, 1294.0, 1236.0, 471.0, 1056.0, 127.0, 321.0, 225.0, 302.0, 158.0, 573.0, 307.0, 86.0, 54.0, 163.0, 300.0, 455.0, 1039.0, 82.0, 229.0, 244.0, 317.0, 140.0, 543.0, 261.0, 88.0, 51.0, 165.0, 260.0
45, 2014-01-29, Home, ORL, W, W, -9.5, U, 194.5, 0, 1297.0, 1251.0, 468.0, 1056.0, 125.0, 321.0, 236.0, 315.0, 158.0, 583.0, 299.0, 86.0, 53.0, 169.0, 298.0, 458.0, 1034.0, 89.0, 241.0, 246.0, 322.0, 129.0, 537.0, 264.0, 91.0, 53.0, 165.0, 266.0
46, 2014-01-31, Away, DEN, W, W, -1, U, 203.5, 0, 1298.0, 1232.0, 466.0, 1066.0, 132.0, 330.0, 234.0, 307.0, 164.0, 603.0, 301.0, 86.0, 49.0, 170.0, 295.0, 448.0, 1037.0, 92.0, 249.0, 244.0, 321.0, 125.0, 534.0, 264.0, 93.0, 56.0, 161.0, 256.0
47, 2014-02-01, Away, POR, L, W, 7.5, O, 205.5, 1, 1319.0, 1236.0, 473.0, 1070.0, 135.0, 332.0, 238.0, 309.0, 168.0, 607.0, 307.0, 89.0, 52.0, 175.0, 288.0, 452.0, 1042.0, 99.0, 259.0, 233.0, 309.0, 126.0, 530.0, 274.0, 97.0, 54.0, 171.0, 256.0
48, 2014-02-03, Away, UTA, W, W, -5, U, 192, 0, 1310.0, 1251.0, 478.0, 1071.0, 130.0, 321.0, 224.0, 300.0, 165.0, 590.0, 309.0, 86.0, 45.0, 175.0, 288.0, 453.0, 1032.0, 103.0, 261.0, 242.0, 309.0, 126.0, 525.0, 274.0, 95.0, 52.0, 170.0, 254.0
49, 2014-02-05, Away, SAC, L, L, 1, O, 200, 0, 1308.0, 1250.0, 483.0, 1076.0, 125.0, 317.0, 217.0, 288.0, 164.0, 585.0, 314.0, 85.0, 42.0, 169.0, 284.0, 455.0, 1035.0, 98.0, 253.0, 242.0, 304.0, 128.0, 525.0, 270.0, 92.0, 47.0, 167.0, 244.0
50, 2014-02-07, Away, LAC, L, L, 5.5, O, 205.5, 0, 1293.0, 1265.0, 479.0, 1081.0, 123.0, 319.0, 212.0, 282.0, 164.0, 583.0, 313.0, 83.0, 45.0, 172.0, 296.0, 452.0, 1033.0, 93.0, 246.0, 268.0, 333.0, 128.0, 526.0, 262.0, 94.0, 44.0, 161.0, 246.0
51, 2014-02-10, Home, NOP, W, P, -7, O, 194, 0, 1315.0, 1295.0, 483.0, 1088.0, 119.0, 321.0, 230.0, 297.0, 167.0, 583.0, 313.0, 85.0, 44.0, 168.0, 302.0, 459.0, 1020.0, 98.0, 253.0, 279.0, 351.0, 119.0, 513.0, 265.0, 93.0, 45.0, 164.0, 252.0
52, 2014-02-12, Home, ATL, W, W, -6.5, U, 203.5, 0, 1329.0, 1307.0, 485.0, 1086.0, 118.0, 321.0, 241.0, 310.0, 164.0, 576.0, 309.0, 85.0, 45.0, 168.0, 301.0, 462.0, 1015.0, 101.0, 247.0, 282.0, 357.0, 116.0, 505.0, 270.0, 97.0, 46.0, 168.0, 257.0
53, 2014-02-18, Away, WAS, W, W, 2.5, U, 196.5, 0, 1327.0, 1278.0, 479.0, 1090.0, 120.0, 324.0, 249.0, 321.0, 166.0, 576.0, 301.0, 87.0, 44.0, 162.0, 299.0, 455.0, 1013.0, 93.0, 245.0, 275.0, 352.0, 118.0, 519.0, 274.0, 96.0, 44.0, 174.0, 265.0
54, 2014-02-19, Home, CHI, L, L, -3, O, 182.5, 1, 1335.0, 1271.0, 482.0, 1069.0, 117.0, 311.0, 254.0, 326.0, 151.0, 554.0, 307.0, 88.0, 46.0, 165.0, 300.0, 461.0, 1029.0, 88.0, 244.0, 261.0, 340.0, 132.0, 519.0, 267.0, 98.0, 42.0, 177.0, 275.0
55, 2014-02-21, Home, CLE, W, L, -8, U, 196, 0, 1334.0, 1280.0, 485.0, 1076.0, 113.0, 305.0, 251.0, 317.0, 154.0, 547.0, 303.0, 84.0, 49.0, 162.0, 305.0, 463.0, 1028.0, 88.0, 236.0, 266.0, 346.0, 133.0, 524.0, 270.0, 97.0, 49.0, 172.0, 275.0
56, 2014-02-23, Home, ORL, W, W, -11, O, 194.5, 0, 1328.0, 1276.0, 485.0, 1085.0, 112.0, 306.0, 246.0, 308.0, 153.0, 536.0, 298.0, 88.0, 47.0, 155.0, 306.0, 457.0, 1021.0, 88.0, 236.0, 274.0, 359.0, 140.0, 529.0, 268.0, 94.0, 55.0, 176.0, 275.0
57, 2014-02-25, Away, CLE, W, W, -4, U, 193, 0, 1315.0, 1240.0, 483.0, 1076.0, 107.0, 294.0, 242.0, 306.0, 147.0, 544.0, 297.0, 88.0, 50.0, 164.0, 306.0, 447.0, 1024.0, 81.0, 228.0, 265.0, 351.0, 141.0, 529.0, 268.0, 98.0, 56.0, 179.0, 277.0
58, 2014-02-27, Home, WAS, L, L, -4.5, O, 197.5, 0, 1310.0, 1230.0, 481.0, 1076.0, 108.0, 304.0, 240.0, 304.0, 147.0, 540.0, 303.0, 85.0, 53.0, 160.0, 309.0, 444.0, 1031.0, 75.0, 221.0, 267.0, 353.0, 150.0, 536.0, 270.0, 94.0, 53.0, 174.0, 278.0
59, 2014-03-02, Home, GSW, W, W, 2.5, U, 202.5, 0, 1341.0, 1281.0, 489.0, 1089.0, 106.0, 303.0, 257.0, 327.0, 145.0, 536.0, 306.0, 90.0, 55.0, 163.0, 324.0, 467.0, 1055.0, 74.0, 224.0, 273.0, 364.0, 158.0, 554.0, 275.0, 94.0, 55.0, 182.0, 296.0
60, 2014-03-07, Home, SAC, W, W, -6.5, U, 205, 0, 1345.0, 1289.0, 490.0, 1083.0, 106.0, 304.0, 259.0, 330.0, 145.0, 535.0, 310.0, 86.0, 51.0, 158.0, 324.0, 468.0, 1063.0, 74.0, 226.0, 279.0, 370.0, 162.0, 546.0, 273.0, 90.0, 54.0, 170.0, 299.0
61, 2014-03-09, Away, MIN, W, W, 5.5, O, 208.5, 0, 1341.0, 1270.0, 484.0, 1069.0, 110.0, 305.0, 263.0, 333.0, 142.0, 534.0, 304.0, 93.0, 54.0, 158.0, 323.0, 463.0, 1059.0, 71.0, 227.0, 273.0, 372.0, 160.0, 543.0, 267.0, 94.0, 53.0, 173.0, 298.0
62, 2014-03-10, Away, BRK, L, L, 3, O, 197.5, 1, 1358.0, 1295.0, 484.0, 1061.0, 118.0, 308.0, 272.0, 348.0, 139.0, 538.0, 305.0, 89.0, 57.0, 171.0, 333.0, 472.0, 1076.0, 75.0, 229.0, 276.0, 379.0, 165.0, 542.0, 282.0, 99.0, 50.0, 171.0, 307.0
63, 2014-03-12, Home, DET, W, W, -8.5, U, 206.5, 0, 1354.0, 1287.0, 483.0, 1048.0, 114.0, 306.0, 274.0, 348.0, 130.0, 531.0, 299.0, 89.0, 57.0, 166.0, 320.0, 474.0, 1065.0, 82.0, 237.0, 257.0, 359.0, 158.0, 531.0, 282.0, 98.0, 48.0, 175.0, 311.0
64, 2014-03-14, Home, MEM, W, W, 1, U, 186.5, 0, 1350.0, 1256.0, 486.0, 1051.0, 115.0, 300.0, 263.0, 333.0, 129.0, 541.0, 296.0, 91.0, 58.0, 173.0, 305.0, 472.0, 1072.0, 82.0, 235.0, 230.0, 329.0, 157.0, 525.0, 272.0, 100.0, 47.0, 179.0, 300.0
65, 2014-03-16, Home, PHO, L, L, -4, O, 204, 0, 1341.0, 1241.0, 486.0, 1046.0, 114.0, 293.0, 255.0, 322.0, 128.0, 541.0, 297.0, 94.0, 56.0, 178.0, 307.0, 466.0, 1069.0, 78.0, 231.0, 231.0, 330.0, 160.0, 524.0, 267.0, 99.0, 49.0, 181.0, 291.0
66, 2014-03-18, Away, ATL, L, L, -3, O, 201, 0, 1350.0, 1279.0, 490.0, 1037.0, 110.0, 283.0, 260.0, 325.0, 117.0, 520.0, 302.0, 98.0, 56.0, 182.0, 315.0, 474.0, 1066.0, 85.0, 234.0, 246.0, 345.0, 164.0, 524.0, 260.0, 99.0, 53.0, 187.0, 293.0
67, 2014-03-19, Away, NOP, W, W, -2.5, O, 194, 1, 1360.0, 1304.0, 488.0, 1044.0, 110.0, 291.0, 274.0, 339.0, 123.0, 541.0, 298.0, 91.0, 54.0, 182.0, 321.0, 476.0, 1079.0, 92.0, 253.0, 260.0, 355.0, 158.0, 524.0, 263.0, 100.0, 50.0, 178.0, 298.0
68, 2014-03-21, Home, OKC, L, W, 3, O, 205, 0, 1375.0, 1310.0, 489.0, 1047.0, 116.0, 296.0, 281.0, 348.0, 133.0, 556.0, 302.0, 92.0, 55.0, 183.0, 317.0, 476.0, 1074.0, 89.0, 254.0, 269.0, 367.0, 155.0, 520.0, 254.0, 100.0, 48.0, 174.0, 299.0
69, 2014-03-23, Home, ATL, W, W, -7.5, U, 202, 0, 1395.0, 1338.0, 490.0, 1055.0, 117.0, 304.0, 298.0, 368.0, 135.0, 571.0, 296.0, 94.0, 59.0, 193.0, 326.0, 482.0, 1090.0, 95.0, 270.0, 279.0, 376.0, 147.0, 520.0, 251.0, 105.0, 44.0, 174.0, 311.0
70, 2014-03-25, Away, CLE, L, L, -4.5, O, 193, 0, 1386.0, 1334.0, 490.0, 1070.0, 116.0, 311.0, 290.0, 360.0, 138.0, 566.0, 290.0, 102.0, 59.0, 186.0, 323.0, 479.0, 1079.0, 95.0, 276.0, 281.0, 379.0, 146.0, 526.0, 248.0, 104.0, 44.0, 181.0, 305.0
71, 2014-03-26, Away, BOS, W, W, -3.5, U, 196, 1, 1387.0, 1343.0, 490.0, 1079.0, 120.0, 311.0, 287.0, 362.0, 141.0, 565.0, 293.0, 103.0, 56.0, 179.0, 326.0, 481.0, 1065.0, 94.0, 272.0, 287.0, 388.0, 142.0, 532.0, 251.0, 104.0, 52.0, 183.0, 306.0
72, 2014-03-28, Home, BOS, W, L, -9.5, O, 194.5, 0, 1357.0, 1299.0, 481.0, 1059.0, 119.0, 304.0, 276.0, 344.0, 141.0, 563.0, 281.0, 97.0, 54.0, 178.0, 312.0, 462.0, 1036.0, 98.0, 272.0, 277.0, 373.0, 132.0, 511.0, 252.0, 102.0, 50.0, 178.0, 290.0
73, 2014-03-30, Away, ORL, W, P, -5, U, 194, 0, 1358.0, 1304.0, 483.0, 1066.0, 116.0, 302.0, 276.0, 343.0, 144.0, 560.0, 276.0, 101.0, 56.0, 179.0, 312.0, 465.0, 1024.0, 96.0, 267.0, 278.0, 373.0, 124.0, 504.0, 249.0, 104.0, 47.0, 181.0, 289.0
74, 2014-03-31, Away, MIA, L, L, 6, U, 191.5, 1, 1357.0, 1310.0, 482.0, 1066.0, 112.0, 300.0, 281.0, 342.0, 146.0, 553.0, 268.0, 101.0, 52.0, 181.0, 297.0, 473.0, 1021.0, 98.0, 267.0, 266.0, 350.0, 121.0, 498.0, 259.0, 101.0, 49.0, 182.0, 289.0
75, 2014-04-02, Home, HOU, W, W, -1.5, O, 202.5, 0, 1329.0, 1299.0, 480.0, 1060.0, 106.0, 302.0, 263.0, 321.0, 139.0, 535.0, 263.0, 105.0, 47.0, 176.0, 295.0, 466.0, 992.0, 98.0, 273.0, 269.0, 352.0, 111.0, 496.0, 253.0, 97.0, 49.0, 188.0, 278.0
76, 2014-04-04, Home, IND, W, W, 1.5, O, 179, 0, 1339.0, 1301.0, 479.0, 1064.0, 110.0, 304.0, 271.0, 336.0, 135.0, 534.0, 264.0, 105.0, 44.0, 177.0, 298.0, 468.0, 1009.0, 96.0, 279.0, 269.0, 351.0, 113.0, 513.0, 257.0, 96.0, 48.0, 189.0, 281.0
77, 2014-04-05, Away, MIL, W, L, -6.5, O, 196, 1, 1340.0, 1308.0, 482.0, 1060.0, 112.0, 306.0, 264.0, 327.0, 129.0, 522.0, 268.0, 102.0, 46.0, 172.0, 298.0, 467.0, 1009.0, 93.0, 268.0, 281.0, 355.0, 112.0, 513.0, 261.0, 94.0, 48.0, 183.0, 283.0
78, 2014-04-09, Home, PHI, W, L, -13.5, O, 207.5, 0, 1343.0, 1320.0, 482.0, 1070.0, 115.0, 316.0, 264.0, 327.0, 133.0, 525.0, 265.0, 98.0, 47.0, 165.0, 298.0, 472.0, 1014.0, 92.0, 269.0, 284.0, 355.0, 112.0, 515.0, 273.0, 92.0, 47.0, 176.0, 287.0
79, 2014-04-11, Home, NYK, L, L, -5.5, O, 194, 0, 1355.0, 1313.0, 481.0, 1067.0, 120.0, 318.0, 273.0, 339.0, 139.0, 534.0, 263.0, 88.0, 51.0, 161.0, 287.0, 478.0, 1024.0, 89.0, 267.0, 268.0, 338.0, 109.0, 506.0, 276.0, 89.0, 48.0, 163.0, 289.0
80, 2014-04-13, Away, DET, W, W, -6.5, O, 205.5, 0, 1342.0, 1303.0, 471.0, 1062.0, 128.0, 327.0, 272.0, 341.0, 145.0, 526.0, 258.0, 88.0, 52.0, 160.0, 280.0, 473.0, 1003.0, 84.0, 257.0, 273.0, 343.0, 106.0, 505.0, 268.0, 86.0, 51.0, 164.0, 289.0
81, 2014-04-14, Home, MIL, W, P, -10, O, 204.5, 1, 1351.0, 1310.0, 474.0, 1057.0, 128.0, 328.0, 275.0, 344.0, 131.0, 518.0, 260.0, 88.0, 53.0, 158.0, 295.0, 472.0, 1020.0, 85.0, 264.0, 281.0, 359.0, 122.0, 526.0, 277.0, 88.0, 49.0, 166.0, 293.0
82, 2014-04-16, Away, NYK, L, L, -6, U, 198.5, 0, 1343.0, 1291.0, 471.0, 1037.0, 134.0, 331.0, 267.0, 337.0, 132.0, 507.0, 268.0, 89.0, 45.0, 153.0, 285.0, 472.0, 995.0, 79.0, 238.0, 268.0, 347.0, 119.0, 511.0, 280.0, 85.0, 48.0, 168.0, 284.0
