10, 2013-11-19, Home, MIN, W, W, 3.5, U, 206.5, 0, 100.0, 104.56, 37.44, 87.44, 10.11, 25.89, 15.0, 21.67, 11.67, 41.89, 23.56, 9.56, 4.11, 15.33, 19.78, 40.11, 83.0, 8.0, 22.78, 16.33, 22.22, 10.0, 46.22, 24.78, 8.11, 4.67, 18.11, 19.67
11, 2013-11-20, Away, CLE, W, W, 3, U, 191, 1, 100.22, 103.11, 38.22, 88.22, 9.78, 24.78, 14.0, 19.78, 11.0, 42.22, 24.44, 10.11, 4.33, 14.78, 19.11, 39.89, 83.78, 8.11, 23.22, 15.22, 21.22, 10.0, 46.0, 24.56, 8.11, 4.67, 17.56, 18.56
12, 2013-11-22, Away, TOR, L, L, 4.5, U, 194, 0, 99.78, 101.11, 37.89, 87.11, 9.67, 24.0, 14.33, 19.44, 11.0, 42.0, 25.33, 9.22, 4.22, 14.44, 19.22, 38.11, 81.89, 8.44, 23.22, 16.44, 22.0, 10.44, 45.11, 23.78, 7.78, 4.0, 17.11, 18.89
13, 2013-11-23, Home, NYK, W, W, -1.5, U, 192.5, 1, 99.22, 100.33, 38.0, 87.56, 9.0, 22.56, 14.22, 19.11, 10.11, 41.78, 24.78, 9.0, 4.44, 13.78, 18.78, 38.11, 82.78, 7.78, 22.22, 16.33, 21.56, 11.0, 46.67, 22.67, 7.33, 4.22, 16.89, 19.11
14, 2013-11-26, Home, LAL, W, L, -5.5, O, 198.5, 0, 97.22, 98.89, 37.33, 85.11, 7.78, 21.0, 14.78, 19.78, 10.22, 42.33, 23.78, 8.33, 4.33, 13.89, 18.56, 37.78, 82.67, 8.33, 23.44, 15.0, 20.33, 11.0, 45.56, 22.44, 7.56, 4.22, 15.67, 20.11
15, 2013-11-27, Away, MIL, W, W, -2.5, O, 190, 1, 97.67, 99.22, 37.89, 85.0, 7.33, 20.67, 14.56, 19.33, 10.56, 43.0, 23.44, 8.89, 4.11, 13.22, 18.0, 38.11, 82.11, 9.11, 23.89, 13.89, 18.56, 10.78, 43.67, 23.22, 6.78, 4.44, 15.11, 19.22
16, 2013-11-29, Away, IND, L, L, 10.5, U, 186, 0, 97.11, 97.67, 37.56, 83.44, 7.11, 20.33, 14.89, 18.89, 10.33, 42.22, 23.89, 9.89, 3.56, 14.0, 16.89, 37.67, 81.33, 9.56, 24.44, 12.78, 17.22, 10.22, 42.11, 23.78, 6.78, 3.67, 15.67, 19.22
17, 2013-11-30, Home, ATL, W, W, -4.5, O, 190, 1, 94.67, 96.33, 37.11, 83.22, 6.78, 19.44, 13.67, 17.11, 9.78, 41.44, 23.0, 9.11, 4.22, 13.78, 16.0, 37.33, 81.44, 9.44, 24.0, 12.22, 16.22, 10.56, 42.89, 24.0, 7.11, 3.56, 15.78, 18.67
18, 2013-12-02, Home, ORL, W, W, -6.5, U, 194, 0, 97.89, 97.33, 37.67, 81.78, 7.56, 20.44, 15.0, 19.22, 9.11, 40.78, 24.0, 9.22, 4.44, 14.56, 17.0, 37.0, 81.89, 9.33, 23.44, 14.0, 18.22, 11.0, 42.11, 23.0, 7.22, 3.78, 15.67, 19.11
19, 2013-12-06, Home, MIL, L, L, -9.5, O, 192.5, 0, 98.11, 94.78, 37.22, 79.56, 7.89, 19.11, 15.78, 20.0, 8.44, 40.22, 23.89, 8.56, 4.56, 14.44, 17.56, 36.33, 81.44, 8.56, 22.78, 13.56, 17.89, 11.22, 41.44, 22.56, 6.89, 3.56, 15.22, 19.67
20, 2013-12-09, Home, DEN, L, W, 1.5, U, 196.5, 0, 98.22, 95.78, 36.33, 79.33, 8.0, 20.44, 17.56, 22.89, 9.11, 40.78, 22.89, 8.78, 5.11, 14.78, 17.78, 36.89, 82.22, 8.11, 21.89, 13.89, 18.11, 11.22, 42.11, 22.78, 6.89, 3.44, 15.44, 20.56
21, 2013-12-13, Away, ATL, L, W, 6, O, 194, 0, 95.56, 94.0, 35.67, 79.89, 7.67, 21.0, 16.56, 22.33, 9.22, 41.0, 21.44, 9.22, 5.33, 14.78, 17.67, 36.67, 81.78, 7.89, 21.67, 12.78, 17.33, 11.11, 43.22, 22.78, 7.44, 3.89, 16.0, 20.11
22, 2013-12-14, Home, LAC, L, L, 4.5, O, 193.5, 1, 96.78, 94.56, 36.33, 81.44, 7.44, 20.67, 16.67, 22.89, 10.22, 43.33, 22.44, 9.0, 5.22, 15.11, 17.44, 36.78, 83.0, 8.11, 22.0, 12.89, 17.44, 10.89, 43.22, 23.33, 8.0, 3.11, 16.11, 19.44
23, 2013-12-16, Away, NYK, W, W, 1.5, O, 192, 0, 96.67, 97.22, 36.67, 82.0, 7.0, 20.11, 16.33, 22.67, 10.0, 42.0, 22.22, 9.22, 5.11, 15.22, 18.33, 37.11, 81.56, 7.89, 21.11, 15.11, 19.22, 10.22, 42.56, 23.67, 8.22, 3.11, 16.22, 19.0
24, 2013-12-18, Away, BRK, W, W, 4.5, O, 196.5, 0, 95.11, 96.11, 35.89, 80.33, 7.56, 19.78, 15.78, 22.11, 9.56, 41.89, 21.78, 8.0, 5.22, 16.22, 19.56, 35.89, 81.11, 7.67, 21.33, 16.67, 21.22, 10.22, 42.67, 22.67, 8.78, 3.22, 15.44, 19.11
25, 2013-12-21, Away, BOS, W, W, 1.5, O, 192.5, 0, 96.56, 97.78, 36.0, 81.89, 7.78, 19.11, 16.78, 23.0, 11.11, 43.78, 20.89, 7.44, 5.67, 15.89, 21.0, 36.11, 79.89, 7.56, 20.89, 18.0, 22.78, 9.56, 41.22, 22.89, 8.89, 3.67, 14.56, 19.56
26, 2013-12-27, Away, MIN, L, L, 6, O, 207.5, 0, 100.22, 98.44, 37.33, 83.44, 8.0, 19.44, 17.56, 24.0, 11.78, 44.89, 21.78, 8.0, 5.33, 15.22, 21.78, 36.56, 80.11, 7.0, 20.67, 18.33, 23.67, 9.22, 40.22, 22.67, 8.11, 3.78, 14.11, 19.44
27, 2013-12-28, Home, DET, W, W, -3.5, U, 203, 1, 99.11, 100.56, 37.33, 84.0, 7.56, 19.11, 16.89, 22.56, 12.11, 44.56, 21.11, 7.0, 4.89, 14.78, 22.33, 37.22, 80.56, 6.78, 20.44, 19.33, 25.0, 9.78, 40.67, 22.78, 8.44, 3.33, 12.78, 18.78
28, 2013-12-30, Away, DET, W, W, 2.5, O, 203.5, 0, 100.0, 100.78, 38.44, 85.44, 7.56, 19.78, 15.56, 21.22, 13.11, 45.0, 22.56, 7.56, 5.0, 14.78, 22.11, 37.33, 80.56, 7.22, 21.11, 18.89, 24.78, 10.0, 40.44, 23.44, 8.44, 3.44, 13.44, 18.11
29, 2014-01-01, Home, DAL, L, L, -2, U, 203, 0, 100.11, 99.67, 39.11, 84.89, 7.44, 18.89, 14.44, 19.67, 12.67, 44.56, 22.89, 7.44, 4.11, 14.89, 22.22, 36.67, 79.44, 7.22, 21.11, 19.11, 25.78, 10.67, 39.89, 23.67, 8.78, 3.33, 13.56, 18.0
30, 2014-01-03, Home, TOR, L, L, -3.5, U, 194, 0, 100.56, 101.0, 39.22, 84.78, 7.44, 18.89, 14.67, 19.78, 12.56, 44.56, 22.78, 7.33, 4.0, 15.33, 22.78, 36.67, 80.0, 7.11, 21.44, 20.56, 26.78, 10.67, 39.44, 23.56, 9.0, 3.22, 13.0, 17.56
31, 2014-01-05, Home, GSW, L, L, 3, O, 200, 0, 99.33, 101.0, 38.33, 82.78, 7.44, 18.67, 15.22, 19.67, 12.33, 42.56, 22.0, 7.67, 3.89, 15.33, 22.11, 36.89, 78.89, 7.56, 21.56, 19.67, 25.56, 10.56, 38.0, 23.78, 8.78, 3.56, 12.67, 18.22
32, 2014-01-07, Away, CHA, W, W, -1.5, U, 190.5, 0, 99.22, 100.89, 38.0, 83.33, 7.78, 19.33, 15.44, 19.22, 12.33, 43.56, 22.22, 7.89, 4.11, 15.33, 21.11, 37.33, 80.67, 7.56, 21.67, 18.67, 24.33, 10.89, 39.22, 23.44, 8.67, 4.0, 12.89, 17.67
33, 2014-01-08, Away, NOP, W, W, 3.5, O, 192, 1, 98.67, 98.89, 38.11, 84.78, 7.11, 19.22, 15.33, 19.0, 12.56, 44.11, 22.11, 8.22, 4.67, 14.0, 20.56, 37.11, 79.89, 7.0, 20.11, 17.67, 23.56, 10.22, 39.56, 23.22, 8.0, 3.44, 13.33, 16.89
34, 2014-01-10, Away, IND, L, L, 9, U, 185.5, 0, 97.44, 97.67, 38.11, 83.89, 6.89, 19.33, 14.33, 18.56, 11.89, 43.56, 22.67, 7.89, 4.56, 13.56, 20.67, 36.67, 80.33, 6.44, 19.22, 17.89, 23.89, 10.56, 40.22, 22.67, 8.0, 3.89, 12.89, 16.89
35, 2014-01-11, Home, HOU, L, L, 2, O, 199.5, 1, 93.0, 97.0, 36.44, 83.22, 6.56, 18.56, 13.56, 18.67, 11.44, 42.89, 21.44, 7.67, 4.56, 13.89, 21.33, 36.11, 79.89, 6.67, 18.44, 18.11, 24.33, 10.56, 42.56, 22.67, 8.11, 3.78, 13.22, 17.78
36, 2014-01-13, Away, CHI, W, W, 2.5, O, 180.5, 0, 94.0, 96.33, 36.67, 84.56, 6.22, 18.33, 14.44, 20.22, 12.33, 44.22, 22.11, 8.56, 4.78, 13.78, 22.11, 35.67, 78.56, 7.0, 18.78, 18.0, 24.78, 10.0, 42.44, 22.89, 7.78, 4.11, 14.89, 19.22
37, 2014-01-15, Home, MIA, W, W, 5.5, O, 196, 0, 93.56, 97.0, 36.22, 83.33, 6.0, 18.22, 15.11, 21.44, 11.44, 43.56, 21.11, 8.44, 4.78, 13.22, 21.78, 36.0, 78.78, 7.22, 18.78, 17.78, 25.0, 10.33, 42.89, 23.44, 7.67, 3.89, 14.33, 19.56
38, 2014-01-17, Home, CHI, W, L, -5, O, 186.5, 0, 94.44, 96.78, 36.44, 83.0, 6.33, 18.56, 15.22, 21.33, 11.22, 43.44, 21.67, 8.0, 5.33, 12.89, 20.89, 36.11, 79.0, 7.33, 19.33, 17.22, 23.0, 9.33, 42.0, 23.0, 7.33, 3.78, 13.89, 19.0
39, 2014-01-18, Home, DET, L, L, -6, U, 203, 1, 96.44, 97.44, 37.22, 82.0, 6.44, 17.11, 15.56, 21.67, 10.44, 42.33, 22.78, 8.0, 5.56, 12.67, 20.44, 36.67, 78.78, 7.67, 19.33, 16.44, 22.22, 8.78, 40.89, 23.67, 6.89, 4.0, 13.89, 19.33
40, 2014-01-20, Home, PHI, W, L, -10, U, 208.5, 0, 97.56, 97.78, 37.56, 81.33, 6.89, 18.11, 15.56, 23.0, 9.33, 41.56, 23.11, 8.0, 5.44, 12.89, 21.78, 36.67, 79.0, 7.11, 19.22, 17.33, 24.22, 8.89, 42.11, 22.33, 7.0, 3.89, 14.11, 19.78
41, 2014-01-22, Home, BOS, L, L, -9.5, O, 191.5, 0, 98.78, 96.33, 37.56, 81.11, 6.78, 17.89, 16.89, 25.11, 9.44, 42.78, 23.33, 7.67, 6.22, 13.22, 23.0, 36.0, 79.33, 6.56, 18.78, 17.78, 25.44, 8.89, 42.0, 21.33, 7.0, 3.44, 14.22, 20.89
42, 2014-01-24, Away, PHO, W, W, 3.5, U, 207.5, 0, 100.33, 99.67, 37.78, 82.11, 7.0, 18.44, 17.78, 26.44, 9.89, 43.22, 23.67, 8.0, 5.78, 14.44, 23.33, 37.11, 81.22, 7.56, 20.78, 17.89, 25.33, 9.11, 42.44, 21.56, 8.33, 4.22, 14.78, 21.89
43, 2014-01-25, Away, UTA, L, L, 2, O, 195.5, 1, 100.22, 99.56, 37.89, 82.78, 6.56, 17.89, 17.89, 26.11, 10.56, 43.0, 23.44, 8.78, 6.0, 15.0, 23.44, 37.0, 80.44, 7.89, 21.78, 17.67, 25.11, 9.22, 41.67, 21.11, 8.33, 3.56, 16.0, 21.89
44, 2014-01-28, Away, GSW, W, W, 8, U, 206, 0, 104.11, 100.78, 39.33, 83.89, 6.78, 18.56, 18.67, 25.56, 11.22, 43.67, 24.11, 8.56, 5.56, 14.44, 22.67, 37.11, 80.22, 8.33, 23.0, 18.22, 25.11, 8.89, 39.44, 20.22, 8.22, 3.56, 15.56, 21.0
45, 2014-01-29, Away, LAC, L, W, 8, O, 206, 1, 102.0, 97.56, 38.67, 83.33, 7.33, 18.89, 17.33, 23.78, 10.67, 44.67, 23.67, 8.44, 5.67, 15.22, 21.0, 36.22, 81.0, 8.22, 23.56, 16.89, 23.0, 8.44, 39.89, 19.89, 8.78, 3.67, 15.56, 20.0
46, 2014-02-01, Home, OKC, W, W, 5, U, 201, 0, 102.11, 100.0, 39.33, 84.78, 6.89, 19.33, 16.56, 22.56, 10.44, 44.22, 24.33, 8.56, 5.56, 15.67, 22.0, 36.44, 80.33, 7.89, 22.89, 19.22, 25.56, 7.78, 40.0, 19.44, 8.44, 3.67, 15.78, 19.44
47, 2014-02-03, Home, POR, W, W, 1, U, 208, 0, 100.11, 98.22, 39.33, 86.33, 6.67, 19.56, 14.78, 20.67, 10.56, 44.44, 24.11, 8.78, 5.0, 15.44, 21.89, 35.78, 79.67, 7.56, 22.78, 19.11, 25.56, 8.0, 41.22, 19.11, 8.22, 4.11, 16.78, 19.33
48, 2014-02-05, Home, SAS, L, L, 2, O, 193.5, 0, 100.56, 97.89, 39.0, 86.89, 6.78, 20.22, 15.78, 21.67, 10.22, 44.78, 23.56, 8.89, 4.44, 14.33, 21.78, 36.0, 80.22, 7.11, 22.22, 18.78, 25.11, 8.0, 42.44, 19.0, 7.67, 4.33, 16.89, 19.56
49, 2014-02-07, Home, CLE, L, L, -9.5, O, 198, 0, 102.78, 100.22, 39.78, 89.67, 6.44, 19.67, 16.78, 22.0, 11.0, 46.33, 23.22, 9.22, 5.0, 13.89, 20.89, 36.89, 82.11, 7.44, 23.0, 19.0, 24.44, 8.0, 43.44, 20.44, 7.56, 5.0, 17.56, 19.89
50, 2014-02-09, Home, SAC, W, W, -5, U, 205, 0, 103.44, 102.0, 40.44, 89.78, 7.11, 19.89, 15.44, 20.67, 11.11, 44.22, 23.67, 9.89, 4.22, 13.56, 20.33, 37.22, 80.89, 7.67, 22.67, 19.89, 24.67, 8.67, 43.56, 21.0, 7.44, 4.89, 18.11, 19.67
51, 2014-02-11, Away, MEM, L, W, 4.5, U, 181.5, 0, 101.44, 98.78, 39.56, 88.11, 7.22, 19.78, 15.11, 20.11, 10.89, 42.89, 23.33, 9.78, 4.67, 13.11, 19.78, 35.89, 80.11, 6.22, 20.11, 20.78, 25.22, 10.0, 44.33, 20.56, 6.78, 4.33, 18.11, 19.33
52, 2014-02-12, Away, HOU, L, W, 8.5, O, 204.5, 1, 100.11, 98.44, 39.0, 86.78, 7.33, 20.67, 14.78, 19.78, 9.33, 41.67, 22.44, 9.22, 4.67, 12.67, 19.33, 35.78, 80.0, 5.78, 19.11, 21.11, 25.44, 10.0, 45.44, 20.22, 7.11, 4.44, 17.67, 18.78
53, 2014-02-18, Home, TOR, L, L, -2.5, U, 196.5, 0, 101.33, 99.44, 39.56, 87.44, 8.33, 22.0, 13.89, 19.56, 9.11, 40.33, 23.44, 10.11, 4.67, 12.67, 20.89, 35.33, 78.11, 5.78, 18.89, 23.0, 28.22, 10.56, 46.56, 20.33, 7.0, 5.11, 19.11, 19.33
54, 2014-02-19, Away, ATL, W, W, 1, O, 203, 1, 101.89, 101.44, 40.0, 86.44, 7.67, 21.22, 14.22, 20.22, 9.56, 38.56, 23.56, 9.89, 4.56, 12.44, 21.11, 36.67, 77.44, 5.78, 18.11, 22.33, 27.33, 10.22, 44.56, 21.0, 6.67, 5.0, 18.67, 20.33
55, 2014-02-22, Home, NOP, W, L, -6.5, U, 195.5, 0, 103.11, 100.0, 40.11, 86.56, 8.78, 21.44, 14.11, 19.56, 9.89, 39.11, 23.44, 9.44, 4.67, 11.78, 20.78, 36.33, 77.44, 5.78, 18.22, 21.56, 26.0, 9.89, 44.0, 20.89, 6.67, 4.78, 18.33, 19.78
56, 2014-02-23, Away, CLE, W, W, -1.5, U, 195.5, 1, 102.89, 101.33, 39.56, 84.89, 8.22, 20.33, 15.56, 21.44, 10.0, 39.0, 22.89, 9.11, 5.22, 12.56, 20.44, 36.78, 77.78, 6.0, 17.0, 21.78, 26.44, 9.56, 43.11, 21.0, 7.22, 4.56, 17.67, 20.22
57, 2014-02-25, Home, ORL, W, P, -9, O, 195, 0, 102.44, 100.56, 40.0, 86.22, 8.33, 20.67, 14.11, 20.11, 11.11, 40.0, 23.33, 8.78, 5.22, 12.44, 20.78, 36.0, 77.44, 5.67, 16.89, 22.89, 28.0, 10.22, 43.78, 20.11, 7.11, 4.0, 17.22, 19.67
58, 2014-02-27, Away, TOR, W, W, 4.5, O, 197.5, 0, 102.11, 98.44, 39.78, 83.89, 8.89, 20.67, 13.67, 19.67, 10.67, 38.56, 23.89, 8.56, 4.78, 12.11, 20.44, 35.44, 76.11, 5.56, 16.56, 22.0, 26.78, 10.67, 42.89, 19.44, 6.78, 3.33, 16.89, 19.56
59, 2014-03-01, Away, PHI, W, W, -11.5, O, 214.5, 0, 104.44, 100.0, 40.67, 86.44, 8.22, 20.89, 14.89, 21.22, 11.44, 41.11, 23.11, 8.44, 5.0, 12.22, 21.44, 36.0, 78.67, 6.22, 18.22, 21.78, 27.11, 10.33, 43.44, 20.44, 7.11, 3.67, 16.78, 20.89
60, 2014-03-03, Home, MEM, L, L, 2, O, 191, 0, 107.67, 102.11, 41.89, 87.56, 8.67, 21.44, 15.22, 21.89, 11.67, 41.78, 24.56, 8.78, 4.78, 12.44, 22.22, 37.0, 78.89, 6.56, 19.44, 21.56, 27.56, 9.44, 42.44, 21.0, 7.33, 3.89, 17.22, 21.44
61, 2014-03-05, Home, UTA, W, W, -8, U, 198.5, 0, 109.33, 104.11, 42.44, 88.33, 8.89, 20.89, 15.56, 22.0, 12.0, 41.89, 25.0, 8.33, 4.22, 12.44, 22.44, 38.11, 79.89, 6.89, 19.44, 21.0, 26.89, 9.22, 42.22, 22.11, 7.0, 3.89, 16.78, 21.67
62, 2014-03-08, Away, MIL, W, L, -8, O, 203.5, 0, 108.44, 101.67, 42.44, 86.56, 7.78, 19.0, 15.78, 21.33, 11.56, 42.56, 25.0, 7.78, 4.11, 12.78, 21.11, 38.22, 81.44, 6.67, 19.56, 18.56, 24.11, 9.11, 40.78, 22.33, 7.0, 3.67, 15.56, 21.22
63, 2014-03-10, Away, MIA, L, L, 8, U, 205, 0, 110.78, 102.11, 43.0, 86.44, 9.0, 20.44, 15.78, 21.56, 11.0, 42.0, 25.44, 7.56, 4.56, 12.78, 21.33, 37.89, 82.89, 6.33, 19.56, 20.0, 25.56, 10.78, 42.22, 21.11, 7.0, 3.56, 15.44, 20.67
64, 2014-03-12, Home, CHA, L, L, -5.5, U, 199, 0, 108.11, 102.33, 41.89, 86.44, 8.89, 21.22, 15.44, 21.33, 12.33, 43.0, 24.78, 7.22, 4.33, 13.67, 20.33, 38.67, 83.67, 6.78, 20.11, 18.22, 23.22, 11.22, 41.67, 21.78, 7.33, 4.33, 14.78, 20.67
65, 2014-03-14, Away, ORL, W, L, -5, O, 200.5, 0, 107.11, 102.89, 41.78, 87.33, 9.56, 22.44, 14.0, 19.44, 12.22, 42.44, 24.0, 6.89, 4.0, 13.33, 21.11, 39.0, 83.33, 6.67, 20.67, 18.22, 23.33, 11.33, 42.33, 21.0, 6.89, 4.33, 14.22, 19.44
66, 2014-03-15, Home, BRK, W, W, 2.5, U, 196, 1, 108.11, 104.89, 41.22, 86.67, 9.78, 22.78, 15.89, 21.56, 11.78, 42.89, 23.78, 6.67, 4.11, 14.0, 20.56, 40.44, 85.44, 7.22, 21.44, 16.78, 21.56, 10.89, 41.78, 22.22, 7.33, 4.78, 14.44, 20.78
67, 2014-03-18, Away, SAC, L, L, -1.5, O, 201, 0, 106.56, 103.56, 40.56, 86.33, 9.56, 23.89, 15.89, 21.22, 12.0, 43.22, 23.44, 6.22, 4.67, 14.11, 20.44, 39.44, 83.78, 7.56, 21.0, 17.11, 22.44, 9.89, 40.67, 21.78, 7.56, 4.67, 14.0, 20.67
68, 2014-03-20, Away, POR, L, L, 5.5, O, 206, 0, 104.0, 102.22, 39.33, 84.44, 10.22, 24.56, 15.11, 20.44, 11.22, 41.44, 24.11, 6.33, 4.11, 14.22, 20.44, 38.89, 82.33, 6.89, 19.67, 17.56, 22.89, 10.44, 41.44, 20.56, 7.33, 4.33, 14.33, 20.0
69, 2014-03-21, Away, LAL, W, W, -5, O, 218.5, 1, 101.89, 103.67, 38.56, 84.56, 10.22, 24.67, 14.56, 19.22, 11.56, 41.33, 23.22, 5.56, 4.0, 13.67, 20.0, 39.22, 82.0, 7.89, 21.11, 17.33, 22.11, 10.67, 41.78, 21.67, 6.67, 3.89, 12.89, 19.33
70, 2014-03-23, Away, DEN, L, L, 1.5, U, 214.5, 0, 103.33, 103.33, 38.89, 85.22, 10.33, 25.33, 15.22, 20.11, 11.67, 42.44, 23.56, 6.11, 4.56, 14.33, 20.0, 39.22, 83.33, 8.0, 21.78, 16.89, 22.33, 11.11, 42.44, 22.33, 7.11, 4.0, 13.78, 19.44
71, 2014-03-26, Home, PHO, L, L, 1.5, U, 208, 0, 103.11, 104.89, 38.56, 85.67, 10.22, 25.33, 15.78, 21.0, 12.11, 43.0, 22.67, 6.0, 5.11, 15.67, 20.0, 39.78, 84.78, 8.33, 22.22, 17.0, 21.89, 10.89, 42.44, 23.0, 8.33, 4.11, 14.0, 20.0
72, 2014-03-28, Home, IND, W, W, 1.5, U, 186.5, 0, 100.78, 104.0, 37.89, 85.78, 9.22, 24.33, 15.78, 20.78, 11.67, 43.0, 22.22, 6.33, 4.44, 15.44, 19.11, 39.56, 83.44, 9.44, 23.56, 15.44, 20.11, 9.67, 42.11, 23.89, 8.22, 4.11, 14.56, 19.78
73, 2014-03-29, Home, ATL, W, L, -6, U, 198.5, 1, 100.89, 101.67, 37.67, 85.56, 8.67, 23.44, 16.89, 21.67, 10.67, 42.22, 21.78, 6.67, 4.56, 14.33, 19.89, 38.22, 83.33, 8.56, 22.67, 16.67, 21.89, 10.11, 43.78, 22.44, 7.89, 4.22, 15.33, 20.67
74, 2014-03-31, Away, CHA, L, L, 3, U, 195, 0, 102.67, 101.56, 38.11, 85.22, 8.33, 22.22, 18.11, 23.44, 11.0, 43.0, 21.89, 7.56, 4.67, 14.22, 19.89, 37.78, 83.56, 9.0, 24.11, 17.0, 22.56, 10.22, 43.33, 23.22, 8.0, 4.11, 15.56, 21.89
75, 2014-04-02, Home, BOS, W, W, -8.5, O, 199.5, 0, 101.44, 101.44, 38.33, 84.0, 8.22, 21.56, 16.56, 21.67, 10.78, 41.33, 22.11, 7.67, 4.56, 14.56, 20.67, 36.78, 81.44, 8.56, 23.67, 19.33, 25.22, 10.89, 43.56, 22.22, 8.0, 4.0, 15.11, 20.89
76, 2014-04-04, Away, NYK, W, W, 5, U, 195.5, 0, 103.33, 101.22, 39.33, 83.44, 8.44, 20.78, 16.22, 21.22, 10.22, 41.56, 23.0, 8.11, 4.22, 15.44, 21.78, 36.56, 82.56, 7.67, 24.0, 20.44, 26.11, 11.33, 42.89, 22.22, 8.33, 4.0, 15.22, 20.56
77, 2014-04-05, Home, CHI, L, L, -2.5, U, 184, 1, 101.0, 98.11, 39.11, 82.0, 7.78, 19.78, 15.0, 19.56, 10.33, 41.56, 21.89, 7.67, 4.0, 15.44, 19.89, 35.89, 81.33, 8.56, 25.44, 17.78, 22.56, 10.44, 40.33, 22.78, 8.44, 3.89, 14.78, 18.89
78, 2014-04-09, Home, CHA, L, L, -5.5, U, 191, 0, 98.22, 95.89, 38.67, 81.56, 6.78, 18.56, 14.11, 19.0, 10.22, 41.22, 20.89, 7.78, 3.89, 15.44, 19.67, 35.22, 81.11, 8.0, 24.11, 17.44, 22.11, 10.44, 40.56, 21.89, 8.67, 4.22, 14.89, 18.44
79, 2014-04-11, Away, ORL, W, W, -7.5, U, 194, 0, 95.0, 94.44, 38.11, 81.0, 5.78, 17.44, 13.0, 18.0, 10.0, 41.33, 21.11, 7.56, 4.11, 14.67, 18.89, 34.33, 81.22, 8.44, 24.78, 17.33, 21.22, 10.22, 41.0, 20.89, 8.11, 3.78, 13.89, 17.89
80, 2014-04-12, Home, MIL, W, W, -11, U, 204.5, 1, 94.33, 92.33, 37.44, 80.67, 5.44, 17.89, 14.0, 19.67, 10.11, 41.11, 21.56, 7.44, 3.78, 13.33, 18.78, 33.44, 79.67, 7.67, 23.89, 17.78, 21.89, 10.22, 41.44, 20.33, 7.44, 3.67, 14.0, 19.11
81, 2014-04-14, Home, MIA, W, W, -5.5, O, 190, 0, 95.56, 91.44, 37.78, 81.0, 5.67, 18.22, 14.33, 19.44, 10.22, 41.22, 22.0, 7.22, 4.22, 12.78, 19.89, 32.89, 78.89, 6.67, 21.67, 19.0, 24.33, 11.0, 41.78, 20.11, 7.11, 3.56, 14.11, 18.89
82, 2014-04-16, Away, BOS, W, W, -8, O, 197.5, 0, 98.11, 93.11, 39.11, 80.0, 6.44, 18.89, 13.44, 19.22, 9.78, 41.11, 23.78, 7.56, 4.11, 13.78, 19.67, 33.78, 79.0, 7.22, 23.22, 18.33, 23.33, 10.11, 39.89, 21.22, 7.78, 2.89, 13.56, 18.44
