14, 2013-11-23, Home, MIN, W, W, -6, U, 214.5, 0, 1426.0, 1377.0, 485.0, 1005.0, 117.0, 344.0, 339.0, 483.0, 140.0, 601.0, 273.0, 100.0, 91.0, 230.0, 290.0, 506.0, 1206.0, 120.0, 323.0, 245.0, 326.0, 179.0, 538.0, 276.0, 117.0, 78.0, 172.0, 371.0
15, 2013-11-25, Away, MEM, W, W, -1, U, 194.5, 0, 1442.0, 1395.0, 490.0, 1008.0, 125.0, 350.0, 337.0, 475.0, 137.0, 601.0, 282.0, 102.0, 94.0, 235.0, 290.0, 513.0, 1216.0, 124.0, 339.0, 245.0, 323.0, 185.0, 545.0, 279.0, 122.0, 77.0, 175.0, 363.0
16, 2013-11-27, Home, ATL, W, W, -8, U, 205.5, 0, 1422.0, 1376.0, 490.0, 1004.0, 120.0, 345.0, 322.0, 451.0, 135.0, 593.0, 277.0, 98.0, 96.0, 231.0, 290.0, 509.0, 1198.0, 119.0, 325.0, 239.0, 316.0, 183.0, 537.0, 281.0, 125.0, 77.0, 176.0, 348.0
17, 2013-11-29, Home, BRK, W, W, -11, O, 204.5, 0, 1431.0, 1367.0, 499.0, 1015.0, 125.0, 350.0, 308.0, 437.0, 134.0, 595.0, 286.0, 100.0, 92.0, 226.0, 284.0, 507.0, 1192.0, 123.0, 325.0, 230.0, 304.0, 174.0, 530.0, 290.0, 124.0, 75.0, 179.0, 347.0
18, 2013-11-30, Away, SAS, W, W, 6.5, O, 205.5, 1, 1427.0, 1325.0, 497.0, 1007.0, 137.0, 357.0, 296.0, 414.0, 128.0, 590.0, 296.0, 102.0, 97.0, 227.0, 280.0, 495.0, 1187.0, 114.0, 309.0, 221.0, 299.0, 180.0, 536.0, 281.0, 127.0, 71.0, 180.0, 332.0
19, 2013-12-02, Away, UTA, L, L, -7.5, O, 202, 0, 1423.0, 1330.0, 496.0, 1022.0, 144.0, 365.0, 287.0, 410.0, 130.0, 597.0, 303.0, 109.0, 98.0, 223.0, 271.0, 503.0, 1191.0, 113.0, 304.0, 211.0, 283.0, 173.0, 539.0, 286.0, 126.0, 74.0, 181.0, 323.0
20, 2013-12-04, Home, PHO, L, L, -9.5, U, 212, 0, 1428.0, 1340.0, 507.0, 1028.0, 146.0, 366.0, 268.0, 378.0, 133.0, 593.0, 304.0, 102.0, 96.0, 214.0, 273.0, 510.0, 1178.0, 107.0, 286.0, 213.0, 284.0, 168.0, 531.0, 280.0, 121.0, 70.0, 168.0, 305.0
21, 2013-12-06, Home, GSW, W, W, -5, U, 213.5, 0, 1422.0, 1330.0, 503.0, 1038.0, 148.0, 371.0, 268.0, 370.0, 144.0, 605.0, 296.0, 100.0, 92.0, 218.0, 270.0, 504.0, 1169.0, 109.0, 286.0, 213.0, 280.0, 161.0, 526.0, 271.0, 124.0, 69.0, 173.0, 300.0
22, 2013-12-08, Home, ORL, W, L, -13.5, U, 210, 0, 1417.0, 1309.0, 503.0, 1037.0, 147.0, 373.0, 264.0, 362.0, 145.0, 598.0, 290.0, 106.0, 87.0, 210.0, 261.0, 493.0, 1131.0, 103.0, 277.0, 220.0, 287.0, 151.0, 518.0, 271.0, 121.0, 67.0, 182.0, 289.0
23, 2013-12-12, Away, POR, L, L, 2, O, 213, 0, 1398.0, 1274.0, 492.0, 1017.0, 142.0, 365.0, 272.0, 379.0, 147.0, 608.0, 278.0, 103.0, 82.0, 209.0, 254.0, 482.0, 1121.0, 100.0, 281.0, 210.0, 281.0, 151.0, 511.0, 256.0, 122.0, 66.0, 176.0, 295.0
24, 2013-12-13, Away, GSW, W, W, 3.5, O, 213.5, 1, 1393.0, 1279.0, 501.0, 1043.0, 138.0, 357.0, 253.0, 359.0, 151.0, 613.0, 280.0, 108.0, 82.0, 203.0, 258.0, 483.0, 1123.0, 100.0, 288.0, 213.0, 284.0, 156.0, 527.0, 258.0, 120.0, 68.0, 181.0, 287.0
25, 2013-12-15, Away, SAC, L, L, -6.5, U, 214, 0, 1387.0, 1280.0, 499.0, 1041.0, 141.0, 365.0, 248.0, 350.0, 146.0, 598.0, 273.0, 112.0, 76.0, 202.0, 258.0, 481.0, 1114.0, 98.0, 286.0, 220.0, 290.0, 157.0, 540.0, 258.0, 118.0, 67.0, 186.0, 284.0
26, 2013-12-18, Home, CHI, W, W, -8, O, 191, 0, 1369.0, 1301.0, 489.0, 1044.0, 139.0, 371.0, 252.0, 364.0, 151.0, 592.0, 266.0, 111.0, 71.0, 200.0, 264.0, 488.0, 1096.0, 94.0, 279.0, 231.0, 300.0, 146.0, 540.0, 259.0, 116.0, 70.0, 189.0, 290.0
27, 2013-12-20, Away, IND, L, L, 6, U, 197, 0, 1358.0, 1272.0, 491.0, 1050.0, 135.0, 362.0, 241.0, 347.0, 152.0, 599.0, 260.0, 110.0, 74.0, 202.0, 263.0, 484.0, 1103.0, 88.0, 269.0, 216.0, 290.0, 148.0, 537.0, 259.0, 115.0, 67.0, 191.0, 283.0
28, 2013-12-21, Away, DET, W, W, -1, O, 207.5, 1, 1327.0, 1285.0, 482.0, 1055.0, 122.0, 353.0, 241.0, 355.0, 153.0, 581.0, 244.0, 115.0, 71.0, 193.0, 265.0, 487.0, 1084.0, 92.0, 269.0, 219.0, 295.0, 139.0, 543.0, 271.0, 113.0, 69.0, 198.0, 291.0
29, 2013-12-23, Home, DAL, L, L, -4, O, 210.5, 0, 1348.0, 1296.0, 492.0, 1065.0, 125.0, 352.0, 239.0, 351.0, 147.0, 583.0, 265.0, 112.0, 69.0, 189.0, 264.0, 493.0, 1091.0, 89.0, 268.0, 221.0, 303.0, 136.0, 545.0, 271.0, 109.0, 70.0, 191.0, 286.0
30, 2013-12-25, Away, SAS, W, W, 7.5, U, 212.5, 0, 1339.0, 1323.0, 487.0, 1057.0, 118.0, 344.0, 247.0, 359.0, 147.0, 577.0, 263.0, 109.0, 67.0, 193.0, 265.0, 501.0, 1095.0, 92.0, 268.0, 229.0, 311.0, 139.0, 546.0, 273.0, 114.0, 70.0, 184.0, 284.0
31, 2013-12-26, Home, MEM, W, W, -7.5, U, 199, 1, 1336.0, 1326.0, 493.0, 1069.0, 111.0, 336.0, 239.0, 357.0, 151.0, 586.0, 260.0, 103.0, 68.0, 187.0, 263.0, 501.0, 1097.0, 91.0, 266.0, 233.0, 311.0, 138.0, 548.0, 267.0, 110.0, 76.0, 182.0, 283.0
32, 2013-12-28, Home, NOP, W, P, -9, U, 212, 0, 1324.0, 1312.0, 484.0, 1050.0, 103.0, 330.0, 253.0, 367.0, 146.0, 573.0, 253.0, 93.0, 71.0, 180.0, 264.0, 495.0, 1099.0, 87.0, 258.0, 235.0, 318.0, 154.0, 564.0, 260.0, 108.0, 71.0, 176.0, 294.0
33, 2013-12-29, Away, OKC, L, L, 4.5, U, 210, 1, 1328.0, 1301.0, 482.0, 1044.0, 100.0, 328.0, 264.0, 379.0, 147.0, 580.0, 254.0, 94.0, 71.0, 186.0, 256.0, 493.0, 1113.0, 87.0, 263.0, 228.0, 310.0, 158.0, 567.0, 268.0, 110.0, 74.0, 175.0, 301.0
34, 2013-12-31, Home, SAC, L, L, -10, O, 215, 0, 1326.0, 1321.0, 482.0, 1041.0, 98.0, 325.0, 264.0, 391.0, 137.0, 564.0, 249.0, 90.0, 74.0, 173.0, 250.0, 504.0, 1116.0, 86.0, 261.0, 227.0, 307.0, 154.0, 576.0, 279.0, 103.0, 73.0, 167.0, 302.0
35, 2014-01-03, Home, NYK, W, L, -11.5, U, 205, 0, 1327.0, 1348.0, 484.0, 1039.0, 99.0, 325.0, 260.0, 385.0, 137.0, 555.0, 250.0, 86.0, 72.0, 174.0, 252.0, 519.0, 1125.0, 91.0, 267.0, 219.0, 296.0, 153.0, 572.0, 291.0, 103.0, 72.0, 158.0, 301.0
36, 2014-01-08, Home, LAL, W, W, -13.5, O, 211.5, 0, 1331.0, 1360.0, 486.0, 1037.0, 99.0, 318.0, 260.0, 371.0, 132.0, 539.0, 244.0, 85.0, 66.0, 171.0, 251.0, 524.0, 1121.0, 92.0, 262.0, 220.0, 292.0, 155.0, 573.0, 297.0, 99.0, 68.0, 159.0, 294.0
37, 2014-01-10, Away, ATL, L, L, -2.5, U, 207, 0, 1340.0, 1348.0, 485.0, 1029.0, 101.0, 326.0, 269.0, 397.0, 133.0, 543.0, 246.0, 86.0, 63.0, 172.0, 247.0, 521.0, 1120.0, 91.0, 259.0, 215.0, 287.0, 154.0, 568.0, 295.0, 102.0, 68.0, 163.0, 306.0
38, 2014-01-11, Away, WAS, W, W, -2, O, 199.5, 1, 1304.0, 1319.0, 475.0, 1020.0, 95.0, 316.0, 259.0, 384.0, 136.0, 555.0, 241.0, 79.0, 62.0, 173.0, 242.0, 510.0, 1116.0, 94.0, 269.0, 205.0, 274.0, 148.0, 552.0, 298.0, 105.0, 67.0, 157.0, 293.0
39, 2014-01-13, Away, BOS, W, W, -6, U, 208, 0, 1327.0, 1320.0, 482.0, 1018.0, 96.0, 307.0, 267.0, 388.0, 134.0, 556.0, 248.0, 80.0, 62.0, 175.0, 241.0, 511.0, 1130.0, 96.0, 275.0, 202.0, 275.0, 158.0, 556.0, 305.0, 108.0, 64.0, 153.0, 300.0
40, 2014-01-15, Away, NOP, W, L, -5.5, P, 203, 0, 1322.0, 1318.0, 475.0, 1015.0, 96.0, 304.0, 276.0, 406.0, 135.0, 565.0, 249.0, 78.0, 66.0, 173.0, 235.0, 511.0, 1152.0, 94.0, 280.0, 202.0, 266.0, 164.0, 573.0, 296.0, 108.0, 69.0, 149.0, 307.0
41, 2014-01-16, Home, OKC, L, L, -2.5, U, 208, 1, 1344.0, 1304.0, 480.0, 1003.0, 96.0, 295.0, 288.0, 423.0, 131.0, 567.0, 257.0, 76.0, 74.0, 172.0, 245.0, 503.0, 1148.0, 90.0, 274.0, 208.0, 273.0, 167.0, 567.0, 286.0, 104.0, 70.0, 147.0, 320.0
42, 2014-01-18, Home, MIL, W, L, -13.5, O, 199.5, 0, 1322.0, 1311.0, 469.0, 1006.0, 99.0, 306.0, 285.0, 421.0, 136.0, 564.0, 244.0, 76.0, 75.0, 175.0, 246.0, 501.0, 1141.0, 95.0, 287.0, 214.0, 272.0, 166.0, 577.0, 282.0, 107.0, 70.0, 154.0, 329.0
43, 2014-01-20, Home, POR, W, W, -2, O, 218, 0, 1332.0, 1304.0, 472.0, 1021.0, 99.0, 314.0, 289.0, 429.0, 141.0, 574.0, 241.0, 82.0, 78.0, 169.0, 247.0, 501.0, 1142.0, 95.0, 288.0, 207.0, 270.0, 168.0, 584.0, 282.0, 100.0, 75.0, 162.0, 331.0
44, 2014-01-22, Home, SAC, W, W, -9.5, P, 217, 0, 1347.0, 1319.0, 472.0, 1021.0, 103.0, 323.0, 300.0, 435.0, 147.0, 576.0, 240.0, 84.0, 72.0, 177.0, 249.0, 508.0, 1148.0, 98.0, 293.0, 205.0, 269.0, 168.0, 575.0, 285.0, 106.0, 69.0, 164.0, 341.0
45, 2014-01-24, Home, MEM, L, L, -5.5, U, 196, 0, 1366.0, 1325.0, 484.0, 1040.0, 106.0, 330.0, 292.0, 435.0, 154.0, 590.0, 252.0, 89.0, 74.0, 178.0, 251.0, 504.0, 1141.0, 105.0, 305.0, 212.0, 279.0, 159.0, 568.0, 284.0, 105.0, 71.0, 168.0, 337.0
46, 2014-01-25, Away, MEM, L, L, -1.5, U, 194.5, 1, 1346.0, 1315.0, 478.0, 1042.0, 114.0, 338.0, 276.0, 417.0, 149.0, 574.0, 254.0, 90.0, 73.0, 177.0, 259.0, 499.0, 1126.0, 99.0, 290.0, 218.0, 287.0, 158.0, 568.0, 277.0, 105.0, 69.0, 173.0, 328.0
47, 2014-01-28, Home, SAS, W, W, 1.5, U, 209, 0, 1341.0, 1297.0, 477.0, 1038.0, 116.0, 342.0, 271.0, 403.0, 148.0, 574.0, 260.0, 89.0, 74.0, 183.0, 260.0, 493.0, 1132.0, 96.0, 287.0, 215.0, 285.0, 170.0, 571.0, 272.0, 107.0, 69.0, 174.0, 327.0
48, 2014-01-29, Away, DAL, W, W, 5, O, 210.5, 1, 1332.0, 1277.0, 471.0, 1032.0, 114.0, 332.0, 276.0, 417.0, 153.0, 586.0, 262.0, 84.0, 71.0, 182.0, 258.0, 486.0, 1129.0, 95.0, 288.0, 210.0, 283.0, 174.0, 571.0, 273.0, 104.0, 75.0, 172.0, 332.0
49, 2014-02-01, Home, CLE, W, W, -11.5, U, 206.5, 0, 1347.0, 1292.0, 478.0, 1032.0, 113.0, 327.0, 278.0, 425.0, 153.0, 584.0, 270.0, 88.0, 68.0, 184.0, 268.0, 489.0, 1126.0, 91.0, 283.0, 223.0, 295.0, 170.0, 568.0, 273.0, 100.0, 76.0, 178.0, 339.0
50, 2014-02-05, Home, PHO, W, W, -7.5, O, 214.5, 0, 1340.0, 1285.0, 480.0, 1026.0, 113.0, 325.0, 267.0, 399.0, 147.0, 576.0, 276.0, 84.0, 72.0, 192.0, 261.0, 491.0, 1125.0, 92.0, 289.0, 211.0, 280.0, 163.0, 553.0, 276.0, 101.0, 73.0, 176.0, 331.0
51, 2014-02-08, Away, MIL, W, L, -11, U, 205, 0, 1382.0, 1310.0, 490.0, 1027.0, 118.0, 322.0, 284.0, 419.0, 142.0, 568.0, 278.0, 90.0, 75.0, 189.0, 262.0, 501.0, 1129.0, 91.0, 287.0, 217.0, 290.0, 162.0, 551.0, 272.0, 98.0, 72.0, 177.0, 341.0
52, 2014-02-10, Away, MIN, W, W, -4, U, 206.5, 0, 1369.0, 1298.0, 494.0, 1039.0, 118.0, 328.0, 263.0, 390.0, 139.0, 563.0, 279.0, 94.0, 75.0, 183.0, 252.0, 501.0, 1124.0, 92.0, 283.0, 204.0, 270.0, 159.0, 551.0, 274.0, 93.0, 75.0, 184.0, 327.0
53, 2014-02-12, Home, WAS, W, L, -8.5, O, 204.5, 0, 1372.0, 1295.0, 496.0, 1042.0, 121.0, 336.0, 259.0, 376.0, 139.0, 563.0, 280.0, 98.0, 70.0, 189.0, 259.0, 494.0, 1110.0, 95.0, 291.0, 212.0, 277.0, 160.0, 544.0, 277.0, 93.0, 71.0, 187.0, 321.0
54, 2014-02-19, Away, LAL, W, W, -8.5, O, 215, 0, 1382.0, 1307.0, 493.0, 1034.0, 127.0, 345.0, 269.0, 382.0, 144.0, 576.0, 280.0, 93.0, 63.0, 200.0, 250.0, 503.0, 1130.0, 103.0, 303.0, 198.0, 264.0, 160.0, 535.0, 286.0, 100.0, 66.0, 181.0, 319.0
55, 2014-02-20, Away, GSW, L, L, -1.5, U, 212, 1, 1424.0, 1311.0, 512.0, 1056.0, 133.0, 346.0, 267.0, 386.0, 153.0, 590.0, 288.0, 104.0, 64.0, 197.0, 245.0, 506.0, 1132.0, 111.0, 305.0, 188.0, 254.0, 153.0, 520.0, 297.0, 99.0, 63.0, 185.0, 312.0
56, 2014-02-23, Away, PHO, W, W, -1.5, O, 213.5, 0, 1409.0, 1309.0, 508.0, 1072.0, 135.0, 349.0, 258.0, 374.0, 161.0, 604.0, 292.0, 97.0, 66.0, 198.0, 251.0, 503.0, 1145.0, 109.0, 309.0, 194.0, 257.0, 156.0, 529.0, 292.0, 101.0, 63.0, 178.0, 312.0
57, 2014-02-25, Away, SAC, W, W, -4.5, O, 212, 0, 1398.0, 1308.0, 504.0, 1064.0, 124.0, 332.0, 266.0, 382.0, 154.0, 595.0, 290.0, 102.0, 66.0, 202.0, 252.0, 501.0, 1134.0, 112.0, 310.0, 194.0, 259.0, 151.0, 526.0, 287.0, 103.0, 62.0, 183.0, 307.0
58, 2014-02-26, Away, LAC, L, L, 5, U, 222, 1, 1408.0, 1313.0, 502.0, 1046.0, 127.0, 323.0, 277.0, 384.0, 147.0, 585.0, 286.0, 99.0, 63.0, 211.0, 257.0, 503.0, 1138.0, 105.0, 298.0, 202.0, 260.0, 152.0, 521.0, 285.0, 111.0, 57.0, 182.0, 308.0
59, 2014-03-01, Home, DET, W, L, -10.5, O, 215, 0, 1414.0, 1326.0, 504.0, 1044.0, 121.0, 314.0, 285.0, 394.0, 152.0, 600.0, 284.0, 98.0, 63.0, 218.0, 258.0, 508.0, 1153.0, 109.0, 315.0, 201.0, 257.0, 155.0, 521.0, 289.0, 118.0, 62.0, 178.0, 315.0
60, 2014-03-04, Home, MIA, W, W, -2, O, 208.5, 0, 1451.0, 1337.0, 516.0, 1047.0, 123.0, 315.0, 296.0, 410.0, 155.0, 606.0, 296.0, 100.0, 63.0, 218.0, 263.0, 512.0, 1165.0, 106.0, 315.0, 207.0, 262.0, 159.0, 516.0, 288.0, 121.0, 64.0, 180.0, 316.0
61, 2014-03-05, Away, ORL, W, W, -8, U, 204.5, 1, 1460.0, 1350.0, 523.0, 1050.0, 126.0, 320.0, 288.0, 390.0, 148.0, 597.0, 302.0, 99.0, 62.0, 221.0, 264.0, 515.0, 1163.0, 107.0, 319.0, 213.0, 270.0, 156.0, 510.0, 284.0, 126.0, 63.0, 177.0, 304.0
62, 2014-03-07, Home, IND, W, W, -5, U, 201.5, 0, 1444.0, 1324.0, 522.0, 1058.0, 123.0, 321.0, 277.0, 378.0, 152.0, 604.0, 299.0, 99.0, 65.0, 225.0, 250.0, 513.0, 1161.0, 105.0, 314.0, 193.0, 246.0, 152.0, 503.0, 287.0, 135.0, 65.0, 180.0, 301.0
63, 2014-03-09, Home, POR, W, L, -6.5, O, 214, 0, 1450.0, 1318.0, 521.0, 1054.0, 129.0, 323.0, 279.0, 379.0, 148.0, 594.0, 301.0, 99.0, 62.0, 220.0, 253.0, 509.0, 1148.0, 104.0, 300.0, 196.0, 251.0, 152.0, 506.0, 286.0, 134.0, 67.0, 181.0, 299.0
64, 2014-03-11, Away, OKC, L, L, 4.5, U, 215.5, 0, 1446.0, 1323.0, 520.0, 1072.0, 127.0, 336.0, 279.0, 382.0, 156.0, 606.0, 297.0, 105.0, 62.0, 220.0, 261.0, 506.0, 1154.0, 105.0, 295.0, 206.0, 263.0, 162.0, 524.0, 289.0, 135.0, 73.0, 188.0, 306.0
65, 2014-03-13, Away, CHI, L, L, -3.5, O, 193.5, 0, 1443.0, 1334.0, 511.0, 1066.0, 128.0, 337.0, 293.0, 403.0, 158.0, 613.0, 292.0, 101.0, 62.0, 220.0, 268.0, 500.0, 1144.0, 110.0, 309.0, 224.0, 286.0, 156.0, 526.0, 281.0, 134.0, 74.0, 183.0, 313.0
66, 2014-03-16, Away, MIA, L, L, 5.5, O, 207, 0, 1423.0, 1356.0, 500.0, 1063.0, 122.0, 336.0, 301.0, 417.0, 167.0, 616.0, 283.0, 94.0, 63.0, 219.0, 266.0, 512.0, 1143.0, 118.0, 308.0, 214.0, 278.0, 150.0, 522.0, 296.0, 134.0, 75.0, 174.0, 317.0
67, 2014-03-17, Home, UTA, W, W, -13, O, 203.5, 1, 1414.0, 1357.0, 503.0, 1074.0, 121.0, 337.0, 287.0, 398.0, 164.0, 599.0, 283.0, 101.0, 60.0, 210.0, 268.0, 508.0, 1124.0, 111.0, 298.0, 230.0, 291.0, 145.0, 518.0, 289.0, 129.0, 75.0, 178.0, 306.0
68, 2014-03-20, Home, MIN, W, W, -7.5, O, 215.5, 0, 1404.0, 1335.0, 497.0, 1049.0, 116.0, 327.0, 294.0, 399.0, 153.0, 589.0, 286.0, 93.0, 66.0, 215.0, 275.0, 501.0, 1123.0, 101.0, 289.0, 232.0, 294.0, 151.0, 520.0, 281.0, 128.0, 74.0, 178.0, 312.0
69, 2014-03-22, Away, CLE, W, L, -8, O, 204, 0, 1434.0, 1339.0, 509.0, 1033.0, 123.0, 335.0, 293.0, 393.0, 141.0, 573.0, 298.0, 100.0, 67.0, 218.0, 270.0, 502.0, 1117.0, 104.0, 290.0, 231.0, 293.0, 151.0, 511.0, 291.0, 126.0, 68.0, 180.0, 304.0
70, 2014-03-24, Away, CHA, W, W, -5, U, 205.5, 0, 1437.0, 1338.0, 506.0, 1034.0, 130.0, 354.0, 295.0, 395.0, 136.0, 561.0, 304.0, 99.0, 74.0, 209.0, 269.0, 506.0, 1123.0, 99.0, 281.0, 227.0, 286.0, 155.0, 526.0, 307.0, 119.0, 70.0, 180.0, 313.0
71, 2014-03-27, Home, PHI, W, W, -19.5, O, 214, 0, 1408.0, 1324.0, 504.0, 1044.0, 131.0, 359.0, 269.0, 371.0, 140.0, 558.0, 301.0, 99.0, 75.0, 202.0, 267.0, 502.0, 1119.0, 98.0, 284.0, 222.0, 280.0, 156.0, 527.0, 302.0, 113.0, 73.0, 177.0, 304.0
72, 2014-03-29, Home, LAC, L, L, -1.5, O, 215.5, 0, 1435.0, 1321.0, 514.0, 1057.0, 132.0, 360.0, 275.0, 381.0, 145.0, 569.0, 309.0, 106.0, 77.0, 202.0, 269.0, 496.0, 1116.0, 104.0, 296.0, 225.0, 289.0, 156.0, 524.0, 300.0, 110.0, 70.0, 187.0, 307.0
73, 2014-04-01, Away, BRK, L, L, 3.5, U, 210.5, 0, 1424.0, 1329.0, 504.0, 1052.0, 128.0, 352.0, 288.0, 393.0, 146.0, 574.0, 297.0, 103.0, 75.0, 206.0, 274.0, 493.0, 1105.0, 112.0, 318.0, 231.0, 306.0, 148.0, 520.0, 304.0, 109.0, 73.0, 183.0, 312.0
74, 2014-04-02, Away, TOR, L, L, 1.5, O, 202.5, 1, 1414.0, 1331.0, 496.0, 1058.0, 130.0, 364.0, 292.0, 394.0, 144.0, 572.0, 293.0, 105.0, 75.0, 203.0, 268.0, 499.0, 1108.0, 111.0, 316.0, 222.0, 294.0, 144.0, 529.0, 308.0, 107.0, 71.0, 188.0, 319.0
75, 2014-04-04, Home, OKC, W, W, -2.5, O, 212.5, 0, 1416.0, 1349.0, 492.0, 1063.0, 133.0, 368.0, 299.0, 400.0, 140.0, 570.0, 291.0, 105.0, 72.0, 197.0, 283.0, 495.0, 1099.0, 118.0, 327.0, 241.0, 321.0, 138.0, 531.0, 305.0, 100.0, 68.0, 184.0, 318.0
76, 2014-04-06, Home, DEN, W, L, -10.5, O, 222, 0, 1415.0, 1370.0, 485.0, 1065.0, 133.0, 371.0, 312.0, 412.0, 143.0, 581.0, 286.0, 105.0, 70.0, 196.0, 289.0, 499.0, 1110.0, 124.0, 342.0, 248.0, 326.0, 141.0, 541.0, 307.0, 98.0, 70.0, 181.0, 320.0
77, 2014-04-08, Away, LAL, W, W, -9, O, 227.5, 0, 1427.0, 1382.0, 492.0, 1074.0, 137.0, 378.0, 306.0, 407.0, 145.0, 583.0, 297.0, 105.0, 75.0, 198.0, 281.0, 511.0, 1121.0, 129.0, 348.0, 231.0, 306.0, 134.0, 539.0, 311.0, 99.0, 68.0, 182.0, 310.0
78, 2014-04-09, Away, DEN, L, L, -2, O, 223, 1, 1474.0, 1406.0, 515.0, 1092.0, 139.0, 379.0, 305.0, 401.0, 149.0, 596.0, 312.0, 106.0, 79.0, 199.0, 281.0, 521.0, 1136.0, 132.0, 351.0, 232.0, 307.0, 131.0, 523.0, 331.0, 102.0, 68.0, 180.0, 305.0
79, 2014-04-11, Away, MIN, L, L, 1, O, 218, 0, 1503.0, 1418.0, 527.0, 1105.0, 149.0, 393.0, 300.0, 392.0, 142.0, 594.0, 324.0, 112.0, 79.0, 198.0, 280.0, 528.0, 1151.0, 129.0, 355.0, 233.0, 308.0, 131.0, 528.0, 327.0, 104.0, 72.0, 184.0, 302.0
80, 2014-04-12, Home, NOP, W, L, -15, O, 213, 1, 1509.0, 1417.0, 526.0, 1113.0, 151.0, 395.0, 306.0, 400.0, 147.0, 612.0, 328.0, 113.0, 79.0, 203.0, 291.0, 529.0, 1167.0, 123.0, 345.0, 236.0, 319.0, 142.0, 547.0, 328.0, 108.0, 77.0, 186.0, 306.0
81, 2014-04-14, Home, SAS, W, W, -5.5, U, 211.5, 0, 1496.0, 1435.0, 515.0, 1108.0, 148.0, 397.0, 318.0, 413.0, 145.0, 602.0, 320.0, 116.0, 75.0, 197.0, 288.0, 534.0, 1172.0, 128.0, 349.0, 239.0, 322.0, 141.0, 552.0, 327.0, 106.0, 81.0, 177.0, 307.0
82, 2014-04-16, Away, NOP, L, L, 3, U, 208.5, 0, 1471.0, 1427.0, 504.0, 1108.0, 136.0, 381.0, 327.0, 423.0, 147.0, 608.0, 302.0, 109.0, 70.0, 188.0, 284.0, 535.0, 1174.0, 120.0, 338.0, 237.0, 317.0, 135.0, 555.0, 323.0, 103.0, 80.0, 169.0, 314.0
