12, 2014-11-18, Away, UTA, L, L, 3, U, 186, 0, 0, 89.6, 92.8, 33.1, 78.2, 7.5, 22.7, 15.9, 22.4, 9.8, 43.1, 19.1, 5.0, 5.1, 15.4, 21.9, 34.6, 82.6, 7.8, 26.6, 15.8, 21.8, 12.1, 42.5, 20.3, 7.5, 4.6, 11.8, 21.8, 98.0, 102.7, 35.9, 77.0, 7.9, 23.4, 18.3, 23.9, 10.2, 40.4, 22.3, 6.2, 4.9, 14.1, 19.3, 39.2, 83.8, 7.4, 20.2, 16.9, 21.0, 10.8, 39.9, 18.7, 7.7, 4.0, 10.2, 19.6
13, 2014-11-19, Away, DEN, L, P, 7, O, 199, 0, 1, 88.7, 93.3, 33.3, 80.1, 7.7, 22.9, 14.4, 20.9, 10.2, 42.8, 18.5, 5.3, 5.5, 14.5, 21.4, 34.7, 82.0, 8.1, 26.0, 15.8, 21.9, 11.9, 44.7, 20.8, 7.3, 4.6, 12.0, 20.8, 101.5, 107.1, 36.9, 86.0, 8.4, 25.5, 19.3, 25.9, 12.0, 43.4, 20.4, 6.6, 4.9, 14.1, 25.1, 38.3, 83.2, 8.4, 22.7, 22.1, 29.5, 9.9, 44.2, 21.4, 6.5, 6.0, 13.1, 21.7
14, 2014-11-21, Home, BRK, L, L, -1.5, U, 187, 0, 0, 88.5, 94.9, 33.2, 80.0, 8.1, 23.2, 14.0, 20.3, 10.9, 42.6, 18.2, 5.0, 4.9, 14.2, 21.8, 35.2, 82.2, 8.4, 26.3, 16.1, 22.1, 12.0, 44.8, 21.4, 7.5, 4.1, 11.1, 20.2, 101.4, 100.1, 38.2, 82.4, 7.5, 21.8, 17.5, 22.2, 9.7, 42.4, 19.6, 7.4, 4.1, 13.6, 22.6, 36.9, 84.2, 7.6, 22.6, 18.7, 24.7, 12.3, 43.8, 22.2, 7.0, 3.5, 13.7, 20.7
15, 2014-11-23, Home, GSW, L, W, 8, U, 197, 0, 0, 89.2, 92.7, 33.8, 80.3, 7.7, 22.9, 13.9, 20.1, 10.7, 41.8, 18.6, 5.6, 5.5, 13.8, 22.6, 33.9, 80.5, 7.8, 25.5, 17.1, 23.2, 12.1, 44.4, 20.6, 6.6, 4.4, 12.1, 19.8, 109.2, 99.4, 40.8, 80.9, 10.1, 25.0, 17.5, 21.5, 8.4, 43.8, 26.2, 8.1, 5.6, 18.4, 21.0, 37.1, 87.4, 6.9, 22.3, 18.3, 24.5, 12.3, 41.9, 20.1, 9.3, 2.3, 15.6, 19.3
16, 2014-11-26, Home, UTA, W, W, -4.5, U, 185, 0, 0, 89.0, 91.8, 33.6, 82.8, 7.4, 22.5, 14.4, 20.3, 11.4, 43.4, 17.6, 5.5, 6.4, 13.0, 22.2, 34.0, 81.7, 7.7, 24.9, 16.1, 22.3, 12.2, 45.7, 20.9, 6.7, 4.9, 12.0, 19.2, 93.2, 99.4, 35.1, 76.5, 6.5, 18.9, 16.5, 22.6, 10.0, 41.1, 21.7, 7.4, 5.6, 14.6, 18.9, 38.7, 84.4, 7.0, 19.4, 15.0, 19.8, 12.0, 41.9, 19.5, 8.5, 3.9, 11.1, 19.6
17, 2014-11-28, Home, NYK, W, W, -8, U, 186, 0, 0, 89.8, 90.9, 33.9, 83.2, 7.4, 22.6, 14.6, 20.2, 11.6, 43.5, 18.1, 6.1, 7.0, 12.9, 23.0, 33.7, 80.6, 7.1, 24.7, 16.4, 23.4, 12.1, 45.7, 19.9, 6.6, 4.7, 13.1, 19.4, 97.6, 100.1, 37.8, 79.4, 7.9, 20.0, 14.1, 18.3, 9.9, 39.2, 20.7, 6.6, 3.4, 15.0, 24.8, 34.8, 78.7, 9.4, 24.9, 21.1, 27.8, 11.8, 40.3, 21.1, 8.9, 2.9, 14.3, 19.6
18, 2014-12-02, Away, NOP, L, L, -3.5, O, 197, 0, 0, 90.2, 89.4, 34.1, 84.0, 7.8, 23.2, 14.2, 19.8, 12.3, 45.2, 18.5, 6.5, 6.4, 12.9, 23.8, 33.0, 80.1, 6.7, 24.2, 16.7, 23.6, 11.9, 45.3, 19.3, 5.8, 5.1, 13.3, 19.2, 102.1, 100.6, 39.1, 84.3, 7.4, 20.0, 16.5, 21.9, 11.1, 39.9, 21.4, 7.8, 5.1, 10.3, 22.2, 36.6, 78.1, 6.5, 17.3, 20.9, 26.7, 11.0, 42.4, 19.9, 6.4, 5.4, 14.2, 18.3
19, 2014-12-05, Away, PHI, W, L, -13.5, U, 199.5, 0, 0, 92.8, 92.1, 34.9, 83.7, 7.9, 23.6, 15.1, 20.6, 11.9, 45.1, 18.6, 6.6, 6.5, 13.1, 24.8, 33.6, 80.8, 6.9, 24.4, 18.0, 25.7, 12.1, 45.1, 19.8, 6.6, 5.6, 13.0, 19.1, 91.7, 101.1, 34.3, 82.7, 6.2, 22.3, 16.9, 24.3, 11.1, 42.1, 20.1, 10.2, 3.8, 16.8, 22.6, 36.8, 81.0, 7.7, 25.2, 19.8, 25.6, 10.0, 46.3, 23.9, 9.8, 5.0, 16.7, 20.9
20, 2014-12-07, Away, DET, W, L, -10, U, 194, 1, 0, 92.2, 91.8, 34.4, 82.6, 7.8, 23.5, 15.6, 21.5, 11.7, 45.0, 19.0, 7.2, 7.0, 13.9, 25.9, 33.1, 80.9, 6.8, 23.9, 18.8, 27.4, 13.3, 46.0, 19.5, 7.4, 5.5, 13.9, 19.5, 93.2, 102.7, 33.8, 85.9, 7.6, 23.4, 18.0, 25.2, 13.1, 43.7, 20.3, 7.8, 4.5, 14.5, 19.2, 38.4, 81.9, 9.6, 23.5, 16.3, 21.0, 9.8, 45.7, 25.1, 8.7, 5.0, 14.7, 21.7
21, 2014-12-09, Home, MIL, W, W, -10, O, 201, 0, 0, 92.9, 91.6, 34.5, 81.7, 7.2, 22.0, 16.7, 22.6, 12.3, 45.8, 18.7, 6.8, 7.0, 14.0, 26.0, 32.7, 79.6, 6.4, 23.1, 19.8, 28.7, 12.7, 44.4, 20.2, 7.1, 5.1, 13.5, 19.9, 101.4, 104.0, 37.8, 80.2, 7.2, 18.3, 18.6, 22.9, 10.9, 39.5, 23.0, 9.9, 4.0, 16.0, 21.4, 39.3, 82.5, 8.7, 23.5, 16.7, 24.4, 11.9, 40.9, 23.9, 9.1, 5.3, 15.9, 20.7
22, 2014-12-11, Home, CLE, W, W, -7.5, U, 202, 0, 0, 97.8, 94.8, 36.6, 83.1, 7.3, 22.2, 17.3, 23.2, 12.7, 46.7, 19.6, 7.2, 6.1, 14.5, 25.8, 33.8, 80.0, 6.1, 21.7, 21.1, 29.2, 11.4, 42.1, 21.0, 7.4, 4.7, 13.5, 20.1, 102.0, 93.4, 37.7, 78.5, 6.6, 20.5, 20.0, 27.2, 10.8, 41.4, 23.1, 8.1, 4.5, 14.0, 19.8, 36.5, 83.3, 6.3, 19.8, 14.1, 18.2, 11.8, 38.8, 24.1, 6.6, 3.5, 13.9, 22.5
23, 2014-12-12, Away, MIN, W, W, -8.5, U, 205, 0, 1, 100.0, 94.4, 37.4, 83.4, 7.2, 22.5, 18.0, 23.5, 12.6, 46.9, 20.1, 7.3, 6.6, 14.3, 25.9, 33.4, 80.4, 6.0, 22.1, 21.6, 29.6, 11.7, 41.4, 20.8, 7.1, 4.7, 13.6, 20.4, 96.7, 107.5, 36.1, 85.5, 3.8, 13.6, 20.7, 28.3, 12.3, 41.2, 23.3, 10.5, 4.0, 14.8, 21.4, 39.8, 83.4, 8.7, 26.1, 19.2, 23.9, 11.7, 45.5, 24.1, 8.3, 5.8, 17.4, 21.8
24, 2014-12-14, Home, PHO, W, W, -7.5, U, 211, 0, 0, 101.1, 92.9, 38.3, 84.3, 6.8, 22.6, 17.7, 23.0, 12.9, 47.7, 20.3, 7.9, 7.2, 15.0, 25.8, 33.0, 80.0, 5.1, 19.9, 21.8, 30.3, 11.4, 40.3, 20.4, 7.6, 5.1, 14.3, 20.0, 105.6, 106.5, 39.3, 85.2, 11.7, 28.9, 15.3, 19.6, 10.3, 40.2, 21.8, 8.3, 4.8, 16.2, 22.9, 39.3, 85.0, 6.6, 20.0, 21.3, 27.4, 12.9, 45.7, 19.2, 8.9, 3.6, 16.1, 20.8
25, 2014-12-16, Away, SAC, W, W, -7.5, U, 206.5, 0, 0, 103.1, 92.3, 38.4, 83.8, 6.8, 22.4, 19.5, 24.5, 13.0, 50.4, 20.5, 7.7, 6.8, 15.5, 25.2, 33.3, 83.2, 5.3, 21.5, 20.4, 29.1, 11.8, 40.5, 20.8, 8.5, 4.8, 13.5, 20.5, 98.0, 103.2, 35.1, 77.4, 5.0, 14.2, 22.8, 31.2, 11.4, 44.6, 20.1, 5.2, 3.9, 16.6, 21.7, 38.7, 87.1, 8.1, 25.3, 17.7, 24.3, 10.6, 39.2, 23.3, 9.5, 5.6, 9.9, 25.2
26, 2014-12-18, Away, GSW, L, L, 2.5, O, 211.5, 0, 0, 104.9, 92.4, 39.3, 83.5, 7.1, 22.7, 19.2, 24.2, 12.9, 48.8, 21.0, 8.3, 6.5, 15.4, 24.9, 33.6, 82.3, 5.1, 20.8, 20.1, 28.4, 11.8, 40.1, 20.3, 8.5, 4.3, 14.3, 20.8, 107.0, 98.2, 40.6, 88.5, 8.9, 25.8, 16.9, 21.1, 12.4, 47.4, 24.1, 9.2, 7.3, 14.1, 18.5, 37.7, 89.7, 6.2, 20.7, 16.6, 21.9, 12.7, 46.3, 21.5, 9.5, 3.9, 15.0, 18.2
27, 2014-12-19, Away, LAL, W, L, -5.5, O, 204.5, 0, 1, 106.1, 95.6, 39.4, 83.8, 7.0, 22.6, 20.3, 25.6, 12.5, 48.6, 20.6, 7.9, 6.2, 15.3, 23.8, 35.3, 84.7, 6.0, 22.3, 19.0, 26.6, 12.0, 40.2, 22.4, 8.5, 4.8, 13.3, 20.7, 103.3, 107.5, 38.6, 89.4, 8.3, 21.8, 17.8, 23.8, 10.9, 42.8, 21.4, 7.9, 5.0, 10.9, 20.1, 40.9, 87.2, 7.6, 20.3, 18.1, 24.7, 11.3, 48.4, 26.1, 6.0, 3.4, 14.4, 19.4
28, 2014-12-21, Home, NOP, L, L, -7, U, 201, 1, 0, 106.0, 98.1, 39.3, 83.8, 6.8, 22.3, 20.6, 26.2, 11.8, 47.1, 20.7, 7.5, 7.0, 14.6, 22.4, 36.5, 85.7, 6.8, 22.9, 18.3, 25.7, 11.8, 41.2, 23.5, 8.5, 4.7, 13.1, 20.6, 104.7, 108.1, 40.4, 84.6, 6.6, 19.3, 17.3, 22.1, 11.8, 43.8, 21.8, 6.5, 5.6, 12.9, 17.1, 42.1, 87.0, 8.9, 22.4, 15.0, 20.1, 10.1, 39.8, 22.6, 7.3, 6.2, 10.8, 18.0
29, 2014-12-23, Home, POR, L, L, -4.5, O, 201, 1, 0, 105.5, 97.0, 39.4, 83.7, 6.6, 21.9, 20.1, 25.9, 12.5, 47.3, 20.8, 7.5, 6.9, 14.5, 20.5, 36.9, 85.9, 7.0, 23.2, 16.2, 22.2, 11.2, 40.2, 24.5, 8.3, 4.3, 12.7, 20.2, 103.4, 98.4, 40.2, 87.9, 9.2, 25.3, 13.8, 17.9, 11.6, 44.8, 21.2, 7.5, 4.7, 13.8, 20.2, 37.6, 86.9, 5.5, 18.4, 17.7, 22.5, 12.5, 46.0, 19.5, 8.1, 3.1, 13.3, 18.0
30, 2014-12-25, Away, SAS, W, W, 6, O, 196.5, 0, 0, 106.3, 99.4, 40.5, 86.7, 6.3, 21.5, 19.0, 24.3, 13.2, 48.6, 20.1, 7.6, 6.6, 14.0, 20.9, 37.5, 86.6, 7.9, 23.5, 16.5, 21.6, 10.2, 40.4, 24.2, 7.6, 4.3, 12.4, 19.8, 108.5, 107.0, 40.6, 84.9, 8.3, 20.6, 19.0, 25.7, 10.9, 44.8, 24.5, 7.7, 5.7, 14.5, 19.5, 40.6, 89.6, 8.5, 21.5, 17.3, 21.5, 11.8, 44.4, 21.3, 9.2, 3.9, 13.7, 23.4
31, 2014-12-26, Home, CHO, W, W, -6.5, U, 197.5, 0, 1, 108.1, 100.6, 40.8, 86.1, 6.6, 20.9, 19.9, 26.4, 13.2, 48.3, 20.6, 8.0, 6.5, 13.9, 20.5, 38.3, 87.1, 7.9, 23.5, 16.1, 20.9, 10.4, 40.3, 25.0, 7.9, 4.7, 12.8, 20.3, 101.8, 98.4, 39.1, 86.5, 7.1, 19.7, 16.5, 23.0, 10.1, 42.1, 20.3, 5.8, 5.0, 9.6, 18.5, 37.2, 80.8, 8.5, 22.6, 15.5, 20.4, 7.0, 40.6, 22.6, 5.5, 5.7, 13.7, 20.0
32, 2014-12-28, Away, DAL, L, L, 2, O, 210.5, 0, 0, 106.5, 98.0, 40.3, 86.7, 7.0, 21.5, 18.9, 25.1, 13.0, 48.6, 20.1, 7.6, 6.9, 13.0, 20.2, 37.4, 87.4, 8.0, 23.8, 15.2, 20.0, 11.0, 42.4, 24.3, 7.9, 4.7, 12.9, 19.8, 108.2, 104.1, 40.8, 85.0, 10.3, 26.9, 16.3, 21.6, 10.7, 42.3, 22.1, 8.7, 4.3, 14.1, 20.1, 38.9, 86.7, 8.0, 22.7, 18.3, 23.1, 12.4, 44.2, 20.5, 8.1, 4.1, 13.3, 20.9
33, 2014-12-31, Home, PHO, W, L, -8, O, 213, 1, 0, 106.9, 99.8, 41.0, 87.0, 6.8, 20.3, 18.1, 25.0, 13.3, 49.3, 20.0, 7.5, 6.0, 13.7, 20.4, 38.2, 87.7, 8.1, 24.1, 15.3, 19.8, 10.2, 41.3, 24.9, 8.2, 4.9, 12.7, 19.4, 106.0, 103.9, 39.6, 85.9, 9.9, 27.6, 16.9, 22.0, 12.1, 42.3, 20.0, 8.8, 5.6, 13.0, 20.0, 38.9, 83.7, 7.2, 19.2, 18.9, 25.2, 12.1, 44.6, 19.1, 8.0, 3.1, 14.7, 20.3
34, 2015-01-02, Home, WAS, W, P, -7, O, 206, 0, 0, 109.5, 104.0, 40.6, 88.1, 7.3, 21.4, 21.0, 27.9, 13.6, 49.6, 19.9, 7.0, 5.8, 13.2, 20.8, 39.2, 88.9, 9.3, 26.1, 16.3, 20.4, 10.0, 42.1, 24.5, 7.8, 4.3, 12.5, 21.3, 98.8, 97.7, 39.1, 82.4, 5.8, 14.2, 14.8, 20.4, 10.2, 41.9, 22.9, 8.3, 4.9, 13.5, 21.9, 36.8, 79.9, 6.1, 18.8, 18.0, 25.7, 8.9, 39.8, 17.3, 7.4, 4.4, 13.6, 19.3
35, 2015-01-05, Away, GSW, L, L, 3.5, U, 216.5, 0, 0, 109.2, 105.4, 41.1, 88.4, 7.7, 21.5, 19.3, 26.4, 12.8, 47.1, 20.0, 7.1, 5.7, 12.4, 20.9, 39.7, 87.4, 9.7, 25.1, 16.3, 20.1, 9.4, 42.0, 25.1, 7.0, 4.1, 13.0, 21.0, 112.6, 104.5, 42.6, 87.5, 10.4, 28.1, 17.0, 21.5, 10.2, 43.7, 27.8, 10.4, 7.1, 14.1, 19.4, 39.6, 88.3, 8.2, 23.0, 17.1, 24.6, 12.2, 45.1, 22.2, 9.3, 4.1, 16.3, 18.3
36, 2015-01-07, Away, SAC, L, L, -7.5, U, 212.5, 0, 0, 107.9, 107.9, 40.0, 89.5, 7.6, 22.3, 20.3, 27.4, 13.6, 48.9, 20.1, 7.2, 5.3, 12.5, 21.4, 40.2, 87.8, 10.7, 26.1, 16.8, 21.6, 9.1, 42.6, 25.7, 7.1, 4.2, 12.5, 21.1, 104.4, 111.9, 38.6, 81.4, 6.0, 17.0, 21.2, 27.7, 10.1, 42.6, 20.7, 7.2, 4.3, 16.6, 21.2, 42.1, 88.7, 9.0, 24.4, 18.7, 24.1, 12.3, 42.5, 24.2, 9.0, 5.9, 13.0, 23.2
37, 2015-01-09, Home, UTA, W, L, -11.5, U, 197.5, 0, 0, 105.3, 106.9, 38.8, 89.8, 7.4, 22.8, 20.3, 27.3, 14.3, 50.0, 20.0, 7.4, 6.2, 13.4, 22.4, 39.0, 87.6, 10.5, 24.9, 18.4, 23.4, 9.4, 43.9, 24.3, 7.4, 3.9, 13.2, 21.3, 96.0, 92.4, 35.4, 80.8, 7.0, 21.2, 18.2, 24.1, 12.9, 46.3, 19.9, 5.6, 6.4, 12.4, 18.6, 34.6, 81.8, 7.6, 20.8, 15.6, 19.9, 10.3, 39.8, 21.0, 7.0, 4.5, 10.4, 18.9
38, 2015-01-15, Away, HOU, L, L, -2.5, O, 208.5, 1, 0, 104.8, 106.0, 39.3, 90.3, 7.3, 22.8, 18.9, 25.3, 14.1, 49.6, 20.4, 8.1, 5.9, 14.1, 22.6, 38.5, 86.5, 10.2, 24.5, 18.8, 24.1, 9.8, 44.0, 23.7, 8.3, 4.5, 14.2, 20.6, 105.6, 98.1, 39.7, 85.6, 11.9, 32.7, 14.3, 20.1, 12.4, 40.5, 23.2, 11.5, 3.9, 17.3, 21.4, 36.2, 79.1, 6.7, 20.4, 19.0, 23.4, 10.3, 40.1, 20.5, 10.2, 5.2, 18.4, 17.6
39, 2015-01-16, Home, GSW, W, W, 1, O, 217, 0, 1, 105.0, 107.1, 39.0, 90.1, 7.9, 23.7, 19.1, 25.7, 13.5, 49.2, 21.2, 8.2, 6.3, 14.2, 23.2, 38.3, 86.1, 11.1, 26.1, 19.4, 25.0, 9.9, 44.2, 22.9, 8.4, 4.1, 14.5, 20.8, 111.9, 98.4, 42.2, 86.3, 11.6, 27.8, 15.9, 20.8, 9.5, 41.7, 30.2, 10.6, 5.6, 13.2, 20.0, 35.8, 84.2, 7.6, 23.8, 19.2, 25.8, 12.7, 45.4, 20.3, 8.3, 4.1, 16.9, 18.0
40, 2015-01-18, Away, ORL, W, W, -9, O, 213.5, 0, 0, 106.6, 107.1, 39.5, 89.7, 8.3, 24.0, 19.3, 26.1, 13.8, 49.3, 21.9, 8.2, 6.0, 14.5, 22.5, 38.7, 86.2, 10.3, 25.4, 19.4, 25.4, 10.3, 43.9, 23.1, 8.8, 4.1, 14.5, 20.2, 97.9, 103.8, 37.9, 84.3, 7.2, 21.1, 14.9, 19.8, 8.3, 39.6, 21.4, 9.6, 2.8, 13.2, 22.7, 37.7, 79.3, 7.6, 21.4, 20.8, 28.7, 10.2, 46.6, 22.0, 7.3, 5.6, 15.9, 17.3
41, 2015-01-20, Away, MIA, W, W, -7.5, U, 200.5, 0, 0, 107.9, 106.4, 40.1, 89.9, 8.3, 25.0, 19.4, 25.5, 13.2, 50.0, 22.2, 8.5, 5.9, 15.1, 22.9, 38.0, 86.9, 10.4, 25.4, 20.0, 26.0, 10.3, 43.4, 21.6, 8.9, 3.8, 14.7, 20.5, 90.7, 96.1, 33.5, 72.8, 5.2, 16.7, 18.5, 24.9, 8.8, 39.9, 20.8, 7.3, 6.0, 13.8, 18.6, 35.8, 81.6, 8.9, 23.5, 15.6, 20.5, 10.5, 38.5, 21.0, 7.2, 3.5, 12.4, 20.6
42, 2015-01-21, Away, WAS, W, W, 1, O, 207.5, 0, 1, 107.5, 107.5, 40.6, 90.3, 8.1, 24.9, 18.2, 24.4, 13.1, 48.5, 21.9, 9.0, 5.2, 15.1, 22.7, 38.7, 85.0, 10.7, 25.2, 19.4, 25.3, 9.2, 41.8, 22.4, 8.5, 3.8, 15.1, 20.1, 97.2, 94.3, 38.7, 78.3, 5.4, 14.8, 14.4, 19.5, 10.1, 43.2, 24.7, 6.8, 5.7, 14.8, 18.1, 35.7, 82.9, 8.3, 22.7, 14.6, 20.2, 9.8, 38.2, 21.2, 8.8, 3.8, 12.2, 18.0
43, 2015-01-23, Away, ATL, L, L, 3.5, U, 207.5, 0, 0, 107.3, 106.6, 40.1, 91.5, 8.2, 26.4, 18.9, 24.6, 12.8, 48.9, 21.9, 8.7, 5.5, 14.3, 22.3, 38.6, 86.2, 10.4, 25.1, 19.0, 25.1, 9.8, 43.9, 22.1, 8.5, 3.5, 14.8, 20.5, 105.9, 91.5, 38.6, 79.9, 11.9, 26.6, 16.8, 22.4, 8.2, 40.8, 28.6, 10.3, 3.9, 13.1, 17.3, 33.9, 80.6, 7.9, 27.4, 15.8, 20.5, 10.9, 42.5, 21.8, 6.7, 3.9, 16.8, 20.1
44, 2015-01-25, Away, CLE, L, L, 3.5, U, 211.5, 0, 0, 102.9, 103.5, 39.6, 90.3, 8.1, 25.5, 15.6, 21.5, 11.8, 47.5, 22.0, 9.2, 5.8, 14.2, 21.2, 38.0, 85.5, 10.1, 24.9, 17.4, 22.9, 10.1, 44.7, 23.1, 8.4, 3.7, 15.1, 18.3, 104.1, 102.1, 38.3, 83.4, 9.9, 27.2, 17.6, 24.1, 13.2, 44.5, 19.6, 7.8, 3.2, 13.7, 17.9, 38.5, 83.3, 7.8, 23.1, 17.3, 23.3, 11.6, 41.8, 25.0, 7.4, 4.2, 12.2, 20.4
45, 2015-01-26, Home, MIN, W, L, -13.5, U, 206, 1, 1, 101.8, 104.1, 38.9, 91.4, 8.3, 26.6, 15.7, 21.4, 12.2, 47.9, 22.5, 9.0, 6.0, 14.0, 21.5, 37.7, 85.3, 10.6, 26.4, 18.1, 24.3, 10.4, 45.6, 22.1, 8.6, 4.4, 14.7, 17.8, 94.9, 104.2, 36.6, 83.4, 5.8, 17.4, 15.9, 19.1, 11.0, 40.1, 23.0, 7.1, 3.4, 14.3, 17.1, 41.5, 83.9, 8.2, 21.4, 13.0, 17.7, 10.0, 40.6, 22.4, 8.9, 4.8, 13.2, 18.4
46, 2015-01-28, Away, NYK, L, L, -8, U, 196, 0, 0, 101.9, 100.8, 39.5, 90.2, 8.2, 25.8, 14.7, 20.4, 11.6, 47.2, 22.3, 8.9, 6.6, 14.4, 21.3, 36.5, 85.0, 9.3, 24.9, 18.5, 24.3, 10.9, 45.2, 20.7, 8.7, 4.5, 14.8, 17.3, 89.4, 99.1, 34.2, 80.6, 8.8, 23.7, 12.2, 16.9, 9.6, 40.6, 22.4, 7.2, 4.2, 14.8, 21.9, 35.8, 78.8, 7.5, 20.1, 20.0, 28.2, 11.9, 44.1, 20.9, 9.3, 5.6, 14.6, 17.6
47, 2015-01-31, Away, MEM, L, L, 4, U, 197, 0, 0, 102.8, 100.4, 40.0, 89.8, 7.8, 25.0, 15.0, 20.3, 11.1, 46.5, 21.7, 8.9, 6.0, 13.3, 21.0, 36.9, 84.9, 9.1, 24.7, 17.5, 23.2, 10.7, 45.1, 21.8, 8.3, 4.7, 14.2, 17.3, 103.2, 92.1, 39.0, 82.8, 5.3, 16.5, 19.9, 25.5, 10.1, 46.2, 21.1, 8.1, 4.9, 13.9, 19.3, 34.6, 83.2, 7.7, 26.2, 15.2, 20.2, 11.4, 42.7, 18.3, 7.2, 3.9, 15.9, 22.3
48, 2015-02-02, Home, ORL, W, L, -10.5, U, 207, 0, 0, 100.3, 99.5, 38.5, 88.5, 7.7, 24.9, 15.6, 21.2, 11.4, 47.4, 20.7, 8.2, 5.9, 13.6, 21.1, 36.7, 86.6, 8.7, 23.7, 17.4, 22.7, 11.8, 46.1, 21.8, 8.2, 4.1, 13.3, 17.7, 104.6, 113.3, 40.0, 83.8, 6.9, 20.4, 17.7, 23.9, 8.9, 39.4, 21.7, 8.9, 3.4, 15.3, 22.0, 42.9, 84.2, 8.7, 22.5, 18.8, 24.6, 8.9, 43.6, 27.7, 9.7, 5.3, 15.0, 20.1
49, 2015-02-04, Away, NOP, W, W, 4, O, 192.5, 0, 0, 100.6, 98.0, 38.7, 87.9, 7.4, 24.0, 15.8, 21.0, 11.2, 47.1, 20.7, 8.4, 5.5, 13.2, 21.2, 36.4, 87.0, 7.7, 22.4, 17.5, 22.6, 12.1, 46.4, 21.6, 7.5, 3.9, 13.4, 17.9, 97.2, 92.8, 37.1, 82.3, 6.3, 17.7, 16.7, 22.1, 13.8, 47.1, 21.3, 6.0, 5.6, 12.2, 17.1, 35.6, 81.9, 6.7, 20.5, 14.9, 19.8, 9.6, 37.4, 20.9, 6.5, 6.0, 9.6, 18.7
50, 2015-02-06, Home, NOP, L, L, -6, O, 199, 0, 0, 98.1, 95.6, 38.1, 86.7, 6.9, 23.3, 15.0, 20.2, 10.8, 46.5, 20.1, 7.9, 6.4, 13.2, 21.1, 35.9, 87.5, 7.5, 22.5, 16.3, 21.1, 12.7, 46.9, 21.5, 7.2, 4.0, 13.0, 17.9, 98.2, 93.4, 37.9, 84.5, 6.6, 18.5, 15.8, 20.5, 14.2, 46.4, 21.9, 6.2, 5.3, 11.4, 16.6, 36.5, 82.4, 6.5, 19.8, 13.9, 18.2, 9.9, 38.3, 20.8, 5.6, 6.1, 10.2, 18.7
51, 2015-02-08, Home, LAC, W, W, -7.5, O, 207, 0, 0, 96.7, 97.3, 37.3, 87.3, 6.8, 23.2, 15.3, 19.8, 10.8, 45.1, 19.2, 7.8, 6.7, 12.5, 21.0, 36.4, 87.0, 7.8, 22.2, 16.7, 21.4, 12.8, 48.2, 22.3, 6.8, 4.3, 12.9, 17.2, 105.0, 98.7, 40.3, 84.9, 8.0, 23.2, 16.4, 23.4, 11.4, 44.3, 24.2, 7.8, 5.5, 10.9, 20.4, 35.1, 80.7, 9.5, 26.6, 19.0, 26.1, 10.8, 42.5, 22.0, 6.8, 3.4, 12.5, 18.5
52, 2015-02-09, Away, DEN, W, W, -6.5, O, 214, 0, 1, 100.4, 99.5, 37.8, 86.9, 7.0, 22.6, 17.8, 22.6, 11.2, 46.3, 20.3, 7.5, 7.0, 12.5, 20.8, 37.4, 89.2, 8.2, 23.2, 16.5, 21.2, 13.2, 47.5, 23.1, 7.3, 4.3, 12.3, 18.2, 94.5, 102.3, 35.5, 86.6, 6.9, 22.9, 16.6, 21.8, 11.0, 43.1, 23.4, 7.0, 4.3, 12.5, 21.3, 38.4, 84.3, 6.4, 20.2, 19.1, 26.0, 11.9, 49.3, 24.1, 7.7, 5.9, 13.7, 19.8
53, 2015-02-11, Home, MEM, W, W, -4.5, U, 200.5, 1, 0, 102.3, 100.6, 38.1, 84.7, 7.6, 22.1, 18.5, 23.8, 11.0, 44.6, 20.6, 7.4, 7.0, 12.7, 21.0, 37.8, 87.9, 8.4, 23.0, 16.6, 21.5, 13.1, 45.5, 22.8, 7.2, 4.4, 12.4, 18.7, 97.7, 86.5, 37.0, 81.8, 4.9, 14.8, 18.8, 23.7, 11.6, 45.1, 21.7, 9.8, 4.8, 13.0, 17.1, 34.0, 80.1, 6.1, 20.6, 12.4, 17.4, 10.7, 42.5, 16.7, 7.3, 3.7, 16.7, 20.4
54, 2015-02-19, Home, DAL, W, W, -5, U, 213.5, 0, 0, 103.5, 99.2, 38.2, 84.3, 7.3, 21.5, 19.8, 24.5, 11.2, 45.9, 20.7, 7.0, 7.2, 12.9, 21.7, 37.0, 88.2, 7.6, 21.7, 17.6, 23.2, 13.2, 45.0, 21.4, 7.3, 4.1, 12.1, 19.5, 99.6, 97.1, 37.4, 85.5, 10.7, 29.4, 14.1, 19.6, 10.9, 43.9, 22.0, 8.9, 4.9, 13.1, 19.2, 35.6, 84.1, 9.6, 26.9, 16.3, 21.6, 12.9, 47.8, 20.7, 8.3, 4.2, 15.1, 20.6
55, 2015-02-21, Away, CHO, W, W, -4, O, 197.5, 0, 0, 104.1, 97.3, 38.3, 84.0, 7.0, 20.7, 20.5, 25.3, 12.3, 47.9, 20.1, 7.2, 6.6, 14.3, 21.4, 36.7, 89.1, 6.9, 20.8, 17.0, 22.0, 13.5, 44.1, 21.3, 8.2, 3.6, 12.7, 20.1, 88.1, 93.0, 33.0, 81.8, 4.7, 17.2, 17.4, 23.8, 9.7, 44.7, 21.5, 5.9, 7.7, 11.4, 19.3, 34.2, 83.3, 7.3, 20.0, 17.3, 22.0, 9.5, 45.9, 20.5, 5.4, 5.5, 11.7, 21.6
56, 2015-02-22, Home, DEN, W, W, -8.5, O, 210, 0, 1, 105.9, 99.2, 38.9, 84.9, 7.1, 20.5, 21.0, 25.5, 12.8, 48.6, 20.5, 7.0, 6.2, 14.2, 21.1, 37.8, 89.9, 7.4, 21.9, 16.2, 20.8, 13.1, 43.2, 22.8, 8.2, 4.1, 12.3, 20.2, 93.3, 100.6, 35.5, 84.7, 6.6, 23.5, 15.7, 20.8, 9.7, 41.4, 22.5, 7.5, 5.7, 12.0, 21.3, 37.4, 83.7, 6.3, 19.7, 19.5, 26.7, 11.7, 48.7, 23.4, 6.7, 5.7, 12.8, 18.8
57, 2015-02-24, Home, IND, W, W, -7.5, U, 205, 0, 0, 108.6, 98.6, 40.3, 85.6, 7.4, 20.3, 20.6, 25.6, 13.3, 49.9, 22.6, 7.1, 6.5, 14.7, 20.8, 37.3, 90.5, 7.3, 22.9, 16.7, 21.1, 13.6, 42.3, 21.8, 8.7, 4.0, 12.5, 20.4, 101.7, 97.6, 38.4, 80.8, 7.8, 20.4, 17.1, 21.1, 8.7, 42.7, 23.8, 6.1, 3.3, 12.5, 19.9, 36.0, 82.3, 8.0, 22.1, 17.6, 22.4, 9.7, 40.0, 20.1, 7.1, 4.8, 11.3, 20.8
58, 2015-02-26, Away, PHO, L, L, -5, O, 216.5, 1, 0, 111.7, 99.3, 41.6, 87.4, 7.7, 20.7, 20.8, 25.6, 13.6, 50.9, 23.4, 7.6, 6.9, 14.0, 20.5, 37.7, 90.2, 7.9, 24.4, 16.0, 20.5, 12.5, 41.7, 22.2, 8.1, 3.8, 12.7, 20.3, 101.2, 105.5, 39.1, 89.0, 8.6, 24.4, 14.4, 20.0, 13.4, 45.7, 20.7, 9.7, 5.2, 14.9, 21.4, 38.8, 85.5, 9.1, 24.5, 18.8, 25.4, 11.3, 46.0, 23.7, 8.4, 4.7, 14.6, 18.3
59, 2015-02-27, Away, POR, L, W, 6, O, 206.5, 0, 1, 112.6, 101.3, 41.8, 90.0, 7.7, 21.1, 21.3, 26.0, 14.1, 51.9, 22.6, 7.2, 6.8, 13.7, 20.9, 38.7, 90.9, 8.2, 24.7, 15.7, 20.8, 12.1, 42.5, 22.0, 8.0, 4.6, 12.7, 20.6, 98.9, 96.9, 36.2, 83.2, 9.4, 28.7, 17.1, 20.9, 10.4, 46.9, 21.5, 7.5, 4.6, 14.5, 16.4, 37.4, 87.6, 8.6, 22.2, 13.5, 18.4, 12.1, 44.7, 20.6, 9.7, 4.7, 11.9, 19.9
60, 2015-03-01, Away, LAL, W, W, -4, O, 198.5, 0, 0, 113.6, 103.7, 41.8, 90.9, 7.6, 21.0, 22.4, 27.1, 14.2, 51.8, 22.9, 7.4, 6.1, 13.4, 21.2, 38.9, 90.1, 8.5, 24.8, 17.4, 22.6, 11.4, 42.0, 21.7, 8.0, 4.7, 12.6, 20.6, 99.3, 105.1, 38.1, 89.1, 6.6, 19.7, 16.5, 22.8, 13.3, 46.3, 21.0, 7.7, 4.6, 11.9, 20.9, 39.6, 84.3, 8.7, 22.5, 17.2, 22.9, 10.3, 44.7, 24.4, 7.2, 5.4, 12.8, 19.1
61, 2015-03-04, Home, PHI, W, L, -15, O, 203, 0, 0, 113.1, 102.2, 41.8, 91.7, 7.9, 21.8, 21.6, 26.6, 14.8, 53.3, 23.1, 6.8, 5.9, 13.0, 20.5, 38.9, 90.8, 8.3, 25.3, 16.1, 21.4, 11.2, 42.3, 21.6, 8.1, 4.8, 11.8, 20.4, 92.4, 99.8, 33.6, 79.5, 9.7, 26.4, 15.5, 23.8, 10.5, 43.8, 21.2, 8.4, 5.5, 18.3, 20.9, 37.8, 84.6, 7.1, 22.2, 17.1, 22.1, 10.2, 44.6, 24.0, 9.7, 4.5, 13.8, 19.7
62, 2015-03-05, Away, CHI, L, L, -1, O, 199, 0, 1, 112.3, 103.2, 41.6, 92.5, 7.8, 21.9, 21.3, 26.2, 14.1, 53.3, 22.4, 6.9, 6.2, 13.3, 21.5, 38.1, 91.4, 8.6, 25.6, 18.4, 24.1, 12.0, 45.2, 20.8, 8.0, 5.4, 12.2, 20.4, 97.0, 93.4, 35.5, 83.0, 8.0, 23.4, 18.0, 22.8, 12.8, 46.1, 23.1, 5.8, 4.8, 13.3, 18.2, 37.1, 83.6, 6.0, 21.0, 13.2, 21.1, 11.2, 43.6, 19.5, 7.9, 4.5, 11.7, 20.0
63, 2015-03-08, Home, TOR, W, L, -6.5, U, 213, 0, 0, 110.4, 102.6, 41.4, 93.3, 7.4, 21.5, 20.2, 24.6, 14.0, 53.4, 22.0, 7.3, 6.1, 13.0, 21.0, 37.9, 91.4, 8.4, 25.3, 18.4, 23.8, 12.0, 46.2, 21.4, 7.7, 5.3, 12.2, 19.4, 97.2, 101.2, 35.8, 82.5, 8.2, 24.4, 17.4, 21.6, 9.4, 38.9, 18.6, 9.2, 4.6, 12.8, 19.4, 37.7, 81.7, 8.5, 25.2, 17.3, 23.2, 11.0, 46.0, 24.7, 8.4, 5.8, 15.9, 17.3
64, 2015-03-11, Home, LAC, L, L, -6.5, O, 210, 0, 0, 110.7, 104.1, 41.9, 93.2, 7.3, 21.6, 19.6, 24.6, 14.2, 53.4, 22.6, 7.2, 6.2, 13.5, 20.0, 38.9, 92.6, 9.3, 26.8, 17.0, 21.7, 12.1, 45.3, 22.5, 8.2, 5.4, 11.7, 19.4, 102.0, 96.4, 39.3, 85.7, 10.0, 28.6, 13.4, 22.9, 9.6, 46.3, 23.5, 7.3, 6.3, 12.3, 22.8, 34.3, 84.7, 7.3, 21.8, 20.5, 27.8, 10.4, 46.8, 23.0, 6.9, 4.0, 13.1, 20.3
65, 2015-03-13, Home, MIN, W, W, -9.5, P, 212, 0, 0, 111.1, 107.2, 41.4, 91.7, 7.8, 21.9, 20.5, 25.6, 13.2, 51.1, 22.5, 6.9, 6.5, 13.3, 21.2, 39.1, 91.1, 9.9, 27.1, 19.1, 24.7, 11.8, 45.2, 23.1, 7.9, 5.3, 11.2, 20.1, 98.0, 101.4, 35.4, 83.8, 3.6, 14.0, 23.6, 30.1, 12.7, 46.1, 21.0, 8.2, 3.3, 12.7, 19.3, 39.6, 87.1, 8.7, 25.0, 13.5, 19.2, 13.4, 46.0, 23.6, 7.2, 4.5, 14.6, 24.3
66, 2015-03-15, Home, CHI, W, W, -7, O, 204, 0, 0, 111.4, 106.8, 41.6, 92.3, 8.4, 22.5, 19.8, 24.4, 13.2, 50.0, 23.2, 7.2, 6.2, 13.5, 21.4, 38.5, 89.6, 9.5, 25.9, 20.3, 25.8, 12.0, 45.3, 22.3, 7.8, 4.9, 12.3, 20.1, 94.8, 99.1, 34.5, 83.3, 8.3, 24.4, 17.5, 22.6, 11.2, 46.8, 21.2, 5.0, 4.6, 13.2, 19.2, 37.5, 86.7, 6.7, 21.3, 17.4, 24.6, 11.7, 46.1, 18.4, 9.0, 5.7, 9.9, 18.8
67, 2015-03-16, Away, DAL, L, W, 6, O, 215, 0, 1, 110.4, 107.4, 40.8, 91.8, 8.4, 22.6, 20.4, 25.1, 13.4, 49.2, 21.7, 6.8, 5.6, 13.3, 21.8, 38.7, 88.2, 9.7, 26.1, 20.3, 26.2, 11.3, 44.4, 22.4, 7.0, 4.7, 12.2, 20.6, 96.1, 99.1, 36.8, 81.6, 7.1, 22.2, 15.4, 20.0, 8.6, 40.1, 19.5, 8.9, 4.1, 12.8, 17.4, 38.0, 82.4, 9.5, 24.7, 13.6, 18.1, 10.7, 44.6, 22.7, 7.3, 4.4, 15.1, 20.2
68, 2015-03-18, Home, BOS, W, L, -6.5, O, 212, 0, 0, 111.4, 110.1, 40.8, 91.2, 8.2, 22.8, 21.6, 26.8, 13.6, 49.4, 21.3, 6.6, 5.2, 14.4, 23.6, 39.1, 88.3, 9.8, 26.0, 22.1, 28.6, 11.2, 43.3, 22.5, 7.4, 4.6, 12.1, 21.6, 95.8, 94.9, 36.7, 88.2, 8.8, 26.9, 13.6, 18.1, 12.1, 44.1, 22.7, 6.9, 3.1, 11.3, 20.1, 36.1, 82.2, 7.2, 22.1, 15.5, 21.1, 10.8, 46.4, 20.2, 6.4, 4.9, 15.0, 18.5
69, 2015-03-20, Home, ATL, W, W, -1, O, 210.5, 0, 0, 112.3, 110.2, 41.1, 89.9, 7.9, 22.3, 22.2, 27.7, 14.1, 49.0, 21.5, 7.2, 5.0, 15.0, 23.8, 38.7, 87.0, 10.2, 26.8, 22.6, 29.3, 11.3, 42.0, 23.6, 8.0, 4.2, 12.8, 22.0, 101.1, 98.6, 37.5, 82.5, 9.7, 25.7, 16.4, 20.7, 8.9, 38.6, 24.9, 9.7, 5.4, 14.2, 18.2, 36.4, 82.8, 10.6, 28.7, 15.2, 20.1, 12.5, 45.2, 24.0, 8.5, 5.1, 18.0, 18.3
70, 2015-03-22, Home, MIA, W, W, -4, U, 213, 0, 0, 113.4, 110.2, 40.9, 88.9, 8.8, 23.9, 22.8, 28.1, 13.8, 48.7, 21.7, 7.3, 5.2, 15.1, 23.4, 38.9, 86.3, 10.5, 27.1, 21.9, 28.7, 10.8, 41.1, 23.6, 8.2, 4.2, 13.0, 22.2, 103.4, 98.7, 38.5, 79.3, 6.0, 18.3, 20.4, 27.6, 8.4, 41.0, 20.0, 9.3, 5.0, 13.8, 21.0, 36.2, 81.4, 8.3, 25.8, 18.0, 25.1, 11.2, 41.6, 20.8, 8.0, 3.3, 16.0, 23.0
71, 2015-03-24, Home, LAL, W, W, -9.5, O, 214.5, 0, 0, 111.9, 107.6, 40.9, 88.2, 8.3, 22.5, 21.8, 27.1, 14.3, 48.3, 22.1, 7.9, 5.3, 15.9, 23.5, 38.1, 85.4, 9.9, 26.4, 21.5, 28.4, 11.2, 40.3, 22.4, 8.3, 4.2, 13.9, 21.7, 93.2, 95.3, 36.7, 83.3, 5.1, 15.0, 14.7, 19.4, 10.9, 46.5, 21.9, 7.2, 4.5, 14.0, 22.4, 34.2, 78.5, 6.5, 22.1, 20.4, 27.6, 7.6, 39.3, 22.6, 9.0, 6.4, 10.7, 17.9
72, 2015-03-25, Away, SAS, L, L, 7.5, O, 216.5, 1, 1, 112.3, 107.5, 41.3, 87.2, 8.7, 22.5, 21.0, 26.0, 14.7, 47.8, 23.1, 7.7, 4.6, 16.1, 22.4, 39.1, 84.3, 9.3, 24.8, 20.0, 26.7, 10.4, 37.3, 22.6, 8.5, 4.1, 13.2, 20.8, 112.4, 104.0, 42.0, 84.3, 8.0, 21.4, 20.4, 25.5, 8.3, 41.3, 24.9, 9.6, 5.4, 11.8, 18.9, 40.2, 85.9, 7.4, 19.3, 16.2, 20.9, 11.1, 42.3, 21.9, 7.6, 3.8, 14.1, 21.7
73, 2015-03-28, Away, UTA, L, L, -6, U, 199.5, 1, 0, 110.9, 109.7, 40.8, 87.4, 8.5, 22.3, 20.8, 25.5, 14.9, 47.4, 22.7, 7.6, 4.3, 16.2, 22.1, 40.2, 84.4, 9.9, 24.4, 19.4, 26.0, 10.3, 37.4, 22.8, 8.8, 4.2, 13.2, 20.5, 91.7, 89.6, 33.6, 77.4, 7.9, 22.9, 16.6, 25.0, 12.2, 44.1, 18.7, 8.3, 6.3, 12.8, 18.9, 33.2, 77.3, 7.4, 19.7, 15.8, 21.5, 9.0, 39.9, 18.5, 7.2, 3.6, 13.5, 19.9
74, 2015-03-29, Away, PHO, W, W, 2, U, 211.5, 0, 1, 109.0, 108.7, 39.7, 86.5, 8.5, 21.8, 21.1, 26.2, 14.6, 47.3, 21.1, 7.5, 3.7, 16.7, 23.7, 39.2, 83.0, 9.4, 24.6, 20.9, 28.6, 10.7, 38.3, 21.6, 9.0, 4.7, 13.5, 21.3, 92.3, 93.0, 36.1, 83.7, 6.3, 20.7, 13.8, 20.0, 12.1, 47.0, 18.4, 8.0, 4.1, 15.0, 18.6, 35.8, 83.1, 7.0, 21.4, 14.4, 19.5, 9.7, 41.9, 21.2, 7.4, 3.6, 13.7, 19.6
75, 2015-04-01, Home, DAL, L, L, -3, O, 214, 0, 0, 109.1, 106.4, 40.4, 87.5, 8.3, 21.9, 20.0, 25.2, 14.6, 48.2, 20.8, 7.9, 3.8, 16.2, 22.5, 39.4, 83.6, 8.4, 23.8, 19.2, 26.3, 10.4, 38.5, 21.7, 8.8, 4.9, 14.1, 20.6, 101.8, 103.8, 38.7, 84.3, 8.3, 22.6, 16.1, 23.5, 10.7, 41.3, 21.6, 7.8, 3.6, 14.5, 21.7, 39.4, 82.6, 8.6, 24.2, 16.4, 22.4, 10.7, 45.2, 23.0, 8.8, 4.6, 16.1, 24.4
76, 2015-04-03, Away, MEM, L, L, 5.5, U, 204.5, 0, 0, 110.9, 110.0, 40.5, 86.7, 8.6, 22.6, 21.3, 27.1, 14.2, 48.0, 20.3, 7.3, 3.5, 15.6, 22.4, 41.6, 84.9, 8.5, 24.1, 18.3, 25.6, 9.5, 37.7, 23.2, 8.8, 4.4, 12.7, 21.1, 95.4, 94.2, 36.9, 80.9, 6.9, 15.6, 14.7, 18.8, 9.9, 40.8, 20.9, 7.9, 3.6, 13.4, 19.5, 35.5, 80.2, 8.2, 23.0, 15.0, 20.6, 9.6, 41.5, 20.7, 7.4, 4.4, 14.2, 19.1
77, 2015-04-05, Home, HOU, L, L, 1, O, 219, 0, 0, 109.2, 110.0, 40.1, 86.8, 8.2, 22.2, 20.8, 26.7, 13.6, 47.5, 20.5, 7.6, 3.4, 15.2, 22.4, 41.7, 84.6, 8.0, 23.3, 18.6, 26.0, 9.4, 38.9, 22.8, 9.0, 4.8, 12.9, 20.9, 107.0, 102.4, 37.6, 80.7, 11.8, 30.8, 20.0, 27.4, 11.4, 44.2, 24.8, 9.2, 5.4, 16.9, 21.5, 38.6, 84.8, 7.3, 20.3, 17.9, 25.2, 11.8, 42.8, 21.9, 8.5, 5.5, 14.9, 21.6
78, 2015-04-07, Home, SAS, L, L, 6, U, 214.5, 0, 0, 108.9, 109.6, 40.1, 87.0, 8.9, 22.6, 19.8, 25.8, 13.6, 46.7, 20.7, 7.2, 3.2, 14.9, 22.2, 41.3, 83.8, 7.8, 23.6, 19.2, 27.5, 9.8, 39.4, 21.9, 9.5, 5.0, 12.7, 20.7, 106.4, 89.8, 41.3, 83.1, 8.8, 23.4, 15.0, 18.1, 9.9, 45.7, 25.9, 9.3, 4.8, 13.6, 15.0, 36.8, 85.9, 6.5, 19.3, 9.7, 12.3, 10.3, 39.9, 19.5, 7.8, 2.8, 14.5, 17.3
79, 2015-04-10, Home, SAC, W, L, -13.5, U, 219.5, 0, 0, 105.5, 109.1, 39.3, 86.6, 8.9, 22.6, 18.0, 24.7, 12.9, 46.0, 20.2, 7.3, 3.3, 14.8, 21.0, 41.6, 84.3, 7.5, 22.6, 18.4, 26.0, 9.9, 40.1, 21.4, 9.2, 5.2, 12.2, 19.9, 100.3, 102.1, 38.1, 82.5, 6.9, 17.5, 17.2, 24.9, 11.1, 42.3, 21.7, 7.9, 4.7, 14.1, 19.6, 39.0, 85.2, 9.8, 25.6, 14.3, 21.1, 12.9, 44.8, 21.7, 7.5, 7.6, 15.2, 21.0
80, 2015-04-12, Away, IND, L, L, 3, O, 210.5, 0, 0, 104.8, 107.9, 39.4, 87.9, 8.6, 22.7, 17.4, 24.5, 13.5, 46.3, 19.7, 7.5, 3.1, 14.2, 21.3, 41.2, 84.2, 7.1, 22.1, 18.4, 26.3, 10.6, 41.7, 21.3, 8.7, 5.4, 12.7, 20.6, 102.1, 98.4, 36.6, 80.9, 9.6, 22.2, 19.3, 26.6, 11.0, 44.9, 21.8, 6.7, 4.2, 14.2, 22.8, 35.6, 80.4, 7.2, 19.5, 20.0, 26.2, 7.9, 39.7, 19.7, 7.6, 3.9, 12.8, 23.6
81, 2015-04-13, Home, POR, W, W, -8, U, 217, 0, 1, 105.9, 112.0, 39.5, 88.4, 9.1, 23.7, 17.8, 26.0, 12.9, 45.5, 19.0, 6.9, 2.8, 13.3, 22.4, 42.2, 84.0, 7.8, 22.3, 19.8, 28.3, 10.2, 42.8, 22.5, 8.4, 5.1, 12.1, 21.7, 106.6, 99.8, 42.0, 87.8, 9.2, 25.1, 13.4, 16.7, 11.2, 47.6, 22.5, 6.2, 4.0, 11.7, 16.9, 38.6, 86.4, 7.2, 18.6, 15.4, 19.8, 9.8, 41.6, 20.5, 7.4, 3.4, 10.8, 15.6
82, 2015-04-15, Away, MIN, W, W, -14, O, 211, 0, 0, 103.3, 109.3, 38.6, 89.4, 8.4, 23.7, 17.7, 26.4, 13.4, 46.4, 17.5, 7.0, 3.2, 12.5, 22.3, 41.6, 83.8, 7.7, 22.7, 18.4, 26.5, 9.7, 43.5, 22.5, 7.5, 4.8, 12.3, 22.1, 95.4, 109.2, 34.2, 77.7, 4.7, 15.0, 22.3, 27.4, 8.2, 35.9, 20.8, 6.6, 4.3, 13.8, 18.3, 41.2, 83.3, 10.2, 27.3, 16.6, 22.5, 12.4, 44.7, 25.7, 8.5, 5.0, 13.6, 21.5
