17, 2012-12-05, Away, CHA, W, L, -7.5, P, 198, 0, 0, 102.88, 94.69, 37.56, 82.19, 11.69, 28.13, 16.06, 20.69, 10.0, 39.81, 20.13, 9.06, 3.63, 10.75, 18.63, 35.44, 79.25, 8.0, 21.19, 15.81, 20.75, 10.75, 43.5, 19.5, 5.5, 4.13, 16.06, 19.38, 96.0, 101.56, 34.94, 84.25, 6.63, 19.44, 19.5, 25.0, 11.69, 42.0, 19.19, 8.75, 7.06, 13.38, 20.0, 37.94, 84.56, 8.56, 23.88, 17.13, 23.88, 12.94, 45.56, 24.75, 6.69, 8.38, 15.06, 21.13
18, 2012-12-06, Away, MIA, W, W, 10, O, 199, 0, 1, 102.63, 95.56, 37.75, 82.69, 11.31, 28.44, 15.81, 20.56, 9.81, 39.5, 19.88, 9.0, 4.13, 10.5, 18.38, 35.81, 80.0, 8.0, 20.94, 15.94, 20.88, 11.06, 44.06, 20.0, 5.38, 4.06, 15.5, 19.13, 104.38, 99.88, 39.19, 79.56, 8.63, 20.88, 17.38, 22.94, 8.63, 39.38, 23.38, 7.69, 4.56, 13.5, 19.81, 36.94, 83.13, 8.63, 24.44, 17.38, 23.19, 11.44, 41.0, 21.13, 7.5, 3.63, 13.94, 20.38
19, 2012-12-08, Away, CHI, L, L, -2.5, U, 188.5, 1, 0, 103.38, 96.06, 37.88, 83.56, 11.75, 29.5, 15.88, 20.63, 10.0, 39.94, 20.0, 8.81, 4.06, 10.06, 18.94, 35.69, 79.81, 7.88, 20.88, 16.81, 22.0, 10.88, 44.19, 20.19, 5.31, 4.19, 15.25, 19.31, 92.94, 92.25, 35.31, 81.0, 4.06, 12.69, 18.25, 22.81, 13.0, 44.13, 22.19, 6.75, 5.13, 14.75, 19.19, 35.31, 81.5, 4.94, 16.19, 16.69, 21.25, 11.06, 39.25, 19.0, 7.94, 5.81, 12.94, 20.5
20, 2012-12-09, Home, DEN, W, W, -4.5, O, 205, 0, 1, 101.81, 96.38, 37.13, 83.56, 11.44, 28.94, 16.13, 21.19, 10.31, 39.69, 19.38, 9.0, 4.13, 10.56, 18.94, 36.0, 79.31, 7.81, 20.31, 16.56, 21.5, 10.31, 43.75, 20.13, 5.75, 4.44, 15.63, 19.38, 101.19, 100.44, 38.88, 83.81, 6.13, 17.63, 17.31, 25.44, 14.31, 44.94, 22.94, 8.19, 6.44, 15.63, 19.63, 38.19, 85.75, 9.13, 23.0, 14.94, 20.31, 12.69, 41.25, 24.0, 9.06, 6.06, 14.44, 22.31
21, 2012-12-11, Away, BRK, W, L, -3.5, O, 195.5, 0, 0, 102.31, 97.13, 37.25, 83.69, 11.69, 29.44, 16.13, 21.13, 10.44, 39.44, 19.56, 8.81, 4.0, 10.56, 19.0, 36.44, 78.75, 7.63, 19.63, 16.63, 21.88, 10.06, 43.13, 20.19, 5.75, 4.63, 15.38, 19.0, 96.88, 91.94, 36.13, 82.19, 7.81, 23.5, 16.81, 22.94, 13.63, 43.31, 22.31, 7.0, 5.5, 12.75, 19.06, 35.44, 77.31, 5.19, 15.44, 15.88, 21.69, 10.69, 39.81, 19.13, 7.38, 4.0, 13.88, 21.56
22, 2012-12-13, Home, LAL, W, W, -5.5, O, 206, 0, 0, 102.38, 97.63, 36.94, 83.31, 12.0, 29.69, 16.5, 21.56, 10.69, 39.69, 19.88, 8.44, 4.06, 10.63, 19.44, 36.38, 78.31, 7.56, 19.88, 17.31, 22.56, 9.94, 42.81, 19.75, 5.63, 4.5, 14.81, 19.75, 102.81, 100.13, 36.31, 79.94, 9.69, 24.5, 20.5, 30.38, 12.88, 46.06, 20.94, 7.69, 5.81, 15.44, 19.88, 38.63, 86.25, 7.38, 21.13, 15.5, 21.88, 11.81, 41.81, 23.75, 8.0, 4.81, 13.06, 24.63
23, 2012-12-15, Home, CLE, W, L, -10.5, O, 194.5, 1, 0, 103.13, 98.06, 37.13, 82.88, 12.06, 29.63, 16.81, 22.0, 10.31, 39.19, 20.38, 8.69, 3.81, 10.56, 19.5, 36.19, 78.13, 7.81, 20.38, 17.88, 23.06, 9.88, 42.56, 19.25, 5.63, 4.31, 15.0, 19.81, 91.56, 97.06, 34.13, 86.25, 7.94, 23.0, 15.38, 20.38, 14.69, 44.0, 19.38, 8.13, 3.88, 14.63, 22.06, 35.38, 78.31, 7.0, 18.75, 19.31, 25.56, 11.38, 41.56, 21.0, 8.25, 7.44, 14.56, 19.88
24, 2012-12-17, Home, HOU, L, L, -7.5, U, 210, 1, 0, 103.63, 97.88, 37.13, 83.69, 12.56, 30.63, 16.81, 22.13, 10.5, 39.63, 20.88, 8.56, 3.81, 10.31, 19.0, 36.38, 78.5, 8.06, 20.94, 17.06, 22.13, 9.69, 43.19, 19.25, 5.5, 3.94, 14.88, 19.75, 106.81, 107.44, 38.06, 84.69, 10.0, 26.06, 20.69, 27.25, 10.94, 43.31, 22.31, 8.0, 4.81, 15.56, 19.75, 41.13, 87.94, 8.94, 23.75, 16.25, 20.88, 10.25, 43.38, 24.13, 8.0, 7.44, 14.0, 20.06
25, 2012-12-19, Home, BRK, W, W, -6, U, 193, 1, 0, 104.13, 99.94, 37.5, 83.69, 12.69, 31.0, 16.44, 21.94, 10.38, 39.44, 20.63, 8.5, 3.69, 10.88, 19.19, 37.13, 78.94, 8.19, 21.5, 17.5, 22.5, 9.5, 42.88, 19.06, 6.06, 3.75, 14.75, 19.63, 94.75, 94.31, 35.19, 80.94, 8.06, 22.94, 16.31, 22.25, 12.81, 41.75, 21.25, 7.06, 4.63, 13.38, 19.63, 36.25, 78.19, 5.75, 16.88, 16.06, 21.69, 10.63, 40.0, 20.31, 7.56, 4.38, 13.38, 20.94
26, 2012-12-21, Home, CHI, L, L, -6.5, O, 187.5, 0, 0, 104.0, 100.31, 37.56, 83.69, 12.5, 30.56, 16.38, 21.81, 10.25, 38.81, 20.63, 8.56, 3.81, 10.69, 18.63, 37.5, 79.5, 8.31, 21.94, 17.0, 21.75, 9.81, 43.0, 19.25, 6.13, 3.69, 14.69, 19.31, 90.81, 89.31, 34.38, 79.06, 4.38, 12.81, 17.69, 21.56, 12.56, 43.69, 21.69, 7.13, 5.06, 15.0, 19.13, 34.0, 80.63, 5.06, 15.44, 16.25, 22.06, 12.0, 39.44, 17.25, 8.31, 5.69, 13.44, 19.13
27, 2012-12-23, Home, MIN, W, L, -8, U, 201, 0, 0, 103.69, 100.06, 37.5, 84.56, 12.06, 30.25, 16.63, 22.0, 10.56, 39.0, 19.94, 8.63, 3.88, 10.44, 19.13, 37.19, 79.38, 8.0, 21.25, 17.69, 22.5, 9.88, 43.56, 19.25, 6.06, 3.88, 14.88, 19.75, 98.0, 97.31, 36.44, 84.38, 6.44, 20.81, 18.69, 25.75, 14.44, 46.13, 22.06, 8.56, 4.81, 15.13, 19.0, 37.69, 82.0, 6.75, 19.38, 15.19, 20.56, 10.31, 40.38, 22.0, 8.25, 6.25, 14.63, 23.19
28, 2012-12-25, Away, LAL, L, L, 4, U, 211, 0, 0, 103.13, 97.56, 37.19, 83.69, 11.38, 29.44, 17.38, 22.88, 10.44, 39.31, 19.63, 8.81, 3.44, 10.38, 19.06, 36.44, 79.06, 7.56, 21.06, 17.13, 21.88, 10.0, 43.44, 19.13, 5.88, 3.63, 15.0, 20.06, 104.44, 103.31, 36.63, 82.38, 10.69, 27.69, 20.5, 28.94, 13.0, 45.88, 20.38, 8.25, 5.44, 15.56, 20.69, 39.19, 86.19, 8.31, 22.44, 16.63, 23.06, 11.88, 42.81, 23.38, 7.63, 5.06, 13.63, 24.13
29, 2012-12-26, Away, PHO, W, P, -2, U, 199, 0, 1, 101.44, 97.56, 37.19, 84.31, 10.88, 29.0, 16.19, 21.94, 10.5, 39.5, 19.38, 8.56, 3.38, 10.31, 19.44, 36.44, 79.0, 7.31, 21.13, 17.38, 22.44, 9.88, 43.69, 19.25, 5.75, 3.63, 14.5, 19.75, 95.63, 99.44, 37.31, 82.81, 7.06, 19.56, 13.94, 18.38, 10.06, 37.75, 23.0, 7.88, 5.25, 13.25, 20.06, 37.75, 80.44, 6.75, 17.06, 17.19, 23.13, 11.63, 43.38, 22.0, 7.94, 5.19, 14.88, 17.75
30, 2012-12-28, Away, SAC, L, L, -3, O, 199, 0, 0, 102.06, 97.63, 37.63, 84.5, 11.06, 29.06, 15.75, 21.31, 10.0, 38.94, 19.81, 8.5, 3.63, 10.13, 19.0, 36.5, 78.5, 7.25, 20.69, 17.38, 22.25, 9.06, 42.94, 19.13, 5.88, 3.5, 14.56, 19.19, 97.06, 103.19, 35.5, 81.69, 7.13, 19.63, 18.94, 24.0, 11.38, 41.0, 20.13, 7.44, 4.63, 13.94, 18.75, 39.19, 85.06, 7.94, 21.75, 16.88, 21.69, 12.81, 44.88, 24.56, 7.88, 6.5, 13.19, 20.13
31, 2013-01-01, Home, POR, L, L, -9.5, O, 196, 0, 0, 102.25, 98.75, 38.0, 85.13, 11.06, 29.63, 15.19, 21.0, 10.63, 39.44, 20.31, 8.06, 4.06, 10.31, 18.75, 36.88, 79.38, 7.88, 21.75, 17.13, 22.0, 9.44, 42.81, 19.38, 6.06, 3.63, 14.19, 19.13, 95.75, 96.69, 35.75, 83.31, 7.31, 24.19, 16.94, 21.38, 12.38, 43.31, 21.25, 7.81, 5.5, 13.44, 18.44, 37.13, 83.0, 7.38, 20.94, 15.06, 19.25, 11.19, 43.13, 23.5, 7.69, 3.88, 13.69, 18.0
32, 2013-01-03, Home, SAS, W, W, 1, U, 208, 1, 0, 101.75, 99.88, 37.56, 85.31, 10.94, 30.13, 15.69, 21.56, 11.25, 39.75, 19.94, 8.19, 4.13, 10.44, 18.69, 37.25, 79.56, 8.25, 22.69, 17.13, 21.81, 9.44, 43.13, 20.06, 6.13, 3.38, 14.13, 19.63, 110.0, 98.31, 41.38, 82.44, 9.88, 22.75, 17.38, 21.38, 7.88, 42.38, 27.19, 9.25, 5.44, 14.5, 17.19, 37.81, 85.06, 6.56, 19.69, 16.13, 21.56, 10.63, 40.81, 21.94, 8.75, 4.88, 15.0, 18.56
33, 2013-01-05, Away, ORL, W, W, -6, O, 195.5, 0, 0, 101.38, 98.88, 37.5, 84.81, 10.94, 30.0, 15.44, 21.5, 10.88, 40.06, 20.25, 8.38, 4.13, 10.75, 19.0, 36.56, 79.38, 8.31, 23.38, 17.44, 21.94, 9.19, 42.5, 19.63, 6.31, 3.69, 13.88, 18.88, 94.19, 95.63, 37.5, 80.81, 6.81, 19.94, 12.38, 15.88, 10.31, 43.0, 22.75, 6.13, 4.38, 14.56, 18.25, 36.63, 81.88, 6.19, 18.31, 16.19, 20.69, 9.38, 39.25, 21.81, 7.13, 4.5, 11.44, 16.94
34, 2013-01-07, Home, BOS, L, L, -7.5, O, 191.5, 0, 0, 102.25, 99.38, 37.69, 84.56, 10.88, 29.5, 16.0, 22.06, 10.81, 40.31, 20.31, 8.25, 3.69, 10.75, 19.06, 36.69, 79.5, 8.5, 24.0, 17.5, 22.13, 9.19, 42.19, 19.44, 6.5, 3.69, 13.94, 19.19, 92.81, 95.44, 36.5, 81.44, 5.75, 17.44, 14.06, 18.63, 9.0, 39.94, 22.75, 9.19, 4.25, 13.38, 21.19, 35.88, 80.25, 7.5, 19.88, 16.19, 23.5, 10.94, 43.25, 21.69, 8.0, 5.5, 14.75, 19.06
35, 2013-01-10, Away, IND, L, W, 5.5, U, 184, 0, 0, 101.25, 100.0, 37.06, 83.63, 10.63, 28.75, 16.5, 22.5, 11.0, 40.06, 20.25, 8.13, 3.63, 11.13, 19.19, 37.13, 79.38, 8.5, 24.13, 17.25, 21.63, 9.31, 41.75, 20.0, 6.56, 3.5, 13.69, 19.19, 91.81, 87.5, 34.38, 79.94, 6.38, 17.75, 16.69, 23.13, 12.94, 45.06, 19.81, 6.75, 6.31, 14.44, 19.94, 34.38, 81.69, 4.69, 15.19, 14.06, 19.25, 11.19, 39.94, 19.44, 7.0, 6.25, 13.25, 22.13
36, 2013-01-11, Home, CHI, L, L, -4, O, 193.5, 0, 1, 100.69, 99.25, 37.31, 83.94, 10.38, 28.56, 15.69, 21.56, 11.31, 40.75, 20.25, 7.63, 3.69, 10.94, 19.25, 36.94, 79.44, 8.38, 24.63, 17.0, 21.5, 9.44, 41.81, 19.88, 6.44, 3.44, 13.13, 19.13, 93.5, 93.0, 35.75, 81.63, 5.56, 13.88, 16.44, 20.63, 12.0, 42.38, 23.25, 8.13, 4.56, 13.25, 19.44, 35.0, 79.44, 6.31, 16.69, 16.69, 22.31, 11.31, 41.38, 17.75, 7.63, 5.38, 13.88, 19.13
37, 2013-01-13, Home, NOH, W, W, -7, U, 190.5, 0, 0, 100.0, 99.38, 37.31, 84.19, 10.31, 28.06, 15.06, 20.69, 11.63, 40.88, 20.06, 7.75, 3.75, 11.13, 19.63, 36.88, 79.19, 8.38, 24.25, 17.25, 21.81, 9.5, 41.75, 20.38, 6.69, 3.44, 13.25, 19.19, 92.63, 95.19, 36.81, 81.75, 6.69, 18.69, 12.31, 15.94, 11.94, 41.94, 21.63, 6.69, 5.31, 13.13, 19.13, 36.56, 78.44, 6.31, 20.56, 15.75, 20.63, 9.94, 39.56, 23.63, 7.44, 5.88, 12.38, 16.38
38, 2013-01-17, Away, DET, W, W, -5.5, U, 195, 0, 0, 100.0, 98.75, 37.25, 84.38, 10.13, 28.19, 15.38, 21.13, 11.63, 41.5, 20.31, 7.81, 3.94, 11.06, 19.63, 36.69, 80.06, 8.38, 24.56, 17.0, 21.44, 9.81, 42.38, 19.94, 6.75, 3.5, 13.38, 19.31, 96.19, 95.31, 37.06, 83.56, 6.94, 18.63, 15.13, 21.88, 14.44, 47.13, 19.75, 6.06, 6.38, 14.5, 19.63, 36.56, 81.63, 6.63, 21.31, 15.56, 21.5, 10.56, 40.38, 21.13, 8.19, 6.06, 11.81, 19.94
39, 2013-01-21, Home, BRK, L, L, -3.5, U, 193, 0, 0, 99.13, 97.5, 36.69, 83.94, 10.06, 28.56, 15.69, 21.19, 12.0, 42.19, 19.81, 7.75, 4.13, 11.69, 19.75, 36.69, 79.75, 8.0, 23.31, 16.13, 21.0, 9.75, 41.88, 20.5, 6.94, 3.5, 13.5, 19.31, 98.0, 95.94, 35.13, 78.75, 7.06, 21.0, 20.69, 26.75, 12.94, 42.5, 18.81, 7.75, 4.19, 13.38, 18.25, 37.63, 80.94, 7.5, 17.75, 13.19, 18.06, 10.94, 39.56, 21.81, 7.06, 4.31, 13.5, 21.13
40, 2013-01-24, Away, BOS, W, W, -1, U, 189, 0, 0, 98.0, 96.63, 36.5, 83.88, 9.63, 27.69, 15.38, 20.81, 11.63, 41.94, 19.06, 8.13, 3.88, 11.44, 19.88, 36.13, 79.25, 8.19, 23.31, 16.19, 21.19, 9.94, 42.31, 21.0, 6.81, 3.75, 13.94, 19.25, 91.0, 93.25, 35.88, 81.63, 5.5, 17.56, 13.75, 18.31, 10.56, 40.38, 22.69, 9.31, 4.38, 13.56, 22.44, 34.13, 77.25, 7.31, 20.25, 17.69, 25.75, 11.06, 43.19, 20.88, 7.5, 4.88, 16.0, 19.81
41, 2013-01-26, Away, PHI, L, L, -4, U, 192, 0, 0, 97.56, 95.19, 36.06, 83.44, 9.56, 27.5, 15.88, 21.06, 11.5, 42.19, 18.88, 8.06, 4.06, 11.0, 20.19, 35.56, 79.13, 7.75, 22.63, 16.31, 21.44, 10.0, 42.56, 21.0, 6.38, 3.69, 13.63, 19.69, 93.06, 98.25, 38.25, 84.19, 6.44, 17.63, 10.13, 14.56, 10.19, 41.69, 23.88, 6.81, 4.75, 13.25, 17.69, 37.38, 82.25, 6.94, 20.19, 16.56, 21.94, 11.13, 44.69, 22.06, 8.19, 4.0, 13.81, 15.63
42, 2013-01-27, Home, ATL, W, L, -5.5, O, 194, 0, 1, 96.31, 95.88, 35.44, 83.31, 9.13, 27.38, 16.31, 21.44, 11.75, 42.69, 18.75, 8.0, 4.0, 11.56, 20.56, 35.75, 78.94, 7.5, 22.25, 16.88, 22.25, 9.63, 42.31, 20.81, 6.56, 3.88, 13.56, 20.06, 95.31, 97.56, 37.31, 80.25, 9.06, 22.75, 11.63, 17.13, 9.06, 39.81, 24.69, 7.0, 4.69, 14.81, 19.69, 37.0, 81.75, 7.0, 18.88, 16.56, 22.19, 11.63, 43.69, 22.44, 8.56, 4.94, 13.56, 18.19
43, 2013-01-30, Home, ORL, W, W, -8.5, O, 196, 0, 0, 96.31, 95.5, 35.5, 82.13, 9.63, 27.44, 15.69, 20.94, 11.5, 41.81, 19.25, 7.69, 4.0, 11.81, 20.06, 35.88, 77.81, 7.63, 22.56, 16.13, 21.44, 9.31, 41.0, 20.75, 6.56, 3.75, 13.75, 19.81, 98.75, 106.88, 38.94, 84.38, 8.81, 23.56, 12.06, 15.5, 10.19, 40.75, 24.31, 5.81, 3.88, 12.75, 18.56, 41.31, 84.63, 7.56, 19.81, 16.69, 21.63, 10.56, 42.0, 25.88, 6.69, 5.06, 10.06, 15.94
44, 2013-02-01, Home, MIL, W, W, -5, U, 205, 0, 0, 97.5, 95.88, 36.44, 82.75, 10.13, 27.94, 14.5, 19.69, 11.88, 41.88, 20.06, 7.25, 4.13, 11.5, 19.94, 36.13, 77.38, 7.63, 22.81, 16.0, 21.31, 9.0, 40.0, 20.38, 6.5, 3.63, 13.38, 19.25, 101.19, 101.88, 38.94, 87.75, 7.75, 19.94, 15.56, 21.56, 14.25, 44.75, 22.94, 7.38, 7.88, 14.31, 18.19, 39.75, 88.06, 6.56, 19.19, 15.81, 21.31, 13.63, 46.19, 24.06, 8.0, 4.38, 14.69, 20.06
45, 2013-02-02, Home, SAC, W, W, -11, U, 204, 1, 1, 97.63, 95.0, 36.06, 81.94, 10.38, 28.5, 15.13, 20.31, 12.06, 42.5, 19.88, 7.0, 4.19, 11.81, 19.31, 35.88, 77.75, 7.81, 22.75, 15.44, 20.44, 9.25, 39.88, 20.13, 6.69, 3.56, 13.5, 19.56, 95.06, 105.31, 36.0, 82.06, 5.75, 16.75, 17.31, 24.0, 12.25, 39.94, 19.69, 8.38, 4.25, 15.25, 21.25, 39.31, 82.38, 7.69, 20.56, 19.0, 24.19, 12.44, 43.38, 24.81, 7.81, 6.06, 14.25, 21.06
46, 2013-02-04, Home, DET, W, W, -10, U, 199.5, 1, 0, 98.94, 94.0, 36.5, 81.81, 11.0, 29.81, 14.94, 20.25, 12.44, 43.19, 20.69, 7.0, 3.88, 12.19, 19.44, 35.5, 77.31, 7.69, 22.75, 15.31, 20.38, 9.25, 39.38, 19.69, 6.75, 3.38, 13.81, 19.75, 95.44, 96.81, 37.44, 81.56, 5.88, 17.56, 14.69, 22.81, 13.25, 44.63, 20.44, 7.63, 6.81, 15.0, 18.38, 36.81, 82.44, 6.81, 19.63, 16.38, 21.5, 12.31, 42.31, 21.63, 8.88, 4.69, 14.06, 21.06
47, 2013-02-06, Away, WAS, L, L, -4.5, O, 190.5, 0, 0, 98.56, 92.69, 36.19, 81.56, 11.19, 30.06, 15.0, 20.0, 12.19, 43.19, 20.44, 7.13, 3.5, 12.06, 19.44, 35.44, 77.56, 6.94, 21.69, 14.88, 20.06, 9.63, 39.94, 18.88, 6.69, 3.31, 13.88, 19.38, 93.88, 93.06, 36.69, 81.94, 6.63, 17.0, 13.88, 19.88, 10.38, 42.81, 23.25, 7.63, 4.56, 15.06, 19.63, 36.5, 82.88, 5.31, 17.56, 14.75, 20.38, 10.75, 43.75, 22.44, 8.13, 4.81, 14.06, 18.13
48, 2013-02-08, Away, MIN, W, P, -6, U, 196, 0, 0, 98.31, 92.75, 36.06, 81.56, 11.13, 29.5, 15.06, 19.94, 12.13, 43.44, 20.19, 6.88, 3.56, 12.0, 19.0, 35.5, 77.44, 6.94, 20.88, 14.81, 19.81, 9.25, 39.38, 18.94, 6.5, 3.56, 13.5, 19.06, 94.81, 100.56, 35.75, 80.0, 5.25, 16.5, 18.06, 24.69, 11.5, 38.69, 22.25, 8.56, 4.06, 14.5, 18.69, 38.25, 78.06, 7.5, 19.0, 16.56, 21.63, 10.31, 40.88, 23.19, 8.56, 5.69, 16.44, 22.25
49, 2013-02-10, Home, LAC, L, L, -3.5, U, 192, 0, 0, 98.31, 93.44, 36.0, 81.5, 10.88, 29.44, 15.44, 20.19, 12.13, 43.06, 19.75, 6.56, 3.63, 11.75, 19.06, 36.06, 77.63, 6.44, 19.56, 14.88, 20.19, 9.56, 39.75, 19.25, 6.38, 3.38, 13.25, 19.5, 94.94, 95.06, 36.56, 80.63, 6.31, 17.88, 15.5, 22.31, 11.94, 41.69, 21.88, 8.5, 5.0, 14.44, 20.31, 34.56, 77.88, 9.0, 21.75, 16.94, 23.19, 10.75, 39.94, 22.69, 8.06, 3.69, 14.94, 20.81
50, 2013-02-13, Home, TOR, L, L, -8, U, 197.5, 1, 0, 96.69, 93.19, 35.44, 80.63, 10.56, 28.81, 15.25, 19.94, 12.19, 42.75, 18.94, 6.75, 3.75, 12.25, 19.0, 36.06, 77.31, 6.44, 19.69, 14.63, 20.06, 9.63, 39.63, 19.13, 6.69, 3.5, 13.31, 19.5, 100.63, 101.81, 38.44, 83.69, 6.94, 18.75, 16.81, 21.75, 12.19, 40.56, 23.0, 7.38, 4.06, 13.56, 22.88, 38.5, 79.81, 6.31, 18.13, 18.5, 24.81, 10.13, 39.88, 21.88, 6.81, 5.06, 13.69, 20.0
51, 2013-02-20, Away, IND, L, L, 4, O, 185, 0, 0, 96.19, 92.56, 35.25, 80.81, 10.25, 28.38, 15.44, 20.31, 12.56, 43.38, 18.5, 6.75, 3.69, 12.13, 19.0, 35.56, 77.25, 6.63, 19.88, 14.81, 20.31, 9.56, 39.56, 18.25, 6.38, 3.94, 13.31, 19.44, 96.81, 91.81, 36.63, 81.75, 7.19, 19.75, 16.38, 21.31, 12.94, 44.56, 21.38, 7.25, 6.69, 14.0, 20.56, 35.13, 82.38, 5.19, 14.56, 16.38, 21.5, 11.06, 39.81, 19.75, 7.81, 5.81, 13.5, 20.69
52, 2013-02-22, Away, TOR, L, L, -1, O, 193, 0, 0, 97.13, 95.31, 35.13, 80.63, 10.31, 28.88, 16.56, 21.75, 12.19, 42.63, 18.69, 7.44, 3.44, 12.31, 19.69, 36.25, 77.25, 7.0, 20.06, 15.81, 21.75, 9.69, 39.94, 19.0, 6.38, 4.19, 14.0, 19.81, 98.31, 97.88, 37.06, 81.81, 7.5, 19.81, 16.69, 21.0, 11.19, 40.25, 21.75, 7.5, 4.63, 13.56, 22.63, 36.5, 79.38, 6.44, 18.25, 18.44, 25.19, 11.38, 41.94, 20.31, 6.75, 5.06, 14.0, 19.25
53, 2013-02-24, Home, PHI, W, L, -11, O, 189.5, 1, 0, 96.94, 94.81, 35.0, 79.69, 10.25, 29.25, 16.69, 21.75, 11.69, 42.69, 18.81, 7.06, 3.75, 12.56, 19.69, 36.0, 78.0, 7.13, 20.5, 15.69, 21.38, 9.69, 39.44, 18.5, 6.31, 4.0, 13.44, 19.75, 92.0, 93.31, 38.0, 84.25, 5.44, 16.19, 10.56, 14.63, 10.44, 41.19, 24.0, 6.25, 4.38, 12.5, 18.63, 35.25, 80.13, 5.81, 18.56, 17.0, 22.56, 11.0, 43.44, 22.63, 7.5, 4.38, 13.31, 15.13
54, 2013-02-27, Home, GSW, W, L, -7.5, O, 205, 1, 0, 96.88, 95.19, 34.81, 79.31, 10.06, 29.44, 17.19, 22.38, 11.75, 42.88, 18.38, 7.13, 3.63, 12.75, 19.5, 36.19, 78.19, 7.13, 19.88, 15.69, 21.25, 9.63, 39.25, 18.75, 6.44, 3.88, 13.38, 19.69, 102.19, 106.88, 38.44, 85.06, 7.63, 18.81, 17.69, 22.38, 11.75, 45.38, 22.25, 6.25, 4.81, 14.38, 22.31, 39.5, 86.63, 8.44, 22.25, 19.44, 25.75, 12.13, 45.25, 25.5, 8.13, 5.88, 11.94, 19.63
55, 2013-03-01, Away, WAS, W, W, -3, U, 193.5, 0, 0, 97.31, 96.31, 35.0, 80.25, 10.06, 29.63, 17.25, 22.5, 12.13, 43.0, 18.5, 7.31, 3.5, 12.38, 19.56, 36.25, 77.75, 7.69, 20.5, 16.13, 21.19, 9.25, 39.38, 18.25, 6.38, 3.88, 13.5, 19.81, 94.81, 92.56, 37.31, 80.19, 6.44, 16.19, 13.75, 18.44, 9.19, 41.5, 23.5, 7.38, 4.06, 15.31, 19.44, 35.25, 81.19, 6.56, 19.88, 15.5, 21.5, 10.44, 42.06, 22.31, 8.75, 4.63, 14.25, 17.69
56, 2013-03-03, Home, MIA, L, L, 4.5, U, 196.5, 0, 0, 98.0, 96.31, 35.06, 80.06, 10.19, 30.06, 17.69, 22.75, 12.25, 43.25, 18.75, 7.13, 3.56, 12.81, 19.75, 36.25, 77.75, 7.38, 20.0, 16.44, 21.75, 9.19, 38.88, 18.0, 6.63, 3.88, 13.13, 19.56, 106.31, 96.0, 40.5, 79.63, 8.06, 19.5, 17.25, 22.5, 8.81, 37.19, 22.88, 9.38, 5.06, 11.75, 20.13, 35.38, 76.75, 6.81, 19.44, 18.44, 22.81, 8.94, 36.31, 20.56, 7.06, 3.94, 15.63, 20.56
57, 2013-03-04, Away, CLE, W, W, -3, U, 204.5, 0, 1, 98.25, 97.13, 35.06, 79.5, 10.19, 30.13, 17.94, 23.13, 12.13, 42.69, 19.13, 7.25, 3.5, 13.25, 19.5, 36.75, 78.25, 7.69, 20.13, 15.94, 21.19, 9.38, 38.56, 18.13, 6.88, 3.94, 13.25, 19.38, 104.56, 103.06, 39.44, 83.56, 6.25, 16.88, 19.44, 24.31, 11.63, 39.13, 23.0, 7.94, 4.25, 12.0, 19.19, 40.25, 81.06, 7.19, 18.5, 15.38, 21.56, 10.56, 39.81, 25.13, 6.56, 7.75, 14.81, 20.19
58, 2013-03-06, Away, DET, W, W, -5.5, U, 195, 0, 0, 99.63, 97.13, 35.56, 79.31, 10.69, 30.31, 17.81, 23.0, 11.94, 42.25, 19.5, 7.44, 3.56, 13.25, 19.56, 36.69, 78.13, 7.69, 20.19, 16.06, 21.31, 9.5, 38.38, 18.69, 7.06, 3.75, 13.44, 19.13, 94.63, 101.19, 36.94, 82.63, 5.88, 16.94, 14.88, 22.13, 11.63, 42.38, 23.31, 8.13, 4.5, 14.63, 20.19, 37.88, 81.38, 8.25, 20.31, 17.19, 22.56, 10.63, 43.0, 24.25, 8.13, 6.06, 13.5, 19.31
59, 2013-03-07, Home, OKC, L, W, 8, U, 204, 0, 1, 98.44, 95.44, 35.06, 79.5, 10.5, 30.81, 17.81, 22.88, 12.44, 43.63, 19.56, 7.75, 3.69, 13.63, 19.44, 36.25, 78.69, 7.5, 20.0, 15.44, 20.69, 9.56, 38.75, 18.81, 7.13, 4.0, 13.5, 18.69, 110.06, 98.44, 40.5, 81.63, 7.56, 19.13, 21.5, 26.38, 9.94, 42.94, 22.75, 9.13, 9.25, 13.88, 19.31, 37.06, 86.56, 7.69, 21.19, 16.63, 21.5, 12.44, 42.06, 21.69, 8.63, 4.19, 15.5, 21.19
60, 2013-03-09, Home, UTA, W, W, -5.5, O, 191.5, 1, 0, 97.25, 95.31, 34.31, 79.75, 10.25, 30.63, 18.38, 23.25, 12.56, 43.75, 18.31, 8.13, 3.63, 13.88, 19.63, 35.81, 78.25, 7.56, 19.69, 16.13, 21.5, 9.5, 39.44, 18.94, 7.38, 4.5, 13.88, 18.94, 99.31, 96.81, 38.19, 83.5, 5.25, 15.19, 17.69, 22.88, 13.25, 44.5, 22.06, 8.0, 7.19, 15.13, 21.56, 36.0, 82.0, 6.44, 18.81, 18.38, 24.38, 12.13, 40.81, 20.06, 8.38, 5.94, 13.75, 20.19
61, 2013-03-11, Away, GSW, L, L, 2.5, U, 202, 0, 0, 98.31, 95.19, 34.69, 79.69, 10.25, 30.44, 18.69, 23.5, 12.19, 43.06, 18.56, 8.5, 3.56, 13.69, 19.88, 35.63, 77.94, 7.56, 20.06, 16.38, 21.75, 9.44, 39.44, 18.63, 7.19, 4.44, 14.25, 19.0, 98.94, 104.75, 36.5, 83.69, 8.13, 20.06, 17.81, 23.0, 10.88, 45.44, 20.56, 6.81, 3.75, 15.69, 21.75, 38.38, 84.0, 8.63, 23.06, 19.38, 25.81, 9.94, 44.13, 24.44, 9.19, 5.75, 13.25, 20.44
62, 2013-03-13, Away, DEN, L, L, 8.5, O, 206, 0, 0, 94.75, 95.88, 33.0, 78.88, 9.38, 29.44, 19.38, 24.44, 11.94, 42.44, 17.19, 8.44, 3.63, 13.44, 20.38, 35.63, 78.06, 7.88, 20.0, 16.75, 22.31, 9.94, 41.25, 18.75, 7.13, 4.56, 14.0, 19.63, 111.06, 102.94, 43.63, 85.38, 6.88, 18.25, 16.94, 24.13, 12.0, 43.44, 26.88, 11.06, 6.69, 14.31, 21.25, 38.13, 85.19, 8.75, 22.44, 17.94, 24.0, 11.63, 40.31, 24.06, 7.25, 6.0, 16.19, 20.13
63, 2013-03-14, Away, POR, L, L, 6, O, 193, 0, 1, 94.44, 97.88, 32.88, 78.88, 9.19, 29.06, 19.5, 24.81, 11.5, 41.63, 17.19, 8.5, 4.06, 13.69, 20.94, 35.81, 77.69, 8.25, 20.5, 18.0, 23.88, 10.0, 41.88, 19.19, 7.19, 4.75, 14.13, 19.94, 101.5, 103.31, 38.75, 81.19, 8.13, 22.13, 15.88, 19.94, 9.44, 39.5, 22.69, 5.63, 4.31, 13.88, 18.5, 41.31, 85.0, 5.19, 15.44, 15.5, 21.5, 12.56, 42.56, 24.06, 7.94, 4.5, 10.81, 18.5
64, 2013-03-17, Away, LAC, L, W, 13.5, U, 193.5, 0, 0, 94.06, 97.81, 33.0, 78.75, 9.06, 28.88, 19.0, 24.44, 11.44, 41.56, 17.56, 8.81, 4.0, 13.88, 21.5, 35.69, 77.63, 8.19, 21.0, 18.25, 24.31, 10.13, 42.25, 19.25, 7.5, 4.88, 14.38, 19.88, 103.06, 96.56, 39.5, 79.81, 9.0, 23.63, 15.06, 21.13, 10.88, 39.88, 24.94, 9.31, 5.5, 14.19, 21.0, 35.63, 76.56, 7.81, 20.56, 17.5, 23.5, 10.5, 36.69, 22.63, 7.94, 3.81, 15.31, 20.19
65, 2013-03-18, Away, UTA, W, W, 10.5, U, 188.5, 0, 1, 92.81, 97.75, 32.44, 78.75, 9.31, 28.88, 18.63, 24.06, 11.25, 41.38, 17.69, 8.94, 3.69, 13.94, 22.0, 35.5, 77.31, 8.63, 21.94, 18.13, 24.56, 10.13, 42.88, 19.31, 7.44, 5.25, 14.56, 19.88, 98.13, 99.19, 36.94, 82.63, 5.25, 16.25, 19.0, 24.31, 13.31, 43.56, 21.25, 7.75, 6.69, 14.94, 21.44, 36.69, 80.63, 6.75, 19.0, 19.06, 24.69, 11.5, 40.44, 20.13, 8.25, 5.56, 13.38, 20.31
66, 2013-03-20, Home, ORL, W, W, -11, O, 198, 1, 0, 92.94, 96.56, 32.38, 78.44, 9.38, 28.88, 18.81, 24.5, 11.13, 41.31, 18.13, 8.88, 3.81, 13.69, 22.19, 34.75, 77.06, 8.56, 21.38, 18.5, 25.06, 10.5, 43.06, 19.06, 7.44, 5.19, 14.75, 20.13, 95.25, 105.94, 38.0, 84.63, 5.94, 20.31, 13.31, 17.56, 10.06, 40.31, 22.31, 6.94, 4.13, 13.63, 21.81, 38.94, 81.63, 8.5, 22.31, 19.56, 26.38, 10.56, 43.69, 25.13, 7.0, 5.19, 12.69, 17.5
67, 2013-03-22, Away, TOR, W, W, 1.5, O, 192, 0, 0, 94.06, 96.69, 33.13, 78.25, 9.75, 29.44, 18.06, 23.5, 10.5, 40.19, 18.63, 8.94, 3.81, 13.69, 22.0, 35.19, 77.44, 8.31, 21.13, 18.0, 24.69, 10.88, 43.5, 19.44, 7.69, 4.69, 15.13, 19.69, 96.56, 99.06, 35.38, 81.44, 6.19, 19.31, 19.63, 23.56, 10.63, 40.75, 18.88, 7.38, 5.56, 14.81, 23.06, 34.94, 79.25, 7.56, 19.69, 21.63, 28.5, 11.56, 42.56, 22.38, 7.94, 4.38, 14.63, 21.44
68, 2013-03-23, Home, TOR, W, W, -7, O, 191.5, 1, 1, 94.56, 94.75, 33.69, 77.31, 10.06, 29.06, 17.13, 22.75, 10.25, 40.25, 18.56, 8.63, 3.94, 13.56, 21.69, 34.81, 77.44, 8.31, 21.63, 16.81, 23.13, 10.56, 42.19, 18.88, 7.63, 4.19, 14.56, 19.56, 96.69, 99.75, 35.69, 81.81, 6.31, 20.0, 19.0, 22.94, 10.69, 40.63, 19.31, 7.63, 5.13, 14.94, 23.25, 35.56, 78.75, 7.63, 19.5, 21.0, 28.0, 10.88, 41.81, 22.63, 8.0, 4.56, 14.75, 21.63
69, 2013-03-26, Away, BOS, W, W, 2.5, U, 194, 0, 0, 95.31, 93.75, 34.06, 77.56, 9.88, 28.5, 17.31, 22.75, 10.31, 40.38, 18.63, 9.19, 3.63, 13.25, 21.19, 34.75, 77.19, 8.13, 21.94, 16.13, 22.5, 10.88, 42.44, 18.56, 7.56, 4.13, 15.13, 19.44, 97.5, 96.44, 36.88, 77.75, 7.31, 18.0, 16.44, 21.69, 7.0, 38.63, 21.75, 7.63, 5.56, 14.44, 20.88, 36.44, 83.5, 5.81, 19.31, 17.75, 23.13, 12.0, 44.0, 22.31, 7.94, 4.81, 13.38, 18.94
70, 2013-03-27, Home, MEM, W, W, 1, O, 184.5, 0, 1, 95.38, 93.25, 34.5, 78.5, 9.88, 28.19, 16.5, 21.69, 10.56, 39.94, 18.25, 9.5, 3.63, 13.0, 21.56, 34.44, 76.19, 8.25, 22.38, 16.13, 22.63, 10.63, 42.19, 18.69, 7.44, 4.38, 15.56, 19.06, 92.88, 89.13, 36.06, 80.25, 4.69, 13.06, 16.06, 21.0, 12.31, 42.06, 20.63, 7.44, 5.63, 12.31, 21.44, 32.56, 76.06, 5.06, 17.0, 18.94, 24.75, 10.81, 40.19, 18.19, 6.31, 5.56, 13.0, 19.19
71, 2013-03-29, Home, CHA, W, L, -14, O, 197.5, 0, 0, 95.31, 93.0, 34.63, 77.69, 10.0, 28.0, 16.06, 21.0, 10.0, 39.0, 18.19, 9.31, 3.56, 13.06, 21.69, 34.25, 76.06, 7.69, 22.0, 16.81, 23.5, 10.94, 41.94, 18.69, 7.44, 4.25, 15.5, 19.13, 92.0, 104.5, 34.25, 81.38, 5.44, 18.31, 18.06, 24.25, 10.56, 37.0, 20.0, 8.0, 5.0, 12.13, 18.5, 39.13, 77.69, 8.88, 20.81, 17.38, 22.94, 10.63, 44.63, 25.75, 6.94, 7.31, 15.44, 21.13
72, 2013-03-31, Home, BOS, W, W, -6.5, U, 197.5, 0, 0, 96.25, 93.88, 34.81, 77.44, 10.06, 27.44, 16.56, 21.56, 10.19, 38.75, 17.94, 9.31, 3.63, 13.13, 21.94, 34.44, 76.0, 7.88, 22.63, 17.13, 23.63, 10.88, 41.31, 18.63, 7.44, 4.19, 15.75, 19.63, 97.38, 96.81, 36.31, 76.63, 7.38, 18.13, 17.38, 22.5, 6.75, 38.56, 22.56, 7.75, 6.0, 15.25, 20.13, 36.75, 84.63, 6.13, 19.5, 17.19, 22.06, 11.81, 43.44, 21.94, 8.63, 5.0, 13.25, 19.25
73, 2013-04-02, Away, MIA, W, W, -3, O, 191, 0, 0, 97.19, 93.25, 35.0, 77.31, 10.44, 27.31, 16.75, 21.88, 10.25, 38.81, 18.25, 9.19, 3.44, 12.75, 22.13, 34.0, 75.38, 7.81, 22.94, 17.44, 23.88, 10.81, 41.06, 18.13, 7.0, 4.13, 15.5, 19.75, 101.75, 90.94, 37.44, 74.63, 8.88, 22.38, 18.0, 24.06, 7.25, 36.75, 24.13, 9.88, 6.19, 13.56, 15.88, 35.44, 82.0, 7.0, 22.38, 13.06, 17.38, 12.81, 41.75, 21.06, 8.81, 3.13, 16.13, 21.25
74, 2013-04-03, Away, ATL, W, W, 1.5, U, 195, 0, 1, 97.19, 92.81, 35.06, 76.88, 10.56, 27.13, 16.5, 21.81, 9.88, 37.81, 17.88, 9.13, 3.31, 12.56, 22.56, 33.56, 74.56, 7.94, 22.94, 17.75, 24.06, 10.88, 41.13, 17.69, 6.88, 4.19, 15.81, 19.81, 99.56, 98.81, 38.31, 80.81, 8.19, 22.44, 14.75, 20.19, 8.75, 40.75, 25.13, 8.19, 3.63, 14.5, 17.81, 38.81, 85.38, 7.06, 19.94, 14.13, 19.56, 12.13, 45.0, 22.44, 8.5, 3.63, 14.25, 18.38
75, 2013-04-05, Home, MIL, W, W, -7, U, 201.5, 0, 0, 97.69, 93.13, 35.63, 77.0, 10.19, 26.31, 16.25, 21.63, 9.5, 37.19, 17.44, 8.88, 3.0, 12.0, 22.88, 33.56, 74.06, 8.06, 23.31, 17.94, 24.63, 10.81, 41.06, 17.63, 6.81, 3.94, 15.5, 19.56, 101.94, 105.0, 39.69, 90.75, 8.75, 22.94, 13.81, 18.0, 14.13, 44.56, 23.94, 7.38, 4.88, 12.0, 18.0, 40.5, 82.5, 7.5, 19.56, 16.5, 22.0, 9.88, 43.5, 24.56, 7.31, 4.88, 14.13, 17.56
76, 2013-04-07, Away, OKC, W, W, 7.5, O, 193.5, 0, 0, 98.13, 92.38, 36.0, 77.19, 10.31, 26.63, 15.81, 21.25, 9.5, 37.94, 17.88, 8.63, 2.94, 11.75, 22.69, 33.44, 74.44, 8.31, 23.88, 17.19, 23.94, 10.88, 40.94, 17.63, 6.63, 3.56, 15.31, 19.5, 101.5, 92.69, 36.38, 76.81, 5.88, 17.81, 22.88, 28.19, 10.19, 45.88, 19.25, 7.38, 7.88, 14.63, 20.19, 34.63, 85.06, 6.88, 21.38, 16.56, 20.69, 12.19, 40.56, 18.69, 8.31, 3.44, 13.13, 20.75
77, 2013-04-09, Home, WAS, W, W, -8.5, O, 197, 0, 0, 98.88, 94.63, 36.5, 78.31, 10.44, 26.75, 15.44, 20.88, 10.19, 38.06, 17.94, 8.25, 3.0, 11.38, 22.69, 34.38, 74.44, 8.38, 23.31, 17.5, 24.19, 10.81, 40.75, 18.25, 6.69, 4.13, 14.88, 19.44, 98.25, 95.69, 36.31, 81.13, 7.13, 17.94, 18.5, 25.5, 11.38, 43.19, 21.63, 6.63, 3.88, 12.88, 20.75, 35.69, 79.94, 5.94, 18.13, 18.38, 23.06, 10.31, 42.81, 21.75, 6.75, 3.56, 13.38, 20.56
78, 2013-04-11, Away, CHI, L, L, -4, O, 193.5, 0, 0, 102.44, 95.06, 38.06, 78.75, 11.38, 27.31, 14.94, 20.0, 9.81, 37.88, 18.81, 8.25, 3.06, 11.31, 22.5, 34.56, 74.38, 8.19, 23.31, 17.75, 24.56, 10.69, 39.44, 18.38, 6.63, 4.0, 14.81, 18.75, 93.88, 96.88, 36.5, 84.0, 6.31, 18.38, 14.56, 19.88, 12.69, 42.44, 22.69, 6.75, 3.81, 12.0, 18.63, 37.38, 79.19, 6.13, 16.63, 16.0, 21.56, 9.63, 41.06, 20.13, 6.63, 5.88, 11.94, 18.38
79, 2013-04-12, Away, CLE, W, W, -4.5, U, 209, 0, 1, 103.5, 95.13, 38.56, 80.31, 11.31, 27.44, 15.06, 20.0, 10.13, 39.06, 18.56, 7.94, 2.81, 10.56, 22.69, 34.44, 74.56, 8.25, 23.69, 18.0, 24.56, 10.19, 39.44, 18.44, 6.38, 4.06, 14.44, 18.94, 93.69, 102.06, 36.56, 85.0, 5.44, 17.31, 15.13, 20.44, 11.5, 42.19, 20.94, 7.5, 4.63, 13.5, 22.44, 37.69, 80.5, 7.13, 20.56, 19.56, 27.19, 10.69, 44.13, 24.06, 7.75, 5.44, 13.38, 18.56
80, 2013-04-14, Home, IND, W, W, -3, U, 193.5, 0, 0, 104.19, 94.25, 38.81, 80.13, 11.5, 27.63, 15.06, 20.0, 10.13, 39.31, 18.25, 8.0, 3.0, 10.69, 22.69, 34.06, 74.63, 8.0, 23.31, 18.13, 24.75, 10.63, 39.56, 18.0, 6.31, 3.81, 14.44, 18.94, 98.44, 93.81, 36.13, 82.19, 6.31, 19.31, 19.88, 26.06, 13.5, 47.25, 20.13, 7.5, 5.44, 13.38, 20.56, 35.75, 83.19, 5.69, 16.88, 16.63, 22.38, 11.75, 41.69, 20.75, 6.75, 6.06, 12.56, 22.81
81, 2013-04-15, Away, CHA, L, L, 1.5, O, 191.5, 0, 1, 104.81, 93.44, 39.19, 80.19, 11.44, 27.94, 15.0, 19.81, 10.19, 38.88, 17.88, 8.25, 3.06, 10.81, 22.5, 33.69, 74.0, 8.0, 23.31, 18.06, 24.44, 10.69, 39.19, 18.0, 6.38, 3.5, 15.31, 19.0, 93.5, 102.0, 34.56, 79.25, 5.75, 18.31, 18.63, 24.75, 11.0, 40.13, 19.0, 7.88, 5.19, 14.06, 18.38, 38.5, 80.94, 8.0, 20.56, 17.0, 21.63, 11.13, 41.75, 24.06, 7.38, 5.31, 13.5, 20.63
82, 2013-04-17, Home, ATL, W, W, -5, U, 194, 1, 0, 105.13, 94.88, 39.31, 80.81, 11.81, 28.81, 14.69, 19.06, 9.88, 38.31, 18.44, 8.0, 2.81, 10.56, 22.13, 34.56, 73.88, 7.88, 23.25, 17.88, 23.81, 9.75, 38.63, 19.13, 6.0, 3.56, 14.94, 18.5, 101.13, 100.88, 38.44, 80.81, 7.69, 21.75, 16.56, 22.5, 8.5, 39.94, 25.25, 8.88, 3.56, 13.13, 16.94, 39.38, 85.06, 7.94, 20.31, 14.19, 18.94, 12.13, 45.56, 22.38, 7.69, 4.38, 14.5, 19.0
