20, 2012-12-09, Home, DEN, W, W, -4.5, O, 205, 0, 1, 102.26, 94.63, 37.26, 83.26, 11.89, 29.37, 15.84, 20.58, 10.26, 39.95, 19.95, 9.11, 4.0, 10.63, 18.53, 35.37, 79.21, 7.79, 20.21, 16.11, 20.68, 10.58, 44.0, 19.63, 5.63, 4.21, 15.89, 19.21, 101.74, 101.32, 39.16, 84.84, 6.32, 18.89, 17.11, 25.05, 14.89, 45.42, 22.37, 7.89, 6.42, 15.37, 19.63, 38.47, 85.21, 8.79, 22.11, 15.58, 20.79, 12.05, 40.68, 24.21, 8.84, 6.42, 13.84, 21.89
21, 2012-12-11, Away, BRK, W, L, -3.5, O, 195.5, 0, 0, 102.68, 95.79, 37.32, 83.37, 11.53, 29.05, 16.53, 21.74, 10.26, 39.84, 19.58, 9.05, 4.11, 10.47, 18.53, 35.74, 79.26, 7.68, 20.05, 16.63, 21.53, 10.47, 43.95, 19.63, 5.63, 4.26, 15.63, 19.42, 96.11, 93.74, 35.79, 81.53, 7.74, 22.89, 16.79, 23.11, 13.05, 42.26, 21.74, 6.95, 5.16, 13.32, 18.74, 36.21, 78.11, 5.63, 16.26, 15.68, 21.21, 10.79, 39.95, 20.21, 7.53, 4.26, 13.63, 21.68
22, 2012-12-13, Home, LAL, W, W, -5.5, O, 206, 0, 0, 102.68, 96.47, 37.16, 83.42, 11.68, 29.11, 16.68, 21.74, 10.37, 39.63, 19.68, 8.68, 3.95, 10.26, 19.11, 35.84, 78.68, 7.47, 20.11, 17.32, 22.47, 10.32, 43.74, 20.0, 5.47, 4.32, 15.26, 19.58, 102.11, 97.53, 35.89, 80.0, 9.32, 24.47, 21.0, 30.84, 13.32, 46.79, 20.79, 8.05, 5.79, 15.58, 19.26, 37.47, 85.68, 7.05, 20.68, 15.53, 21.63, 11.79, 41.37, 22.74, 7.89, 4.84, 13.42, 24.68
23, 2012-12-15, Home, CLE, W, L, -10.5, O, 194.5, 1, 0, 103.0, 97.47, 37.32, 83.16, 11.63, 28.74, 16.74, 22.32, 10.11, 39.05, 19.74, 8.84, 3.79, 10.21, 19.26, 36.16, 78.58, 7.68, 20.89, 17.47, 22.63, 9.95, 43.21, 19.68, 5.53, 4.42, 15.26, 19.68, 92.74, 98.95, 34.47, 85.63, 7.68, 22.42, 16.11, 21.16, 14.21, 42.84, 19.16, 8.53, 3.47, 14.63, 22.26, 36.11, 78.11, 6.84, 18.63, 19.89, 26.05, 11.05, 41.42, 21.26, 8.21, 7.63, 14.95, 20.11
24, 2012-12-17, Home, HOU, L, L, -7.5, U, 210, 1, 0, 102.95, 97.89, 37.42, 83.21, 11.89, 29.42, 16.21, 21.53, 10.21, 38.95, 20.21, 8.47, 3.89, 10.21, 19.11, 36.53, 78.63, 7.74, 20.68, 17.11, 22.32, 9.95, 42.95, 19.58, 5.58, 4.26, 14.84, 19.42, 105.26, 105.63, 37.32, 83.84, 10.0, 26.53, 20.63, 26.84, 10.63, 42.95, 22.21, 7.79, 4.84, 15.47, 19.47, 40.53, 87.89, 8.74, 23.16, 15.84, 20.68, 10.84, 43.32, 23.42, 8.11, 7.37, 13.68, 19.84
25, 2012-12-19, Home, BRK, W, W, -6, U, 193, 1, 0, 102.79, 98.95, 37.32, 83.53, 11.89, 29.79, 16.26, 21.79, 10.58, 39.68, 20.21, 8.32, 3.95, 10.63, 19.32, 36.68, 78.79, 8.0, 21.47, 17.58, 22.68, 9.79, 42.95, 19.05, 5.89, 4.21, 14.68, 19.79, 96.37, 94.58, 35.63, 80.63, 7.74, 22.53, 17.37, 23.16, 12.74, 41.42, 21.47, 7.0, 5.11, 13.05, 19.63, 36.32, 78.58, 5.68, 16.58, 16.26, 21.95, 11.21, 40.05, 19.53, 7.63, 4.05, 13.47, 21.53
26, 2012-12-21, Home, CHI, L, L, -6.5, O, 187.5, 0, 0, 102.58, 98.21, 37.26, 83.37, 11.89, 29.95, 16.16, 21.47, 10.63, 39.58, 20.32, 8.37, 3.89, 10.63, 18.89, 36.53, 78.32, 8.11, 21.26, 17.05, 22.05, 9.63, 42.42, 18.95, 5.84, 3.95, 14.79, 19.58, 91.95, 90.32, 34.84, 79.32, 4.47, 12.58, 17.79, 21.95, 12.53, 43.79, 21.89, 7.0, 5.05, 14.84, 19.0, 34.74, 82.16, 4.89, 15.63, 15.95, 21.11, 12.16, 39.79, 18.21, 8.16, 5.53, 12.95, 19.84
27, 2012-12-23, Home, MIN, W, L, -8, U, 201, 0, 0, 103.16, 98.47, 37.32, 84.37, 12.05, 30.32, 16.47, 21.68, 10.63, 39.89, 20.11, 8.58, 3.74, 10.47, 18.84, 36.53, 78.68, 8.26, 21.42, 17.16, 22.11, 9.63, 43.26, 19.32, 5.84, 3.84, 14.89, 19.63, 96.05, 95.53, 35.63, 83.21, 6.05, 20.0, 18.74, 26.11, 14.21, 46.32, 21.89, 8.37, 5.16, 15.11, 18.95, 37.05, 81.89, 6.42, 18.68, 15.0, 20.21, 10.26, 40.58, 21.16, 8.21, 6.47, 14.26, 22.95
28, 2012-12-25, Away, LAL, L, L, 4, U, 211, 0, 0, 103.47, 99.26, 37.26, 83.42, 12.0, 30.37, 16.95, 22.16, 10.05, 39.21, 20.0, 8.68, 3.63, 10.79, 19.11, 36.84, 79.37, 8.21, 21.53, 17.37, 22.11, 9.84, 43.26, 19.26, 5.89, 3.58, 14.74, 19.84, 105.21, 102.79, 37.32, 82.37, 10.21, 26.58, 20.37, 29.26, 12.74, 45.58, 21.11, 8.11, 5.47, 14.95, 19.95, 39.47, 86.47, 8.11, 22.05, 15.74, 22.26, 11.95, 42.68, 23.95, 7.63, 4.89, 13.74, 24.16
29, 2012-12-26, Away, PHO, W, P, -2, U, 199, 0, 1, 103.05, 100.32, 37.32, 83.74, 11.74, 29.84, 16.68, 22.0, 9.95, 38.74, 20.05, 8.84, 3.63, 10.79, 19.37, 37.26, 79.79, 8.05, 21.68, 17.74, 22.63, 10.0, 43.58, 19.58, 6.0, 3.63, 14.63, 19.63, 96.53, 99.42, 38.0, 82.79, 6.84, 19.05, 13.68, 18.32, 9.95, 37.63, 22.79, 8.37, 5.16, 13.47, 20.11, 37.63, 80.21, 6.79, 17.47, 17.37, 23.32, 11.58, 42.63, 21.63, 7.95, 5.11, 15.16, 17.95
30, 2012-12-28, Away, SAC, L, L, -3, O, 199, 0, 0, 102.42, 99.42, 37.37, 84.32, 11.42, 29.37, 16.26, 21.58, 10.16, 38.95, 19.84, 8.74, 3.84, 10.63, 19.37, 37.05, 79.68, 7.79, 21.26, 17.53, 22.37, 9.68, 43.37, 19.53, 5.95, 3.84, 14.63, 19.32, 97.79, 102.68, 36.26, 81.47, 7.21, 19.16, 18.05, 23.21, 11.16, 40.53, 19.95, 7.32, 4.47, 14.16, 19.68, 38.32, 83.37, 7.74, 21.37, 18.32, 23.37, 12.37, 43.53, 24.11, 7.74, 6.32, 13.26, 20.21
31, 2013-01-01, Home, POR, L, L, -9.5, O, 196, 0, 0, 102.53, 98.11, 37.58, 84.16, 11.11, 28.89, 16.26, 21.89, 10.79, 39.79, 20.05, 8.53, 3.79, 10.74, 19.11, 36.68, 79.53, 7.84, 21.53, 16.89, 21.79, 9.68, 42.58, 19.84, 6.11, 3.84, 14.47, 19.42, 95.11, 97.58, 35.74, 82.42, 7.37, 23.58, 16.26, 21.0, 11.89, 41.68, 21.05, 7.74, 5.37, 13.84, 19.0, 37.42, 82.89, 7.0, 20.37, 15.74, 20.21, 11.58, 43.16, 23.11, 8.16, 4.0, 13.58, 17.79
32, 2013-01-03, Home, SAS, W, W, 1, U, 208, 1, 0, 101.42, 98.37, 37.47, 84.42, 10.74, 29.11, 15.74, 21.53, 10.95, 39.79, 19.74, 8.32, 3.68, 10.68, 19.11, 36.89, 79.68, 7.95, 22.21, 16.63, 21.58, 9.84, 43.05, 19.95, 6.11, 3.63, 14.32, 19.42, 108.89, 98.0, 41.0, 82.74, 9.79, 23.58, 17.11, 21.32, 8.32, 42.63, 26.53, 9.32, 5.42, 14.89, 17.11, 38.11, 86.37, 6.11, 18.84, 15.68, 20.74, 11.21, 41.47, 21.79, 8.89, 4.58, 15.0, 18.58
33, 2013-01-05, Away, ORL, W, W, -6, O, 195.5, 0, 0, 102.0, 97.68, 37.79, 84.26, 11.05, 29.42, 15.37, 21.11, 10.58, 39.68, 20.37, 8.37, 3.84, 10.58, 18.79, 36.42, 78.95, 7.95, 22.53, 16.89, 21.68, 9.26, 42.26, 19.47, 6.26, 3.53, 14.37, 18.89, 94.47, 96.89, 37.84, 81.68, 6.32, 19.37, 12.47, 15.84, 10.32, 42.84, 22.84, 6.11, 4.47, 14.21, 18.58, 37.05, 82.26, 6.68, 18.68, 16.11, 20.95, 9.53, 39.68, 21.95, 7.11, 4.68, 11.42, 16.42
34, 2013-01-07, Home, BOS, L, L, -7.5, O, 191.5, 0, 0, 102.63, 98.63, 38.16, 85.05, 11.11, 30.05, 15.21, 20.95, 10.63, 39.79, 20.68, 8.16, 3.84, 10.26, 18.74, 36.84, 79.63, 8.21, 23.21, 16.74, 21.53, 9.63, 42.74, 19.42, 6.11, 3.53, 14.16, 18.84, 92.21, 94.26, 36.11, 80.68, 5.53, 16.89, 14.47, 18.89, 8.84, 39.89, 22.32, 9.37, 4.58, 14.0, 21.53, 35.11, 79.68, 7.21, 19.47, 16.84, 24.32, 11.11, 43.21, 21.26, 8.32, 5.32, 15.0, 19.0
35, 2013-01-10, Away, IND, L, W, 5.5, U, 184, 0, 0, 102.0, 99.42, 37.53, 84.79, 11.21, 30.21, 15.74, 21.53, 11.21, 40.32, 20.42, 8.16, 3.95, 10.53, 18.79, 37.05, 79.42, 8.26, 23.21, 17.05, 21.47, 9.42, 42.42, 20.21, 6.26, 3.37, 13.79, 19.21, 91.58, 87.95, 34.16, 79.63, 6.37, 18.0, 16.89, 22.95, 12.84, 44.68, 19.68, 6.84, 6.26, 14.32, 19.53, 34.21, 81.0, 4.95, 15.63, 14.58, 19.42, 11.16, 40.16, 19.42, 6.58, 5.95, 13.58, 21.68
36, 2013-01-11, Home, CHI, L, L, -4, O, 193.5, 0, 1, 100.42, 98.47, 37.05, 84.74, 10.79, 29.74, 15.53, 21.32, 11.37, 40.74, 20.05, 7.89, 4.05, 10.79, 19.05, 36.63, 79.37, 8.11, 23.11, 17.11, 21.32, 9.47, 42.58, 19.95, 6.42, 3.63, 13.42, 19.0, 92.63, 91.63, 35.37, 80.63, 5.32, 13.47, 16.58, 20.95, 11.95, 43.11, 23.16, 7.47, 4.84, 13.63, 19.58, 34.53, 79.89, 5.84, 16.05, 16.74, 22.47, 11.68, 41.37, 17.53, 7.89, 5.11, 13.42, 19.16
37, 2013-01-13, Home, NOH, W, W, -7, U, 190.5, 0, 0, 100.47, 99.0, 36.95, 84.63, 10.68, 28.74, 15.89, 21.84, 11.79, 41.0, 19.74, 8.0, 3.79, 11.0, 19.58, 36.63, 78.58, 8.0, 22.84, 17.74, 22.32, 9.16, 42.0, 19.95, 6.74, 3.74, 13.74, 19.47, 91.11, 94.84, 36.11, 81.11, 6.68, 18.37, 12.21, 15.89, 11.42, 41.47, 20.95, 6.79, 5.53, 13.37, 19.63, 36.21, 77.79, 6.37, 19.79, 16.05, 21.0, 9.58, 40.05, 23.05, 7.53, 5.95, 12.84, 16.79
38, 2013-01-17, Away, DET, W, W, -5.5, U, 195, 0, 0, 99.84, 98.74, 36.63, 84.11, 10.32, 28.0, 16.26, 22.16, 11.74, 40.95, 19.95, 7.84, 3.84, 11.11, 19.68, 36.68, 78.89, 7.89, 23.21, 17.47, 22.0, 9.42, 42.21, 19.79, 6.68, 3.74, 13.68, 19.58, 97.05, 96.53, 36.79, 82.16, 7.05, 18.32, 16.42, 23.42, 13.74, 45.32, 19.42, 5.89, 5.95, 14.0, 20.05, 36.89, 81.79, 6.63, 21.37, 16.11, 21.89, 11.11, 40.42, 21.26, 7.84, 6.11, 11.63, 20.42
39, 2013-01-21, Home, BRK, L, L, -3.5, U, 193, 0, 0, 100.74, 98.42, 36.95, 83.47, 10.47, 28.42, 16.37, 22.32, 11.53, 41.16, 20.11, 7.79, 3.79, 11.16, 19.95, 36.74, 78.95, 7.84, 23.42, 17.11, 22.21, 9.47, 41.63, 20.0, 6.53, 3.63, 13.47, 19.63, 97.21, 95.53, 35.05, 79.21, 7.21, 20.95, 19.89, 25.68, 12.79, 42.21, 18.53, 7.84, 4.53, 13.47, 18.58, 37.47, 81.68, 6.95, 17.37, 13.63, 18.42, 11.47, 40.42, 21.79, 7.0, 4.58, 13.42, 21.05
40, 2013-01-24, Away, BOS, W, W, -1, U, 189, 0, 0, 99.32, 97.47, 36.79, 83.37, 10.16, 27.95, 15.58, 21.26, 11.21, 41.05, 19.79, 7.89, 3.79, 10.95, 19.84, 36.26, 79.05, 8.21, 23.79, 16.74, 21.74, 9.84, 42.26, 20.26, 6.47, 3.53, 13.63, 19.63, 91.37, 94.0, 36.0, 80.53, 5.68, 17.05, 13.68, 18.26, 10.16, 39.68, 22.42, 9.0, 4.32, 13.53, 22.16, 34.58, 77.84, 7.32, 19.79, 17.53, 25.11, 11.21, 42.47, 21.37, 7.37, 4.95, 15.21, 19.26
41, 2013-01-26, Away, PHI, L, L, -4, U, 192, 0, 0, 98.74, 96.89, 36.58, 83.63, 9.84, 27.95, 15.74, 21.37, 11.26, 41.79, 19.37, 8.0, 3.95, 10.95, 19.95, 36.0, 79.47, 8.16, 23.79, 16.74, 21.74, 9.84, 42.74, 20.11, 6.53, 3.53, 13.68, 19.74, 94.21, 100.79, 38.42, 84.47, 6.95, 18.89, 10.42, 14.89, 10.58, 41.21, 23.63, 6.68, 4.63, 13.32, 18.0, 37.79, 81.21, 7.37, 20.79, 17.84, 23.16, 10.63, 43.79, 22.26, 8.26, 3.95, 13.47, 15.37
42, 2013-01-27, Home, ATL, W, L, -5.5, O, 194, 0, 1, 96.84, 96.37, 35.84, 83.74, 9.42, 28.05, 15.74, 21.0, 11.84, 42.53, 18.95, 7.79, 4.05, 11.47, 19.79, 36.16, 79.0, 7.84, 22.84, 16.21, 21.37, 9.42, 42.21, 20.26, 6.63, 3.58, 13.58, 19.79, 97.11, 97.32, 37.84, 80.89, 9.26, 23.16, 12.16, 17.42, 9.11, 40.63, 25.32, 7.26, 5.05, 14.58, 18.79, 37.26, 83.11, 7.32, 19.16, 15.47, 20.63, 11.74, 43.79, 22.05, 8.58, 4.79, 13.68, 18.11
43, 2013-01-30, Home, ORL, W, W, -8.5, O, 196, 0, 0, 97.0, 96.47, 35.95, 83.05, 9.58, 27.63, 15.53, 20.68, 11.47, 41.74, 18.74, 7.84, 3.89, 11.74, 19.74, 36.11, 78.11, 7.89, 22.79, 16.37, 21.53, 9.32, 41.42, 20.58, 6.74, 3.68, 13.95, 19.68, 97.74, 105.11, 38.53, 82.89, 8.68, 23.21, 12.0, 15.53, 10.21, 41.05, 24.26, 5.58, 3.79, 13.37, 18.47, 40.42, 83.89, 7.26, 19.26, 17.0, 21.68, 10.37, 40.84, 24.95, 6.89, 5.0, 9.95, 16.26
44, 2013-02-01, Home, MIL, W, W, -5, U, 205, 0, 0, 97.89, 95.84, 36.37, 82.63, 9.84, 27.79, 15.32, 20.26, 11.32, 41.26, 19.53, 7.63, 4.0, 11.32, 19.74, 36.0, 78.05, 7.74, 22.63, 16.11, 21.11, 9.42, 40.84, 20.37, 6.26, 3.47, 13.58, 19.53, 100.68, 100.11, 38.63, 87.63, 7.68, 19.84, 15.74, 21.26, 13.95, 44.79, 23.0, 8.0, 7.68, 14.0, 18.16, 39.0, 87.42, 6.21, 18.84, 15.89, 21.32, 13.53, 46.37, 22.95, 7.74, 4.47, 14.84, 20.11
45, 2013-02-02, Home, SAC, W, W, -11, U, 204, 1, 1, 97.68, 95.84, 36.05, 82.26, 9.95, 28.11, 15.63, 20.74, 11.47, 41.84, 19.42, 7.53, 3.95, 11.74, 19.95, 35.89, 78.32, 7.63, 22.37, 16.42, 21.53, 9.53, 40.95, 20.32, 6.47, 3.53, 13.63, 19.84, 96.47, 104.11, 36.53, 82.58, 6.0, 17.37, 17.42, 23.84, 12.47, 40.37, 20.21, 8.42, 4.47, 14.74, 21.05, 38.84, 82.42, 7.53, 20.63, 18.89, 23.79, 12.47, 43.32, 24.21, 7.42, 5.89, 14.21, 20.79
46, 2013-02-04, Home, DET, W, W, -10, U, 199.5, 1, 0, 98.42, 94.32, 36.53, 82.0, 10.53, 29.0, 14.84, 20.11, 11.74, 42.47, 20.47, 7.37, 3.84, 12.11, 19.63, 35.63, 77.95, 7.53, 22.53, 15.53, 20.58, 9.16, 39.84, 19.89, 6.53, 3.42, 13.74, 19.32, 97.42, 97.95, 38.21, 82.95, 6.74, 18.21, 14.26, 21.95, 13.63, 45.89, 20.74, 7.37, 6.26, 15.16, 19.05, 37.0, 82.68, 7.0, 20.89, 16.95, 22.26, 11.84, 42.21, 22.05, 8.74, 4.68, 13.68, 20.47
47, 2013-02-06, Away, WAS, L, L, -4.5, O, 190.5, 0, 0, 98.68, 94.0, 36.74, 82.37, 10.95, 29.42, 14.26, 19.47, 12.26, 43.05, 20.74, 7.11, 3.84, 12.16, 19.42, 35.84, 78.26, 7.32, 22.05, 15.0, 20.26, 9.37, 39.63, 19.63, 6.79, 3.58, 13.53, 18.84, 94.21, 94.53, 36.68, 82.32, 6.74, 17.32, 14.11, 20.26, 10.16, 42.68, 23.47, 7.74, 4.58, 15.26, 20.42, 36.58, 82.84, 5.68, 18.05, 15.68, 21.58, 10.68, 44.42, 22.26, 8.05, 4.79, 14.26, 18.79
48, 2013-02-08, Away, MIN, W, P, -6, U, 196, 0, 0, 98.79, 94.32, 36.53, 82.11, 10.95, 29.53, 14.79, 19.84, 12.32, 43.11, 20.42, 6.89, 3.84, 12.11, 18.74, 36.11, 78.37, 7.63, 22.0, 14.47, 19.37, 9.32, 39.42, 19.68, 6.74, 3.58, 13.47, 18.84, 94.68, 100.74, 35.58, 80.95, 5.11, 16.47, 18.42, 24.89, 12.42, 40.21, 21.89, 7.95, 4.63, 14.16, 18.26, 38.53, 79.37, 7.68, 19.05, 16.0, 20.95, 10.63, 41.11, 23.42, 8.32, 6.42, 15.53, 22.63
49, 2013-02-10, Home, LAC, L, L, -3.5, U, 192, 0, 0, 98.84, 94.16, 36.42, 81.74, 10.89, 29.74, 15.11, 20.16, 12.37, 43.16, 20.32, 6.74, 3.84, 11.95, 18.84, 36.05, 78.21, 7.26, 21.58, 14.79, 19.95, 9.68, 39.58, 19.58, 6.68, 3.42, 13.26, 19.16, 96.84, 95.0, 37.42, 81.11, 6.68, 18.53, 15.32, 22.0, 12.11, 42.21, 22.68, 8.68, 5.11, 14.42, 20.68, 34.53, 77.79, 8.47, 21.63, 17.47, 23.74, 10.37, 38.89, 22.21, 8.0, 4.0, 14.74, 20.47
50, 2013-02-13, Home, TOR, L, L, -8, U, 197.5, 1, 0, 97.95, 93.95, 36.0, 81.26, 10.68, 29.37, 15.26, 20.05, 11.95, 42.58, 19.53, 7.05, 3.58, 11.89, 18.95, 36.16, 77.89, 7.0, 21.47, 14.63, 19.89, 9.79, 40.05, 19.21, 6.63, 3.42, 13.42, 19.16, 99.53, 99.11, 38.26, 83.21, 6.95, 19.0, 16.05, 20.68, 12.26, 40.74, 23.53, 7.42, 4.05, 13.42, 22.21, 37.42, 79.11, 5.89, 17.58, 18.37, 24.32, 10.42, 39.84, 21.21, 6.68, 5.0, 13.74, 19.37
51, 2013-02-20, Away, IND, L, L, 4, O, 185, 0, 0, 97.32, 93.26, 35.58, 81.0, 10.63, 28.74, 15.53, 20.47, 12.32, 43.37, 19.21, 6.95, 3.58, 11.95, 19.05, 35.63, 77.47, 6.89, 20.84, 15.11, 20.21, 9.53, 39.42, 18.68, 6.47, 3.84, 13.11, 19.05, 95.42, 90.0, 36.21, 82.47, 7.37, 20.37, 15.63, 20.42, 13.58, 45.47, 21.16, 7.58, 6.32, 13.53, 20.53, 34.58, 81.74, 5.16, 14.68, 15.68, 20.58, 11.16, 40.11, 19.11, 7.21, 6.16, 13.47, 20.53
52, 2013-02-22, Away, TOR, L, L, -1, O, 193, 0, 0, 96.84, 95.47, 35.05, 81.21, 10.26, 28.79, 16.47, 21.53, 12.47, 42.89, 18.74, 7.11, 3.47, 12.11, 19.63, 36.37, 77.58, 7.0, 20.32, 15.74, 21.16, 9.89, 40.42, 19.42, 6.47, 4.05, 13.53, 19.79, 98.95, 99.63, 37.21, 82.16, 7.16, 18.89, 17.37, 22.0, 11.68, 40.42, 21.79, 7.16, 4.32, 13.53, 22.79, 37.0, 79.68, 6.42, 18.05, 19.21, 25.79, 11.26, 41.21, 21.16, 6.79, 4.89, 13.47, 20.21
53, 2013-02-24, Home, PHI, W, L, -11, O, 189.5, 1, 0, 96.0, 95.16, 34.68, 80.53, 10.16, 28.53, 16.47, 21.58, 12.53, 43.0, 18.47, 7.0, 3.84, 12.53, 20.11, 36.05, 77.32, 6.84, 19.89, 16.21, 21.68, 9.58, 39.68, 19.16, 6.58, 4.0, 13.32, 19.95, 90.47, 94.79, 37.37, 83.42, 5.21, 15.95, 10.53, 14.89, 9.89, 40.47, 23.26, 6.11, 4.53, 12.63, 18.16, 36.0, 80.53, 5.89, 18.79, 16.89, 22.05, 11.0, 44.26, 23.11, 7.84, 4.21, 13.37, 15.26
54, 2013-02-27, Home, GSW, W, L, -7.5, O, 205, 1, 0, 96.16, 94.68, 34.74, 80.47, 9.84, 28.58, 16.84, 22.05, 12.37, 43.32, 18.37, 7.0, 3.84, 12.47, 19.95, 35.89, 77.89, 6.74, 19.63, 16.16, 21.68, 9.68, 40.11, 18.74, 6.58, 4.05, 13.42, 20.0, 103.21, 106.32, 38.37, 84.05, 7.89, 19.37, 18.58, 23.05, 11.32, 44.11, 22.42, 6.53, 4.37, 14.53, 22.0, 39.53, 85.58, 8.42, 22.42, 18.84, 25.47, 11.79, 44.16, 25.79, 8.42, 5.89, 12.63, 19.79
55, 2013-03-01, Away, WAS, W, W, -3, U, 193.5, 0, 0, 97.89, 95.95, 35.0, 80.37, 10.21, 29.32, 17.68, 23.11, 12.21, 43.05, 18.63, 7.53, 3.63, 12.37, 20.21, 36.16, 77.53, 7.26, 19.95, 16.37, 21.95, 9.32, 39.58, 18.63, 6.47, 4.0, 13.79, 20.21, 94.21, 92.74, 36.79, 80.53, 6.63, 16.63, 14.0, 19.21, 9.53, 42.21, 23.16, 7.42, 4.16, 15.42, 19.58, 35.42, 82.0, 6.32, 19.74, 15.58, 21.68, 10.95, 43.37, 22.32, 8.53, 4.89, 14.0, 17.95
56, 2013-03-03, Home, MIA, L, L, 4.5, U, 196.5, 0, 0, 97.63, 94.89, 34.89, 79.89, 10.05, 29.63, 17.79, 23.0, 11.74, 43.05, 18.68, 7.37, 3.63, 12.37, 19.95, 35.74, 77.84, 7.37, 20.21, 16.05, 21.68, 9.58, 39.84, 18.26, 6.42, 3.89, 13.53, 19.95, 107.0, 96.32, 40.84, 79.79, 7.63, 19.16, 17.68, 23.37, 8.95, 37.84, 23.05, 9.53, 4.74, 11.53, 20.37, 35.53, 76.84, 7.21, 19.79, 18.05, 22.84, 8.95, 36.11, 20.42, 7.0, 3.53, 15.58, 21.05
57, 2013-03-04, Away, CLE, W, W, -3, U, 204.5, 0, 1, 97.26, 95.53, 34.74, 79.53, 9.89, 29.58, 17.89, 23.05, 11.68, 42.79, 18.37, 7.53, 3.58, 12.79, 19.84, 36.05, 77.95, 7.58, 20.05, 15.84, 21.53, 9.47, 39.53, 18.58, 6.63, 3.89, 13.58, 19.79, 103.11, 101.89, 38.63, 83.42, 5.89, 16.84, 19.95, 24.89, 11.37, 39.21, 22.74, 7.79, 4.47, 11.68, 19.11, 39.58, 81.58, 7.21, 18.84, 15.53, 21.58, 11.32, 41.32, 25.0, 6.47, 7.58, 14.74, 20.53
58, 2013-03-06, Away, DET, W, W, -5.5, U, 195, 0, 0, 97.26, 96.05, 34.89, 79.84, 9.95, 29.53, 17.53, 22.53, 11.79, 42.58, 18.68, 7.53, 3.58, 12.79, 19.63, 36.16, 77.63, 7.58, 20.21, 16.16, 21.63, 9.21, 39.26, 18.74, 6.74, 3.79, 13.53, 19.63, 94.05, 101.89, 36.68, 82.79, 5.79, 17.0, 14.89, 22.47, 12.11, 42.63, 22.47, 8.05, 4.89, 14.68, 19.68, 38.32, 82.68, 8.42, 20.26, 16.84, 22.11, 11.79, 44.37, 24.47, 8.42, 5.84, 13.58, 19.42
59, 2013-03-07, Home, OKC, L, W, 8, U, 204, 0, 1, 97.37, 95.47, 34.74, 79.37, 10.32, 30.26, 17.58, 22.42, 12.16, 43.16, 19.16, 7.53, 3.74, 13.58, 19.37, 36.21, 77.63, 7.32, 20.0, 15.74, 21.11, 9.0, 38.42, 18.74, 7.0, 3.89, 13.58, 19.21, 109.16, 98.47, 40.11, 80.95, 7.74, 19.58, 21.21, 25.95, 9.79, 42.63, 22.89, 9.0, 8.68, 14.58, 19.74, 37.11, 86.26, 7.42, 20.68, 16.84, 21.74, 12.11, 41.42, 20.89, 8.79, 4.21, 15.32, 21.26
60, 2013-03-09, Home, UTA, W, W, -5.5, O, 191.5, 1, 0, 97.63, 95.95, 34.89, 79.53, 10.42, 30.42, 17.42, 22.11, 12.21, 42.58, 19.05, 7.68, 3.63, 13.74, 19.26, 36.21, 77.32, 7.58, 20.16, 15.95, 21.16, 9.0, 38.21, 18.63, 7.11, 4.16, 13.79, 18.89, 99.32, 99.11, 37.95, 82.53, 5.05, 14.89, 18.37, 24.05, 12.74, 43.11, 22.32, 8.05, 7.11, 14.95, 21.37, 37.05, 82.16, 7.05, 19.89, 17.95, 23.89, 12.16, 41.16, 20.58, 8.42, 5.84, 13.58, 20.89
61, 2013-03-11, Away, GSW, L, L, 2.5, U, 202, 0, 0, 99.37, 95.26, 35.42, 79.21, 10.89, 30.68, 17.63, 22.47, 11.84, 42.16, 19.26, 7.95, 3.58, 13.53, 19.37, 35.79, 77.47, 7.68, 20.53, 16.0, 21.11, 9.37, 38.53, 18.47, 7.0, 4.0, 14.21, 18.95, 100.26, 105.58, 37.16, 84.11, 7.84, 19.74, 18.11, 23.32, 11.11, 45.26, 21.58, 6.42, 3.79, 15.16, 22.05, 38.47, 84.32, 9.16, 23.63, 19.47, 26.11, 10.53, 44.68, 24.89, 8.84, 5.26, 13.0, 20.53
62, 2013-03-13, Away, DEN, L, L, 8.5, O, 206, 0, 0, 97.11, 94.63, 34.42, 79.26, 10.32, 30.68, 17.95, 23.05, 12.11, 43.0, 18.74, 8.0, 3.53, 13.47, 19.89, 35.42, 78.16, 7.74, 20.37, 16.05, 21.32, 9.68, 40.05, 18.21, 7.0, 4.11, 13.95, 19.16, 111.58, 103.11, 43.37, 85.42, 6.84, 18.84, 18.0, 25.32, 11.79, 43.16, 26.63, 11.0, 6.95, 14.42, 21.16, 38.68, 85.05, 8.16, 21.84, 17.58, 23.74, 11.21, 40.37, 23.84, 7.21, 6.37, 16.68, 21.0
63, 2013-03-14, Away, POR, L, L, 6, O, 193, 0, 1, 96.11, 95.68, 33.74, 79.11, 10.16, 30.37, 18.47, 23.79, 11.95, 42.84, 18.32, 8.16, 3.79, 14.0, 20.26, 35.58, 78.53, 7.84, 20.11, 16.68, 22.42, 10.21, 41.21, 18.63, 7.37, 4.53, 14.16, 19.42, 100.63, 102.21, 38.21, 81.0, 8.26, 22.11, 15.95, 20.32, 9.89, 40.37, 22.47, 5.58, 4.63, 14.05, 18.37, 40.89, 85.0, 5.42, 15.58, 15.0, 20.63, 12.11, 42.37, 24.16, 7.95, 4.37, 10.84, 18.95
64, 2013-03-17, Away, LAC, L, W, 13.5, U, 193.5, 0, 0, 95.79, 96.68, 33.95, 79.42, 9.84, 29.84, 18.05, 23.32, 11.79, 42.32, 18.47, 8.42, 3.68, 13.84, 20.58, 35.95, 78.26, 7.95, 20.53, 16.84, 22.63, 10.05, 41.42, 18.95, 7.42, 4.68, 14.21, 19.11, 100.84, 97.21, 38.63, 79.32, 8.42, 22.89, 15.16, 21.32, 10.79, 40.0, 24.16, 8.95, 5.26, 14.79, 21.16, 35.84, 76.95, 8.16, 20.26, 17.37, 23.53, 10.42, 37.11, 23.26, 8.05, 4.05, 15.05, 20.32
65, 2013-03-18, Away, UTA, W, W, 10.5, U, 188.5, 0, 1, 93.68, 97.32, 33.0, 79.16, 9.47, 28.95, 18.21, 23.37, 11.37, 41.63, 17.79, 8.37, 3.68, 13.42, 21.0, 36.05, 78.21, 8.05, 20.89, 17.16, 23.47, 10.42, 42.53, 19.26, 7.26, 5.0, 13.89, 19.26, 98.26, 98.37, 37.21, 82.37, 5.47, 15.84, 18.37, 23.63, 12.89, 43.42, 21.68, 7.89, 6.79, 14.84, 21.42, 36.26, 80.74, 6.68, 19.0, 19.16, 25.11, 11.47, 40.63, 19.74, 8.26, 5.68, 13.63, 20.21
66, 2013-03-20, Home, ORL, W, W, -11, O, 198, 1, 0, 93.21, 97.21, 32.79, 78.63, 9.16, 28.37, 18.47, 23.84, 11.05, 41.0, 17.58, 8.53, 3.84, 13.26, 21.26, 35.58, 77.47, 8.37, 21.21, 17.68, 24.11, 10.53, 42.68, 19.37, 7.26, 5.0, 14.16, 19.79, 95.68, 106.63, 38.63, 85.0, 5.84, 19.74, 12.58, 16.89, 10.21, 40.79, 23.11, 6.63, 4.11, 13.79, 21.68, 39.21, 82.16, 8.58, 22.74, 19.63, 26.21, 10.42, 43.32, 25.68, 6.95, 4.84, 12.21, 16.84
67, 2013-03-22, Away, TOR, W, W, 1.5, O, 192, 0, 0, 93.74, 96.58, 33.11, 78.21, 9.47, 28.68, 18.05, 23.47, 10.95, 40.63, 17.89, 8.68, 3.79, 13.37, 21.58, 35.37, 77.47, 8.05, 21.05, 17.79, 24.32, 10.89, 42.89, 19.11, 7.47, 4.79, 14.47, 19.58, 97.68, 98.95, 36.16, 82.11, 6.26, 18.68, 19.11, 23.0, 11.26, 40.79, 19.37, 7.58, 5.63, 14.68, 23.26, 35.37, 78.95, 7.42, 19.26, 20.79, 27.84, 11.53, 42.16, 22.16, 7.84, 4.68, 15.11, 21.16
68, 2013-03-23, Home, TOR, W, W, -7, O, 191.5, 1, 1, 93.68, 96.58, 33.11, 77.68, 9.58, 28.47, 17.89, 23.68, 10.89, 40.53, 17.74, 8.84, 3.74, 13.63, 21.84, 35.32, 77.42, 8.58, 22.05, 17.37, 23.63, 10.74, 42.47, 19.11, 7.53, 4.74, 14.63, 19.84, 97.37, 99.0, 35.84, 81.21, 6.74, 19.89, 18.95, 22.74, 10.84, 40.11, 19.37, 7.47, 5.21, 14.58, 22.84, 35.53, 78.58, 7.47, 19.26, 20.47, 27.63, 11.47, 42.05, 21.79, 7.95, 4.58, 14.84, 21.26
69, 2013-03-26, Away, BOS, W, W, 2.5, U, 194, 0, 0, 94.84, 95.63, 33.53, 77.95, 9.58, 28.26, 18.21, 23.95, 10.95, 41.0, 18.21, 9.05, 3.74, 13.37, 21.95, 34.95, 77.21, 8.26, 21.79, 17.47, 23.74, 10.63, 42.05, 18.68, 7.32, 4.53, 14.84, 19.89, 95.37, 94.89, 36.05, 77.68, 7.11, 17.74, 16.16, 21.11, 7.16, 38.95, 21.79, 7.53, 5.37, 13.84, 21.21, 35.58, 82.32, 5.84, 19.16, 17.89, 23.84, 11.84, 44.47, 21.84, 7.63, 4.79, 13.21, 18.84
70, 2013-03-27, Home, MEM, W, W, 1, O, 184.5, 0, 1, 95.47, 95.26, 34.11, 78.53, 9.53, 28.42, 17.74, 23.21, 10.68, 40.42, 18.16, 9.32, 3.79, 13.21, 22.11, 34.95, 77.0, 8.11, 21.74, 17.26, 23.63, 10.58, 42.32, 19.11, 7.47, 4.42, 15.32, 19.68, 93.0, 88.47, 36.05, 80.0, 4.58, 13.0, 16.32, 22.05, 12.79, 43.05, 21.21, 7.79, 5.79, 12.47, 21.11, 32.63, 76.53, 5.42, 17.11, 17.79, 23.21, 10.58, 39.79, 18.53, 6.26, 5.53, 13.16, 19.95
71, 2013-03-29, Home, CHA, W, L, -14, O, 197.5, 0, 0, 96.37, 94.0, 34.58, 77.89, 9.95, 28.58, 17.26, 22.47, 10.37, 40.0, 18.21, 9.11, 3.74, 13.0, 21.89, 34.47, 76.53, 7.84, 21.58, 17.21, 23.42, 10.37, 41.26, 18.37, 7.37, 4.05, 15.05, 19.63, 92.16, 103.89, 34.05, 81.42, 5.84, 18.84, 18.21, 24.79, 11.05, 38.32, 19.79, 7.32, 5.26, 12.11, 18.37, 39.21, 78.74, 8.37, 20.47, 17.11, 22.47, 10.58, 44.63, 26.37, 6.74, 7.05, 14.53, 21.42
72, 2013-03-31, Home, BOS, W, W, -6.5, U, 197.5, 0, 0, 97.05, 94.11, 34.74, 78.0, 9.89, 28.11, 17.68, 22.84, 10.47, 39.74, 17.95, 9.26, 3.53, 12.84, 21.84, 34.42, 76.16, 8.0, 22.0, 17.26, 23.58, 10.58, 41.42, 18.37, 7.37, 4.05, 15.47, 19.84, 97.68, 96.95, 36.84, 77.47, 7.32, 18.16, 16.68, 22.0, 6.84, 38.53, 22.11, 7.68, 5.68, 14.58, 20.26, 36.84, 84.21, 6.11, 19.68, 17.16, 22.42, 11.89, 43.74, 22.21, 8.16, 4.63, 13.32, 19.16
73, 2013-04-02, Away, MIA, W, W, -3, O, 191, 0, 0, 97.53, 93.89, 34.89, 77.84, 10.21, 27.79, 17.53, 22.63, 10.42, 39.37, 18.26, 9.26, 3.42, 12.79, 22.05, 34.21, 75.58, 8.16, 22.63, 17.32, 23.74, 10.47, 41.05, 18.05, 7.11, 4.11, 15.37, 19.84, 103.47, 93.05, 38.32, 76.42, 8.95, 22.11, 17.89, 23.95, 7.32, 37.11, 24.58, 9.89, 6.05, 13.16, 16.58, 35.79, 81.89, 7.26, 22.47, 14.21, 18.79, 12.53, 41.37, 21.63, 8.74, 3.26, 16.11, 21.47
74, 2013-04-03, Away, ATL, W, W, 1.5, U, 195, 0, 1, 97.16, 93.11, 34.95, 77.0, 10.37, 27.42, 16.89, 21.95, 9.89, 38.21, 18.16, 9.05, 3.42, 12.95, 22.16, 33.89, 74.95, 7.79, 22.26, 17.53, 24.05, 10.58, 40.74, 18.26, 7.16, 4.05, 15.47, 19.63, 98.21, 98.74, 37.95, 80.89, 8.11, 22.53, 14.21, 19.53, 8.47, 40.32, 25.11, 8.26, 4.21, 14.79, 17.58, 39.0, 84.79, 7.26, 19.84, 13.47, 18.53, 11.58, 44.68, 22.42, 8.63, 3.58, 14.89, 18.37
75, 2013-04-05, Home, MIL, W, W, -7, U, 201.5, 0, 0, 97.11, 92.79, 35.21, 76.79, 10.32, 27.11, 16.37, 21.47, 9.84, 38.05, 18.05, 9.0, 3.26, 12.89, 22.0, 33.95, 74.53, 7.89, 22.79, 17.0, 23.53, 10.37, 40.26, 18.42, 7.16, 3.95, 15.58, 19.21, 103.79, 105.74, 40.47, 90.95, 8.63, 22.58, 14.21, 18.47, 13.68, 44.53, 24.79, 7.84, 5.32, 12.63, 18.63, 40.84, 84.63, 7.32, 19.53, 16.74, 22.42, 10.89, 44.42, 24.47, 7.95, 4.42, 14.74, 18.11
76, 2013-04-07, Away, OKC, W, W, 7.5, O, 193.5, 0, 0, 97.53, 91.95, 35.68, 77.58, 10.53, 27.47, 15.63, 20.53, 10.0, 38.58, 18.0, 8.84, 3.16, 12.47, 21.95, 33.42, 74.11, 8.11, 23.32, 17.0, 23.47, 10.26, 40.21, 18.21, 6.89, 3.84, 15.53, 19.0, 103.0, 94.58, 36.95, 78.32, 6.11, 18.37, 23.0, 28.58, 10.58, 45.47, 19.47, 7.74, 7.79, 14.11, 20.53, 35.05, 85.0, 7.26, 21.89, 17.21, 21.58, 12.32, 41.0, 18.84, 8.21, 3.42, 13.68, 21.16
77, 2013-04-09, Home, WAS, W, W, -8.5, O, 197, 0, 0, 98.74, 93.16, 36.21, 78.37, 10.68, 27.68, 15.63, 20.68, 10.37, 38.63, 17.95, 8.63, 3.11, 11.95, 22.0, 33.84, 74.37, 8.26, 23.16, 17.21, 23.53, 10.47, 40.53, 18.11, 6.68, 4.32, 15.42, 19.21, 96.63, 94.74, 35.63, 80.16, 7.0, 17.95, 18.37, 25.21, 11.11, 43.37, 21.26, 6.74, 4.21, 13.53, 21.84, 35.05, 79.74, 6.11, 18.21, 18.53, 24.0, 10.47, 42.74, 20.89, 6.89, 3.26, 13.58, 20.16
78, 2013-04-11, Away, CHI, L, L, -4, O, 193.5, 0, 0, 100.47, 94.32, 36.95, 78.63, 11.05, 27.74, 15.53, 20.63, 9.89, 38.16, 18.11, 8.42, 3.0, 11.53, 22.47, 34.0, 74.53, 8.32, 23.16, 18.0, 24.58, 10.63, 40.63, 17.84, 6.58, 4.11, 15.05, 19.21, 93.32, 96.47, 36.32, 83.58, 6.53, 18.32, 14.16, 18.84, 12.16, 41.47, 22.95, 7.21, 4.11, 12.11, 19.16, 37.0, 78.11, 6.16, 16.21, 16.32, 22.05, 9.32, 41.05, 20.11, 7.11, 5.84, 12.53, 18.11
79, 2013-04-12, Away, CLE, W, W, -4.5, U, 209, 0, 1, 101.37, 95.53, 37.32, 79.58, 11.05, 27.68, 15.68, 21.05, 9.89, 38.89, 18.53, 8.0, 3.11, 11.21, 22.84, 34.42, 75.42, 8.42, 23.47, 18.26, 25.0, 10.79, 41.21, 18.21, 6.53, 4.16, 14.63, 19.42, 94.32, 102.05, 36.42, 83.95, 5.58, 17.21, 15.89, 21.37, 11.21, 41.47, 21.16, 7.37, 5.0, 13.47, 21.68, 38.0, 81.0, 7.32, 20.47, 18.74, 25.58, 10.53, 43.21, 24.42, 7.89, 5.74, 13.53, 18.58
80, 2013-04-14, Home, IND, W, W, -3, U, 193.5, 0, 0, 100.74, 95.89, 37.42, 79.79, 10.89, 27.47, 15.0, 20.37, 10.05, 39.16, 18.21, 8.0, 3.21, 11.32, 22.95, 34.63, 75.47, 8.32, 23.26, 18.32, 25.16, 11.05, 41.53, 18.42, 6.68, 4.16, 14.37, 19.05, 98.0, 93.42, 35.74, 81.53, 6.74, 20.11, 19.79, 25.68, 13.21, 46.53, 20.05, 7.47, 5.68, 13.47, 20.21, 35.58, 82.32, 5.79, 16.63, 16.47, 21.95, 11.21, 41.05, 20.32, 7.11, 6.05, 12.95, 22.89
81, 2013-04-15, Away, CHA, L, L, 1.5, O, 191.5, 0, 1, 102.16, 95.26, 38.21, 80.26, 11.21, 27.68, 14.53, 19.47, 9.89, 38.63, 18.37, 8.21, 3.21, 11.21, 22.79, 34.42, 74.79, 8.16, 23.68, 18.26, 25.26, 11.05, 40.79, 18.63, 6.63, 4.11, 15.0, 18.74, 93.53, 101.37, 34.47, 79.42, 5.79, 18.32, 18.79, 24.95, 11.21, 39.95, 19.37, 7.63, 4.95, 13.42, 18.32, 38.11, 79.58, 8.11, 20.21, 17.05, 22.05, 10.79, 41.63, 23.74, 7.0, 5.37, 13.47, 20.84
82, 2013-04-17, Home, ATL, W, W, -5, U, 194, 1, 0, 102.21, 94.68, 38.21, 80.26, 11.37, 28.16, 14.42, 19.0, 9.68, 38.21, 18.63, 8.11, 2.79, 10.63, 22.26, 34.53, 74.26, 8.05, 23.53, 17.58, 24.05, 10.32, 39.95, 19.32, 6.26, 4.0, 14.84, 18.58, 100.11, 99.89, 38.21, 80.74, 7.79, 21.84, 15.89, 21.63, 8.58, 40.79, 24.84, 8.84, 3.37, 13.89, 17.47, 38.74, 84.95, 7.58, 20.68, 14.84, 20.0, 12.16, 45.53, 22.21, 8.05, 4.05, 14.63, 19.11
