4, 2013-11-05, Home, IND, L, L, -1, O, 185.5, 0, 308.0, 290.0, 115.0, 243.0, 18.0, 58.0, 60.0, 86.0, 42.0, 129.0, 61.0, 31.0, 17.0, 58.0, 68.0, 105.0, 229.0, 19.0, 59.0, 61.0, 74.0, 27.0, 113.0, 63.0, 33.0, 10.0, 59.0, 73.0
5, 2013-11-08, Home, OKC, L, L, 3, O, 196.5, 0, 286.0, 287.0, 109.0, 252.0, 14.0, 59.0, 54.0, 78.0, 43.0, 127.0, 50.0, 35.0, 19.0, 54.0, 65.0, 109.0, 224.0, 18.0, 55.0, 51.0, 65.0, 18.0, 120.0, 66.0, 34.0, 16.0, 61.0, 64.0
6, 2013-11-11, Away, POR, L, L, 4.5, O, 198.5, 0, 288.0, 295.0, 106.0, 254.0, 18.0, 69.0, 58.0, 81.0, 44.0, 128.0, 51.0, 35.0, 19.0, 48.0, 66.0, 106.0, 229.0, 18.0, 54.0, 65.0, 79.0, 29.0, 134.0, 63.0, 30.0, 21.0, 54.0, 65.0
7, 2013-11-12, Away, GSW, L, L, 9, O, 204.5, 1, 304.0, 327.0, 114.0, 269.0, 19.0, 70.0, 57.0, 73.0, 47.0, 126.0, 55.0, 30.0, 14.0, 35.0, 64.0, 117.0, 237.0, 26.0, 61.0, 67.0, 82.0, 34.0, 141.0, 71.0, 22.0, 20.0, 46.0, 59.0
8, 2013-11-15, Away, SAC, W, W, 1.5, U, 199, 0, 308.0, 341.0, 118.0, 269.0, 17.0, 63.0, 55.0, 75.0, 50.0, 118.0, 58.0, 32.0, 12.0, 33.0, 65.0, 121.0, 234.0, 25.0, 56.0, 74.0, 85.0, 40.0, 139.0, 73.0, 21.0, 14.0, 51.0, 63.0
9, 2013-11-17, Away, LAL, L, L, -2.5, O, 205.5, 0, 295.0, 312.0, 117.0, 263.0, 12.0, 55.0, 49.0, 72.0, 47.0, 122.0, 62.0, 32.0, 12.0, 32.0, 58.0, 118.0, 232.0, 29.0, 64.0, 47.0, 58.0, 34.0, 130.0, 73.0, 16.0, 10.0, 55.0, 60.0
10, 2013-11-19, Home, NYK, W, W, -4, U, 198.5, 0, 291.0, 317.0, 117.0, 259.0, 17.0, 64.0, 40.0, 68.0, 41.0, 119.0, 66.0, 29.0, 13.0, 38.0, 55.0, 123.0, 240.0, 28.0, 66.0, 43.0, 53.0, 29.0, 124.0, 83.0, 20.0, 13.0, 53.0, 64.0
11, 2013-11-20, Away, ATL, L, L, 5.5, U, 202, 1, 288.0, 290.0, 115.0, 242.0, 21.0, 65.0, 37.0, 62.0, 35.0, 122.0, 69.0, 23.0, 13.0, 41.0, 50.0, 114.0, 246.0, 26.0, 74.0, 36.0, 45.0, 29.0, 116.0, 71.0, 24.0, 13.0, 43.0, 61.0
12, 2013-11-22, Home, ATL, L, L, -3.5, U, 197, 0, 276.0, 293.0, 112.0, 244.0, 21.0, 64.0, 31.0, 50.0, 37.0, 119.0, 60.0, 26.0, 12.0, 44.0, 51.0, 116.0, 237.0, 20.0, 64.0, 41.0, 52.0, 23.0, 111.0, 72.0, 31.0, 16.0, 47.0, 54.0
13, 2013-11-24, Away, BRK, W, W, 2, O, 190.5, 0, 266.0, 275.0, 106.0, 241.0, 16.0, 54.0, 38.0, 55.0, 36.0, 132.0, 55.0, 27.0, 16.0, 45.0, 57.0, 106.0, 232.0, 18.0, 62.0, 45.0, 63.0, 26.0, 119.0, 59.0, 30.0, 13.0, 48.0, 48.0
14, 2013-11-25, Home, MIL, W, W, -7, O, 192.5, 1, 283.0, 286.0, 109.0, 251.0, 14.0, 52.0, 51.0, 74.0, 39.0, 139.0, 56.0, 30.0, 15.0, 39.0, 56.0, 108.0, 233.0, 26.0, 64.0, 44.0, 63.0, 24.0, 119.0, 66.0, 27.0, 12.0, 52.0, 54.0
15, 2013-11-27, Home, CHI, L, L, -3.5, U, 185, 0, 311.0, 287.0, 117.0, 244.0, 20.0, 59.0, 57.0, 85.0, 29.0, 133.0, 67.0, 28.0, 11.0, 34.0, 59.0, 105.0, 235.0, 28.0, 68.0, 49.0, 65.0, 29.0, 120.0, 66.0, 21.0, 8.0, 49.0, 62.0
16, 2013-11-29, Home, LAL, L, L, -5.5, O, 202, 0, 301.0, 290.0, 115.0, 237.0, 19.0, 58.0, 52.0, 82.0, 30.0, 119.0, 60.0, 31.0, 8.0, 34.0, 62.0, 110.0, 229.0, 26.0, 62.0, 44.0, 56.0, 26.0, 114.0, 70.0, 20.0, 7.0, 51.0, 63.0
17, 2013-12-01, Home, PHI, W, W, -8, O, 206.5, 0, 294.0, 299.0, 121.0, 257.0, 15.0, 49.0, 37.0, 67.0, 39.0, 130.0, 65.0, 32.0, 8.0, 38.0, 65.0, 111.0, 232.0, 26.0, 67.0, 51.0, 68.0, 29.0, 123.0, 71.0, 25.0, 13.0, 51.0, 56.0
18, 2013-12-03, Away, MIA, W, W, 9, O, 200, 0, 296.0, 305.0, 119.0, 266.0, 13.0, 48.0, 45.0, 83.0, 50.0, 150.0, 63.0, 33.0, 14.0, 51.0, 61.0, 116.0, 247.0, 27.0, 71.0, 46.0, 61.0, 25.0, 125.0, 70.0, 35.0, 16.0, 53.0, 63.0
19, 2013-12-04, Away, MIL, W, W, -4.5, O, 192.5, 1, 324.0, 303.0, 126.0, 269.0, 18.0, 52.0, 54.0, 90.0, 51.0, 158.0, 72.0, 33.0, 15.0, 54.0, 61.0, 110.0, 250.0, 30.0, 82.0, 53.0, 72.0, 30.0, 119.0, 65.0, 38.0, 18.0, 56.0, 66.0
20, 2013-12-07, Away, CHI, W, W, 2, U, 188, 0, 327.0, 295.0, 115.0, 255.0, 24.0, 65.0, 73.0, 107.0, 50.0, 158.0, 68.0, 30.0, 23.0, 56.0, 60.0, 110.0, 261.0, 25.0, 78.0, 50.0, 64.0, 34.0, 118.0, 66.0, 37.0, 23.0, 56.0, 74.0
21, 2013-12-08, Home, MIA, L, L, 3.5, O, 197.5, 1, 304.0, 270.0, 108.0, 246.0, 26.0, 56.0, 62.0, 83.0, 47.0, 152.0, 57.0, 26.0, 25.0, 51.0, 60.0, 102.0, 263.0, 21.0, 73.0, 45.0, 60.0, 39.0, 121.0, 61.0, 30.0, 23.0, 49.0, 58.0
22, 2013-12-10, Home, MIN, L, L, 1, O, 205.5, 0, 292.0, 283.0, 103.0, 251.0, 26.0, 60.0, 60.0, 79.0, 50.0, 149.0, 53.0, 25.0, 22.0, 50.0, 62.0, 106.0, 253.0, 23.0, 73.0, 48.0, 58.0, 31.0, 121.0, 68.0, 26.0, 23.0, 47.0, 58.0
23, 2013-12-11, Away, NOP, L, L, 2.5, O, 204, 1, 281.0, 306.0, 109.0, 248.0, 27.0, 67.0, 36.0, 53.0, 40.0, 133.0, 54.0, 22.0, 16.0, 55.0, 65.0, 111.0, 247.0, 25.0, 70.0, 59.0, 69.0, 30.0, 124.0, 74.0, 28.0, 10.0, 42.0, 45.0
24, 2013-12-13, Home, BRK, W, L, -6, O, 197.5, 0, 295.0, 342.0, 117.0, 264.0, 20.0, 69.0, 41.0, 65.0, 42.0, 125.0, 56.0, 24.0, 13.0, 50.0, 64.0, 119.0, 241.0, 31.0, 75.0, 73.0, 86.0, 35.0, 131.0, 80.0, 30.0, 10.0, 44.0, 56.0
25, 2013-12-15, Home, POR, L, W, 3.5, O, 208, 0, 303.0, 331.0, 120.0, 262.0, 16.0, 59.0, 47.0, 74.0, 35.0, 125.0, 62.0, 16.0, 15.0, 46.0, 64.0, 115.0, 248.0, 32.0, 70.0, 69.0, 85.0, 37.0, 135.0, 78.0, 26.0, 11.0, 39.0, 63.0
26, 2013-12-16, Away, IND, W, W, 11, O, 192, 1, 318.0, 321.0, 125.0, 273.0, 11.0, 46.0, 57.0, 85.0, 42.0, 139.0, 59.0, 17.0, 15.0, 40.0, 62.0, 115.0, 262.0, 28.0, 72.0, 63.0, 78.0, 38.0, 136.0, 71.0, 23.0, 14.0, 37.0, 68.0
27, 2013-12-18, Away, BOS, W, P, -1, O, 195, 0, 313.0, 306.0, 121.0, 265.0, 13.0, 45.0, 58.0, 86.0, 47.0, 151.0, 56.0, 10.0, 16.0, 35.0, 63.0, 112.0, 259.0, 25.0, 66.0, 57.0, 73.0, 31.0, 125.0, 66.0, 18.0, 11.0, 29.0, 66.0
28, 2013-12-20, Home, CHA, L, L, -6, O, 191.5, 0, 317.0, 313.0, 123.0, 270.0, 20.0, 62.0, 51.0, 75.0, 51.0, 144.0, 55.0, 22.0, 16.0, 38.0, 60.0, 116.0, 261.0, 19.0, 61.0, 62.0, 75.0, 32.0, 128.0, 64.0, 22.0, 8.0, 35.0, 61.0
29, 2013-12-21, Home, HOU, L, L, 1, O, 207.5, 1, 314.0, 318.0, 121.0, 266.0, 29.0, 70.0, 43.0, 65.0, 51.0, 135.0, 54.0, 24.0, 21.0, 41.0, 55.0, 119.0, 246.0, 15.0, 45.0, 65.0, 77.0, 27.0, 124.0, 59.0, 25.0, 15.0, 37.0, 57.0
30, 2013-12-23, Away, CLE, W, W, 1, O, 203.5, 0, 310.0, 336.0, 123.0, 267.0, 23.0, 62.0, 41.0, 63.0, 42.0, 117.0, 62.0, 29.0, 22.0, 41.0, 52.0, 128.0, 244.0, 18.0, 51.0, 62.0, 73.0, 23.0, 129.0, 74.0, 24.0, 15.0, 44.0, 56.0
31, 2013-12-27, Away, ORL, L, L, -4, U, 203.5, 0, 318.0, 322.0, 128.0, 275.0, 23.0, 59.0, 39.0, 61.0, 47.0, 131.0, 67.0, 26.0, 23.0, 39.0, 54.0, 122.0, 251.0, 20.0, 61.0, 58.0, 75.0, 28.0, 127.0, 72.0, 21.0, 18.0, 45.0, 52.0
32, 2013-12-28, Away, WAS, L, L, 3.5, U, 203, 1, 304.0, 315.0, 125.0, 280.0, 16.0, 54.0, 38.0, 62.0, 48.0, 135.0, 65.0, 25.0, 18.0, 37.0, 59.0, 123.0, 252.0, 21.0, 65.0, 48.0, 70.0, 30.0, 133.0, 79.0, 19.0, 10.0, 46.0, 54.0
33, 2013-12-30, Home, WAS, L, L, -2.5, O, 203.5, 0, 289.0, 307.0, 116.0, 268.0, 22.0, 63.0, 35.0, 53.0, 48.0, 136.0, 63.0, 26.0, 15.0, 51.0, 60.0, 122.0, 259.0, 21.0, 61.0, 42.0, 64.0, 41.0, 134.0, 80.0, 25.0, 11.0, 49.0, 55.0
34, 2014-01-05, Home, MEM, L, L, -2.5, O, 194.5, 0, 273.0, 321.0, 106.0, 254.0, 18.0, 59.0, 43.0, 70.0, 48.0, 129.0, 62.0, 24.0, 12.0, 53.0, 64.0, 127.0, 249.0, 20.0, 52.0, 47.0, 67.0, 37.0, 137.0, 85.0, 31.0, 9.0, 45.0, 66.0
35, 2014-01-07, Away, NYK, L, L, 3, U, 199, 0, 265.0, 324.0, 102.0, 245.0, 17.0, 58.0, 44.0, 72.0, 41.0, 124.0, 69.0, 22.0, 12.0, 49.0, 62.0, 125.0, 256.0, 24.0, 53.0, 50.0, 66.0, 44.0, 147.0, 90.0, 25.0, 11.0, 42.0, 62.0
36, 2014-01-08, Away, TOR, L, L, 6, O, 199, 1, 268.0, 307.0, 103.0, 254.0, 13.0, 56.0, 49.0, 78.0, 46.0, 140.0, 68.0, 21.0, 11.0, 43.0, 64.0, 115.0, 251.0, 24.0, 60.0, 53.0, 69.0, 37.0, 139.0, 80.0, 25.0, 10.0, 38.0, 64.0
37, 2014-01-10, Away, PHI, W, W, -2, O, 216.5, 0, 260.0, 313.0, 101.0, 258.0, 11.0, 52.0, 47.0, 78.0, 39.0, 144.0, 62.0, 19.0, 14.0, 42.0, 66.0, 111.0, 259.0, 28.0, 72.0, 63.0, 76.0, 40.0, 152.0, 80.0, 19.0, 18.0, 35.0, 67.0
38, 2014-01-11, Home, PHO, W, W, -1.5, O, 206, 1, 290.0, 305.0, 106.0, 266.0, 18.0, 65.0, 60.0, 91.0, 52.0, 163.0, 63.0, 27.0, 23.0, 49.0, 65.0, 109.0, 262.0, 28.0, 81.0, 59.0, 74.0, 34.0, 135.0, 72.0, 27.0, 17.0, 41.0, 71.0
39, 2014-01-17, Home, UTA, L, L, -7, U, 203.5, 0, 315.0, 324.0, 118.0, 274.0, 18.0, 63.0, 61.0, 95.0, 56.0, 168.0, 76.0, 26.0, 26.0, 48.0, 64.0, 113.0, 275.0, 32.0, 90.0, 66.0, 79.0, 41.0, 142.0, 72.0, 25.0, 16.0, 40.0, 72.0
40, 2014-01-18, Away, WAS, W, W, 6, U, 203, 1, 313.0, 322.0, 116.0, 262.0, 18.0, 63.0, 63.0, 91.0, 53.0, 153.0, 71.0, 24.0, 24.0, 48.0, 57.0, 121.0, 268.0, 30.0, 81.0, 50.0, 64.0, 39.0, 130.0, 74.0, 27.0, 11.0, 46.0, 64.0
41, 2014-01-20, Home, LAC, L, L, 3.5, O, 208.5, 0, 303.0, 316.0, 116.0, 249.0, 13.0, 54.0, 58.0, 89.0, 39.0, 135.0, 64.0, 21.0, 13.0, 44.0, 62.0, 117.0, 249.0, 30.0, 78.0, 52.0, 73.0, 32.0, 123.0, 73.0, 22.0, 9.0, 49.0, 71.0
42, 2014-01-22, Away, MIL, L, L, -4.5, O, 196, 0, 296.0, 320.0, 112.0, 234.0, 12.0, 51.0, 60.0, 91.0, 27.0, 106.0, 49.0, 24.0, 10.0, 41.0, 71.0, 120.0, 227.0, 26.0, 64.0, 54.0, 85.0, 31.0, 122.0, 76.0, 21.0, 13.0, 55.0, 67.0
43, 2014-01-24, Home, NOP, L, L, -3.5, O, 203, 0, 308.0, 314.0, 116.0, 244.0, 12.0, 50.0, 64.0, 94.0, 28.0, 114.0, 55.0, 30.0, 11.0, 40.0, 67.0, 118.0, 232.0, 25.0, 69.0, 53.0, 88.0, 33.0, 124.0, 78.0, 25.0, 15.0, 55.0, 69.0
44, 2014-01-26, Away, DAL, L, L, 6.5, O, 213.5, 0, 305.0, 319.0, 113.0, 248.0, 12.0, 47.0, 67.0, 91.0, 34.0, 114.0, 56.0, 32.0, 12.0, 42.0, 64.0, 118.0, 229.0, 24.0, 65.0, 59.0, 83.0, 35.0, 124.0, 71.0, 32.0, 22.0, 54.0, 68.0
45, 2014-01-28, Home, ORL, W, W, -6.5, U, 205, 0, 308.0, 323.0, 116.0, 260.0, 14.0, 46.0, 62.0, 90.0, 43.0, 125.0, 57.0, 32.0, 8.0, 42.0, 57.0, 121.0, 231.0, 22.0, 65.0, 59.0, 74.0, 27.0, 119.0, 67.0, 31.0, 22.0, 53.0, 68.0
46, 2014-02-01, Home, PHI, W, W, -10, U, 215, 0, 310.0, 306.0, 119.0, 262.0, 16.0, 51.0, 56.0, 84.0, 51.0, 141.0, 58.0, 28.0, 11.0, 43.0, 62.0, 112.0, 224.0, 22.0, 58.0, 60.0, 77.0, 23.0, 114.0, 57.0, 30.0, 17.0, 50.0, 61.0
47, 2014-02-03, Away, MIA, L, W, 9.5, U, 206, 0, 322.0, 299.0, 123.0, 269.0, 17.0, 58.0, 59.0, 96.0, 57.0, 155.0, 63.0, 29.0, 15.0, 43.0, 61.0, 113.0, 240.0, 20.0, 62.0, 53.0, 76.0, 28.0, 123.0, 59.0, 28.0, 11.0, 51.0, 64.0
48, 2014-02-05, Away, ORL, L, L, -2.5, O, 203, 0, 312.0, 285.0, 114.0, 261.0, 19.0, 63.0, 65.0, 97.0, 59.0, 165.0, 64.0, 30.0, 19.0, 52.0, 60.0, 109.0, 251.0, 20.0, 61.0, 47.0, 69.0, 34.0, 128.0, 60.0, 35.0, 10.0, 54.0, 67.0
49, 2014-02-07, Home, BRK, W, W, -1.5, O, 205.5, 0, 307.0, 310.0, 114.0, 260.0, 19.0, 63.0, 60.0, 92.0, 53.0, 145.0, 61.0, 31.0, 16.0, 52.0, 60.0, 121.0, 263.0, 18.0, 59.0, 50.0, 64.0, 38.0, 132.0, 70.0, 35.0, 16.0, 50.0, 70.0
50, 2014-02-08, Home, DEN, W, W, -2, O, 216, 1, 305.0, 309.0, 116.0, 252.0, 21.0, 55.0, 52.0, 76.0, 45.0, 144.0, 64.0, 29.0, 17.0, 58.0, 59.0, 115.0, 263.0, 25.0, 69.0, 54.0, 70.0, 41.0, 128.0, 70.0, 37.0, 17.0, 43.0, 61.0
51, 2014-02-10, Home, SAS, W, W, 3, O, 206.5, 0, 335.0, 316.0, 132.0, 267.0, 23.0, 57.0, 48.0, 70.0, 39.0, 133.0, 73.0, 29.0, 18.0, 47.0, 55.0, 117.0, 266.0, 33.0, 82.0, 49.0, 71.0, 43.0, 131.0, 70.0, 28.0, 16.0, 43.0, 56.0
52, 2014-02-12, Home, CLE, L, L, -8, U, 209, 0, 346.0, 304.0, 136.0, 272.0, 22.0, 53.0, 52.0, 73.0, 46.0, 139.0, 70.0, 34.0, 18.0, 43.0, 54.0, 116.0, 259.0, 32.0, 81.0, 40.0, 62.0, 39.0, 125.0, 68.0, 20.0, 11.0, 51.0, 54.0
53, 2014-02-18, Home, CHA, L, L, -4.5, O, 201.5, 0, 324.0, 302.0, 126.0, 271.0, 17.0, 59.0, 55.0, 76.0, 46.0, 135.0, 65.0, 29.0, 14.0, 37.0, 59.0, 118.0, 254.0, 25.0, 65.0, 41.0, 63.0, 36.0, 130.0, 68.0, 15.0, 10.0, 49.0, 56.0
54, 2014-02-19, Away, CHA, L, L, 2.5, O, 200.5, 1, 294.0, 301.0, 115.0, 271.0, 14.0, 55.0, 50.0, 76.0, 49.0, 147.0, 57.0, 24.0, 12.0, 34.0, 67.0, 116.0, 241.0, 17.0, 49.0, 52.0, 78.0, 26.0, 126.0, 69.0, 15.0, 7.0, 36.0, 57.0
55, 2014-02-21, Home, ATL, W, W, -4, O, 211, 0, 283.0, 317.0, 110.0, 271.0, 17.0, 57.0, 46.0, 70.0, 38.0, 136.0, 61.0, 19.0, 13.0, 32.0, 68.0, 115.0, 241.0, 20.0, 52.0, 67.0, 98.0, 26.0, 137.0, 74.0, 18.0, 15.0, 32.0, 57.0
56, 2014-02-22, Home, DAL, L, L, 3, O, 213, 1, 309.0, 331.0, 124.0, 275.0, 21.0, 54.0, 40.0, 72.0, 39.0, 129.0, 72.0, 20.0, 13.0, 27.0, 64.0, 121.0, 245.0, 28.0, 68.0, 61.0, 88.0, 25.0, 133.0, 82.0, 16.0, 17.0, 32.0, 58.0
57, 2014-02-24, Home, GSW, L, L, 3.5, U, 207.5, 0, 315.0, 336.0, 125.0, 259.0, 18.0, 49.0, 47.0, 79.0, 32.0, 116.0, 73.0, 21.0, 16.0, 30.0, 59.0, 126.0, 260.0, 29.0, 74.0, 55.0, 73.0, 36.0, 140.0, 88.0, 20.0, 21.0, 39.0, 59.0
58, 2014-02-26, Away, SAS, L, W, 10.5, O, 210, 0, 313.0, 324.0, 127.0, 268.0, 14.0, 44.0, 45.0, 77.0, 41.0, 130.0, 79.0, 20.0, 17.0, 29.0, 62.0, 122.0, 260.0, 34.0, 85.0, 46.0, 64.0, 39.0, 135.0, 83.0, 18.0, 17.0, 37.0, 60.0
59, 2014-03-01, Away, HOU, L, W, 10.5, O, 215, 0, 308.0, 337.0, 125.0, 271.0, 11.0, 34.0, 47.0, 65.0, 34.0, 121.0, 71.0, 24.0, 16.0, 31.0, 61.0, 126.0, 254.0, 30.0, 73.0, 55.0, 69.0, 36.0, 131.0, 92.0, 21.0, 20.0, 45.0, 54.0
60, 2014-03-03, Home, NYK, W, W, -4, U, 209.5, 0, 316.0, 342.0, 130.0, 289.0, 13.0, 42.0, 43.0, 54.0, 45.0, 129.0, 72.0, 28.0, 17.0, 34.0, 66.0, 124.0, 248.0, 33.0, 83.0, 61.0, 80.0, 33.0, 125.0, 87.0, 18.0, 19.0, 46.0, 55.0
61, 2014-03-05, Home, CHI, L, L, 4, O, 192.5, 0, 316.0, 323.0, 125.0, 273.0, 13.0, 41.0, 53.0, 66.0, 44.0, 138.0, 67.0, 32.0, 15.0, 42.0, 57.0, 118.0, 249.0, 30.0, 80.0, 57.0, 72.0, 34.0, 121.0, 76.0, 23.0, 18.0, 49.0, 63.0
62, 2014-03-07, Away, MIN, L, L, 9.5, U, 218, 0, 300.0, 308.0, 119.0, 270.0, 10.0, 42.0, 52.0, 66.0, 43.0, 133.0, 68.0, 27.0, 17.0, 36.0, 50.0, 117.0, 247.0, 26.0, 80.0, 48.0, 64.0, 33.0, 127.0, 68.0, 18.0, 15.0, 44.0, 63.0
63, 2014-03-09, Away, BOS, L, L, 1, O, 206.5, 0, 291.0, 304.0, 112.0, 264.0, 10.0, 36.0, 57.0, 77.0, 42.0, 141.0, 63.0, 22.0, 14.0, 35.0, 49.0, 116.0, 254.0, 21.0, 67.0, 51.0, 64.0, 34.0, 133.0, 67.0, 20.0, 13.0, 39.0, 62.0
64, 2014-03-11, Home, SAC, W, W, -2.5, U, 214.5, 0, 306.0, 337.0, 117.0, 267.0, 10.0, 39.0, 62.0, 86.0, 46.0, 141.0, 59.0, 14.0, 15.0, 35.0, 55.0, 131.0, 268.0, 21.0, 70.0, 54.0, 71.0, 34.0, 132.0, 89.0, 20.0, 13.0, 28.0, 62.0
65, 2014-03-12, Away, TOR, L, L, 8.5, U, 206.5, 1, 311.0, 321.0, 116.0, 267.0, 15.0, 46.0, 64.0, 88.0, 48.0, 156.0, 60.0, 18.0, 16.0, 39.0, 67.0, 122.0, 272.0, 19.0, 66.0, 58.0, 84.0, 39.0, 139.0, 81.0, 21.0, 16.0, 31.0, 65.0
66, 2014-03-15, Home, IND, L, L, 5, O, 197, 0, 297.0, 308.0, 112.0, 251.0, 20.0, 55.0, 53.0, 82.0, 38.0, 140.0, 58.0, 20.0, 15.0, 43.0, 61.0, 118.0, 269.0, 21.0, 66.0, 51.0, 76.0, 40.0, 143.0, 75.0, 23.0, 16.0, 37.0, 66.0
67, 2014-03-19, Away, DEN, L, L, 6, O, 217, 0, 290.0, 302.0, 109.0, 256.0, 23.0, 63.0, 49.0, 73.0, 27.0, 130.0, 65.0, 26.0, 17.0, 38.0, 62.0, 112.0, 276.0, 18.0, 59.0, 60.0, 80.0, 46.0, 166.0, 61.0, 21.0, 15.0, 42.0, 63.0
68, 2014-03-21, Away, PHO, L, W, 8.5, U, 218, 0, 300.0, 331.0, 114.0, 264.0, 26.0, 71.0, 46.0, 73.0, 29.0, 126.0, 61.0, 25.0, 14.0, 39.0, 58.0, 122.0, 278.0, 26.0, 71.0, 61.0, 77.0, 43.0, 162.0, 70.0, 22.0, 13.0, 38.0, 68.0
69, 2014-03-22, Away, LAC, L, W, 13.5, U, 216.5, 1, 305.0, 328.0, 119.0, 276.0, 21.0, 65.0, 46.0, 75.0, 34.0, 140.0, 68.0, 25.0, 14.0, 42.0, 68.0, 118.0, 263.0, 26.0, 76.0, 66.0, 87.0, 32.0, 147.0, 68.0, 24.0, 17.0, 33.0, 69.0
70, 2014-03-24, Away, UTA, W, W, -2, O, 203.5, 0, 304.0, 328.0, 124.0, 278.0, 26.0, 71.0, 30.0, 58.0, 42.0, 142.0, 73.0, 25.0, 9.0, 46.0, 62.0, 122.0, 242.0, 30.0, 81.0, 54.0, 79.0, 21.0, 125.0, 75.0, 31.0, 22.0, 36.0, 60.0
71, 2014-03-26, Home, CLE, L, L, -6.5, U, 204.5, 0, 309.0, 304.0, 127.0, 266.0, 25.0, 62.0, 30.0, 57.0, 46.0, 152.0, 74.0, 23.0, 7.0, 47.0, 61.0, 112.0, 239.0, 26.0, 81.0, 54.0, 80.0, 23.0, 112.0, 64.0, 31.0, 19.0, 31.0, 53.0
72, 2014-03-28, Home, MIA, L, L, 5, U, 198.5, 0, 313.0, 303.0, 127.0, 260.0, 32.0, 72.0, 27.0, 44.0, 43.0, 147.0, 79.0, 20.0, 9.0, 39.0, 52.0, 116.0, 251.0, 27.0, 82.0, 44.0, 69.0, 32.0, 118.0, 65.0, 23.0, 14.0, 30.0, 45.0
73, 2014-03-29, Away, PHI, L, L, -6, O, 210.5, 1, 288.0, 301.0, 115.0, 246.0, 23.0, 67.0, 35.0, 52.0, 39.0, 137.0, 70.0, 17.0, 11.0, 35.0, 59.0, 114.0, 247.0, 24.0, 72.0, 49.0, 74.0, 35.0, 125.0, 65.0, 16.0, 8.0, 25.0, 44.0
74, 2014-03-31, Home, MIL, W, L, -6.5, O, 207, 0, 272.0, 330.0, 102.0, 248.0, 20.0, 71.0, 48.0, 66.0, 38.0, 128.0, 67.0, 19.0, 15.0, 40.0, 60.0, 128.0, 256.0, 29.0, 66.0, 45.0, 65.0, 36.0, 138.0, 78.0, 23.0, 14.0, 32.0, 52.0
75, 2014-04-02, Away, IND, L, W, 10.5, O, 191, 0, 292.0, 344.0, 109.0, 261.0, 18.0, 68.0, 56.0, 74.0, 46.0, 130.0, 68.0, 19.0, 15.0, 40.0, 68.0, 130.0, 259.0, 25.0, 57.0, 59.0, 77.0, 41.0, 143.0, 88.0, 25.0, 17.0, 35.0, 59.0
76, 2014-04-04, Away, BRK, L, L, 10, O, 205.5, 0, 308.0, 335.0, 113.0, 275.0, 22.0, 60.0, 60.0, 81.0, 51.0, 141.0, 64.0, 20.0, 15.0, 34.0, 64.0, 126.0, 259.0, 22.0, 56.0, 61.0, 79.0, 41.0, 143.0, 81.0, 23.0, 20.0, 37.0, 66.0
77, 2014-04-05, Home, BOS, W, L, -6.5, O, 206.5, 1, 314.0, 328.0, 121.0, 278.0, 25.0, 66.0, 47.0, 70.0, 55.0, 143.0, 67.0, 18.0, 11.0, 25.0, 58.0, 124.0, 243.0, 25.0, 66.0, 55.0, 71.0, 30.0, 123.0, 80.0, 15.0, 15.0, 33.0, 60.0
78, 2014-04-08, Away, ATL, W, W, 6.5, U, 209.5, 0, 313.0, 328.0, 113.0, 260.0, 25.0, 66.0, 62.0, 85.0, 49.0, 136.0, 57.0, 19.0, 7.0, 27.0, 48.0, 127.0, 243.0, 34.0, 80.0, 40.0, 51.0, 27.0, 110.0, 77.0, 18.0, 13.0, 31.0, 64.0
79, 2014-04-09, Away, CLE, L, L, 7, O, 206.5, 1, 321.0, 322.0, 116.0, 253.0, 24.0, 67.0, 65.0, 89.0, 48.0, 142.0, 55.0, 25.0, 7.0, 37.0, 50.0, 122.0, 253.0, 38.0, 97.0, 40.0, 51.0, 34.0, 111.0, 79.0, 23.0, 11.0, 37.0, 66.0
80, 2014-04-11, Away, CHI, L, W, 10, O, 192.5, 0, 317.0, 328.0, 109.0, 261.0, 24.0, 68.0, 75.0, 100.0, 50.0, 142.0, 51.0, 29.0, 7.0, 43.0, 48.0, 129.0, 270.0, 34.0, 92.0, 36.0, 49.0, 45.0, 132.0, 92.0, 25.0, 14.0, 42.0, 71.0
81, 2014-04-13, Home, TOR, L, L, 6.5, O, 205.5, 0, 300.0, 323.0, 111.0, 268.0, 20.0, 62.0, 58.0, 87.0, 52.0, 144.0, 45.0, 30.0, 8.0, 41.0, 53.0, 127.0, 263.0, 25.0, 80.0, 44.0, 56.0, 39.0, 134.0, 94.0, 23.0, 18.0, 42.0, 66.0
82, 2014-04-16, Away, OKC, L, W, 14.5, O, 213, 0, 305.0, 344.0, 109.0, 266.0, 19.0, 65.0, 68.0, 103.0, 57.0, 146.0, 56.0, 23.0, 8.0, 40.0, 62.0, 132.0, 255.0, 25.0, 68.0, 55.0, 67.0, 30.0, 126.0, 90.0, 22.0, 19.0, 35.0, 78.0
