6, 2013-11-11, Away, POR, L, L, 4.5, O, 198.5, 0, 509.0, 508.0, 187.0, 421.0, 34.0, 114.0, 101.0, 138.0, 71.0, 213.0, 96.0, 51.0, 29.0, 85.0, 119.0, 180.0, 384.0, 34.0, 97.0, 114.0, 141.0, 48.0, 210.0, 111.0, 48.0, 28.0, 90.0, 116.0
7, 2013-11-12, Away, GSW, L, L, 9, O, 204.5, 1, 499.0, 515.0, 190.0, 434.0, 28.0, 104.0, 91.0, 126.0, 77.0, 211.0, 92.0, 55.0, 27.0, 75.0, 105.0, 188.0, 388.0, 35.0, 95.0, 104.0, 124.0, 48.0, 216.0, 111.0, 50.0, 27.0, 89.0, 102.0
8, 2013-11-15, Away, SAC, W, W, 1.5, U, 199, 0, 486.0, 517.0, 185.0, 432.0, 24.0, 101.0, 92.0, 129.0, 78.0, 204.0, 87.0, 57.0, 25.0, 68.0, 104.0, 190.0, 381.0, 37.0, 93.0, 100.0, 120.0, 52.0, 221.0, 114.0, 42.0, 26.0, 92.0, 106.0
9, 2013-11-17, Away, LAL, L, L, -2.5, O, 205.5, 0, 496.0, 530.0, 189.0, 441.0, 28.0, 111.0, 90.0, 124.0, 76.0, 206.0, 97.0, 52.0, 24.0, 59.0, 109.0, 193.0, 387.0, 44.0, 102.0, 100.0, 125.0, 55.0, 227.0, 121.0, 31.0, 28.0, 86.0, 103.0
10, 2013-11-19, Home, NYK, W, W, -4, U, 198.5, 0, 504.0, 545.0, 198.0, 441.0, 31.0, 109.0, 77.0, 116.0, 75.0, 203.0, 108.0, 49.0, 21.0, 59.0, 95.0, 202.0, 404.0, 45.0, 106.0, 96.0, 112.0, 59.0, 220.0, 128.0, 36.0, 24.0, 81.0, 102.0
11, 2013-11-20, Away, ATL, L, L, 5.5, U, 202, 1, 486.0, 512.0, 194.0, 420.0, 27.0, 97.0, 71.0, 110.0, 69.0, 198.0, 105.0, 45.0, 19.0, 61.0, 88.0, 198.0, 398.0, 45.0, 113.0, 71.0, 86.0, 52.0, 203.0, 122.0, 36.0, 18.0, 81.0, 102.0
12, 2013-11-22, Home, ATL, L, L, -3.5, U, 197, 0, 468.0, 496.0, 187.0, 416.0, 30.0, 105.0, 64.0, 101.0, 66.0, 199.0, 102.0, 48.0, 22.0, 68.0, 96.0, 192.0, 387.0, 38.0, 105.0, 74.0, 95.0, 44.0, 197.0, 122.0, 40.0, 24.0, 87.0, 98.0
13, 2013-11-24, Away, BRK, W, W, 2, O, 190.5, 0, 462.0, 479.0, 186.0, 413.0, 30.0, 100.0, 60.0, 96.0, 61.0, 217.0, 105.0, 44.0, 25.0, 71.0, 87.0, 187.0, 402.0, 38.0, 112.0, 67.0, 90.0, 45.0, 200.0, 114.0, 45.0, 23.0, 78.0, 87.0
14, 2013-11-25, Home, MIL, W, W, -7, O, 192.5, 1, 474.0, 486.0, 186.0, 408.0, 29.0, 94.0, 73.0, 112.0, 61.0, 215.0, 99.0, 43.0, 22.0, 68.0, 86.0, 188.0, 399.0, 42.0, 113.0, 68.0, 91.0, 42.0, 192.0, 115.0, 47.0, 20.0, 78.0, 96.0
15, 2013-11-27, Home, CHI, L, L, -3.5, U, 185, 0, 488.0, 466.0, 187.0, 401.0, 33.0, 100.0, 81.0, 118.0, 54.0, 213.0, 103.0, 47.0, 20.0, 64.0, 100.0, 174.0, 382.0, 38.0, 107.0, 80.0, 107.0, 44.0, 193.0, 105.0, 41.0, 19.0, 83.0, 96.0
16, 2013-11-29, Home, LAL, L, L, -5.5, O, 202, 0, 475.0, 479.0, 186.0, 408.0, 28.0, 93.0, 75.0, 116.0, 56.0, 214.0, 96.0, 52.0, 20.0, 64.0, 99.0, 183.0, 385.0, 38.0, 100.0, 75.0, 101.0, 42.0, 198.0, 113.0, 41.0, 17.0, 86.0, 89.0
17, 2013-12-01, Home, PHI, W, W, -8, O, 206.5, 0, 492.0, 492.0, 195.0, 421.0, 23.0, 79.0, 79.0, 129.0, 63.0, 226.0, 104.0, 49.0, 18.0, 62.0, 100.0, 183.0, 394.0, 48.0, 116.0, 78.0, 107.0, 48.0, 204.0, 114.0, 41.0, 17.0, 82.0, 98.0
18, 2013-12-03, Away, MIA, W, W, 9, O, 200, 0, 518.0, 496.0, 200.0, 426.0, 30.0, 94.0, 88.0, 146.0, 68.0, 231.0, 111.0, 53.0, 18.0, 70.0, 104.0, 184.0, 397.0, 47.0, 116.0, 81.0, 105.0, 43.0, 199.0, 116.0, 46.0, 22.0, 88.0, 111.0
19, 2013-12-04, Away, MIL, W, W, -4.5, O, 192.5, 1, 516.0, 496.0, 203.0, 426.0, 32.0, 93.0, 78.0, 132.0, 68.0, 233.0, 112.0, 55.0, 20.0, 79.0, 104.0, 185.0, 402.0, 42.0, 118.0, 84.0, 110.0, 48.0, 198.0, 112.0, 52.0, 23.0, 90.0, 101.0
20, 2013-12-07, Away, CHI, W, W, 2, U, 188, 0, 508.0, 500.0, 193.0, 432.0, 27.0, 85.0, 95.0, 151.0, 84.0, 251.0, 105.0, 51.0, 30.0, 84.0, 101.0, 188.0, 420.0, 45.0, 126.0, 79.0, 106.0, 53.0, 202.0, 114.0, 57.0, 32.0, 89.0, 110.0
21, 2013-12-08, Home, MIA, L, L, 3.5, O, 197.5, 1, 521.0, 476.0, 193.0, 435.0, 37.0, 92.0, 98.0, 147.0, 85.0, 264.0, 108.0, 48.0, 35.0, 87.0, 102.0, 176.0, 431.0, 42.0, 127.0, 82.0, 109.0, 56.0, 206.0, 107.0, 56.0, 38.0, 86.0, 106.0
22, 2013-12-10, Home, MIN, L, L, 1, O, 205.5, 0, 514.0, 480.0, 185.0, 420.0, 43.0, 104.0, 101.0, 144.0, 79.0, 252.0, 100.0, 48.0, 34.0, 91.0, 101.0, 180.0, 423.0, 39.0, 124.0, 81.0, 100.0, 50.0, 196.0, 109.0, 53.0, 33.0, 86.0, 103.0
23, 2013-12-11, Away, NOP, L, L, 2.5, O, 204, 1, 493.0, 501.0, 183.0, 414.0, 41.0, 104.0, 86.0, 121.0, 74.0, 234.0, 96.0, 40.0, 32.0, 88.0, 105.0, 183.0, 420.0, 43.0, 125.0, 92.0, 114.0, 58.0, 201.0, 118.0, 50.0, 26.0, 78.0, 92.0
24, 2013-12-13, Home, BRK, W, L, -6, O, 197.5, 0, 492.0, 515.0, 184.0, 430.0, 39.0, 109.0, 85.0, 122.0, 76.0, 231.0, 92.0, 39.0, 33.0, 83.0, 105.0, 185.0, 422.0, 43.0, 120.0, 102.0, 123.0, 61.0, 218.0, 122.0, 48.0, 30.0, 74.0, 96.0
25, 2013-12-15, Home, POR, L, W, 3.5, O, 208, 0, 490.0, 516.0, 190.0, 427.0, 35.0, 98.0, 75.0, 111.0, 64.0, 219.0, 94.0, 34.0, 26.0, 81.0, 105.0, 185.0, 410.0, 46.0, 116.0, 100.0, 121.0, 53.0, 213.0, 121.0, 42.0, 21.0, 69.0, 92.0
26, 2013-12-16, Away, IND, W, W, 11, O, 192, 1, 507.0, 552.0, 200.0, 441.0, 26.0, 94.0, 81.0, 123.0, 69.0, 221.0, 98.0, 31.0, 22.0, 77.0, 107.0, 196.0, 419.0, 50.0, 124.0, 110.0, 132.0, 57.0, 216.0, 128.0, 43.0, 17.0, 66.0, 102.0
27, 2013-12-18, Away, BOS, W, P, -1, O, 195, 0, 513.0, 538.0, 202.0, 444.0, 26.0, 94.0, 83.0, 129.0, 73.0, 233.0, 95.0, 24.0, 27.0, 68.0, 106.0, 191.0, 428.0, 45.0, 113.0, 111.0, 138.0, 61.0, 222.0, 120.0, 40.0, 18.0, 56.0, 104.0
28, 2013-12-20, Home, CHA, L, L, -6, O, 191.5, 0, 526.0, 523.0, 204.0, 449.0, 28.0, 93.0, 90.0, 133.0, 75.0, 230.0, 95.0, 34.0, 26.0, 64.0, 100.0, 190.0, 424.0, 40.0, 107.0, 103.0, 127.0, 55.0, 217.0, 111.0, 36.0, 19.0, 62.0, 108.0
29, 2013-12-21, Home, HOU, L, L, 1, O, 207.5, 1, 526.0, 528.0, 204.0, 443.0, 35.0, 95.0, 83.0, 123.0, 78.0, 231.0, 96.0, 31.0, 30.0, 68.0, 98.0, 196.0, 424.0, 34.0, 94.0, 102.0, 123.0, 49.0, 209.0, 107.0, 38.0, 22.0, 59.0, 103.0
30, 2013-12-23, Away, CLE, W, W, 1, O, 203.5, 0, 520.0, 543.0, 205.0, 449.0, 33.0, 97.0, 77.0, 118.0, 80.0, 225.0, 95.0, 37.0, 34.0, 63.0, 94.0, 204.0, 424.0, 31.0, 94.0, 104.0, 126.0, 47.0, 216.0, 116.0, 38.0, 22.0, 61.0, 97.0
31, 2013-12-27, Away, ORL, L, L, -4, U, 203.5, 0, 526.0, 524.0, 207.0, 451.0, 40.0, 106.0, 72.0, 109.0, 80.0, 222.0, 103.0, 43.0, 34.0, 63.0, 92.0, 197.0, 413.0, 32.0, 96.0, 98.0, 124.0, 45.0, 208.0, 112.0, 34.0, 23.0, 70.0, 92.0
32, 2013-12-28, Away, WAS, L, L, 3.5, U, 203, 1, 517.0, 537.0, 208.0, 458.0, 38.0, 104.0, 63.0, 99.0, 79.0, 215.0, 105.0, 46.0, 32.0, 70.0, 94.0, 207.0, 417.0, 30.0, 93.0, 93.0, 120.0, 48.0, 217.0, 120.0, 39.0, 21.0, 76.0, 91.0
33, 2013-12-30, Home, WAS, L, L, -2.5, O, 203.5, 0, 492.0, 537.0, 198.0, 447.0, 35.0, 98.0, 61.0, 96.0, 77.0, 217.0, 103.0, 41.0, 33.0, 76.0, 94.0, 210.0, 422.0, 33.0, 94.0, 84.0, 115.0, 56.0, 222.0, 132.0, 41.0, 25.0, 75.0, 91.0
34, 2014-01-05, Home, MEM, L, L, -2.5, O, 194.5, 0, 485.0, 527.0, 192.0, 439.0, 29.0, 95.0, 72.0, 114.0, 77.0, 216.0, 111.0, 43.0, 25.0, 75.0, 101.0, 205.0, 416.0, 37.0, 103.0, 80.0, 114.0, 55.0, 221.0, 138.0, 40.0, 17.0, 78.0, 101.0
35, 2014-01-07, Away, NYK, L, L, 3, U, 199, 0, 472.0, 525.0, 187.0, 436.0, 32.0, 100.0, 66.0, 108.0, 78.0, 222.0, 112.0, 39.0, 22.0, 78.0, 104.0, 204.0, 429.0, 36.0, 95.0, 81.0, 113.0, 69.0, 235.0, 136.0, 40.0, 17.0, 74.0, 97.0
36, 2014-01-08, Away, TOR, L, L, 6, O, 199, 1, 442.0, 522.0, 173.0, 426.0, 25.0, 95.0, 71.0, 113.0, 76.0, 226.0, 104.0, 36.0, 21.0, 80.0, 104.0, 203.0, 422.0, 37.0, 93.0, 79.0, 109.0, 65.0, 234.0, 140.0, 45.0, 17.0, 68.0, 103.0
37, 2014-01-10, Away, PHI, W, W, -2, O, 216.5, 0, 441.0, 525.0, 168.0, 417.0, 24.0, 93.0, 81.0, 130.0, 68.0, 225.0, 108.0, 37.0, 21.0, 80.0, 108.0, 193.0, 423.0, 44.0, 110.0, 95.0, 120.0, 65.0, 240.0, 139.0, 40.0, 25.0, 67.0, 114.0
38, 2014-01-11, Home, PHO, W, W, -1.5, O, 206, 1, 473.0, 523.0, 177.0, 434.0, 28.0, 102.0, 91.0, 146.0, 82.0, 249.0, 112.0, 40.0, 30.0, 76.0, 109.0, 191.0, 432.0, 43.0, 115.0, 98.0, 123.0, 62.0, 236.0, 128.0, 42.0, 23.0, 66.0, 113.0
39, 2014-01-17, Home, UTA, L, L, -7, U, 203.5, 0, 484.0, 525.0, 185.0, 446.0, 25.0, 99.0, 89.0, 138.0, 84.0, 265.0, 118.0, 38.0, 35.0, 75.0, 104.0, 189.0, 448.0, 49.0, 131.0, 98.0, 121.0, 69.0, 239.0, 127.0, 39.0, 24.0, 63.0, 109.0
40, 2014-01-18, Away, WAS, W, W, 6, U, 203, 1, 489.0, 523.0, 182.0, 434.0, 25.0, 98.0, 100.0, 149.0, 80.0, 254.0, 110.0, 39.0, 33.0, 79.0, 103.0, 189.0, 435.0, 50.0, 138.0, 95.0, 118.0, 60.0, 223.0, 123.0, 42.0, 25.0, 71.0, 116.0
41, 2014-01-20, Home, LAC, L, L, 3.5, O, 208.5, 0, 508.0, 532.0, 190.0, 429.0, 28.0, 100.0, 100.0, 157.0, 75.0, 244.0, 108.0, 40.0, 32.0, 77.0, 107.0, 193.0, 430.0, 49.0, 133.0, 97.0, 127.0, 57.0, 220.0, 121.0, 39.0, 22.0, 77.0, 120.0
42, 2014-01-22, Away, MIL, L, L, -4.5, O, 196, 0, 520.0, 532.0, 196.0, 422.0, 26.0, 98.0, 102.0, 151.0, 72.0, 227.0, 105.0, 43.0, 31.0, 74.0, 109.0, 198.0, 416.0, 47.0, 123.0, 89.0, 130.0, 60.0, 209.0, 123.0, 41.0, 19.0, 83.0, 109.0
43, 2014-01-24, Home, NOP, L, L, -3.5, O, 203, 0, 507.0, 532.0, 192.0, 412.0, 19.0, 83.0, 104.0, 152.0, 56.0, 205.0, 102.0, 42.0, 21.0, 70.0, 105.0, 198.0, 405.0, 47.0, 126.0, 89.0, 132.0, 59.0, 212.0, 129.0, 40.0, 23.0, 85.0, 114.0
44, 2014-01-26, Away, DAL, L, L, 6.5, O, 213.5, 0, 498.0, 527.0, 185.0, 403.0, 22.0, 84.0, 106.0, 153.0, 53.0, 190.0, 88.0, 46.0, 18.0, 71.0, 107.0, 198.0, 384.0, 41.0, 108.0, 90.0, 131.0, 51.0, 202.0, 120.0, 46.0, 28.0, 91.0, 116.0
45, 2014-01-28, Home, ORL, W, W, -6.5, U, 205, 0, 515.0, 533.0, 196.0, 420.0, 22.0, 81.0, 101.0, 150.0, 62.0, 199.0, 91.0, 51.0, 15.0, 68.0, 109.0, 198.0, 379.0, 39.0, 107.0, 98.0, 140.0, 48.0, 198.0, 116.0, 45.0, 30.0, 90.0, 113.0
46, 2014-02-01, Home, PHI, W, W, -10, U, 215, 0, 514.0, 522.0, 195.0, 425.0, 22.0, 80.0, 102.0, 147.0, 68.0, 211.0, 96.0, 49.0, 19.0, 69.0, 105.0, 193.0, 380.0, 39.0, 106.0, 97.0, 136.0, 50.0, 203.0, 113.0, 48.0, 31.0, 86.0, 104.0
47, 2014-02-03, Away, MIA, L, W, 9.5, U, 206, 0, 524.0, 506.0, 196.0, 438.0, 27.0, 91.0, 105.0, 158.0, 83.0, 239.0, 102.0, 51.0, 23.0, 73.0, 97.0, 191.0, 397.0, 35.0, 106.0, 89.0, 122.0, 48.0, 203.0, 103.0, 53.0, 26.0, 87.0, 113.0
48, 2014-02-05, Away, ORL, L, L, -2.5, O, 203, 0, 519.0, 504.0, 194.0, 437.0, 29.0, 94.0, 102.0, 153.0, 93.0, 250.0, 100.0, 51.0, 23.0, 80.0, 102.0, 189.0, 398.0, 34.0, 99.0, 92.0, 121.0, 49.0, 202.0, 98.0, 55.0, 25.0, 89.0, 111.0
49, 2014-02-07, Home, BRK, W, W, -1.5, O, 205.5, 0, 516.0, 513.0, 196.0, 437.0, 29.0, 96.0, 95.0, 148.0, 87.0, 242.0, 101.0, 48.0, 23.0, 79.0, 101.0, 196.0, 414.0, 33.0, 100.0, 88.0, 117.0, 53.0, 211.0, 112.0, 51.0, 25.0, 82.0, 106.0
50, 2014-02-08, Home, DEN, W, W, -2, O, 216, 1, 521.0, 492.0, 196.0, 430.0, 34.0, 100.0, 95.0, 144.0, 85.0, 258.0, 109.0, 48.0, 32.0, 89.0, 99.0, 185.0, 429.0, 38.0, 110.0, 84.0, 118.0, 62.0, 212.0, 106.0, 59.0, 21.0, 77.0, 106.0
51, 2014-02-10, Home, SAS, W, W, 3, O, 206.5, 0, 544.0, 514.0, 207.0, 442.0, 36.0, 100.0, 94.0, 139.0, 81.0, 242.0, 115.0, 52.0, 30.0, 84.0, 95.0, 194.0, 440.0, 45.0, 123.0, 81.0, 115.0, 69.0, 219.0, 111.0, 53.0, 24.0, 82.0, 106.0
52, 2014-02-12, Home, CLE, L, L, -8, U, 209, 0, 540.0, 518.0, 209.0, 440.0, 34.0, 91.0, 88.0, 125.0, 76.0, 226.0, 108.0, 53.0, 26.0, 79.0, 94.0, 199.0, 433.0, 45.0, 119.0, 75.0, 103.0, 64.0, 213.0, 121.0, 43.0, 25.0, 82.0, 96.0
53, 2014-02-18, Home, CHA, L, L, -4.5, O, 201.5, 0, 533.0, 509.0, 208.0, 440.0, 32.0, 96.0, 85.0, 123.0, 72.0, 228.0, 110.0, 47.0, 27.0, 74.0, 98.0, 194.0, 432.0, 43.0, 114.0, 78.0, 112.0, 64.0, 214.0, 114.0, 39.0, 21.0, 72.0, 95.0
54, 2014-02-19, Away, CHA, L, L, 2.5, O, 200.5, 1, 531.0, 505.0, 208.0, 453.0, 31.0, 92.0, 84.0, 123.0, 77.0, 244.0, 111.0, 45.0, 26.0, 66.0, 102.0, 189.0, 418.0, 44.0, 113.0, 83.0, 129.0, 57.0, 213.0, 110.0, 33.0, 15.0, 68.0, 93.0
55, 2014-02-21, Home, ATL, W, W, -4, O, 211, 0, 518.0, 526.0, 203.0, 459.0, 30.0, 93.0, 82.0, 119.0, 69.0, 218.0, 105.0, 43.0, 22.0, 53.0, 103.0, 199.0, 411.0, 40.0, 102.0, 88.0, 131.0, 49.0, 222.0, 125.0, 24.0, 23.0, 71.0, 92.0
56, 2014-02-22, Home, DAL, L, L, 3, O, 213, 1, 507.0, 524.0, 200.0, 448.0, 30.0, 93.0, 77.0, 125.0, 72.0, 224.0, 109.0, 38.0, 22.0, 54.0, 107.0, 198.0, 411.0, 38.0, 100.0, 90.0, 129.0, 46.0, 216.0, 126.0, 27.0, 22.0, 61.0, 97.0
57, 2014-02-24, Home, GSW, L, L, 3.5, U, 207.5, 0, 500.0, 537.0, 197.0, 440.0, 27.0, 88.0, 79.0, 129.0, 63.0, 221.0, 114.0, 32.0, 24.0, 53.0, 107.0, 199.0, 419.0, 41.0, 106.0, 98.0, 140.0, 54.0, 228.0, 130.0, 33.0, 25.0, 56.0, 98.0
58, 2014-02-26, Away, SAS, L, W, 10.5, O, 210, 0, 507.0, 548.0, 204.0, 456.0, 27.0, 78.0, 72.0, 120.0, 64.0, 213.0, 119.0, 34.0, 25.0, 45.0, 106.0, 203.0, 417.0, 49.0, 122.0, 93.0, 132.0, 52.0, 227.0, 140.0, 27.0, 30.0, 59.0, 96.0
59, 2014-03-01, Away, HOU, L, W, 10.5, O, 215, 0, 521.0, 560.0, 210.0, 448.0, 27.0, 72.0, 74.0, 114.0, 57.0, 198.0, 123.0, 38.0, 26.0, 51.0, 101.0, 208.0, 424.0, 51.0, 124.0, 93.0, 120.0, 56.0, 221.0, 149.0, 33.0, 35.0, 70.0, 94.0
60, 2014-03-03, Home, NYK, W, W, -4, U, 209.5, 0, 533.0, 562.0, 217.0, 458.0, 23.0, 73.0, 76.0, 113.0, 70.0, 214.0, 125.0, 41.0, 28.0, 55.0, 105.0, 208.0, 426.0, 54.0, 137.0, 92.0, 122.0, 61.0, 216.0, 143.0, 33.0, 29.0, 70.0, 96.0
61, 2014-03-05, Home, CHI, L, L, 4, O, 192.5, 0, 514.0, 540.0, 205.0, 454.0, 19.0, 65.0, 85.0, 114.0, 69.0, 222.0, 114.0, 46.0, 27.0, 60.0, 99.0, 200.0, 421.0, 51.0, 134.0, 89.0, 116.0, 61.0, 215.0, 134.0, 34.0, 31.0, 76.0, 101.0
62, 2014-03-07, Away, MIN, L, L, 9.5, U, 218, 0, 506.0, 532.0, 204.0, 459.0, 19.0, 65.0, 79.0, 101.0, 68.0, 215.0, 118.0, 44.0, 27.0, 57.0, 92.0, 199.0, 411.0, 48.0, 130.0, 86.0, 111.0, 53.0, 208.0, 129.0, 31.0, 29.0, 75.0, 98.0
63, 2014-03-09, Away, BOS, L, L, 1, O, 206.5, 0, 511.0, 542.0, 202.0, 454.0, 19.0, 65.0, 88.0, 113.0, 71.0, 225.0, 109.0, 43.0, 25.0, 61.0, 92.0, 202.0, 420.0, 41.0, 119.0, 97.0, 122.0, 56.0, 214.0, 127.0, 35.0, 25.0, 72.0, 98.0
64, 2014-03-11, Home, SAC, W, W, -2.5, U, 214.5, 0, 512.0, 540.0, 197.0, 450.0, 18.0, 70.0, 100.0, 135.0, 81.0, 242.0, 102.0, 36.0, 26.0, 64.0, 93.0, 205.0, 435.0, 42.0, 131.0, 88.0, 118.0, 59.0, 216.0, 131.0, 33.0, 24.0, 59.0, 109.0
65, 2014-03-12, Away, TOR, L, L, 8.5, U, 206.5, 1, 501.0, 511.0, 190.0, 437.0, 21.0, 69.0, 100.0, 135.0, 71.0, 242.0, 106.0, 34.0, 26.0, 62.0, 93.0, 197.0, 435.0, 34.0, 113.0, 83.0, 115.0, 59.0, 222.0, 123.0, 34.0, 26.0, 60.0, 108.0
66, 2014-03-15, Home, IND, L, L, 5, O, 197, 0, 492.0, 527.0, 189.0, 432.0, 26.0, 79.0, 88.0, 129.0, 65.0, 227.0, 100.0, 31.0, 25.0, 62.0, 96.0, 202.0, 440.0, 32.0, 105.0, 91.0, 126.0, 62.0, 236.0, 126.0, 35.0, 23.0, 60.0, 101.0
67, 2014-03-19, Away, DEN, L, L, 6, O, 217, 0, 502.0, 534.0, 187.0, 436.0, 31.0, 91.0, 97.0, 142.0, 65.0, 239.0, 99.0, 35.0, 26.0, 66.0, 105.0, 200.0, 464.0, 34.0, 110.0, 100.0, 134.0, 72.0, 255.0, 124.0, 36.0, 24.0, 57.0, 109.0
68, 2014-03-21, Away, PHO, L, W, 8.5, U, 218, 0, 510.0, 538.0, 192.0, 437.0, 37.0, 104.0, 89.0, 131.0, 58.0, 227.0, 104.0, 37.0, 26.0, 66.0, 102.0, 203.0, 459.0, 39.0, 117.0, 93.0, 128.0, 68.0, 251.0, 126.0, 36.0, 26.0, 59.0, 114.0
69, 2014-03-22, Away, LAC, L, W, 13.5, U, 216.5, 1, 491.0, 518.0, 191.0, 441.0, 37.0, 105.0, 72.0, 118.0, 53.0, 226.0, 109.0, 42.0, 24.0, 69.0, 109.0, 189.0, 435.0, 37.0, 111.0, 103.0, 142.0, 60.0, 251.0, 105.0, 39.0, 27.0, 65.0, 108.0
70, 2014-03-24, Away, UTA, W, W, -2, O, 203.5, 0, 495.0, 541.0, 195.0, 447.0, 42.0, 116.0, 63.0, 112.0, 59.0, 225.0, 112.0, 42.0, 19.0, 73.0, 100.0, 200.0, 434.0, 45.0, 125.0, 96.0, 129.0, 54.0, 241.0, 118.0, 46.0, 30.0, 62.0, 104.0
71, 2014-03-26, Home, CLE, L, L, -6.5, U, 204.5, 0, 522.0, 534.0, 207.0, 452.0, 42.0, 111.0, 66.0, 106.0, 66.0, 239.0, 120.0, 40.0, 18.0, 70.0, 102.0, 197.0, 429.0, 44.0, 132.0, 96.0, 132.0, 51.0, 220.0, 115.0, 44.0, 29.0, 53.0, 101.0
72, 2014-03-28, Home, MIA, L, L, 5, U, 198.5, 0, 514.0, 519.0, 209.0, 445.0, 46.0, 114.0, 50.0, 89.0, 69.0, 243.0, 123.0, 36.0, 16.0, 70.0, 99.0, 193.0, 410.0, 46.0, 134.0, 87.0, 131.0, 46.0, 203.0, 109.0, 41.0, 26.0, 53.0, 90.0
73, 2014-03-29, Away, PHI, L, L, -6, O, 210.5, 1, 483.0, 511.0, 196.0, 429.0, 39.0, 112.0, 52.0, 91.0, 69.0, 236.0, 121.0, 34.0, 16.0, 69.0, 101.0, 192.0, 403.0, 43.0, 126.0, 84.0, 126.0, 46.0, 204.0, 113.0, 40.0, 25.0, 49.0, 80.0
74, 2014-03-31, Home, MIL, W, L, -6.5, O, 207, 0, 489.0, 536.0, 190.0, 424.0, 41.0, 117.0, 68.0, 97.0, 70.0, 227.0, 119.0, 34.0, 19.0, 68.0, 94.0, 207.0, 422.0, 47.0, 122.0, 75.0, 110.0, 55.0, 211.0, 125.0, 43.0, 26.0, 52.0, 84.0
75, 2014-04-02, Away, IND, L, W, 10.5, O, 191, 0, 502.0, 535.0, 194.0, 428.0, 38.0, 111.0, 76.0, 105.0, 73.0, 231.0, 118.0, 30.0, 22.0, 64.0, 105.0, 201.0, 427.0, 41.0, 110.0, 92.0, 129.0, 66.0, 221.0, 122.0, 35.0, 21.0, 52.0, 89.0
76, 2014-04-04, Away, BRK, L, L, 10, O, 205.5, 0, 482.0, 542.0, 182.0, 438.0, 36.0, 110.0, 82.0, 115.0, 74.0, 225.0, 111.0, 31.0, 24.0, 56.0, 104.0, 206.0, 423.0, 39.0, 101.0, 91.0, 125.0, 64.0, 235.0, 130.0, 32.0, 26.0, 55.0, 93.0
77, 2014-04-05, Home, BOS, W, L, -6.5, O, 206.5, 1, 490.0, 561.0, 184.0, 442.0, 34.0, 111.0, 88.0, 123.0, 82.0, 223.0, 107.0, 32.0, 21.0, 54.0, 100.0, 215.0, 414.0, 45.0, 106.0, 86.0, 112.0, 53.0, 216.0, 140.0, 35.0, 27.0, 55.0, 99.0
78, 2014-04-08, Away, ATL, W, W, 6.5, U, 209.5, 0, 527.0, 562.0, 192.0, 442.0, 40.0, 110.0, 103.0, 138.0, 83.0, 230.0, 105.0, 32.0, 18.0, 56.0, 94.0, 214.0, 423.0, 51.0, 118.0, 83.0, 106.0, 58.0, 206.0, 134.0, 37.0, 26.0, 58.0, 109.0
79, 2014-04-09, Away, CLE, L, L, 7, O, 206.5, 1, 531.0, 534.0, 196.0, 443.0, 40.0, 106.0, 99.0, 138.0, 84.0, 239.0, 99.0, 37.0, 16.0, 53.0, 94.0, 200.0, 420.0, 48.0, 132.0, 86.0, 111.0, 62.0, 208.0, 131.0, 32.0, 23.0, 60.0, 107.0
80, 2014-04-11, Away, CHI, L, W, 10, O, 192.5, 0, 515.0, 545.0, 184.0, 442.0, 40.0, 111.0, 107.0, 149.0, 86.0, 235.0, 90.0, 42.0, 13.0, 57.0, 80.0, 214.0, 425.0, 54.0, 141.0, 63.0, 84.0, 57.0, 205.0, 144.0, 35.0, 24.0, 62.0, 111.0
81, 2014-04-13, Home, TOR, L, L, 6.5, O, 205.5, 0, 519.0, 550.0, 190.0, 435.0, 38.0, 112.0, 101.0, 144.0, 84.0, 233.0, 86.0, 42.0, 11.0, 63.0, 83.0, 215.0, 427.0, 54.0, 142.0, 66.0, 83.0, 56.0, 197.0, 147.0, 37.0, 24.0, 63.0, 109.0
82, 2014-04-16, Away, OKC, L, W, 14.5, O, 213, 0, 522.0, 550.0, 184.0, 431.0, 34.0, 105.0, 120.0, 171.0, 86.0, 242.0, 88.0, 42.0, 13.0, 68.0, 98.0, 208.0, 432.0, 48.0, 134.0, 86.0, 107.0, 62.0, 211.0, 141.0, 39.0, 27.0, 62.0, 125.0
