18, 2013-12-07, Home, DET, L, L, -2, U, 188, 0, 0, 95.29, 94.12, 35.76, 81.82, 5.41, 15.59, 18.35, 23.53, 12.71, 46.53, 22.35, 6.06, 4.12, 15.59, 20.24, 35.65, 84.24, 7.53, 19.29, 15.29, 21.0, 11.71, 41.82, 20.76, 8.53, 6.35, 13.35, 21.88, 98.71, 99.24, 37.94, 84.53, 5.76, 19.53, 17.06, 25.82, 14.18, 44.29, 20.29, 10.12, 4.94, 14.24, 19.71, 37.24, 79.59, 8.24, 22.12, 16.53, 21.18, 9.88, 41.0, 22.82, 9.12, 5.12, 17.29, 20.65
19, 2013-12-10, Home, MIL, L, L, -6, U, 180, 0, 0, 94.12, 93.24, 35.47, 82.24, 5.18, 15.12, 18.0, 23.06, 12.71, 46.71, 22.0, 5.88, 4.29, 15.29, 19.29, 35.47, 84.71, 7.59, 19.24, 14.71, 20.18, 12.18, 42.47, 20.12, 8.41, 6.47, 13.35, 21.82, 90.47, 100.18, 34.0, 81.88, 7.82, 20.65, 14.65, 19.0, 10.65, 40.47, 21.47, 6.47, 5.18, 15.76, 20.53, 37.18, 80.24, 7.76, 21.94, 18.06, 25.35, 11.47, 44.76, 21.53, 8.53, 5.41, 14.18, 19.24
20, 2013-12-11, Away, NYK, L, L, 3.5, U, 181, 1, 1, 93.65, 93.06, 35.47, 82.65, 5.18, 15.06, 17.53, 22.76, 12.71, 46.35, 22.06, 6.0, 4.59, 15.29, 19.71, 35.41, 84.06, 7.18, 18.47, 15.06, 20.53, 12.12, 42.29, 19.76, 8.12, 6.65, 13.35, 21.35, 95.0, 100.0, 36.12, 83.76, 9.29, 26.06, 13.47, 17.65, 10.53, 38.53, 20.18, 7.59, 4.71, 11.65, 23.12, 35.0, 74.94, 8.29, 22.76, 21.71, 27.82, 9.18, 42.0, 18.82, 5.82, 4.24, 13.82, 18.53
21, 2013-12-13, Away, MIL, W, L, -4, O, 177, 0, 0, 92.12, 91.65, 34.41, 81.41, 5.35, 15.47, 17.94, 23.35, 12.65, 46.18, 21.12, 6.06, 4.71, 15.53, 20.0, 34.76, 83.47, 6.82, 18.29, 15.29, 20.59, 12.12, 42.29, 19.35, 8.59, 6.71, 13.24, 21.53, 88.29, 99.47, 33.53, 82.24, 6.65, 19.47, 14.59, 19.06, 11.12, 40.06, 20.82, 6.71, 5.71, 15.35, 20.24, 37.53, 80.71, 7.12, 21.06, 17.29, 24.65, 11.82, 45.24, 22.06, 8.18, 5.59, 14.47, 19.53
22, 2013-12-14, Home, TOR, L, L, -3.5, U, 187.5, 1, 1, 92.76, 91.24, 34.88, 81.88, 5.47, 16.0, 17.53, 22.88, 13.0, 46.41, 21.76, 6.29, 4.76, 15.41, 20.12, 34.59, 82.76, 6.65, 17.82, 15.41, 20.82, 11.88, 41.47, 19.18, 8.41, 6.76, 13.24, 21.24, 99.29, 100.18, 35.82, 83.12, 7.65, 22.06, 20.0, 24.76, 11.53, 41.47, 18.41, 7.35, 4.76, 13.82, 22.53, 37.65, 81.24, 7.94, 21.82, 16.94, 22.65, 10.71, 42.53, 22.59, 6.88, 5.12, 15.76, 22.29
23, 2013-12-16, Home, ORL, L, L, -7, U, 185.5, 1, 0, 91.59, 92.76, 34.47, 82.71, 5.65, 16.59, 17.0, 22.12, 12.94, 46.0, 21.35, 5.88, 4.94, 15.12, 19.88, 35.47, 82.65, 6.53, 17.53, 15.29, 20.41, 11.29, 41.65, 19.65, 7.94, 7.18, 12.88, 21.0, 96.59, 104.06, 36.06, 80.82, 7.65, 22.47, 16.82, 21.29, 8.41, 39.41, 20.47, 8.0, 4.47, 14.76, 19.76, 38.88, 82.12, 8.82, 22.0, 17.47, 22.06, 9.18, 42.65, 22.65, 7.88, 5.41, 14.35, 18.41
24, 2013-12-18, Away, HOU, L, L, 8, O, 191, 0, 0, 90.76, 92.88, 34.12, 82.59, 5.71, 16.71, 16.82, 22.12, 12.53, 46.24, 21.06, 5.59, 4.82, 14.76, 19.82, 35.59, 83.12, 6.53, 17.41, 15.18, 20.18, 11.18, 42.59, 20.12, 7.76, 6.71, 12.47, 20.88, 107.41, 101.53, 37.94, 80.06, 10.65, 28.35, 20.88, 29.47, 11.35, 45.88, 21.35, 8.12, 6.53, 15.76, 20.76, 38.0, 87.29, 7.53, 21.65, 18.0, 23.47, 12.18, 41.88, 20.35, 8.94, 5.47, 13.88, 23.12
25, 2013-12-19, Away, OKC, L, W, 13.5, O, 191, 0, 1, 90.65, 94.59, 34.24, 82.53, 5.59, 16.47, 16.59, 22.35, 12.41, 45.35, 21.35, 5.71, 4.65, 14.88, 19.71, 36.47, 83.12, 6.71, 17.47, 14.94, 19.82, 11.06, 42.24, 20.35, 7.76, 6.65, 12.29, 20.94, 106.76, 97.06, 40.12, 83.82, 6.47, 18.59, 20.06, 24.82, 11.12, 48.47, 22.35, 7.76, 6.71, 15.29, 21.53, 36.24, 87.41, 7.53, 23.18, 17.06, 24.47, 11.94, 42.18, 21.24, 8.76, 4.12, 13.18, 19.82
26, 2013-12-21, Home, CLE, W, W, -3, U, 187, 1, 0, 89.76, 95.35, 33.59, 82.41, 5.41, 17.06, 17.18, 23.24, 12.53, 45.24, 21.06, 5.82, 4.65, 15.06, 19.24, 37.0, 83.06, 7.0, 17.41, 14.35, 19.0, 10.82, 42.59, 20.94, 8.18, 6.59, 12.71, 21.41, 97.76, 102.41, 37.06, 85.06, 7.18, 19.65, 16.47, 21.65, 11.88, 44.41, 18.94, 6.47, 3.94, 13.82, 18.12, 38.65, 85.12, 8.88, 24.06, 16.24, 20.88, 11.12, 44.59, 26.06, 7.35, 5.82, 13.18, 19.29
27, 2013-12-25, Away, BRK, W, W, 4, U, 189.5, 0, 0, 90.59, 95.53, 34.18, 82.06, 5.65, 17.24, 16.59, 22.82, 12.53, 44.94, 21.65, 5.88, 4.47, 15.35, 19.0, 37.18, 83.0, 6.82, 17.53, 14.35, 18.59, 10.76, 42.12, 20.71, 8.18, 6.35, 12.71, 21.24, 97.94, 102.65, 35.12, 76.59, 8.41, 21.47, 19.29, 25.35, 8.76, 39.06, 21.47, 6.41, 3.76, 14.41, 20.94, 37.53, 82.41, 9.35, 23.35, 18.24, 24.59, 11.0, 42.12, 21.53, 7.65, 3.88, 13.18, 21.41
28, 2013-12-28, Home, DAL, L, L, 2.5, U, 191, 0, 0, 91.06, 94.41, 34.06, 80.65, 5.76, 17.65, 17.18, 23.18, 11.88, 44.18, 21.53, 6.24, 4.47, 15.24, 19.24, 36.41, 82.24, 6.59, 17.29, 15.0, 19.12, 10.76, 41.59, 20.0, 8.24, 6.06, 12.76, 21.35, 101.59, 101.88, 39.41, 85.71, 7.41, 20.59, 15.35, 19.12, 9.94, 40.18, 22.76, 9.35, 4.53, 12.47, 19.76, 37.29, 81.29, 8.35, 22.29, 18.94, 24.76, 12.06, 45.47, 20.65, 7.29, 3.59, 16.24, 18.35
29, 2013-12-30, Away, MEM, W, W, 5, O, 177.5, 0, 0, 90.35, 94.82, 34.06, 80.12, 5.65, 17.82, 16.59, 22.59, 11.29, 43.12, 22.18, 6.29, 4.59, 15.29, 19.24, 36.71, 81.65, 6.65, 17.29, 14.76, 18.88, 10.59, 41.59, 20.29, 8.06, 6.29, 13.0, 21.47, 94.82, 98.35, 37.12, 84.0, 5.41, 14.53, 15.18, 20.59, 13.47, 42.65, 20.47, 7.71, 3.76, 11.47, 19.65, 36.47, 77.0, 7.94, 21.35, 17.47, 22.06, 9.24, 38.88, 19.88, 6.24, 6.18, 12.88, 17.76
30, 2013-12-31, Home, TOR, L, L, -1, U, 187, 0, 1, 91.12, 93.06, 33.82, 79.18, 5.76, 18.0, 17.71, 23.71, 11.18, 43.0, 21.71, 6.94, 5.12, 15.65, 19.41, 35.94, 81.41, 6.18, 16.35, 15.0, 19.41, 10.94, 41.18, 19.53, 8.35, 6.35, 13.65, 21.71, 101.47, 100.0, 36.76, 82.82, 8.53, 23.59, 19.41, 24.65, 11.18, 42.29, 20.47, 7.0, 4.76, 13.82, 21.29, 37.29, 81.88, 8.53, 21.29, 16.88, 21.88, 10.47, 42.35, 22.53, 8.0, 4.35, 16.06, 22.53
31, 2014-01-02, Home, BOS, W, W, -5, U, 182.5, 0, 0, 90.88, 92.82, 33.76, 79.35, 5.82, 17.76, 17.53, 23.29, 10.88, 42.76, 22.06, 7.0, 5.24, 15.47, 19.12, 35.71, 80.47, 6.0, 16.18, 15.41, 20.12, 10.65, 41.12, 19.18, 8.18, 6.47, 13.65, 21.53, 97.18, 95.06, 36.76, 80.35, 7.47, 20.29, 16.18, 21.24, 9.71, 42.47, 20.41, 5.82, 4.65, 13.82, 20.35, 35.53, 81.82, 6.24, 18.65, 17.76, 23.71, 10.82, 41.41, 20.18, 6.76, 4.0, 12.35, 18.41
32, 2014-01-04, Home, ATL, W, W, -5, U, 189.5, 1, 0, 90.59, 93.0, 33.35, 79.65, 5.59, 17.65, 18.29, 24.24, 11.12, 42.82, 22.18, 6.88, 5.53, 15.29, 19.35, 35.59, 80.71, 6.0, 16.18, 15.82, 20.35, 10.71, 41.71, 19.35, 7.94, 6.71, 13.88, 21.94, 106.88, 102.88, 40.12, 85.94, 10.71, 27.76, 15.94, 20.24, 10.06, 43.47, 26.53, 8.76, 4.18, 15.0, 19.71, 39.94, 86.88, 6.65, 20.82, 16.35, 21.94, 11.06, 44.82, 23.59, 7.82, 4.71, 15.18, 18.24
33, 2014-01-07, Home, PHO, W, W, 1.5, U, 190, 0, 0, 90.47, 92.24, 33.0, 79.59, 5.59, 17.76, 18.88, 24.76, 11.76, 43.76, 21.47, 7.29, 6.0, 15.53, 18.94, 35.29, 81.18, 6.06, 16.94, 15.59, 20.06, 11.12, 41.82, 19.41, 8.18, 6.76, 14.18, 22.06, 106.18, 101.94, 38.94, 84.59, 10.12, 26.88, 18.18, 24.18, 11.88, 43.65, 19.35, 8.94, 5.53, 14.59, 21.41, 38.0, 84.35, 6.71, 19.88, 19.24, 25.12, 12.82, 44.65, 19.59, 7.35, 3.94, 15.53, 21.12
34, 2014-01-10, Away, MIL, W, W, -4, U, 177.5, 0, 0, 88.35, 89.65, 32.29, 78.47, 5.47, 17.24, 18.29, 24.12, 11.65, 43.47, 21.0, 7.41, 5.88, 15.41, 18.65, 34.29, 79.35, 5.76, 16.94, 15.29, 19.59, 10.35, 41.06, 18.65, 8.06, 6.94, 14.24, 21.29, 94.94, 101.82, 36.0, 83.71, 6.41, 21.12, 16.53, 21.59, 11.59, 42.71, 20.0, 7.24, 6.06, 14.18, 20.71, 37.24, 86.88, 8.88, 23.76, 18.47, 23.71, 13.71, 46.71, 22.59, 7.65, 5.88, 13.53, 21.18
35, 2014-01-11, Home, CHA, W, W, -4, O, 177, 1, 1, 86.82, 88.76, 31.53, 77.76, 5.24, 17.06, 18.53, 24.53, 11.35, 43.18, 20.65, 7.53, 6.06, 15.18, 18.59, 34.06, 80.0, 5.82, 16.88, 14.82, 18.88, 10.94, 42.29, 18.59, 7.88, 6.88, 14.41, 21.53, 96.82, 102.24, 37.0, 84.53, 6.41, 16.18, 16.41, 21.76, 8.24, 41.71, 20.71, 6.47, 4.94, 11.47, 17.35, 39.24, 86.65, 9.35, 24.41, 14.41, 18.59, 11.06, 47.88, 22.65, 6.76, 5.88, 13.0, 19.82
36, 2014-01-13, Home, WAS, L, L, -2.5, O, 180.5, 0, 0, 88.47, 89.06, 32.0, 77.24, 5.41, 16.82, 19.06, 25.18, 11.41, 43.29, 21.18, 7.41, 6.12, 15.0, 19.06, 34.24, 79.94, 5.35, 16.41, 15.24, 19.18, 10.53, 41.29, 18.76, 7.71, 6.76, 13.88, 21.71, 96.47, 99.53, 37.24, 84.94, 6.76, 19.06, 15.24, 20.94, 12.53, 44.53, 21.65, 7.94, 4.88, 14.12, 22.24, 36.82, 79.71, 7.12, 19.88, 18.76, 25.24, 9.94, 41.65, 23.35, 8.06, 3.71, 13.71, 18.71
37, 2014-01-15, Away, ORL, W, L, -6, O, 181.5, 0, 0, 89.29, 90.47, 32.18, 77.0, 5.76, 17.18, 19.18, 25.47, 11.47, 43.29, 21.41, 7.47, 5.82, 14.94, 18.94, 34.76, 79.94, 5.65, 16.82, 15.29, 19.65, 10.29, 41.35, 19.41, 7.82, 6.41, 13.71, 21.76, 92.18, 99.71, 34.94, 83.18, 6.94, 21.18, 15.35, 20.59, 10.18, 44.24, 19.82, 6.76, 3.71, 12.94, 19.0, 37.94, 84.76, 8.0, 22.88, 15.82, 20.12, 10.82, 46.71, 21.82, 6.35, 5.94, 12.18, 18.65
38, 2014-01-17, Away, WAS, L, W, 5, O, 186.5, 0, 0, 92.24, 92.94, 33.59, 79.41, 6.12, 17.88, 18.94, 25.12, 11.59, 43.94, 22.53, 7.47, 5.76, 14.65, 19.12, 36.06, 81.59, 5.71, 17.24, 15.12, 19.47, 10.18, 42.12, 19.82, 7.41, 6.29, 14.0, 22.18, 98.65, 99.59, 38.12, 83.65, 7.0, 18.41, 15.41, 21.18, 11.71, 43.88, 22.53, 7.59, 4.59, 13.88, 21.88, 36.76, 79.59, 7.29, 20.18, 18.76, 25.0, 9.88, 40.53, 23.59, 7.94, 3.53, 13.35, 18.65
39, 2014-01-18, Home, PHI, W, W, -8.5, U, 197, 1, 1, 92.35, 93.29, 33.65, 79.12, 6.24, 17.88, 18.82, 24.94, 11.0, 43.35, 22.41, 7.47, 5.71, 14.65, 18.71, 36.47, 81.88, 5.82, 17.29, 14.53, 18.76, 9.88, 42.0, 20.35, 7.59, 6.29, 14.12, 22.06, 101.76, 111.12, 38.88, 87.53, 7.18, 21.41, 16.82, 23.35, 11.06, 43.41, 22.76, 9.65, 4.24, 17.24, 21.94, 40.24, 88.29, 10.35, 27.06, 20.29, 26.82, 13.29, 48.29, 26.53, 8.82, 7.24, 16.47, 20.53
40, 2014-01-20, Home, LAL, W, L, -8.5, O, 198, 1, 0, 93.88, 92.06, 34.18, 78.88, 6.24, 18.0, 19.29, 25.41, 11.06, 44.0, 22.88, 7.76, 5.76, 14.71, 18.41, 36.12, 82.71, 5.65, 17.53, 14.18, 18.41, 10.41, 41.94, 19.82, 7.82, 5.94, 14.47, 22.24, 100.76, 108.59, 36.0, 81.76, 8.35, 24.29, 20.41, 26.12, 9.47, 42.71, 21.24, 5.59, 5.53, 16.0, 19.88, 41.82, 91.65, 8.12, 24.12, 16.82, 23.29, 14.24, 49.29, 25.12, 10.59, 4.65, 12.0, 20.29
41, 2014-01-22, Away, CLE, W, W, 4.5, U, 186, 0, 0, 95.06, 93.06, 34.82, 80.12, 6.35, 18.18, 19.06, 25.29, 11.76, 44.59, 23.29, 8.29, 5.76, 15.29, 18.29, 36.24, 82.71, 5.82, 18.29, 14.76, 19.0, 10.41, 41.53, 19.88, 8.24, 6.29, 15.06, 22.24, 98.59, 103.71, 36.82, 86.76, 7.47, 20.24, 17.47, 23.35, 12.53, 45.94, 20.06, 6.47, 4.47, 13.53, 21.29, 38.71, 85.29, 9.29, 26.18, 17.0, 22.65, 10.24, 43.41, 24.76, 6.94, 6.12, 13.59, 20.24
42, 2014-01-24, Home, LAC, L, L, 2, O, 189.5, 0, 0, 95.29, 91.76, 34.76, 79.59, 6.65, 18.71, 19.12, 25.0, 11.65, 45.18, 23.18, 8.12, 6.12, 14.88, 18.29, 35.59, 83.06, 5.82, 18.12, 14.76, 19.12, 11.0, 41.76, 19.88, 8.18, 6.12, 14.82, 22.0, 107.29, 102.18, 39.24, 84.82, 8.18, 24.76, 20.65, 27.47, 10.59, 43.59, 24.12, 8.71, 5.35, 12.94, 20.65, 38.24, 86.29, 7.47, 22.18, 18.24, 23.65, 12.53, 46.18, 23.65, 7.0, 3.24, 15.12, 22.82
43, 2014-01-25, Away, CHA, W, W, -1.5, U, 182, 1, 1, 95.29, 92.06, 35.41, 80.53, 6.53, 18.12, 17.94, 23.35, 12.18, 45.53, 23.59, 7.94, 5.88, 14.41, 18.35, 35.47, 82.59, 6.06, 18.47, 15.06, 19.82, 11.12, 41.59, 19.88, 7.71, 5.82, 14.29, 21.41, 97.88, 104.53, 36.35, 81.0, 7.35, 17.59, 17.82, 23.53, 6.47, 38.71, 22.35, 5.76, 4.41, 10.71, 16.71, 41.06, 86.24, 9.35, 23.94, 13.06, 17.53, 10.06, 46.47, 24.06, 6.35, 5.41, 12.29, 20.53
44, 2014-01-27, Home, MIN, L, L, 4.5, U, 197, 0, 0, 94.65, 92.24, 35.06, 81.0, 6.59, 18.59, 17.94, 23.24, 11.88, 45.06, 23.41, 8.35, 5.88, 13.94, 18.47, 35.53, 82.47, 6.18, 18.53, 15.0, 19.88, 11.12, 42.12, 20.06, 7.53, 6.06, 14.65, 21.29, 108.41, 102.82, 40.24, 88.88, 7.47, 20.35, 20.47, 26.94, 13.18, 46.18, 24.53, 8.88, 3.71, 12.88, 18.41, 40.18, 84.53, 7.29, 20.82, 15.18, 19.18, 9.82, 42.24, 23.76, 7.88, 5.59, 15.35, 22.88
45, 2014-01-29, Away, SAS, W, W, 7.5, U, 187.5, 1, 0, 94.12, 93.24, 34.82, 81.65, 6.76, 19.0, 17.71, 23.0, 11.88, 44.88, 23.41, 8.29, 5.94, 13.82, 18.65, 36.06, 82.59, 6.18, 18.53, 14.94, 19.59, 10.65, 42.18, 20.59, 7.59, 6.24, 14.53, 21.0, 106.06, 99.18, 40.18, 80.12, 8.0, 19.88, 17.71, 22.65, 9.18, 42.71, 25.53, 6.76, 5.65, 13.88, 18.18, 38.94, 84.94, 6.41, 16.41, 14.88, 20.53, 10.82, 40.88, 20.94, 7.65, 4.82, 11.82, 20.94
46, 2014-02-01, Away, NOP, L, L, 1, U, 182.5, 0, 0, 94.88, 92.12, 35.12, 82.18, 6.82, 18.71, 17.82, 23.24, 12.29, 45.18, 23.35, 8.29, 6.24, 13.35, 18.71, 35.59, 82.18, 5.71, 17.76, 15.24, 19.88, 10.59, 41.71, 20.0, 7.41, 5.94, 14.71, 21.18, 96.12, 101.53, 36.53, 78.59, 4.47, 12.88, 18.59, 24.18, 10.82, 41.12, 19.12, 7.47, 6.71, 14.0, 23.59, 36.65, 79.12, 7.53, 21.35, 20.71, 27.35, 11.0, 40.94, 21.53, 7.0, 6.12, 12.76, 20.71
47, 2014-02-03, Away, SAC, L, L, 1.5, U, 193.5, 0, 0, 93.94, 91.94, 35.06, 82.47, 6.65, 18.76, 17.18, 22.71, 12.71, 45.47, 23.59, 7.76, 6.06, 13.18, 18.47, 35.76, 82.29, 5.94, 18.0, 14.47, 18.82, 10.47, 41.41, 20.18, 7.12, 6.41, 14.24, 21.06, 103.94, 105.59, 38.47, 84.12, 6.82, 19.35, 20.18, 26.35, 13.0, 45.88, 18.35, 6.12, 4.65, 14.59, 24.41, 38.12, 82.35, 6.94, 20.53, 22.41, 30.94, 10.65, 41.65, 22.53, 8.35, 5.76, 11.82, 22.88
48, 2014-02-04, Away, PHO, W, W, 7.5, O, 192.5, 0, 1, 93.41, 92.76, 34.59, 82.24, 6.76, 19.41, 17.47, 23.47, 12.65, 44.59, 23.59, 8.12, 5.94, 13.12, 18.65, 36.18, 82.29, 5.82, 17.65, 14.59, 19.0, 10.65, 41.94, 20.29, 7.24, 6.24, 14.65, 21.29, 107.12, 102.53, 39.41, 86.88, 8.82, 24.12, 19.47, 24.65, 12.41, 43.71, 19.53, 7.82, 4.18, 12.59, 22.53, 38.53, 84.35, 6.18, 18.41, 19.29, 25.41, 12.24, 45.29, 20.82, 5.59, 4.76, 14.88, 21.53
49, 2014-02-06, Away, GSW, L, L, 6, O, 185.5, 0, 0, 93.82, 93.35, 34.59, 81.88, 7.0, 19.59, 17.65, 23.65, 12.41, 44.76, 22.82, 8.24, 5.94, 13.41, 18.88, 36.12, 82.24, 6.18, 18.59, 14.94, 19.35, 10.53, 41.88, 20.12, 7.29, 6.06, 14.76, 21.12, 102.65, 98.76, 38.82, 86.35, 8.82, 25.47, 16.18, 21.35, 11.24, 45.71, 22.47, 7.82, 5.0, 14.29, 20.71, 36.94, 82.76, 6.94, 19.29, 17.94, 23.71, 10.35, 43.59, 20.06, 8.24, 3.88, 14.65, 19.53
50, 2014-02-09, Away, LAL, W, W, -3, U, 193, 0, 0, 93.59, 94.41, 34.53, 81.65, 6.88, 19.41, 17.65, 23.41, 12.06, 44.35, 22.88, 8.0, 5.41, 13.53, 18.94, 36.59, 82.06, 6.35, 18.24, 14.88, 19.41, 10.24, 41.65, 20.29, 7.18, 5.94, 14.59, 21.0, 104.76, 111.65, 38.24, 84.76, 9.12, 24.06, 19.18, 24.18, 8.41, 41.12, 24.76, 6.65, 4.47, 14.35, 20.24, 42.88, 91.35, 7.88, 22.59, 18.0, 26.06, 14.06, 51.0, 26.0, 9.94, 4.41, 12.18, 20.12
51, 2014-02-11, Home, ATL, W, W, -1.5, U, 187.5, 0, 0, 93.59, 94.35, 34.41, 81.53, 6.94, 19.88, 17.82, 23.06, 11.71, 43.94, 22.59, 8.41, 5.47, 13.53, 18.82, 36.76, 82.06, 6.35, 18.0, 14.47, 18.94, 10.12, 41.76, 21.12, 7.18, 5.76, 14.94, 20.65, 100.0, 99.76, 36.71, 80.76, 9.18, 24.94, 17.41, 21.24, 9.24, 39.18, 25.76, 9.82, 4.29, 15.18, 18.06, 38.0, 82.88, 7.82, 20.59, 15.94, 20.71, 11.88, 43.0, 23.06, 8.88, 5.06, 15.88, 19.65
52, 2014-02-13, Home, BRK, W, W, -3.5, U, 185, 1, 0, 94.71, 95.12, 35.53, 82.88, 7.06, 20.12, 16.59, 21.53, 12.24, 44.71, 23.29, 8.47, 5.47, 13.71, 18.24, 37.18, 81.59, 6.53, 18.12, 14.24, 18.76, 9.47, 40.59, 21.47, 7.35, 5.88, 14.82, 19.88, 99.88, 96.06, 36.94, 79.41, 9.29, 25.59, 16.71, 21.76, 8.88, 38.82, 21.76, 9.71, 4.65, 13.71, 22.59, 34.12, 77.12, 7.71, 21.65, 20.12, 26.12, 11.0, 41.94, 19.94, 7.12, 4.35, 16.53, 19.76
53, 2014-02-19, Away, TOR, W, W, 3, O, 182.5, 1, 0, 94.06, 93.88, 35.35, 82.24, 6.94, 20.12, 16.41, 21.24, 12.06, 44.65, 23.29, 8.53, 5.47, 14.0, 18.47, 36.53, 80.88, 6.59, 18.47, 14.24, 19.24, 9.35, 40.18, 21.12, 7.53, 5.76, 15.18, 19.76, 100.76, 97.65, 37.0, 82.94, 9.29, 24.59, 17.47, 23.06, 12.12, 43.47, 23.76, 6.65, 3.41, 12.59, 23.24, 35.0, 78.82, 6.82, 18.65, 20.82, 26.88, 10.06, 40.71, 20.76, 7.12, 3.24, 12.82, 20.0
54, 2014-02-21, Home, DEN, W, W, -7.5, O, 189, 1, 0, 94.41, 93.29, 35.47, 81.82, 6.82, 19.59, 16.65, 21.29, 11.71, 44.41, 23.29, 8.29, 5.76, 13.94, 18.65, 36.29, 81.35, 6.35, 18.41, 14.35, 18.94, 9.59, 39.76, 20.59, 7.41, 5.71, 15.06, 20.18, 104.0, 111.06, 37.88, 84.88, 8.94, 25.18, 19.29, 27.29, 11.65, 43.41, 21.35, 6.94, 5.12, 15.76, 23.71, 40.88, 86.53, 7.0, 19.94, 22.29, 28.82, 11.35, 44.82, 23.29, 8.71, 4.59, 13.24, 21.94
55, 2014-02-23, Away, MIA, L, L, 5, U, 184.5, 0, 0, 93.76, 91.18, 35.12, 80.12, 6.71, 18.65, 16.82, 21.53, 11.29, 43.88, 23.12, 8.24, 5.82, 13.65, 18.65, 35.24, 80.35, 6.41, 17.76, 14.29, 19.29, 9.82, 39.06, 19.88, 7.18, 5.88, 14.82, 19.88, 104.0, 100.53, 38.94, 77.12, 8.0, 23.29, 18.12, 23.71, 8.47, 37.24, 23.29, 9.0, 4.0, 14.71, 21.53, 36.41, 79.82, 8.24, 23.29, 19.47, 25.47, 12.06, 40.82, 22.06, 8.71, 3.29, 15.29, 20.53
56, 2014-02-25, Away, ATL, W, W, -2.5, O, 189, 0, 0, 92.94, 91.0, 34.76, 80.41, 6.53, 18.47, 16.88, 21.59, 11.76, 44.88, 22.76, 7.88, 5.76, 13.47, 18.65, 35.06, 80.88, 6.59, 18.47, 14.29, 19.35, 10.24, 39.35, 19.59, 7.12, 5.82, 14.29, 20.0, 101.53, 104.53, 37.12, 80.35, 9.59, 23.88, 17.71, 22.29, 8.47, 39.24, 25.35, 8.76, 3.82, 14.82, 18.12, 40.35, 84.94, 8.88, 21.53, 14.94, 20.18, 11.35, 42.76, 25.0, 7.88, 4.65, 14.53, 19.59
57, 2014-02-26, Home, GSW, W, W, 3.5, U, 186.5, 0, 1, 93.18, 92.47, 34.59, 80.76, 6.65, 18.71, 17.35, 22.12, 12.0, 44.65, 22.59, 7.94, 5.29, 13.24, 18.65, 35.29, 80.12, 7.29, 19.29, 14.59, 19.59, 9.94, 39.35, 19.82, 7.0, 5.65, 14.24, 20.12, 102.65, 97.59, 38.47, 86.35, 8.76, 23.82, 16.94, 22.12, 11.65, 44.71, 22.0, 8.24, 5.53, 12.59, 21.18, 36.71, 84.18, 6.35, 18.71, 17.82, 24.29, 11.82, 45.53, 19.53, 7.18, 3.65, 14.82, 19.59
58, 2014-02-28, Away, DAL, W, W, 4.5, U, 193.5, 0, 0, 93.24, 91.47, 34.47, 79.65, 6.53, 18.29, 17.76, 22.47, 11.82, 44.71, 22.47, 7.65, 5.53, 13.29, 19.0, 35.0, 80.18, 7.12, 19.06, 14.35, 19.35, 9.94, 39.0, 19.53, 6.71, 5.53, 13.94, 20.53, 105.94, 100.76, 39.0, 81.06, 8.0, 21.65, 19.94, 24.29, 10.65, 41.41, 24.41, 7.12, 3.88, 12.71, 19.82, 37.41, 79.59, 8.12, 23.12, 17.82, 24.35, 9.82, 38.41, 23.41, 7.06, 3.59, 13.76, 21.88
59, 2014-03-02, Home, NYK, W, W, -6.5, O, 186, 0, 0, 93.35, 91.71, 34.41, 79.71, 6.47, 18.18, 18.06, 23.06, 11.94, 44.88, 22.18, 7.71, 5.18, 13.88, 19.0, 35.06, 80.0, 7.29, 19.76, 14.29, 19.29, 9.59, 38.76, 19.18, 7.0, 5.71, 14.18, 20.65, 103.88, 103.0, 39.59, 84.71, 10.29, 26.29, 14.41, 19.71, 11.41, 42.18, 20.59, 7.0, 4.24, 13.35, 21.24, 37.71, 80.29, 9.65, 23.29, 17.94, 23.35, 9.06, 39.82, 19.94, 6.29, 3.47, 13.0, 19.82
60, 2014-03-03, Away, BRK, L, L, 3.5, U, 187, 0, 1, 94.18, 90.41, 34.35, 79.18, 6.59, 18.35, 18.88, 24.35, 11.59, 44.82, 22.35, 7.94, 5.35, 13.59, 18.71, 34.71, 80.18, 6.82, 19.59, 14.18, 18.82, 9.71, 39.0, 18.65, 6.76, 5.88, 14.47, 21.0, 97.88, 98.53, 35.53, 78.47, 8.35, 24.41, 18.47, 24.18, 8.0, 36.47, 20.65, 10.06, 3.88, 13.76, 21.18, 36.0, 78.47, 7.29, 20.06, 19.24, 24.94, 11.82, 44.47, 20.65, 7.47, 4.65, 16.94, 19.94
61, 2014-03-05, Away, DET, W, W, -4, O, 192.5, 0, 0, 93.65, 90.94, 34.29, 78.47, 6.18, 17.76, 18.88, 24.41, 11.88, 44.94, 21.65, 7.65, 5.12, 14.29, 19.12, 34.53, 79.29, 6.88, 19.94, 15.0, 19.88, 9.41, 38.0, 18.35, 7.71, 5.59, 14.24, 21.0, 104.35, 104.76, 40.82, 89.47, 5.59, 17.12, 17.12, 25.53, 15.06, 46.18, 22.24, 9.0, 5.06, 13.24, 20.12, 39.24, 83.71, 8.76, 23.41, 17.53, 24.29, 11.24, 42.88, 24.29, 7.65, 5.06, 14.76, 20.0
62, 2014-03-07, Home, MEM, L, L, -1, U, 178.5, 0, 0, 94.76, 90.88, 34.94, 78.18, 6.0, 17.47, 18.88, 24.47, 11.71, 45.0, 22.0, 7.41, 5.12, 14.29, 18.59, 34.82, 80.12, 6.71, 19.59, 14.53, 19.35, 9.59, 37.53, 18.65, 7.53, 5.47, 13.82, 20.88, 95.47, 94.24, 37.94, 79.94, 4.94, 13.94, 14.65, 19.12, 9.76, 39.06, 22.12, 8.59, 5.24, 13.0, 18.76, 35.53, 79.0, 8.12, 21.35, 15.06, 20.0, 9.94, 39.18, 19.41, 6.76, 5.06, 14.06, 18.29
63, 2014-03-09, Home, MIA, W, W, 4.5, U, 186.5, 0, 0, 93.65, 90.82, 34.59, 77.71, 5.88, 17.53, 18.59, 23.94, 11.24, 44.94, 21.71, 7.12, 4.76, 14.65, 18.65, 34.94, 80.53, 6.71, 19.29, 14.24, 19.47, 9.88, 38.35, 18.82, 7.76, 5.71, 13.47, 20.47, 105.35, 99.12, 40.06, 77.29, 8.0, 21.94, 17.24, 22.88, 8.47, 37.18, 22.41, 9.24, 4.18, 13.82, 20.65, 36.12, 79.88, 8.06, 22.94, 18.82, 24.88, 12.65, 41.29, 21.18, 8.0, 2.65, 14.82, 19.53
64, 2014-03-11, Home, SAS, L, L, 5, O, 191, 0, 0, 94.59, 90.82, 35.24, 78.88, 6.12, 17.71, 18.0, 23.0, 11.06, 45.24, 22.0, 7.53, 4.76, 14.35, 18.71, 34.47, 80.18, 6.88, 19.94, 15.0, 20.18, 9.65, 38.94, 18.71, 7.76, 5.41, 13.76, 20.24, 105.41, 101.29, 39.0, 81.59, 7.88, 21.53, 19.53, 23.29, 8.29, 41.88, 24.41, 6.76, 5.94, 15.12, 18.24, 39.76, 87.35, 5.59, 16.53, 16.18, 21.41, 11.06, 42.47, 21.41, 8.71, 4.76, 12.35, 20.82
65, 2014-03-13, Home, HOU, W, W, 3.5, O, 193.5, 0, 0, 96.12, 91.12, 35.82, 78.71, 6.35, 17.59, 18.12, 22.65, 11.18, 45.76, 22.29, 7.12, 4.94, 14.35, 18.29, 34.71, 80.76, 7.47, 20.71, 14.24, 19.06, 9.35, 38.06, 19.12, 7.71, 5.41, 13.12, 20.24, 111.12, 102.59, 39.65, 80.94, 9.59, 24.94, 22.24, 30.47, 11.12, 45.47, 22.35, 8.06, 4.71, 16.47, 20.18, 38.82, 88.06, 8.06, 23.71, 16.88, 21.41, 11.88, 40.24, 21.82, 9.35, 5.41, 14.35, 24.18
66, 2014-03-15, Home, SAC, W, L, -8, U, 190, 0, 0, 96.71, 90.82, 36.29, 79.18, 6.82, 17.94, 17.29, 21.59, 11.29, 45.47, 23.59, 7.06, 4.82, 13.71, 18.35, 34.53, 80.71, 7.29, 20.59, 14.47, 19.35, 9.82, 38.18, 19.35, 7.41, 5.41, 12.82, 20.12, 100.41, 103.0, 35.47, 80.35, 5.12, 16.29, 24.35, 31.88, 12.65, 44.59, 17.41, 7.29, 3.88, 16.06, 21.41, 37.53, 82.29, 9.18, 22.29, 18.76, 24.88, 9.76, 39.59, 24.0, 8.18, 4.88, 13.53, 25.47
67, 2014-03-17, Home, OKC, L, L, 2.5, U, 193.5, 1, 0, 97.12, 89.94, 36.24, 79.24, 6.94, 18.29, 17.71, 22.35, 10.88, 45.18, 23.65, 6.94, 5.12, 13.47, 18.94, 34.0, 80.82, 6.76, 20.12, 15.18, 20.65, 10.24, 39.12, 18.65, 7.35, 5.41, 13.06, 20.35, 107.18, 103.88, 38.88, 82.59, 9.47, 25.65, 19.94, 24.88, 10.65, 43.82, 21.94, 8.65, 6.12, 15.35, 23.29, 37.24, 81.53, 9.35, 23.65, 20.06, 26.53, 9.35, 38.94, 23.29, 8.65, 3.35, 14.94, 19.47
68, 2014-03-19, Away, PHI, W, L, -13, O, 195, 0, 0, 96.71, 90.59, 35.94, 79.47, 6.82, 18.29, 18.0, 23.18, 11.18, 45.35, 23.65, 6.59, 5.0, 12.94, 18.88, 33.71, 80.41, 7.18, 20.47, 16.0, 21.65, 10.18, 39.29, 18.29, 7.12, 5.47, 12.65, 21.06, 93.53, 112.71, 35.12, 86.76, 6.65, 23.65, 16.65, 23.41, 11.59, 39.82, 20.18, 10.18, 3.35, 17.24, 23.06, 40.94, 82.12, 8.06, 20.94, 22.76, 29.65, 11.47, 48.47, 26.0, 10.0, 6.71, 17.88, 21.24
69, 2014-03-21, Away, IND, L, L, 6.5, U, 179.5, 0, 0, 96.82, 91.12, 35.53, 79.35, 6.82, 18.0, 18.94, 24.0, 11.0, 45.06, 23.18, 6.47, 5.18, 13.0, 19.47, 33.82, 80.47, 7.24, 20.53, 16.24, 22.24, 10.41, 39.88, 18.35, 7.35, 5.47, 12.71, 21.35, 97.18, 97.18, 35.88, 80.29, 6.47, 18.76, 18.94, 24.06, 10.29, 44.76, 19.35, 6.59, 5.53, 14.82, 21.29, 36.47, 84.18, 8.0, 21.65, 16.24, 22.47, 10.71, 42.06, 22.0, 7.18, 4.88, 12.59, 22.88
70, 2014-03-22, Home, PHI, W, L, -16, U, 193, 1, 1, 96.06, 92.0, 35.12, 79.76, 6.88, 17.82, 18.94, 24.18, 11.06, 44.53, 22.65, 6.76, 5.29, 12.88, 19.59, 34.29, 81.18, 7.06, 20.18, 16.35, 22.06, 10.94, 41.29, 19.24, 7.12, 5.71, 12.76, 21.18, 94.12, 110.35, 35.53, 85.88, 6.82, 23.94, 16.24, 23.29, 11.35, 39.65, 20.35, 10.06, 3.41, 16.18, 23.59, 39.47, 81.35, 7.94, 20.82, 23.47, 30.53, 11.76, 48.47, 25.06, 9.06, 6.24, 17.29, 21.29
71, 2014-03-24, Home, IND, W, W, -1.5, U, 176, 0, 0, 95.88, 91.35, 34.82, 79.65, 6.76, 17.94, 19.47, 24.82, 11.24, 44.88, 22.53, 6.88, 5.35, 12.82, 19.35, 34.0, 81.41, 6.94, 20.35, 16.41, 22.0, 11.35, 42.18, 18.94, 6.88, 5.82, 12.76, 21.12, 96.06, 96.12, 35.59, 79.71, 6.0, 17.53, 18.88, 24.0, 10.59, 44.94, 19.35, 6.29, 5.59, 14.65, 21.18, 36.12, 83.65, 7.59, 20.41, 16.29, 22.53, 10.59, 41.59, 21.06, 7.18, 5.18, 12.0, 23.0
72, 2014-03-28, Home, POR, L, L, -4.5, U, 186.5, 1, 0, 94.24, 90.65, 34.41, 79.65, 6.41, 17.82, 19.0, 24.18, 11.12, 44.65, 22.18, 6.82, 5.35, 12.71, 19.24, 33.53, 80.59, 6.76, 20.06, 16.82, 21.94, 11.0, 42.29, 18.88, 6.88, 5.59, 12.82, 21.0, 103.71, 101.18, 36.59, 84.35, 9.88, 28.76, 20.65, 25.41, 12.29, 46.88, 21.41, 5.18, 4.59, 14.0, 20.06, 38.65, 88.12, 6.71, 20.35, 17.18, 23.12, 12.12, 44.94, 20.94, 8.41, 3.76, 11.53, 21.88
73, 2014-03-30, Away, BOS, W, P, -5, O, 180.5, 0, 0, 93.94, 90.53, 34.65, 79.82, 6.24, 17.59, 18.41, 23.59, 10.94, 44.35, 22.47, 7.0, 5.18, 12.71, 19.29, 33.41, 80.12, 6.82, 20.0, 16.88, 22.06, 10.71, 42.65, 18.71, 6.88, 5.59, 12.94, 20.71, 97.24, 103.0, 36.35, 85.94, 7.41, 22.41, 17.12, 21.41, 13.59, 42.41, 22.18, 6.76, 3.18, 13.65, 20.71, 39.41, 81.35, 6.24, 19.59, 17.94, 22.18, 9.65, 41.0, 21.59, 7.53, 5.24, 13.47, 20.06
74, 2014-03-31, Home, BOS, W, W, -9.5, U, 185, 1, 1, 93.94, 90.47, 34.65, 78.76, 6.24, 17.12, 18.41, 23.71, 10.18, 43.35, 22.47, 6.82, 5.35, 12.88, 19.18, 33.53, 80.29, 6.59, 19.76, 16.82, 22.06, 10.76, 42.47, 18.82, 7.0, 5.53, 12.88, 20.76, 97.82, 103.35, 36.47, 85.35, 7.76, 22.82, 17.12, 21.35, 13.35, 41.94, 22.18, 6.65, 3.18, 13.71, 20.94, 39.24, 80.59, 6.29, 19.24, 18.59, 22.88, 9.24, 40.12, 21.65, 7.59, 5.12, 13.29, 19.71
75, 2014-04-02, Away, ATL, W, W, -2, O, 184, 0, 0, 93.41, 90.29, 34.71, 78.59, 6.12, 17.24, 17.88, 22.88, 9.88, 42.41, 22.71, 6.88, 5.0, 12.71, 18.71, 33.59, 79.88, 6.71, 20.0, 16.41, 21.65, 10.94, 42.24, 18.82, 7.24, 5.35, 12.88, 20.06, 99.24, 104.29, 35.88, 81.47, 9.35, 28.24, 18.12, 23.12, 8.29, 37.65, 23.0, 7.76, 3.24, 14.35, 20.35, 38.29, 80.82, 8.59, 22.53, 19.12, 24.18, 10.12, 44.29, 23.41, 8.94, 3.82, 15.12, 22.12
76, 2014-04-04, Home, MIL, W, W, -11.5, O, 185, 0, 0, 93.71, 90.35, 34.94, 79.0, 6.29, 17.59, 17.53, 22.12, 9.76, 41.82, 23.18, 7.29, 5.06, 12.29, 18.71, 33.47, 79.12, 6.53, 19.59, 16.88, 22.18, 10.71, 42.29, 19.24, 6.94, 5.24, 13.06, 19.88, 100.53, 107.53, 38.06, 82.76, 5.24, 16.12, 19.18, 25.59, 12.65, 40.82, 22.88, 6.35, 3.71, 12.35, 20.94, 40.29, 81.82, 8.65, 23.06, 18.29, 23.35, 11.41, 41.12, 23.29, 6.12, 5.12, 13.0, 21.29
77, 2014-04-05, Away, WAS, W, W, 2.5, U, 184, 1, 1, 93.29, 90.35, 34.47, 79.0, 6.24, 17.59, 18.12, 22.65, 9.88, 41.76, 22.82, 7.53, 5.06, 12.76, 19.41, 33.24, 78.47, 6.35, 19.0, 17.53, 23.18, 10.53, 41.94, 19.24, 7.35, 5.47, 13.53, 19.94, 101.35, 100.0, 38.88, 82.88, 8.82, 21.94, 14.76, 19.53, 10.71, 41.35, 22.41, 6.71, 3.94, 14.76, 19.88, 37.35, 81.71, 7.88, 22.59, 17.41, 22.18, 10.53, 40.94, 21.65, 7.71, 4.06, 14.12, 19.18
78, 2014-04-09, Away, MIN, W, W, -3, U, 192.5, 1, 0, 94.24, 89.29, 34.76, 79.82, 6.53, 18.18, 18.18, 22.53, 10.0, 41.88, 23.53, 7.59, 5.24, 11.88, 18.88, 33.24, 79.24, 6.12, 18.47, 16.71, 22.24, 11.0, 42.65, 19.06, 6.59, 5.53, 13.53, 20.0, 108.65, 107.35, 40.35, 86.71, 7.24, 20.59, 20.71, 26.71, 11.24, 41.76, 26.06, 9.12, 3.41, 13.53, 17.88, 41.59, 86.88, 8.59, 23.0, 15.59, 21.41, 11.94, 44.71, 23.24, 7.59, 4.59, 16.29, 22.59
79, 2014-04-11, Home, DET, W, L, -10, O, 192.5, 0, 0, 94.06, 88.88, 34.65, 79.94, 6.88, 18.29, 17.88, 22.24, 10.06, 41.53, 23.71, 7.53, 5.47, 11.88, 19.0, 32.94, 78.82, 6.24, 18.82, 16.76, 22.18, 11.18, 43.12, 18.53, 6.59, 5.47, 13.82, 20.12, 101.29, 107.53, 38.29, 87.65, 7.71, 21.82, 17.0, 24.94, 14.53, 46.59, 21.35, 7.41, 3.88, 13.0, 19.35, 40.94, 86.29, 9.0, 24.82, 16.65, 23.12, 11.88, 44.47, 25.88, 7.65, 5.18, 11.59, 20.59
80, 2014-04-13, Away, NYK, L, L, -3.5, O, 185, 0, 0, 95.76, 89.65, 35.18, 80.29, 7.06, 18.65, 18.35, 22.76, 10.24, 41.59, 24.35, 7.65, 5.76, 11.76, 19.0, 33.24, 79.29, 6.24, 19.35, 16.94, 22.47, 11.41, 43.12, 18.12, 6.47, 5.24, 13.71, 20.41, 101.41, 96.24, 37.0, 78.94, 10.12, 26.35, 17.29, 22.06, 9.65, 39.18, 20.12, 7.47, 4.24, 11.29, 20.76, 35.0, 77.82, 9.0, 24.65, 17.24, 23.06, 11.65, 40.29, 18.0, 6.06, 2.53, 13.18, 19.76
81, 2014-04-14, Home, ORL, W, W, -11, O, 182.5, 1, 1, 95.41, 90.35, 34.65, 79.35, 7.0, 18.82, 19.12, 23.65, 10.18, 41.47, 24.24, 7.24, 5.41, 12.0, 19.06, 33.65, 79.71, 6.35, 19.65, 16.71, 22.41, 11.47, 42.76, 17.88, 6.53, 5.0, 13.24, 20.65, 97.18, 102.88, 37.88, 82.71, 7.06, 19.12, 14.35, 19.12, 10.76, 42.18, 22.12, 7.29, 4.35, 15.47, 22.0, 37.71, 82.12, 8.0, 22.29, 19.47, 24.94, 9.94, 41.59, 22.47, 7.0, 4.65, 13.53, 16.41
82, 2014-04-16, Away, CHA, L, L, 2, U, 180, 0, 0, 96.12, 89.82, 35.06, 79.47, 6.82, 18.53, 19.18, 23.88, 10.06, 41.29, 24.53, 7.47, 5.29, 11.65, 19.18, 33.41, 79.29, 6.06, 19.29, 16.94, 22.65, 11.41, 42.41, 17.94, 6.41, 5.18, 13.53, 20.71, 101.94, 96.41, 38.65, 84.29, 7.59, 21.41, 17.06, 22.41, 10.88, 45.47, 23.82, 5.29, 5.06, 11.0, 18.06, 36.88, 83.94, 8.0, 22.47, 14.65, 19.94, 9.24, 40.59, 21.65, 6.12, 4.29, 11.53, 20.12
