8, 2013-11-16, Home, IND, W, W, -1.5, O, 178.5, 1, 1, 92.86, 89.43, 34.57, 80.0, 4.57, 15.86, 19.14, 22.57, 12.57, 45.29, 22.43, 7.86, 5.0, 16.71, 20.43, 33.0, 81.71, 7.86, 19.86, 15.57, 21.29, 12.0, 42.0, 20.14, 9.57, 7.0, 16.14, 21.57, 95.86, 82.29, 36.57, 78.43, 7.14, 19.57, 15.57, 19.86, 9.86, 45.29, 22.0, 6.43, 7.29, 15.14, 20.0, 30.86, 80.43, 5.57, 16.57, 15.0, 18.43, 10.86, 38.71, 15.43, 7.71, 4.86, 14.57, 22.29
9, 2013-11-18, Home, CHA, W, L, -12.5, U, 181, 0, 0, 95.0, 87.57, 35.29, 79.43, 5.14, 14.86, 19.29, 22.71, 12.29, 45.43, 22.71, 7.14, 5.29, 16.0, 20.0, 32.57, 83.57, 6.86, 19.29, 15.57, 21.14, 13.0, 41.57, 18.71, 8.86, 7.14, 14.86, 21.29, 90.71, 93.0, 31.57, 78.0, 5.57, 17.71, 22.0, 28.71, 11.43, 43.14, 19.29, 6.14, 5.29, 13.29, 19.43, 34.71, 78.86, 7.71, 21.14, 15.86, 20.0, 9.43, 40.0, 19.0, 6.43, 5.0, 13.71, 23.29
10, 2013-11-21, Away, DEN, L, L, -1, U, 199, 0, 0, 95.57, 87.57, 34.71, 79.29, 5.57, 14.29, 20.57, 24.43, 11.71, 46.29, 22.29, 6.86, 6.0, 15.71, 20.29, 32.86, 84.29, 6.57, 18.14, 15.29, 21.43, 12.86, 41.86, 19.43, 8.0, 7.14, 14.0, 21.14, 109.14, 107.29, 40.86, 89.29, 8.0, 21.71, 19.43, 27.29, 13.57, 46.57, 22.86, 7.57, 5.86, 13.86, 23.43, 39.43, 88.0, 8.0, 22.0, 20.43, 27.86, 13.43, 46.0, 22.29, 7.43, 6.29, 14.71, 23.71
11, 2013-11-22, Away, POR, L, W, 4, O, 189.5, 0, 1, 93.14, 86.14, 34.14, 80.0, 5.57, 13.71, 19.29, 23.71, 12.43, 47.29, 21.43, 6.29, 5.71, 15.57, 20.86, 32.29, 84.0, 6.29, 18.0, 15.29, 22.0, 13.29, 43.14, 19.29, 7.71, 7.71, 14.0, 21.0, 103.0, 94.71, 39.0, 84.43, 9.86, 23.57, 15.14, 19.71, 13.43, 47.29, 22.0, 6.71, 3.57, 15.14, 18.57, 37.14, 85.0, 4.14, 14.71, 16.29, 20.71, 11.57, 40.43, 16.71, 8.14, 3.0, 12.71, 19.29
12, 2013-11-24, Away, LAC, L, L, 6.5, O, 193.5, 1, 0, 95.29, 86.29, 35.0, 81.43, 5.57, 13.57, 19.71, 24.0, 13.29, 49.0, 20.86, 6.86, 5.14, 15.14, 20.43, 32.29, 84.29, 7.0, 19.14, 14.71, 21.14, 12.29, 41.29, 19.29, 8.0, 7.14, 13.71, 20.14, 104.0, 103.43, 38.29, 81.43, 8.29, 23.86, 19.14, 28.57, 10.57, 44.57, 25.0, 8.43, 4.14, 15.71, 22.43, 37.43, 84.86, 6.43, 19.71, 22.14, 29.14, 11.57, 43.71, 25.14, 8.29, 3.43, 13.57, 24.29
13, 2013-11-25, Away, UTA, L, L, -4.5, U, 181, 1, 1, 93.14, 93.14, 34.14, 82.71, 5.71, 14.14, 19.14, 23.71, 13.29, 47.71, 20.57, 5.43, 4.43, 14.29, 19.57, 35.57, 83.86, 7.14, 19.29, 14.86, 20.29, 10.71, 41.86, 21.29, 7.29, 7.29, 12.57, 20.43, 90.29, 99.86, 34.71, 79.0, 6.86, 18.86, 14.0, 20.86, 9.57, 38.14, 20.86, 8.43, 5.43, 16.43, 21.0, 37.71, 77.86, 6.71, 16.29, 17.71, 24.0, 10.57, 43.86, 20.86, 8.86, 5.71, 14.71, 20.14
14, 2013-11-27, Away, DET, W, W, 3.5, U, 185, 0, 0, 91.29, 94.29, 33.71, 82.14, 5.29, 13.71, 18.57, 24.0, 13.29, 48.86, 18.71, 4.71, 3.71, 15.29, 20.29, 35.86, 85.29, 7.43, 19.71, 15.14, 20.14, 10.86, 42.86, 22.57, 7.43, 6.29, 12.14, 20.86, 97.71, 95.71, 38.14, 81.86, 6.71, 20.86, 14.71, 22.71, 11.29, 42.57, 21.86, 9.14, 4.14, 12.86, 18.57, 36.43, 78.86, 8.29, 22.43, 14.57, 19.14, 9.0, 39.14, 22.86, 8.0, 4.14, 16.14, 19.29
15, 2013-11-30, Away, CLE, L, L, -5, O, 182.5, 1, 0, 91.71, 94.14, 34.57, 82.0, 5.14, 13.86, 17.43, 23.0, 12.86, 47.71, 19.14, 5.14, 3.14, 15.43, 19.43, 36.57, 84.57, 7.0, 18.43, 14.0, 19.71, 11.0, 42.14, 21.57, 7.86, 6.0, 12.0, 20.57, 91.43, 101.14, 34.43, 80.86, 7.0, 20.14, 15.57, 21.0, 10.14, 41.57, 17.43, 8.0, 3.29, 17.29, 20.29, 37.43, 81.86, 8.43, 21.0, 17.86, 23.29, 10.71, 44.43, 25.0, 9.14, 5.86, 15.14, 17.86
16, 2013-12-02, Home, NOP, L, L, -7, O, 191, 1, 0, 89.29, 94.57, 34.43, 82.43, 4.43, 13.29, 16.0, 21.71, 12.86, 46.86, 20.0, 5.0, 2.86, 14.86, 19.14, 37.0, 83.57, 7.43, 18.29, 13.14, 18.43, 10.71, 42.71, 22.14, 7.86, 5.86, 12.14, 20.43, 108.86, 102.0, 42.14, 86.71, 7.57, 19.29, 17.0, 23.29, 13.29, 43.14, 24.14, 10.0, 8.57, 13.14, 20.57, 39.0, 82.86, 9.14, 25.14, 14.86, 21.29, 10.29, 41.29, 23.43, 8.14, 5.71, 16.29, 20.86
17, 2013-12-05, Home, MIA, W, W, 4.5, O, 187.5, 0, 0, 95.29, 101.71, 37.43, 86.14, 4.71, 14.86, 15.71, 22.14, 13.86, 47.0, 22.43, 5.14, 2.71, 14.86, 19.86, 39.43, 86.71, 8.0, 19.29, 14.86, 20.0, 12.14, 44.14, 22.14, 8.29, 5.43, 12.43, 22.0, 101.29, 93.57, 36.71, 75.71, 8.29, 22.57, 19.57, 24.0, 6.43, 36.57, 21.57, 9.71, 5.14, 16.14, 19.57, 32.71, 77.0, 8.86, 24.71, 19.29, 26.29, 10.29, 40.86, 18.14, 9.29, 3.29, 17.43, 19.86
18, 2013-12-07, Home, DET, L, L, -2, U, 188, 0, 0, 98.14, 100.29, 37.29, 82.71, 5.71, 16.14, 17.86, 24.71, 12.57, 45.71, 22.71, 5.0, 2.57, 14.57, 20.14, 38.57, 85.71, 7.57, 19.43, 15.57, 20.29, 11.14, 41.14, 21.14, 8.71, 4.71, 11.57, 23.14, 104.29, 98.71, 39.14, 84.57, 6.29, 18.71, 19.71, 30.57, 14.57, 47.43, 21.86, 10.14, 4.86, 14.71, 20.57, 36.57, 81.43, 9.29, 24.43, 16.29, 21.43, 10.14, 39.43, 22.86, 9.71, 5.43, 17.71, 22.57
19, 2013-12-10, Home, MIL, L, L, -6, U, 180, 0, 0, 95.29, 99.43, 37.0, 83.71, 5.43, 16.71, 15.86, 22.71, 11.71, 44.57, 23.57, 5.0, 3.43, 14.43, 19.29, 38.29, 84.57, 7.57, 18.43, 15.29, 20.29, 11.57, 42.86, 20.29, 8.29, 5.57, 12.43, 23.43, 92.71, 97.86, 35.14, 83.0, 7.57, 20.57, 14.86, 20.14, 10.29, 41.57, 23.0, 6.29, 6.14, 14.14, 21.14, 35.0, 79.57, 6.86, 21.43, 21.0, 28.71, 12.43, 44.43, 20.43, 8.29, 5.57, 13.57, 19.71
20, 2013-12-11, Away, NYK, L, L, 3.5, U, 181, 1, 1, 94.14, 93.29, 36.86, 84.0, 5.29, 17.14, 15.14, 21.43, 12.0, 45.0, 23.14, 5.71, 4.43, 15.0, 20.0, 35.71, 83.57, 6.71, 17.0, 15.14, 20.43, 12.43, 42.14, 17.71, 8.14, 6.43, 13.29, 22.43, 96.43, 97.43, 36.14, 80.29, 10.14, 26.43, 14.0, 17.0, 9.0, 37.14, 21.14, 7.71, 5.86, 12.86, 22.86, 34.43, 73.0, 8.86, 22.14, 19.71, 26.86, 8.0, 38.29, 19.29, 6.43, 2.57, 13.57, 19.29
21, 2013-12-13, Away, MIL, W, L, -4, O, 177, 0, 0, 93.43, 92.43, 35.86, 83.0, 6.0, 18.29, 15.71, 21.57, 12.29, 44.86, 23.29, 6.43, 5.14, 15.57, 19.0, 35.43, 82.29, 6.43, 17.29, 15.14, 20.43, 12.14, 41.29, 17.0, 9.29, 6.86, 13.0, 21.86, 90.86, 96.57, 34.29, 81.57, 6.0, 18.29, 16.29, 22.0, 11.71, 40.71, 21.14, 5.86, 6.86, 13.57, 20.0, 35.71, 82.14, 6.0, 20.14, 19.14, 25.57, 13.71, 45.29, 20.29, 7.71, 6.14, 13.14, 22.29
22, 2013-12-14, Home, TOR, L, L, -3.5, U, 187.5, 1, 1, 92.29, 94.0, 34.71, 83.29, 6.14, 19.29, 16.71, 22.57, 13.57, 45.43, 23.57, 6.29, 5.86, 15.43, 20.0, 35.29, 81.86, 6.71, 17.0, 16.71, 21.29, 12.29, 41.29, 17.86, 8.57, 7.43, 12.86, 21.86, 99.71, 104.29, 36.43, 81.57, 7.57, 23.57, 19.29, 24.14, 10.14, 40.29, 18.86, 7.71, 4.29, 14.14, 20.57, 39.0, 81.29, 10.14, 24.43, 16.14, 20.86, 10.29, 41.43, 23.86, 8.14, 3.86, 16.0, 22.0
23, 2013-12-16, Home, ORL, L, L, -7, U, 185.5, 1, 0, 90.0, 94.29, 33.57, 83.86, 6.14, 19.71, 16.71, 22.14, 13.71, 46.14, 21.86, 6.29, 6.57, 16.29, 19.71, 35.71, 82.57, 6.43, 17.0, 16.43, 21.14, 11.86, 41.57, 18.71, 8.57, 8.0, 13.0, 21.71, 95.86, 104.57, 35.86, 84.14, 7.86, 25.0, 16.29, 21.57, 8.71, 40.71, 18.86, 8.29, 4.57, 12.71, 20.86, 38.57, 85.57, 9.29, 24.29, 18.14, 24.14, 11.86, 49.0, 22.0, 7.0, 5.71, 14.0, 19.57
24, 2013-12-18, Away, HOU, L, L, 8, O, 191, 0, 0, 83.43, 87.43, 30.71, 81.0, 5.71, 19.0, 16.29, 21.0, 12.43, 44.71, 19.71, 6.29, 6.29, 14.71, 19.29, 33.29, 78.29, 5.57, 15.43, 15.29, 19.57, 10.0, 41.57, 18.14, 7.86, 7.71, 13.0, 19.71, 100.71, 100.86, 35.71, 82.57, 8.29, 28.0, 21.0, 31.0, 13.43, 46.86, 17.0, 8.43, 5.57, 14.71, 21.71, 37.0, 83.86, 6.86, 21.14, 20.0, 25.86, 11.71, 45.14, 17.43, 8.0, 5.29, 15.0, 24.57
25, 2013-12-19, Away, OKC, L, W, 13.5, O, 191, 0, 1, 81.57, 90.57, 30.86, 81.71, 5.0, 18.0, 14.86, 19.71, 11.86, 42.43, 20.0, 7.0, 6.29, 15.0, 19.14, 35.0, 79.0, 5.86, 15.43, 14.71, 18.43, 10.43, 43.0, 19.14, 7.71, 7.71, 13.57, 19.29, 110.29, 95.57, 41.86, 83.57, 6.14, 19.43, 20.43, 24.86, 11.14, 48.57, 24.57, 9.29, 7.29, 16.29, 22.57, 34.43, 85.29, 6.29, 20.86, 20.43, 27.86, 12.29, 40.71, 20.43, 8.86, 3.43, 14.86, 20.14
26, 2013-12-21, Home, CLE, W, W, -3, U, 187, 1, 0, 84.43, 92.71, 30.71, 79.86, 5.71, 19.57, 17.29, 23.14, 11.86, 41.86, 20.43, 7.0, 6.14, 15.43, 19.86, 36.29, 79.57, 5.43, 14.86, 14.71, 18.29, 9.71, 41.86, 20.71, 8.29, 7.43, 13.29, 20.29, 104.57, 104.0, 39.86, 89.14, 8.0, 21.14, 16.86, 22.43, 13.0, 46.86, 20.29, 5.57, 3.29, 11.57, 17.14, 39.29, 88.29, 9.86, 28.86, 15.57, 19.71, 11.71, 45.57, 25.14, 6.43, 5.86, 12.71, 19.86
27, 2013-12-25, Away, BRK, W, W, 4, U, 189.5, 0, 0, 88.14, 93.57, 31.57, 77.86, 6.71, 19.57, 18.29, 24.57, 11.29, 42.86, 21.29, 6.57, 5.71, 15.86, 18.57, 37.14, 81.71, 5.71, 15.86, 13.57, 16.71, 9.57, 41.43, 21.71, 8.14, 6.43, 12.43, 20.86, 106.86, 103.29, 37.86, 76.57, 10.57, 24.29, 20.57, 26.14, 6.14, 38.14, 25.86, 6.71, 3.14, 15.14, 21.86, 37.71, 84.86, 8.29, 23.29, 19.57, 26.86, 10.71, 43.71, 20.57, 8.43, 2.43, 15.0, 21.43
28, 2013-12-28, Home, DAL, L, L, 2.5, U, 191, 0, 0, 90.57, 92.86, 33.29, 78.14, 6.57, 19.0, 17.43, 23.29, 10.57, 42.43, 22.43, 6.71, 5.14, 14.86, 19.0, 36.29, 81.0, 5.71, 15.57, 14.57, 18.43, 10.0, 41.43, 20.86, 6.86, 6.14, 12.86, 20.57, 105.43, 104.43, 41.14, 85.0, 7.43, 19.86, 15.71, 20.29, 10.43, 40.71, 24.43, 11.0, 5.43, 13.29, 18.43, 38.71, 83.14, 9.29, 21.29, 17.71, 22.71, 12.71, 44.0, 19.86, 8.0, 3.29, 16.71, 19.57
29, 2013-12-30, Away, MEM, W, W, 5, O, 177.5, 0, 0, 89.43, 95.0, 33.0, 77.14, 6.0, 18.0, 17.43, 23.29, 9.14, 41.0, 21.86, 6.86, 4.71, 14.86, 18.29, 37.43, 81.57, 7.0, 17.86, 13.14, 16.43, 9.14, 41.57, 22.0, 7.14, 6.0, 13.14, 20.71, 98.14, 97.43, 39.14, 88.0, 6.14, 16.43, 13.71, 19.29, 16.57, 47.14, 21.0, 8.29, 3.29, 10.86, 20.86, 34.86, 74.57, 8.0, 22.14, 19.71, 24.71, 7.43, 36.57, 20.29, 7.14, 7.43, 11.57, 17.0
30, 2013-12-31, Home, TOR, L, L, -1, U, 187, 0, 1, 92.0, 93.86, 32.57, 74.14, 6.0, 17.57, 20.86, 27.57, 9.0, 40.43, 21.43, 8.0, 4.86, 15.57, 18.43, 36.71, 80.86, 6.29, 16.43, 14.14, 17.86, 9.86, 40.71, 21.0, 8.29, 5.29, 14.43, 22.14, 103.29, 97.43, 37.57, 85.0, 8.86, 23.29, 19.29, 25.29, 12.57, 45.14, 21.71, 7.0, 4.71, 13.86, 21.57, 36.0, 83.43, 8.14, 20.0, 17.29, 22.86, 11.0, 43.14, 22.0, 8.71, 5.14, 16.0, 23.71
31, 2014-01-02, Home, BOS, W, W, -5, U, 182.5, 0, 0, 91.57, 94.14, 32.86, 74.29, 5.57, 16.29, 20.29, 26.86, 9.29, 40.43, 21.14, 8.14, 4.71, 17.0, 18.57, 36.14, 78.86, 6.14, 16.71, 15.71, 20.0, 9.57, 39.29, 20.29, 8.43, 5.71, 15.0, 22.43, 95.57, 99.14, 36.86, 81.86, 6.29, 19.86, 15.57, 20.43, 9.43, 43.43, 21.29, 5.43, 4.57, 14.71, 20.0, 37.43, 86.57, 7.71, 23.43, 16.57, 22.57, 12.43, 45.14, 22.0, 8.14, 3.57, 11.71, 18.57
32, 2014-01-04, Home, ATL, W, W, -5, U, 189.5, 1, 0, 91.57, 90.29, 32.43, 75.0, 5.14, 16.71, 21.57, 27.57, 9.71, 41.57, 21.14, 8.0, 5.29, 16.43, 18.57, 34.43, 78.71, 5.29, 15.29, 16.14, 21.0, 10.14, 40.86, 19.14, 8.29, 6.14, 15.86, 23.0, 110.86, 106.86, 40.43, 89.0, 12.0, 33.14, 18.0, 23.0, 9.71, 44.86, 26.71, 9.86, 4.71, 15.29, 20.43, 41.43, 89.71, 7.14, 23.14, 16.86, 22.57, 11.14, 46.71, 25.29, 8.57, 6.14, 16.14, 20.14
33, 2014-01-07, Home, PHO, W, W, 1.5, U, 190, 0, 0, 91.0, 87.0, 33.0, 75.57, 4.86, 15.0, 20.14, 25.43, 11.0, 43.29, 21.0, 8.57, 6.14, 16.0, 18.43, 32.86, 79.0, 5.14, 17.14, 16.14, 21.0, 11.43, 40.86, 18.43, 7.86, 6.29, 15.71, 22.0, 107.86, 100.14, 40.14, 88.57, 10.57, 29.43, 17.0, 22.29, 13.0, 46.57, 20.43, 10.29, 5.57, 15.43, 20.29, 38.29, 85.29, 6.86, 20.14, 16.71, 23.71, 12.71, 46.14, 20.43, 7.57, 4.29, 17.57, 20.29
34, 2014-01-10, Away, MIL, W, W, -4, U, 177.5, 0, 0, 89.86, 87.43, 32.86, 77.43, 4.29, 14.86, 19.86, 25.29, 11.71, 43.43, 20.86, 8.86, 6.14, 15.0, 19.0, 32.43, 77.86, 5.43, 17.86, 17.14, 22.43, 11.14, 41.57, 17.14, 8.0, 6.86, 16.14, 22.14, 94.14, 103.43, 37.0, 84.14, 7.0, 23.29, 13.14, 17.86, 11.0, 42.0, 21.43, 8.0, 5.14, 13.86, 20.43, 37.86, 85.71, 9.86, 23.71, 17.86, 23.0, 11.43, 45.43, 22.71, 7.29, 5.0, 12.57, 19.0
35, 2014-01-11, Home, CHA, W, W, -4, O, 177, 1, 1, 87.86, 86.57, 31.14, 75.71, 4.43, 14.71, 21.14, 28.0, 11.29, 43.29, 20.57, 8.14, 6.43, 14.43, 18.57, 32.86, 80.29, 5.71, 18.43, 15.14, 19.71, 11.57, 42.86, 17.71, 7.86, 6.71, 15.57, 23.57, 96.14, 109.43, 36.0, 83.14, 7.57, 18.14, 16.57, 22.29, 7.14, 39.57, 19.57, 6.71, 3.14, 11.43, 15.86, 43.14, 87.71, 10.86, 25.71, 12.29, 16.14, 10.43, 49.43, 26.29, 7.43, 5.43, 12.57, 19.57
36, 2014-01-13, Home, WAS, L, L, -2.5, O, 180.5, 0, 0, 90.71, 85.43, 32.0, 76.71, 4.86, 14.29, 21.86, 29.0, 12.0, 45.0, 21.14, 7.71, 7.14, 13.71, 18.86, 32.29, 80.43, 4.43, 16.29, 16.43, 21.0, 11.43, 42.14, 16.57, 7.43, 6.71, 14.57, 24.0, 90.57, 98.0, 35.43, 85.29, 5.71, 18.14, 14.0, 19.71, 12.29, 44.29, 20.0, 8.0, 5.14, 13.14, 21.71, 36.29, 78.29, 7.14, 18.29, 18.29, 24.43, 8.71, 43.0, 22.86, 7.43, 4.29, 13.71, 18.71
37, 2014-01-15, Away, ORL, W, L, -6, O, 181.5, 0, 0, 89.71, 87.0, 32.86, 78.71, 5.29, 15.14, 18.71, 25.71, 12.71, 45.71, 22.43, 7.0, 6.14, 13.29, 18.86, 32.86, 80.0, 5.43, 18.14, 15.86, 21.0, 10.86, 42.57, 17.43, 6.86, 6.57, 13.43, 22.57, 87.86, 105.43, 32.14, 81.29, 6.86, 23.0, 16.71, 22.57, 10.29, 42.29, 18.43, 6.43, 3.57, 13.43, 18.86, 39.71, 84.86, 8.29, 23.57, 17.71, 21.71, 11.43, 48.71, 25.14, 6.86, 6.0, 12.0, 18.43
38, 2014-01-17, Away, WAS, L, W, 5, O, 186.5, 0, 0, 96.71, 92.71, 35.43, 83.14, 6.71, 18.57, 19.14, 26.0, 14.0, 47.71, 24.43, 7.57, 6.43, 13.57, 19.0, 36.29, 85.0, 5.71, 19.86, 14.43, 18.86, 11.0, 43.71, 18.57, 7.43, 6.43, 13.86, 23.43, 97.71, 97.57, 37.29, 82.43, 6.86, 18.71, 16.29, 23.57, 10.0, 43.29, 22.71, 8.0, 5.71, 11.57, 21.86, 36.43, 79.14, 7.0, 18.29, 17.71, 24.43, 8.86, 43.0, 22.86, 6.57, 3.86, 14.0, 19.86
39, 2014-01-18, Home, PHI, W, W, -8.5, U, 197, 1, 1, 96.57, 94.71, 35.43, 82.0, 7.71, 19.86, 18.0, 24.29, 13.29, 46.71, 24.14, 7.71, 6.29, 13.86, 18.43, 37.43, 84.71, 6.29, 19.71, 13.57, 17.43, 10.29, 42.0, 20.29, 7.71, 6.43, 13.43, 22.14, 95.14, 106.43, 37.0, 84.0, 5.29, 18.43, 15.86, 23.57, 9.43, 42.29, 21.29, 9.43, 3.86, 17.71, 20.57, 39.71, 90.29, 8.86, 23.86, 18.14, 24.71, 14.57, 50.14, 26.86, 10.14, 8.29, 15.71, 20.71
40, 2014-01-20, Home, LAL, W, L, -8.5, O, 198, 1, 0, 98.29, 93.86, 36.43, 82.14, 7.71, 20.29, 17.71, 23.71, 12.0, 46.71, 25.29, 7.43, 6.0, 14.29, 18.43, 37.71, 86.29, 5.43, 18.43, 13.0, 17.14, 10.14, 41.86, 19.71, 7.71, 6.0, 13.71, 22.14, 104.86, 113.86, 37.14, 83.14, 9.29, 23.86, 21.29, 26.0, 9.14, 42.14, 23.86, 4.71, 4.29, 16.43, 20.43, 44.29, 92.14, 7.43, 22.43, 17.86, 25.57, 13.29, 48.29, 26.86, 11.86, 5.29, 10.57, 20.29
41, 2014-01-22, Away, CLE, W, W, 4.5, U, 186, 0, 0, 99.71, 95.71, 36.86, 85.0, 7.86, 21.29, 18.14, 23.86, 12.71, 47.43, 25.29, 8.43, 6.0, 14.43, 18.43, 38.0, 86.43, 5.71, 18.71, 14.0, 18.14, 10.14, 42.71, 21.14, 8.29, 6.14, 15.0, 22.0, 104.86, 108.0, 39.29, 85.43, 8.0, 20.29, 18.29, 25.57, 12.0, 45.71, 22.43, 7.14, 3.43, 12.0, 22.29, 39.86, 85.0, 10.0, 26.71, 18.29, 24.43, 9.43, 40.71, 25.14, 6.0, 5.43, 12.14, 20.57
42, 2014-01-24, Home, LAC, L, L, 2, O, 189.5, 0, 0, 102.14, 97.86, 38.71, 86.14, 8.43, 22.0, 16.29, 20.86, 12.57, 47.29, 26.14, 8.43, 6.43, 14.29, 18.43, 38.71, 86.43, 5.86, 18.43, 14.57, 19.0, 10.57, 41.71, 22.29, 8.43, 5.86, 14.57, 20.43, 109.57, 102.57, 38.29, 82.43, 9.0, 26.29, 24.0, 31.86, 10.43, 43.0, 24.14, 8.14, 5.71, 12.43, 20.86, 37.86, 84.71, 6.29, 18.43, 20.57, 26.57, 12.29, 44.71, 22.29, 5.57, 3.29, 14.29, 26.0
43, 2014-01-25, Away, CHA, W, W, -1.5, U, 182, 1, 1, 101.0, 100.0, 39.0, 87.86, 8.43, 22.71, 14.57, 18.71, 13.71, 47.29, 26.29, 8.29, 5.57, 14.0, 18.14, 39.29, 86.0, 7.14, 19.86, 14.29, 19.86, 11.14, 42.57, 23.43, 8.29, 5.14, 14.29, 19.57, 99.71, 101.29, 36.57, 76.71, 7.0, 17.29, 19.57, 26.29, 5.14, 37.29, 25.0, 5.57, 4.86, 11.0, 16.43, 40.43, 84.86, 8.43, 22.86, 12.0, 16.86, 9.14, 42.71, 21.57, 5.71, 4.71, 12.57, 21.71
44, 2014-01-27, Home, MIN, L, L, 4.5, U, 197, 0, 0, 101.14, 97.86, 38.57, 87.57, 8.71, 23.0, 15.29, 19.14, 12.29, 47.14, 26.14, 8.71, 5.86, 13.43, 17.43, 39.0, 87.86, 7.0, 20.0, 12.86, 17.29, 11.57, 43.29, 23.29, 7.43, 5.57, 14.71, 19.71, 102.57, 101.86, 38.57, 88.43, 6.86, 19.57, 18.57, 25.0, 11.57, 43.57, 23.57, 9.0, 3.86, 11.0, 20.0, 39.71, 82.57, 7.14, 18.43, 15.29, 19.0, 9.14, 44.0, 23.86, 6.29, 6.29, 15.0, 22.71
45, 2014-01-29, Away, SAS, W, W, 7.5, U, 187.5, 1, 0, 95.14, 93.57, 36.29, 83.57, 8.14, 21.71, 14.43, 18.14, 11.29, 44.71, 24.57, 8.71, 5.57, 12.86, 17.86, 36.29, 83.43, 6.86, 18.71, 14.14, 18.71, 11.14, 41.57, 22.71, 7.29, 6.0, 14.14, 17.71, 102.86, 99.43, 39.71, 79.57, 8.43, 19.86, 15.0, 20.29, 8.43, 40.14, 25.14, 7.14, 5.43, 14.29, 19.57, 38.29, 81.57, 6.14, 16.14, 16.71, 23.71, 10.71, 41.86, 21.14, 7.29, 4.71, 12.86, 20.86
46, 2014-02-01, Away, NOP, L, L, 1, U, 182.5, 0, 0, 95.57, 92.14, 36.57, 84.57, 7.43, 20.0, 15.0, 19.14, 12.29, 45.43, 24.14, 8.86, 6.0, 11.71, 18.29, 35.29, 82.29, 6.71, 19.0, 14.86, 19.14, 10.86, 40.86, 21.14, 6.71, 5.14, 14.57, 18.57, 94.14, 96.14, 34.57, 77.0, 4.29, 13.43, 20.71, 26.57, 10.86, 41.14, 18.86, 8.14, 7.71, 13.57, 23.86, 35.57, 80.57, 5.86, 18.57, 19.14, 25.29, 11.71, 42.0, 19.43, 6.71, 5.29, 13.29, 21.0
47, 2014-02-03, Away, SAC, L, L, 1.5, U, 193.5, 0, 0, 92.14, 93.57, 34.71, 82.86, 7.0, 19.43, 15.71, 21.0, 13.0, 44.0, 23.14, 8.0, 5.57, 11.86, 18.57, 35.86, 79.86, 7.0, 17.57, 14.86, 18.86, 10.0, 39.43, 21.86, 6.57, 6.43, 13.86, 19.29, 101.43, 109.57, 37.43, 85.0, 7.14, 22.29, 19.43, 25.0, 12.86, 43.86, 18.0, 5.43, 3.71, 13.57, 27.0, 39.0, 82.29, 6.43, 22.14, 25.14, 34.86, 11.57, 43.57, 24.29, 8.57, 5.57, 10.0, 20.71
48, 2014-02-04, Away, PHO, W, W, 7.5, O, 192.5, 0, 1, 87.57, 93.43, 32.29, 79.43, 6.57, 19.29, 16.43, 22.43, 11.43, 40.43, 21.86, 7.71, 5.14, 11.71, 19.43, 36.0, 77.86, 6.14, 15.14, 15.29, 20.0, 10.14, 40.29, 21.29, 6.0, 5.57, 14.0, 20.14, 110.71, 101.43, 39.43, 80.71, 9.0, 20.86, 22.86, 27.86, 10.14, 41.43, 20.14, 7.57, 4.14, 14.43, 24.0, 37.14, 84.14, 5.71, 17.71, 21.43, 27.14, 12.43, 40.0, 19.71, 6.86, 4.43, 14.86, 24.0
49, 2014-02-06, Away, GSW, L, L, 6, O, 185.5, 0, 0, 88.0, 94.14, 32.0, 80.57, 6.0, 18.86, 18.0, 24.29, 11.57, 40.57, 20.29, 8.29, 4.86, 12.86, 20.0, 35.71, 76.71, 6.14, 16.43, 16.57, 21.57, 9.0, 41.14, 19.71, 6.14, 6.0, 15.71, 20.86, 97.57, 96.0, 37.0, 88.29, 8.0, 23.86, 15.57, 19.86, 12.14, 47.14, 21.71, 7.86, 4.86, 13.14, 20.86, 36.14, 83.57, 7.0, 18.57, 16.71, 23.57, 11.14, 47.14, 20.14, 6.71, 3.43, 14.86, 18.57
50, 2014-02-09, Away, LAL, W, W, -3, U, 193, 0, 0, 86.86, 92.71, 30.86, 78.29, 5.71, 18.14, 19.43, 25.57, 10.71, 40.43, 19.29, 8.71, 5.0, 13.86, 19.86, 35.57, 77.71, 5.86, 16.57, 15.71, 20.0, 9.29, 41.0, 19.43, 6.57, 6.57, 16.43, 21.0, 104.29, 107.57, 39.0, 85.57, 10.0, 24.43, 16.29, 20.86, 6.86, 40.57, 26.43, 7.0, 4.43, 11.71, 20.86, 40.29, 89.86, 7.86, 22.43, 19.14, 27.57, 14.0, 52.57, 24.43, 7.71, 3.0, 12.14, 19.14
51, 2014-02-11, Home, ATL, W, W, -1.5, U, 187.5, 0, 0, 87.29, 92.57, 31.29, 78.71, 5.14, 18.0, 19.57, 24.86, 11.29, 40.71, 18.86, 9.0, 5.14, 14.0, 19.86, 35.43, 76.86, 5.86, 16.57, 15.86, 20.14, 8.71, 40.71, 19.71, 7.14, 6.14, 16.86, 20.57, 103.86, 97.57, 38.86, 82.14, 10.14, 23.57, 16.0, 20.71, 9.14, 41.0, 27.57, 10.0, 3.71, 15.29, 18.57, 37.29, 83.57, 6.29, 18.29, 16.71, 21.43, 11.57, 42.14, 21.43, 8.71, 5.29, 16.0, 18.57
52, 2014-02-13, Home, BRK, W, W, -3.5, U, 185, 1, 0, 89.29, 91.14, 32.86, 78.71, 5.14, 17.43, 18.43, 24.43, 12.14, 42.86, 20.29, 8.57, 5.29, 14.14, 17.57, 35.57, 77.86, 6.57, 17.43, 13.43, 17.71, 8.71, 39.0, 19.86, 7.29, 5.86, 16.29, 20.86, 99.29, 98.43, 36.29, 78.71, 9.0, 25.0, 17.71, 23.14, 8.29, 36.29, 21.0, 11.0, 4.71, 14.0, 22.57, 36.43, 78.29, 6.86, 19.0, 18.71, 25.71, 11.43, 43.57, 20.29, 8.14, 5.29, 18.14, 19.71
53, 2014-02-19, Away, TOR, W, W, 3, O, 182.5, 1, 0, 88.71, 89.71, 32.57, 76.86, 5.14, 17.71, 18.43, 24.14, 11.43, 43.71, 21.0, 8.29, 5.29, 15.29, 18.29, 34.57, 77.29, 6.57, 18.0, 14.0, 19.43, 8.43, 38.43, 19.29, 7.71, 6.29, 15.71, 20.57, 102.57, 98.43, 37.57, 83.43, 8.14, 23.57, 19.29, 25.0, 11.71, 40.29, 23.43, 6.57, 3.57, 11.0, 25.86, 34.57, 77.43, 5.43, 16.86, 23.86, 31.86, 11.43, 41.14, 19.43, 6.57, 3.29, 13.14, 22.43
54, 2014-02-21, Home, DEN, W, W, -7.5, O, 189, 1, 0, 90.86, 90.29, 33.86, 77.14, 5.71, 17.14, 17.43, 22.29, 10.29, 43.14, 21.71, 8.29, 5.43, 15.14, 19.29, 34.14, 77.71, 6.43, 19.14, 15.57, 21.29, 8.71, 38.57, 18.43, 7.57, 4.86, 15.43, 20.43, 98.14, 111.57, 35.71, 85.14, 8.57, 25.43, 18.14, 26.14, 14.0, 44.0, 19.0, 6.43, 5.29, 17.29, 22.43, 42.14, 88.43, 8.14, 22.29, 19.14, 25.14, 12.43, 45.71, 23.0, 10.14, 4.86, 14.14, 21.29
55, 2014-02-23, Away, MIA, L, L, 5, U, 184.5, 0, 0, 97.57, 88.86, 36.71, 78.0, 6.57, 16.71, 17.57, 21.29, 10.71, 46.0, 23.29, 7.86, 6.14, 14.86, 19.0, 34.0, 80.29, 7.14, 20.14, 13.71, 19.57, 9.0, 36.71, 17.57, 7.29, 5.57, 14.29, 20.0, 105.86, 99.43, 38.86, 76.57, 8.71, 24.29, 19.43, 25.29, 7.57, 36.0, 24.0, 11.57, 3.86, 14.14, 21.57, 34.86, 80.14, 7.86, 22.71, 21.86, 27.86, 14.14, 44.43, 20.71, 8.71, 2.86, 16.86, 21.43
56, 2014-02-25, Away, ATL, W, W, -2.5, O, 189, 0, 0, 94.43, 89.0, 35.86, 78.43, 6.57, 17.14, 16.14, 19.29, 11.71, 47.0, 24.0, 6.86, 5.86, 14.0, 17.86, 34.86, 81.43, 7.29, 19.43, 12.0, 17.43, 9.57, 35.86, 19.0, 7.29, 5.86, 12.29, 19.43, 93.29, 102.57, 33.86, 77.14, 9.86, 23.86, 15.71, 21.29, 8.0, 39.71, 22.29, 6.71, 3.0, 14.86, 17.14, 41.29, 87.57, 9.0, 22.86, 11.0, 16.86, 11.71, 44.14, 25.86, 8.14, 4.86, 11.43, 17.71
57, 2014-02-26, Home, GSW, W, W, 3.5, U, 186.5, 0, 1, 97.29, 89.14, 36.57, 80.0, 7.14, 18.57, 17.0, 20.57, 11.86, 47.43, 24.57, 7.29, 5.71, 13.57, 17.71, 34.57, 81.57, 7.71, 21.0, 12.29, 17.57, 9.43, 36.29, 18.57, 7.29, 5.29, 12.86, 20.0, 106.0, 98.0, 39.29, 85.86, 8.57, 23.86, 18.86, 24.14, 11.29, 45.0, 22.71, 8.71, 6.0, 12.14, 21.0, 37.14, 86.43, 6.29, 20.14, 17.43, 23.86, 11.71, 44.43, 18.57, 7.14, 3.71, 14.71, 20.57
58, 2014-02-28, Away, DAL, W, W, 4.5, U, 193.5, 0, 0, 98.86, 88.71, 37.0, 80.43, 6.86, 17.43, 18.0, 22.43, 13.0, 49.29, 25.0, 6.57, 6.14, 13.86, 18.86, 33.71, 81.86, 7.57, 21.29, 13.71, 19.14, 9.71, 36.0, 17.29, 7.14, 5.57, 12.57, 21.71, 104.43, 102.14, 39.29, 83.29, 8.71, 23.43, 17.14, 20.71, 11.0, 42.29, 26.57, 7.86, 5.0, 13.29, 18.0, 39.14, 80.86, 8.43, 23.29, 15.43, 21.43, 9.57, 38.14, 25.29, 6.86, 4.29, 14.14, 19.71
59, 2014-03-02, Home, NYK, W, W, -6.5, O, 186, 0, 0, 98.86, 89.57, 36.0, 78.43, 7.0, 17.29, 19.86, 24.57, 11.86, 47.71, 23.43, 6.57, 5.71, 14.71, 20.29, 33.57, 82.57, 7.71, 22.43, 14.71, 20.29, 10.86, 37.29, 16.71, 7.57, 5.43, 13.0, 22.29, 100.43, 109.86, 37.57, 86.57, 9.86, 27.29, 15.43, 20.0, 11.43, 41.86, 19.14, 6.57, 3.86, 13.29, 22.0, 40.43, 82.14, 10.43, 23.71, 18.57, 24.14, 8.57, 41.57, 22.0, 5.86, 4.86, 12.0, 20.14
60, 2014-03-03, Away, BRK, L, L, 3.5, U, 187, 0, 1, 101.29, 91.57, 36.57, 80.43, 7.57, 18.43, 20.57, 26.29, 12.57, 47.71, 24.0, 6.86, 5.29, 13.0, 18.71, 34.86, 84.29, 7.71, 22.57, 14.14, 18.86, 12.0, 39.71, 17.43, 6.43, 5.43, 12.57, 22.57, 96.29, 99.57, 34.71, 78.43, 7.43, 23.43, 19.43, 25.86, 8.29, 36.14, 19.71, 9.86, 3.0, 13.29, 19.0, 36.86, 79.14, 7.14, 20.0, 18.71, 23.71, 12.0, 45.71, 21.29, 7.14, 4.86, 16.14, 20.14
61, 2014-03-05, Away, DET, W, W, -4, O, 192.5, 0, 0, 99.29, 92.14, 35.71, 79.43, 7.14, 18.57, 20.71, 26.71, 12.71, 48.43, 22.14, 7.14, 4.29, 14.29, 18.57, 34.71, 82.86, 8.29, 23.71, 14.43, 19.57, 11.14, 39.0, 17.86, 8.14, 5.29, 12.71, 21.71, 103.86, 109.0, 41.43, 90.14, 5.0, 14.71, 16.0, 23.29, 13.14, 42.71, 23.71, 8.57, 5.29, 11.43, 19.86, 40.29, 84.43, 10.29, 26.43, 18.14, 23.86, 11.57, 43.57, 27.29, 6.57, 6.57, 14.43, 20.14
62, 2014-03-07, Home, MEM, L, L, -1, U, 178.5, 0, 0, 97.57, 92.86, 35.86, 78.86, 6.43, 18.86, 19.43, 25.29, 12.29, 47.43, 21.86, 6.71, 3.86, 14.43, 17.71, 35.29, 82.86, 7.57, 23.14, 14.71, 18.86, 10.57, 37.86, 19.71, 8.14, 5.0, 11.71, 20.14, 102.86, 101.0, 40.43, 82.43, 6.29, 15.14, 15.71, 20.29, 9.86, 39.86, 24.57, 8.71, 4.86, 13.29, 20.14, 36.14, 78.57, 10.14, 22.43, 18.57, 24.14, 9.14, 37.86, 20.57, 6.86, 5.14, 13.71, 18.86
63, 2014-03-09, Home, MIA, W, W, 4.5, U, 186.5, 0, 0, 97.29, 91.71, 36.14, 78.0, 5.86, 17.71, 19.14, 24.86, 11.0, 45.57, 21.57, 7.0, 3.57, 14.57, 18.29, 35.0, 81.43, 7.0, 21.0, 14.71, 19.43, 10.0, 38.43, 19.29, 8.29, 4.86, 12.57, 19.71, 104.29, 94.86, 40.57, 79.0, 7.57, 20.43, 15.57, 20.57, 9.0, 37.86, 20.86, 9.14, 4.71, 12.71, 20.0, 35.14, 80.0, 6.0, 21.57, 18.57, 24.57, 12.57, 42.71, 21.14, 6.57, 2.29, 14.57, 19.14
64, 2014-03-11, Home, SAS, L, L, 5, O, 191, 0, 0, 95.57, 89.57, 36.29, 78.29, 5.71, 17.0, 17.29, 23.14, 10.71, 45.43, 21.71, 7.0, 4.29, 14.57, 18.71, 33.86, 80.0, 6.0, 19.14, 15.86, 20.29, 9.29, 38.43, 19.14, 8.43, 5.86, 12.71, 19.57, 109.0, 100.57, 38.86, 81.71, 8.86, 23.29, 22.43, 25.71, 8.86, 43.57, 27.86, 7.0, 6.29, 15.57, 16.0, 40.43, 87.57, 5.86, 17.14, 13.86, 18.0, 9.71, 40.57, 23.29, 9.43, 4.14, 12.57, 21.71
65, 2014-03-13, Home, HOU, W, W, 3.5, O, 193.5, 0, 0, 94.57, 92.57, 35.57, 77.14, 6.14, 17.57, 17.29, 22.86, 9.86, 43.0, 21.43, 6.43, 3.71, 14.29, 17.71, 35.29, 79.29, 7.0, 19.14, 15.0, 19.29, 8.71, 38.0, 20.29, 8.43, 5.29, 12.0, 19.43, 106.57, 101.14, 38.14, 80.71, 9.14, 26.43, 21.14, 30.29, 11.14, 44.57, 21.0, 7.57, 4.29, 16.0, 20.14, 38.43, 86.71, 7.0, 22.0, 17.29, 22.14, 12.86, 42.29, 21.86, 9.57, 7.29, 14.14, 24.71
66, 2014-03-15, Home, SAC, W, L, -8, U, 190, 0, 0, 96.14, 92.0, 36.57, 79.29, 6.86, 18.29, 16.14, 20.71, 10.0, 42.0, 23.71, 6.71, 4.0, 12.43, 18.43, 34.43, 78.43, 6.14, 18.43, 17.0, 21.71, 9.57, 39.71, 20.14, 7.14, 5.29, 12.43, 19.57, 98.43, 99.86, 35.14, 77.71, 4.57, 16.86, 23.57, 33.14, 13.29, 47.14, 16.86, 6.43, 3.86, 17.71, 23.0, 35.86, 79.86, 7.71, 20.71, 20.43, 26.57, 8.14, 36.57, 22.29, 8.14, 4.14, 11.43, 27.14
67, 2014-03-17, Home, OKC, L, L, 2.5, U, 193.5, 1, 0, 94.0, 91.57, 35.43, 78.43, 6.57, 18.0, 16.57, 20.71, 9.0, 41.29, 22.43, 6.29, 4.43, 13.57, 20.43, 33.86, 79.29, 5.71, 17.86, 18.14, 24.43, 10.57, 41.29, 19.43, 8.0, 5.43, 13.0, 19.43, 113.71, 106.0, 39.86, 85.14, 10.43, 28.29, 23.57, 29.14, 11.0, 47.86, 22.29, 8.57, 6.43, 15.14, 25.86, 36.0, 81.57, 11.57, 26.57, 22.43, 30.57, 7.86, 38.71, 22.57, 8.0, 3.71, 15.14, 21.29
68, 2014-03-19, Away, PHI, W, L, -13, O, 195, 0, 0, 94.71, 91.71, 35.29, 81.14, 6.71, 19.29, 17.43, 21.86, 9.57, 41.71, 23.71, 6.43, 4.86, 10.71, 19.29, 33.43, 79.57, 6.57, 17.86, 18.29, 24.43, 10.57, 43.86, 19.57, 5.71, 5.86, 13.0, 20.71, 93.29, 110.0, 35.0, 84.57, 7.43, 23.86, 15.86, 22.29, 11.0, 38.86, 21.43, 10.0, 3.0, 17.57, 26.0, 38.0, 75.57, 8.0, 21.0, 26.0, 35.29, 10.14, 45.43, 23.43, 10.29, 5.86, 19.0, 22.14
69, 2014-03-21, Away, IND, L, L, 6.5, U, 179.5, 0, 0, 94.29, 91.71, 34.29, 81.57, 7.14, 18.71, 18.57, 23.29, 10.43, 43.0, 23.14, 6.29, 5.43, 11.0, 19.71, 33.14, 78.71, 7.86, 19.71, 17.57, 24.71, 10.71, 44.71, 19.14, 6.86, 5.86, 13.57, 22.0, 96.0, 97.14, 35.43, 77.0, 6.43, 19.14, 18.71, 24.14, 9.86, 45.14, 19.14, 6.0, 5.43, 16.0, 22.29, 35.29, 84.57, 7.43, 22.29, 19.14, 24.57, 11.29, 40.71, 21.43, 7.86, 3.43, 11.57, 23.0
70, 2014-03-22, Home, PHI, W, L, -16, U, 193, 1, 1, 94.57, 92.57, 33.86, 81.86, 7.57, 18.43, 19.29, 24.71, 11.0, 42.71, 23.29, 7.43, 6.57, 11.0, 20.57, 33.0, 78.86, 7.43, 20.14, 19.14, 25.71, 11.0, 45.57, 20.29, 6.14, 6.29, 14.0, 22.29, 93.57, 105.14, 35.43, 84.86, 8.29, 25.71, 14.43, 21.43, 12.43, 41.71, 21.43, 9.29, 3.29, 15.57, 25.14, 36.57, 76.86, 7.71, 21.14, 24.29, 32.57, 10.29, 45.43, 22.71, 8.71, 5.29, 16.86, 20.71
71, 2014-03-24, Home, IND, W, W, -1.5, U, 176, 0, 0, 94.0, 91.57, 32.86, 79.0, 7.29, 17.71, 21.0, 26.71, 10.71, 42.29, 23.0, 6.71, 6.86, 11.43, 20.86, 33.0, 80.71, 6.57, 20.14, 19.0, 25.71, 12.86, 46.43, 19.0, 5.43, 5.86, 13.0, 22.57, 93.43, 89.14, 34.71, 78.71, 5.57, 18.29, 18.43, 23.43, 10.43, 46.57, 19.86, 5.86, 6.29, 14.43, 20.57, 33.14, 83.86, 5.86, 18.86, 17.0, 22.43, 11.14, 41.71, 18.86, 7.57, 5.14, 12.0, 23.71
72, 2014-03-28, Home, POR, L, L, -4.5, U, 186.5, 1, 0, 93.0, 87.71, 33.29, 80.29, 6.71, 17.29, 19.71, 25.0, 10.57, 43.29, 23.0, 7.14, 7.14, 10.86, 21.29, 31.14, 79.86, 5.43, 18.57, 20.0, 26.57, 13.0, 47.0, 17.0, 5.29, 6.0, 13.57, 21.86, 102.57, 104.0, 35.86, 84.29, 10.71, 31.43, 20.14, 24.14, 11.57, 45.0, 22.57, 5.0, 3.43, 12.71, 17.86, 40.29, 89.0, 7.71, 21.0, 15.71, 20.86, 12.57, 46.29, 21.43, 8.43, 4.43, 11.29, 22.71
73, 2014-03-30, Away, BOS, W, P, -5, O, 180.5, 0, 0, 87.71, 88.29, 31.86, 80.0, 5.14, 16.29, 18.86, 24.14, 10.86, 44.29, 21.29, 6.71, 6.71, 11.57, 20.14, 32.14, 80.0, 6.14, 18.0, 17.86, 24.0, 11.71, 46.71, 17.43, 6.0, 6.29, 12.57, 20.86, 97.29, 102.29, 36.29, 85.57, 8.71, 23.43, 16.0, 19.29, 12.86, 43.57, 23.43, 6.43, 3.57, 13.57, 19.86, 39.14, 82.43, 6.57, 20.71, 17.43, 21.14, 9.71, 41.57, 22.57, 7.43, 4.86, 12.86, 17.57
74, 2014-03-31, Home, BOS, W, W, -9.5, U, 185, 1, 1, 89.57, 90.43, 32.71, 78.86, 5.43, 15.71, 18.71, 23.86, 10.14, 43.0, 21.71, 7.0, 6.29, 12.14, 18.29, 33.43, 80.29, 7.29, 20.14, 16.29, 21.0, 10.71, 44.43, 19.0, 6.43, 5.57, 12.43, 21.0, 100.43, 105.14, 37.86, 84.57, 9.71, 24.57, 15.0, 18.57, 11.86, 41.14, 24.29, 6.71, 3.14, 13.71, 20.14, 39.57, 81.0, 7.0, 19.29, 19.0, 22.71, 8.71, 38.71, 24.0, 7.43, 4.86, 12.71, 16.86
75, 2014-04-02, Away, ATL, W, W, -2, O, 184, 0, 0, 90.86, 88.0, 34.0, 78.29, 5.14, 14.86, 17.71, 21.71, 9.86, 42.14, 22.71, 7.29, 6.14, 13.29, 18.43, 33.43, 80.57, 6.43, 20.14, 14.71, 19.14, 11.57, 43.14, 18.57, 7.43, 5.29, 13.14, 19.29, 93.43, 101.71, 33.71, 80.43, 6.86, 26.14, 19.14, 24.43, 8.86, 38.86, 20.0, 8.43, 1.86, 16.0, 20.14, 37.57, 78.0, 8.57, 21.86, 18.0, 24.14, 9.0, 42.86, 22.14, 10.71, 4.0, 16.29, 22.14
76, 2014-04-04, Home, MIL, W, W, -11.5, O, 185, 0, 0, 91.29, 87.71, 34.57, 77.57, 5.71, 16.29, 16.43, 20.0, 8.86, 39.86, 23.43, 8.57, 5.43, 13.0, 18.43, 32.71, 79.29, 6.0, 20.14, 16.29, 20.14, 11.57, 43.14, 18.86, 6.57, 4.86, 13.86, 18.71, 96.86, 107.14, 37.0, 80.0, 4.43, 14.57, 18.43, 25.43, 12.0, 39.86, 21.57, 5.57, 4.14, 13.43, 20.43, 40.57, 82.43, 7.86, 22.57, 18.14, 23.14, 11.71, 41.71, 23.57, 7.14, 4.43, 12.71, 20.29
77, 2014-04-05, Away, WAS, W, W, 2.5, U, 184, 1, 1, 94.57, 87.57, 35.0, 78.57, 6.0, 17.86, 18.57, 22.57, 9.71, 41.0, 24.43, 8.71, 4.71, 12.71, 18.29, 32.29, 77.71, 6.0, 19.71, 17.0, 21.57, 11.0, 41.29, 17.43, 7.0, 4.86, 14.43, 19.57, 98.43, 94.29, 38.86, 80.14, 6.86, 18.0, 13.86, 18.57, 9.86, 41.0, 21.57, 7.86, 3.43, 15.57, 19.43, 34.14, 80.0, 8.0, 25.0, 18.0, 22.14, 10.29, 39.43, 20.14, 8.43, 4.14, 14.71, 18.57
78, 2014-04-09, Away, MIN, W, W, -3, U, 192.5, 1, 0, 95.29, 87.14, 35.57, 79.86, 6.57, 19.14, 17.57, 21.14, 9.71, 41.14, 24.57, 8.86, 4.0, 12.0, 17.43, 32.86, 77.57, 6.29, 19.14, 15.14, 20.14, 10.29, 40.14, 18.14, 7.43, 4.57, 14.57, 19.0, 110.29, 105.0, 42.14, 85.29, 6.29, 19.0, 19.71, 26.43, 11.29, 43.86, 27.71, 9.29, 3.86, 16.71, 16.86, 41.0, 89.14, 8.43, 24.14, 14.57, 19.86, 13.0, 40.71, 22.57, 9.71, 4.57, 15.86, 22.43
79, 2014-04-11, Home, DET, W, L, -10, O, 192.5, 0, 0, 97.14, 88.57, 36.43, 79.57, 7.57, 20.0, 16.71, 20.57, 9.71, 39.86, 25.57, 8.43, 4.14, 12.43, 17.14, 33.86, 78.57, 6.29, 20.14, 14.57, 19.43, 11.0, 39.86, 18.86, 7.43, 4.71, 14.14, 18.0, 104.14, 111.29, 37.57, 89.14, 7.86, 22.14, 21.14, 28.86, 17.14, 47.0, 19.71, 7.86, 3.43, 12.29, 18.0, 43.0, 86.43, 10.14, 25.57, 15.14, 19.86, 12.57, 43.0, 28.71, 7.71, 5.29, 12.71, 22.29
80, 2014-04-13, Away, NYK, L, L, -3.5, O, 185, 0, 0, 101.71, 89.57, 37.43, 79.14, 7.86, 20.29, 19.0, 22.86, 9.29, 38.86, 26.14, 8.57, 5.0, 12.29, 17.57, 34.57, 79.43, 5.57, 19.43, 14.86, 20.43, 11.71, 39.57, 17.86, 7.29, 4.0, 14.43, 19.0, 95.29, 93.14, 34.86, 77.71, 10.29, 28.71, 15.29, 19.29, 9.29, 38.14, 17.86, 8.0, 3.14, 11.14, 21.14, 32.71, 76.0, 10.29, 27.57, 17.43, 23.43, 12.57, 41.86, 16.29, 5.57, 2.57, 13.43, 19.0
81, 2014-04-14, Home, ORL, W, W, -11, O, 182.5, 1, 1, 99.14, 89.29, 36.29, 79.71, 7.57, 21.14, 19.0, 23.0, 10.71, 40.86, 26.0, 8.0, 4.43, 12.43, 18.43, 34.14, 78.57, 5.43, 18.86, 15.57, 21.14, 11.0, 39.14, 16.86, 7.29, 4.57, 13.57, 19.29, 94.29, 100.57, 36.71, 77.43, 7.57, 19.71, 13.29, 18.43, 10.14, 37.71, 22.57, 8.43, 4.86, 17.0, 24.29, 36.29, 77.14, 6.57, 20.57, 21.43, 27.43, 10.14, 38.71, 22.29, 8.14, 4.0, 14.43, 16.0
82, 2014-04-16, Away, CHA, L, L, 2, U, 180, 0, 0, 101.14, 91.43, 36.43, 79.29, 7.86, 20.71, 20.43, 25.29, 10.29, 40.29, 25.86, 7.86, 4.43, 11.71, 18.86, 34.86, 77.86, 5.43, 17.43, 16.29, 21.71, 9.86, 38.43, 18.14, 6.43, 4.86, 13.57, 21.0, 101.86, 94.14, 37.43, 82.71, 8.29, 21.57, 18.71, 26.29, 9.57, 46.0, 25.86, 5.43, 4.57, 11.71, 18.57, 36.29, 85.57, 5.57, 20.57, 16.0, 21.0, 8.71, 41.0, 21.14, 6.57, 4.43, 11.71, 21.29
