4, 2013-11-05, Away, NOP, W, W, 9.5, O, 193, 0, 287.0, 278.0, 106.0, 246.0, 24.0, 78.0, 51.0, 64.0, 39.0, 136.0, 54.0, 29.0, 18.0, 54.0, 64.0, 99.0, 248.0, 15.0, 61.0, 65.0, 88.0, 43.0, 133.0, 59.0, 16.0, 10.0, 48.0, 56.0
5, 2013-11-06, Away, SAS, L, W, 13, U, 198.5, 1, 287.0, 285.0, 102.0, 241.0, 32.0, 84.0, 51.0, 68.0, 35.0, 130.0, 61.0, 31.0, 17.0, 54.0, 67.0, 103.0, 252.0, 17.0, 53.0, 62.0, 83.0, 40.0, 134.0, 66.0, 23.0, 16.0, 48.0, 62.0
6, 2013-11-08, Home, DEN, W, W, -1.5, O, 199.5, 0, 296.0, 300.0, 113.0, 243.0, 33.0, 81.0, 37.0, 53.0, 24.0, 127.0, 60.0, 28.0, 12.0, 56.0, 60.0, 113.0, 252.0, 18.0, 52.0, 56.0, 71.0, 24.0, 120.0, 71.0, 25.0, 22.0, 42.0, 59.0
7, 2013-11-10, Home, NOP, W, W, 2, U, 196.5, 0, 314.0, 300.0, 121.0, 246.0, 28.0, 64.0, 44.0, 63.0, 23.0, 132.0, 60.0, 28.0, 12.0, 53.0, 59.0, 114.0, 250.0, 24.0, 56.0, 48.0, 62.0, 21.0, 116.0, 68.0, 28.0, 20.0, 47.0, 63.0
8, 2013-11-13, Away, POR, L, W, 7, U, 204.5, 0, 311.0, 296.0, 120.0, 246.0, 23.0, 61.0, 48.0, 64.0, 26.0, 131.0, 49.0, 28.0, 19.0, 52.0, 55.0, 116.0, 253.0, 18.0, 51.0, 46.0, 56.0, 27.0, 119.0, 62.0, 22.0, 12.0, 49.0, 63.0
9, 2013-11-15, Home, BRK, L, L, 1, O, 197, 0, 304.0, 287.0, 115.0, 247.0, 21.0, 57.0, 53.0, 68.0, 31.0, 129.0, 51.0, 32.0, 15.0, 48.0, 59.0, 110.0, 252.0, 18.0, 50.0, 49.0, 64.0, 35.0, 131.0, 52.0, 22.0, 8.0, 51.0, 59.0
10, 2013-11-19, Away, SAC, L, W, 3.5, O, 194, 0, 288.0, 284.0, 109.0, 243.0, 22.0, 65.0, 48.0, 61.0, 29.0, 123.0, 47.0, 29.0, 16.0, 44.0, 60.0, 112.0, 259.0, 12.0, 40.0, 48.0, 65.0, 42.0, 143.0, 49.0, 19.0, 10.0, 43.0, 58.0
11, 2013-11-20, Home, SAC, L, L, -5.5, O, 196, 1, 291.0, 297.0, 108.0, 244.0, 25.0, 72.0, 50.0, 66.0, 25.0, 114.0, 56.0, 28.0, 8.0, 46.0, 67.0, 112.0, 254.0, 16.0, 49.0, 57.0, 80.0, 43.0, 148.0, 50.0, 21.0, 10.0, 48.0, 62.0
12, 2013-11-22, Away, CHA, W, W, 3.5, U, 190.5, 0, 308.0, 320.0, 109.0, 243.0, 35.0, 90.0, 55.0, 75.0, 28.0, 110.0, 52.0, 23.0, 13.0, 49.0, 72.0, 114.0, 250.0, 17.0, 51.0, 75.0, 95.0, 38.0, 139.0, 54.0, 27.0, 9.0, 42.0, 72.0
13, 2013-11-24, Away, ORL, W, W, 2, O, 199.5, 0, 308.0, 311.0, 108.0, 234.0, 35.0, 85.0, 57.0, 88.0, 28.0, 111.0, 56.0, 23.0, 14.0, 54.0, 74.0, 108.0, 240.0, 18.0, 53.0, 77.0, 99.0, 35.0, 131.0, 57.0, 28.0, 9.0, 46.0, 75.0
14, 2013-11-25, Away, MIA, L, L, 12.5, U, 203.5, 1, 308.0, 300.0, 117.0, 250.0, 36.0, 85.0, 38.0, 63.0, 32.0, 124.0, 58.0, 19.0, 20.0, 47.0, 65.0, 108.0, 241.0, 16.0, 52.0, 68.0, 85.0, 27.0, 124.0, 60.0, 24.0, 11.0, 38.0, 66.0
15, 2013-11-27, Home, POR, W, W, 4.5, O, 199.5, 0, 294.0, 294.0, 112.0, 248.0, 29.0, 84.0, 41.0, 65.0, 33.0, 132.0, 63.0, 23.0, 15.0, 45.0, 57.0, 110.0, 240.0, 16.0, 57.0, 58.0, 71.0, 25.0, 120.0, 61.0, 22.0, 13.0, 42.0, 60.0
16, 2013-11-29, Away, UTA, W, W, -2, O, 190, 0, 316.0, 309.0, 121.0, 259.0, 29.0, 85.0, 45.0, 58.0, 37.0, 132.0, 64.0, 24.0, 14.0, 34.0, 54.0, 117.0, 249.0, 20.0, 62.0, 55.0, 62.0, 29.0, 118.0, 65.0, 17.0, 11.0, 38.0, 52.0
17, 2013-11-30, Home, UTA, L, L, -8.5, O, 194.5, 1, 324.0, 314.0, 116.0, 239.0, 26.0, 81.0, 66.0, 80.0, 33.0, 118.0, 57.0, 23.0, 10.0, 33.0, 57.0, 118.0, 248.0, 19.0, 61.0, 59.0, 68.0, 35.0, 116.0, 62.0, 18.0, 7.0, 37.0, 55.0
18, 2013-12-03, Away, MEM, L, L, 2.5, O, 192, 0, 336.0, 319.0, 120.0, 234.0, 30.0, 76.0, 66.0, 81.0, 31.0, 108.0, 57.0, 21.0, 12.0, 31.0, 67.0, 118.0, 245.0, 21.0, 57.0, 62.0, 73.0, 40.0, 117.0, 63.0, 15.0, 4.0, 35.0, 61.0
19, 2013-12-04, Away, HOU, W, W, 9.5, U, 212, 1, 307.0, 323.0, 115.0, 240.0, 27.0, 81.0, 50.0, 65.0, 32.0, 106.0, 57.0, 16.0, 13.0, 35.0, 62.0, 125.0, 243.0, 19.0, 52.0, 54.0, 70.0, 37.0, 121.0, 68.0, 18.0, 9.0, 31.0, 60.0
20, 2013-12-06, Home, TOR, W, W, -3.5, O, 199.5, 0, 292.0, 310.0, 110.0, 244.0, 30.0, 80.0, 42.0, 59.0, 34.0, 116.0, 56.0, 25.0, 14.0, 45.0, 68.0, 116.0, 248.0, 23.0, 63.0, 55.0, 69.0, 45.0, 136.0, 60.0, 21.0, 9.0, 42.0, 62.0
21, 2013-12-10, Away, LAL, W, W, 3, O, 206.5, 0, 294.0, 295.0, 110.0, 248.0, 27.0, 76.0, 47.0, 66.0, 40.0, 134.0, 55.0, 21.0, 15.0, 48.0, 67.0, 112.0, 259.0, 19.0, 64.0, 52.0, 65.0, 44.0, 133.0, 54.0, 22.0, 13.0, 38.0, 65.0
22, 2013-12-13, Home, SAC, W, W, -6, O, 208.5, 0, 317.0, 293.0, 117.0, 246.0, 27.0, 70.0, 56.0, 72.0, 36.0, 136.0, 57.0, 23.0, 13.0, 47.0, 72.0, 105.0, 255.0, 19.0, 69.0, 64.0, 76.0, 39.0, 123.0, 50.0, 22.0, 9.0, 41.0, 66.0
23, 2013-12-15, Home, GSW, W, W, 1, U, 209.5, 0, 336.0, 312.0, 122.0, 250.0, 28.0, 70.0, 64.0, 82.0, 44.0, 139.0, 60.0, 21.0, 16.0, 45.0, 69.0, 112.0, 254.0, 16.0, 57.0, 72.0, 86.0, 35.0, 112.0, 49.0, 25.0, 12.0, 34.0, 68.0
24, 2013-12-18, Home, SAS, L, L, 3.5, O, 201.5, 0, 336.0, 317.0, 120.0, 247.0, 32.0, 74.0, 64.0, 84.0, 31.0, 131.0, 61.0, 30.0, 17.0, 41.0, 66.0, 111.0, 247.0, 22.0, 60.0, 73.0, 94.0, 35.0, 126.0, 53.0, 24.0, 11.0, 46.0, 67.0
25, 2013-12-20, Away, DEN, W, W, 4, U, 208, 0, 323.0, 317.0, 114.0, 244.0, 32.0, 66.0, 63.0, 87.0, 34.0, 130.0, 53.0, 32.0, 21.0, 47.0, 68.0, 113.0, 254.0, 24.0, 59.0, 67.0, 86.0, 42.0, 139.0, 54.0, 27.0, 12.0, 53.0, 64.0
26, 2013-12-21, Home, DAL, W, W, -2.5, O, 208, 1, 310.0, 309.0, 108.0, 249.0, 32.0, 76.0, 62.0, 89.0, 27.0, 131.0, 52.0, 30.0, 20.0, 42.0, 68.0, 110.0, 252.0, 22.0, 57.0, 67.0, 86.0, 36.0, 149.0, 60.0, 21.0, 15.0, 54.0, 69.0
27, 2013-12-23, Home, LAL, W, W, -7.5, U, 210.5, 0, 327.0, 315.0, 117.0, 256.0, 34.0, 79.0, 59.0, 77.0, 37.0, 131.0, 54.0, 25.0, 16.0, 48.0, 66.0, 120.0, 263.0, 14.0, 52.0, 61.0, 76.0, 38.0, 135.0, 66.0, 25.0, 19.0, 45.0, 59.0
28, 2013-12-27, Away, GSW, L, L, 6.5, U, 210, 0, 343.0, 297.0, 121.0, 264.0, 41.0, 96.0, 60.0, 78.0, 37.0, 151.0, 62.0, 22.0, 16.0, 44.0, 64.0, 109.0, 257.0, 13.0, 54.0, 66.0, 89.0, 32.0, 128.0, 55.0, 20.0, 18.0, 38.0, 61.0
29, 2013-12-28, Home, PHI, W, W, -10.5, P, 216, 1, 326.0, 313.0, 118.0, 265.0, 33.0, 85.0, 57.0, 70.0, 44.0, 148.0, 55.0, 22.0, 12.0, 50.0, 66.0, 119.0, 257.0, 17.0, 57.0, 58.0, 84.0, 36.0, 131.0, 69.0, 24.0, 15.0, 43.0, 59.0
30, 2013-12-30, Away, LAC, W, W, 8, U, 208.5, 0, 318.0, 306.0, 118.0, 274.0, 27.0, 88.0, 55.0, 71.0, 44.0, 160.0, 60.0, 23.0, 22.0, 51.0, 65.0, 112.0, 261.0, 25.0, 69.0, 57.0, 83.0, 38.0, 144.0, 63.0, 26.0, 10.0, 52.0, 68.0
31, 2014-01-02, Home, MEM, L, L, -5.5, U, 196.5, 0, 308.0, 304.0, 117.0, 269.0, 25.0, 87.0, 49.0, 68.0, 41.0, 143.0, 62.0, 35.0, 24.0, 52.0, 63.0, 113.0, 265.0, 26.0, 69.0, 52.0, 72.0, 44.0, 153.0, 68.0, 29.0, 11.0, 61.0, 72.0
32, 2014-01-04, Home, MIL, W, W, -8, O, 196.5, 0, 313.0, 288.0, 122.0, 270.0, 29.0, 94.0, 40.0, 61.0, 38.0, 142.0, 68.0, 37.0, 25.0, 47.0, 55.0, 112.0, 272.0, 21.0, 63.0, 43.0, 62.0, 48.0, 156.0, 56.0, 26.0, 11.0, 55.0, 63.0
33, 2014-01-07, Away, CHI, L, L, -1.5, U, 190, 0, 314.0, 287.0, 119.0, 260.0, 32.0, 88.0, 44.0, 63.0, 32.0, 121.0, 64.0, 41.0, 16.0, 39.0, 55.0, 112.0, 245.0, 20.0, 55.0, 43.0, 60.0, 38.0, 143.0, 55.0, 17.0, 12.0, 60.0, 59.0
34, 2014-01-08, Away, MIN, W, W, 8, U, 217, 1, 294.0, 291.0, 111.0, 257.0, 26.0, 80.0, 46.0, 60.0, 31.0, 117.0, 50.0, 31.0, 15.0, 35.0, 56.0, 117.0, 242.0, 19.0, 49.0, 38.0, 57.0, 38.0, 145.0, 64.0, 15.0, 13.0, 54.0, 54.0
35, 2014-01-10, Away, MEM, L, L, 3, O, 194.5, 0, 307.0, 295.0, 112.0, 259.0, 29.0, 79.0, 54.0, 67.0, 33.0, 127.0, 51.0, 26.0, 13.0, 33.0, 72.0, 107.0, 236.0, 22.0, 51.0, 59.0, 78.0, 31.0, 137.0, 63.0, 12.0, 14.0, 50.0, 56.0
36, 2014-01-11, Away, DET, L, L, 1.5, O, 206, 1, 290.0, 299.0, 109.0, 266.0, 28.0, 82.0, 44.0, 58.0, 38.0, 135.0, 50.0, 17.0, 17.0, 28.0, 74.0, 112.0, 254.0, 18.0, 45.0, 57.0, 81.0, 40.0, 154.0, 69.0, 10.0, 19.0, 33.0, 47.0
37, 2014-01-13, Away, NYK, L, W, 4, U, 198, 0, 311.0, 317.0, 113.0, 278.0, 35.0, 94.0, 50.0, 64.0, 45.0, 139.0, 62.0, 18.0, 12.0, 28.0, 76.0, 120.0, 266.0, 15.0, 48.0, 62.0, 85.0, 46.0, 163.0, 75.0, 11.0, 21.0, 34.0, 48.0
38, 2014-01-15, Home, LAL, W, L, -10.5, O, 214, 0, 303.0, 312.0, 108.0, 279.0, 31.0, 95.0, 56.0, 69.0, 47.0, 138.0, 57.0, 18.0, 12.0, 28.0, 71.0, 121.0, 261.0, 16.0, 52.0, 54.0, 77.0, 46.0, 165.0, 67.0, 11.0, 21.0, 41.0, 60.0
39, 2014-01-17, Home, DAL, L, L, 1.5, O, 210.5, 0, 325.0, 322.0, 119.0, 287.0, 24.0, 84.0, 63.0, 78.0, 49.0, 147.0, 61.0, 26.0, 12.0, 39.0, 69.0, 122.0, 266.0, 16.0, 57.0, 62.0, 78.0, 40.0, 155.0, 69.0, 15.0, 19.0, 50.0, 71.0
40, 2014-01-19, Home, DEN, W, W, -1.5, O, 217.5, 0, 324.0, 322.0, 124.0, 286.0, 18.0, 71.0, 58.0, 74.0, 50.0, 149.0, 56.0, 25.0, 10.0, 40.0, 63.0, 122.0, 255.0, 22.0, 64.0, 56.0, 70.0, 27.0, 140.0, 59.0, 16.0, 16.0, 51.0, 73.0
41, 2014-01-22, Home, IND, W, W, 5.5, O, 196.5, 0, 345.0, 327.0, 137.0, 284.0, 19.0, 60.0, 52.0, 72.0, 47.0, 148.0, 65.0, 25.0, 12.0, 40.0, 58.0, 123.0, 256.0, 24.0, 72.0, 57.0, 73.0, 25.0, 129.0, 66.0, 18.0, 11.0, 43.0, 66.0
42, 2014-01-24, Home, WAS, L, L, -3.5, U, 207.5, 0, 348.0, 313.0, 133.0, 267.0, 26.0, 57.0, 56.0, 79.0, 38.0, 130.0, 57.0, 22.0, 6.0, 32.0, 60.0, 118.0, 240.0, 23.0, 67.0, 54.0, 77.0, 27.0, 125.0, 54.0, 19.0, 8.0, 46.0, 72.0
43, 2014-01-26, Away, CLE, W, W, 2, U, 203.5, 0, 336.0, 304.0, 125.0, 245.0, 26.0, 57.0, 60.0, 83.0, 30.0, 113.0, 57.0, 23.0, 8.0, 40.0, 67.0, 113.0, 243.0, 20.0, 59.0, 58.0, 81.0, 39.0, 125.0, 54.0, 24.0, 11.0, 47.0, 75.0
44, 2014-01-27, Away, PHI, W, W, -5, O, 213.5, 1, 318.0, 291.0, 113.0, 236.0, 27.0, 65.0, 65.0, 85.0, 30.0, 115.0, 57.0, 23.0, 5.0, 42.0, 71.0, 111.0, 247.0, 16.0, 47.0, 53.0, 75.0, 43.0, 126.0, 59.0, 25.0, 14.0, 51.0, 75.0
45, 2014-01-29, Away, MIL, W, W, -8.5, O, 201.5, 0, 318.0, 304.0, 111.0, 233.0, 25.0, 69.0, 71.0, 88.0, 36.0, 122.0, 67.0, 25.0, 17.0, 52.0, 73.0, 113.0, 259.0, 19.0, 52.0, 59.0, 73.0, 47.0, 124.0, 68.0, 30.0, 13.0, 52.0, 74.0
46, 2014-01-30, Away, IND, W, W, 11.5, U, 201, 1, 349.0, 320.0, 119.0, 240.0, 30.0, 70.0, 81.0, 95.0, 35.0, 128.0, 76.0, 25.0, 18.0, 46.0, 78.0, 112.0, 262.0, 20.0, 55.0, 76.0, 86.0, 39.0, 116.0, 68.0, 20.0, 9.0, 44.0, 75.0
47, 2014-02-01, Home, CHA, W, W, -8.5, U, 204.5, 0, 352.0, 324.0, 124.0, 249.0, 29.0, 60.0, 75.0, 87.0, 32.0, 124.0, 71.0, 25.0, 20.0, 46.0, 75.0, 116.0, 263.0, 16.0, 54.0, 76.0, 86.0, 39.0, 120.0, 60.0, 16.0, 12.0, 45.0, 75.0
48, 2014-02-04, Home, CHI, L, L, -7.5, O, 192.5, 0, 333.0, 306.0, 120.0, 249.0, 27.0, 61.0, 66.0, 75.0, 28.0, 133.0, 59.0, 19.0, 12.0, 40.0, 72.0, 109.0, 255.0, 16.0, 57.0, 72.0, 89.0, 30.0, 117.0, 56.0, 12.0, 14.0, 32.0, 66.0
49, 2014-02-05, Away, HOU, L, L, 7.5, O, 214.5, 1, 299.0, 290.0, 109.0, 251.0, 23.0, 66.0, 58.0, 72.0, 31.0, 144.0, 43.0, 19.0, 13.0, 46.0, 66.0, 106.0, 244.0, 15.0, 56.0, 63.0, 84.0, 27.0, 125.0, 47.0, 18.0, 17.0, 41.0, 64.0
50, 2014-02-08, Home, GSW, W, W, -4.5, O, 208, 0, 305.0, 318.0, 112.0, 250.0, 23.0, 79.0, 58.0, 73.0, 32.0, 136.0, 46.0, 19.0, 13.0, 47.0, 72.0, 107.0, 228.0, 25.0, 57.0, 79.0, 102.0, 18.0, 114.0, 49.0, 25.0, 16.0, 39.0, 60.0
51, 2014-02-11, Home, MIA, L, L, 2.5, U, 209.5, 0, 322.0, 332.0, 116.0, 250.0, 27.0, 79.0, 63.0, 80.0, 35.0, 130.0, 49.0, 23.0, 11.0, 51.0, 72.0, 115.0, 233.0, 25.0, 59.0, 77.0, 99.0, 25.0, 114.0, 46.0, 23.0, 15.0, 43.0, 63.0
52, 2014-02-18, Away, DEN, W, W, -2, O, 215.5, 0, 327.0, 334.0, 120.0, 246.0, 31.0, 79.0, 56.0, 68.0, 30.0, 119.0, 57.0, 21.0, 12.0, 46.0, 72.0, 116.0, 231.0, 28.0, 68.0, 74.0, 98.0, 26.0, 111.0, 47.0, 26.0, 10.0, 37.0, 57.0
53, 2014-02-19, Home, BOS, W, W, -5.5, U, 203.5, 1, 331.0, 319.0, 113.0, 249.0, 34.0, 78.0, 71.0, 86.0, 33.0, 137.0, 57.0, 26.0, 12.0, 48.0, 76.0, 115.0, 259.0, 22.0, 80.0, 67.0, 93.0, 38.0, 131.0, 47.0, 27.0, 11.0, 36.0, 64.0
54, 2014-02-21, Home, SAS, W, W, 1.5, U, 209, 0, 309.0, 304.0, 106.0, 251.0, 34.0, 85.0, 63.0, 82.0, 31.0, 138.0, 64.0, 22.0, 16.0, 49.0, 77.0, 108.0, 262.0, 19.0, 72.0, 69.0, 95.0, 39.0, 143.0, 49.0, 30.0, 13.0, 38.0, 67.0
55, 2014-02-23, Home, HOU, L, L, 1.5, O, 213.5, 0, 318.0, 286.0, 113.0, 257.0, 27.0, 82.0, 65.0, 90.0, 34.0, 145.0, 63.0, 27.0, 16.0, 45.0, 74.0, 101.0, 269.0, 12.0, 66.0, 72.0, 92.0, 45.0, 149.0, 47.0, 23.0, 12.0, 44.0, 67.0
56, 2014-02-25, Home, MIN, L, L, -4.5, U, 211.5, 0, 318.0, 294.0, 120.0, 250.0, 27.0, 79.0, 51.0, 75.0, 28.0, 123.0, 58.0, 30.0, 14.0, 46.0, 61.0, 104.0, 248.0, 12.0, 54.0, 74.0, 87.0, 38.0, 136.0, 55.0, 23.0, 9.0, 54.0, 60.0
57, 2014-02-26, Away, UTA, L, L, 2.5, U, 200, 1, 319.0, 310.0, 126.0, 263.0, 19.0, 66.0, 48.0, 67.0, 36.0, 127.0, 54.0, 35.0, 17.0, 47.0, 68.0, 112.0, 248.0, 12.0, 55.0, 74.0, 91.0, 35.0, 128.0, 61.0, 26.0, 8.0, 55.0, 57.0
58, 2014-02-28, Home, NOP, W, W, -7, O, 202.5, 0, 299.0, 334.0, 115.0, 261.0, 20.0, 60.0, 49.0, 71.0, 41.0, 124.0, 49.0, 31.0, 16.0, 48.0, 69.0, 125.0, 239.0, 19.0, 52.0, 65.0, 88.0, 28.0, 125.0, 71.0, 26.0, 12.0, 51.0, 64.0
59, 2014-03-02, Home, ATL, W, W, -8, O, 216.5, 0, 303.0, 323.0, 113.0, 249.0, 19.0, 57.0, 58.0, 79.0, 44.0, 125.0, 54.0, 23.0, 19.0, 46.0, 66.0, 126.0, 239.0, 19.0, 49.0, 52.0, 73.0, 26.0, 114.0, 64.0, 25.0, 13.0, 40.0, 71.0
60, 2014-03-04, Home, LAC, L, L, 4, U, 218.5, 0, 331.0, 333.0, 115.0, 234.0, 31.0, 66.0, 70.0, 91.0, 33.0, 116.0, 64.0, 22.0, 15.0, 42.0, 57.0, 128.0, 236.0, 28.0, 62.0, 49.0, 67.0, 23.0, 109.0, 64.0, 25.0, 14.0, 37.0, 70.0
61, 2014-03-06, Home, OKC, W, W, 6, O, 217, 0, 341.0, 328.0, 123.0, 240.0, 32.0, 66.0, 63.0, 81.0, 35.0, 122.0, 72.0, 23.0, 10.0, 47.0, 60.0, 126.0, 240.0, 27.0, 64.0, 49.0, 65.0, 24.0, 105.0, 68.0, 27.0, 15.0, 38.0, 67.0
62, 2014-03-09, Away, GSW, L, W, 10, O, 211, 0, 353.0, 346.0, 125.0, 246.0, 37.0, 70.0, 66.0, 88.0, 34.0, 131.0, 72.0, 23.0, 7.0, 47.0, 69.0, 129.0, 252.0, 35.0, 84.0, 53.0, 67.0, 23.0, 106.0, 71.0, 25.0, 15.0, 36.0, 68.0
63, 2014-03-10, Away, LAC, L, W, 10.5, P, 217, 1, 331.0, 339.0, 117.0, 241.0, 32.0, 67.0, 65.0, 86.0, 36.0, 131.0, 64.0, 20.0, 3.0, 51.0, 72.0, 130.0, 253.0, 31.0, 75.0, 48.0, 62.0, 25.0, 108.0, 74.0, 21.0, 12.0, 36.0, 70.0
64, 2014-03-12, Home, CLE, L, L, -8, P, 211, 0, 340.0, 347.0, 117.0, 240.0, 32.0, 68.0, 74.0, 96.0, 33.0, 121.0, 64.0, 23.0, 8.0, 49.0, 73.0, 133.0, 253.0, 27.0, 69.0, 54.0, 71.0, 25.0, 110.0, 73.0, 25.0, 11.0, 42.0, 77.0
65, 2014-03-14, Away, BOS, W, W, -4.5, U, 207.5, 0, 313.0, 335.0, 114.0, 250.0, 27.0, 77.0, 58.0, 79.0, 34.0, 113.0, 63.0, 28.0, 7.0, 47.0, 70.0, 126.0, 244.0, 26.0, 60.0, 57.0, 79.0, 31.0, 128.0, 72.0, 24.0, 8.0, 51.0, 71.0
66, 2014-03-16, Away, TOR, W, W, 4, O, 204, 0, 293.0, 302.0, 112.0, 255.0, 22.0, 82.0, 47.0, 71.0, 34.0, 123.0, 56.0, 30.0, 11.0, 44.0, 64.0, 110.0, 253.0, 19.0, 59.0, 63.0, 79.0, 41.0, 149.0, 62.0, 24.0, 9.0, 53.0, 70.0
67, 2014-03-17, Away, BRK, L, L, 3.5, U, 208, 1, 309.0, 303.0, 111.0, 245.0, 26.0, 85.0, 61.0, 80.0, 33.0, 132.0, 51.0, 24.0, 10.0, 49.0, 62.0, 109.0, 260.0, 22.0, 68.0, 63.0, 73.0, 36.0, 133.0, 64.0, 25.0, 8.0, 43.0, 69.0
68, 2014-03-19, Home, ORL, W, W, -12, U, 211, 0, 303.0, 301.0, 109.0, 235.0, 22.0, 71.0, 63.0, 86.0, 33.0, 136.0, 49.0, 22.0, 11.0, 53.0, 65.0, 112.0, 249.0, 19.0, 65.0, 58.0, 73.0, 29.0, 118.0, 67.0, 31.0, 10.0, 41.0, 72.0
69, 2014-03-21, Home, DET, W, L, -8.5, U, 218, 0, 325.0, 314.0, 120.0, 244.0, 28.0, 70.0, 57.0, 78.0, 34.0, 128.0, 57.0, 25.0, 12.0, 53.0, 69.0, 115.0, 235.0, 22.0, 57.0, 62.0, 82.0, 23.0, 105.0, 68.0, 33.0, 9.0, 46.0, 66.0
70, 2014-03-23, Away, MIN, W, W, 2.5, O, 218, 0, 302.0, 293.0, 115.0, 242.0, 25.0, 72.0, 47.0, 75.0, 26.0, 122.0, 57.0, 31.0, 15.0, 43.0, 67.0, 112.0, 240.0, 19.0, 50.0, 50.0, 83.0, 33.0, 132.0, 63.0, 29.0, 9.0, 54.0, 66.0
71, 2014-03-24, Away, ATL, W, W, -2.5, U, 213.5, 1, 334.0, 305.0, 124.0, 242.0, 31.0, 77.0, 55.0, 76.0, 23.0, 124.0, 55.0, 27.0, 17.0, 46.0, 72.0, 111.0, 261.0, 18.0, 52.0, 65.0, 93.0, 43.0, 134.0, 65.0, 26.0, 9.0, 50.0, 66.0
72, 2014-03-26, Away, WAS, W, W, -1.5, U, 208, 0, 327.0, 307.0, 117.0, 227.0, 32.0, 76.0, 61.0, 80.0, 20.0, 120.0, 54.0, 26.0, 12.0, 48.0, 75.0, 109.0, 253.0, 20.0, 62.0, 69.0, 96.0, 37.0, 123.0, 65.0, 25.0, 9.0, 48.0, 70.0
73, 2014-03-28, Home, NYK, W, W, -6, U, 207.5, 0, 328.0, 308.0, 121.0, 229.0, 38.0, 79.0, 48.0, 57.0, 22.0, 120.0, 59.0, 23.0, 9.0, 56.0, 72.0, 107.0, 244.0, 22.0, 65.0, 72.0, 91.0, 30.0, 105.0, 64.0, 26.0, 7.0, 43.0, 56.0
74, 2014-03-30, Away, LAL, L, L, -9.5, U, 225, 0, 313.0, 276.0, 115.0, 237.0, 40.0, 85.0, 43.0, 51.0, 31.0, 134.0, 61.0, 26.0, 12.0, 49.0, 62.0, 102.0, 240.0, 22.0, 67.0, 50.0, 70.0, 27.0, 104.0, 53.0, 24.0, 6.0, 42.0, 56.0
75, 2014-04-02, Home, LAC, L, L, -3, O, 212, 0, 310.0, 296.0, 112.0, 254.0, 36.0, 97.0, 50.0, 63.0, 37.0, 143.0, 60.0, 25.0, 13.0, 44.0, 57.0, 116.0, 251.0, 19.0, 62.0, 45.0, 61.0, 25.0, 114.0, 64.0, 26.0, 8.0, 38.0, 58.0
76, 2014-04-04, Away, POR, W, W, 4.5, U, 212, 0, 319.0, 315.0, 111.0, 257.0, 30.0, 97.0, 67.0, 84.0, 45.0, 142.0, 55.0, 21.0, 13.0, 39.0, 65.0, 116.0, 249.0, 24.0, 69.0, 59.0, 70.0, 28.0, 115.0, 61.0, 27.0, 11.0, 37.0, 69.0
77, 2014-04-06, Home, OKC, W, W, 2.5, O, 210.5, 0, 316.0, 320.0, 110.0, 266.0, 22.0, 85.0, 74.0, 92.0, 50.0, 145.0, 54.0, 20.0, 10.0, 39.0, 66.0, 116.0, 243.0, 22.0, 65.0, 66.0, 81.0, 28.0, 126.0, 67.0, 25.0, 17.0, 41.0, 68.0
78, 2014-04-09, Away, NOP, W, L, -9, U, 207, 0, 339.0, 320.0, 120.0, 252.0, 25.0, 72.0, 74.0, 95.0, 42.0, 133.0, 51.0, 17.0, 10.0, 38.0, 70.0, 112.0, 244.0, 26.0, 79.0, 70.0, 89.0, 30.0, 122.0, 55.0, 21.0, 16.0, 40.0, 77.0
79, 2014-04-11, Away, SAS, L, L, 4, O, 205.5, 0, 325.0, 296.0, 123.0, 254.0, 26.0, 63.0, 53.0, 72.0, 34.0, 133.0, 57.0, 18.0, 12.0, 36.0, 62.0, 109.0, 245.0, 21.0, 67.0, 57.0, 76.0, 28.0, 128.0, 62.0, 17.0, 17.0, 39.0, 70.0
80, 2014-04-12, Away, DAL, L, W, 4.5, U, 210, 1, 320.0, 315.0, 123.0, 239.0, 29.0, 68.0, 45.0, 60.0, 21.0, 122.0, 58.0, 18.0, 9.0, 42.0, 59.0, 117.0, 260.0, 28.0, 76.0, 53.0, 65.0, 26.0, 122.0, 66.0, 22.0, 14.0, 31.0, 62.0
81, 2014-04-14, Home, MEM, L, L, -3.5, U, 194, 0, 296.0, 301.0, 114.0, 240.0, 26.0, 62.0, 42.0, 52.0, 28.0, 127.0, 55.0, 28.0, 11.0, 48.0, 53.0, 116.0, 255.0, 30.0, 68.0, 39.0, 48.0, 28.0, 126.0, 70.0, 27.0, 15.0, 38.0, 50.0
82, 2014-04-16, Away, SAC, W, W, -2, U, 207, 0, 293.0, 310.0, 113.0, 240.0, 22.0, 69.0, 45.0, 56.0, 30.0, 119.0, 47.0, 35.0, 11.0, 48.0, 55.0, 122.0, 252.0, 30.0, 69.0, 36.0, 46.0, 30.0, 126.0, 65.0, 26.0, 11.0, 43.0, 51.0
