12, 2014-11-23, Away, MEM, L, L, 2, P, 198, 0, 1138.0, 1107.0, 413.0, 874.0, 101.0, 274.0, 211.0, 279.0, 76.0, 411.0, 261.0, 79.0, 59.0, 131.0, 235.0, 393.0, 861.0, 88.0, 253.0, 233.0, 288.0, 100.0, 463.0, 252.0, 69.0, 36.0, 162.0, 255.0
13, 2014-11-24, Away, CHO, W, W, -4, O, 199, 1, 1136.0, 1124.0, 411.0, 864.0, 101.0, 269.0, 213.0, 282.0, 67.0, 410.0, 258.0, 79.0, 56.0, 130.0, 235.0, 407.0, 881.0, 89.0, 253.0, 221.0, 277.0, 104.0, 468.0, 249.0, 67.0, 37.0, 157.0, 249.0
14, 2014-11-26, Away, DET, W, L, -8.5, O, 198, 0, 1131.0, 1105.0, 422.0, 881.0, 104.0, 268.0, 183.0, 248.0, 69.0, 417.0, 261.0, 75.0, 56.0, 124.0, 233.0, 396.0, 874.0, 84.0, 253.0, 229.0, 284.0, 100.0, 461.0, 246.0, 68.0, 39.0, 148.0, 231.0
15, 2014-11-28, Away, HOU, W, W, -4.5, U, 201, 0, 1143.0, 1105.0, 426.0, 871.0, 107.0, 265.0, 184.0, 246.0, 67.0, 421.0, 259.0, 74.0, 52.0, 131.0, 227.0, 397.0, 884.0, 91.0, 270.0, 220.0, 275.0, 103.0, 453.0, 243.0, 72.0, 32.0, 144.0, 226.0
16, 2014-11-29, Away, UTA, W, W, -5, O, 204.5, 1, 1138.0, 1089.0, 423.0, 871.0, 106.0, 267.0, 186.0, 251.0, 70.0, 431.0, 254.0, 76.0, 50.0, 131.0, 228.0, 393.0, 889.0, 91.0, 280.0, 212.0, 266.0, 102.0, 450.0, 236.0, 75.0, 36.0, 141.0, 233.0
17, 2014-12-01, Home, MIN, W, W, -15, O, 216, 0, 1146.0, 1064.0, 430.0, 869.0, 110.0, 276.0, 176.0, 239.0, 74.0, 438.0, 249.0, 70.0, 53.0, 128.0, 239.0, 384.0, 890.0, 83.0, 276.0, 213.0, 279.0, 110.0, 448.0, 226.0, 74.0, 35.0, 131.0, 226.0
18, 2014-12-03, Home, ORL, W, W, -15, U, 202, 0, 1167.0, 1063.0, 431.0, 868.0, 120.0, 298.0, 185.0, 245.0, 75.0, 451.0, 265.0, 67.0, 56.0, 135.0, 246.0, 383.0, 892.0, 75.0, 263.0, 222.0, 294.0, 107.0, 437.0, 227.0, 81.0, 35.0, 125.0, 227.0
19, 2014-12-06, Home, NOP, W, W, -9, O, 207.5, 0, 1196.0, 1060.0, 440.0, 872.0, 127.0, 307.0, 189.0, 253.0, 73.0, 451.0, 271.0, 72.0, 54.0, 137.0, 243.0, 383.0, 888.0, 80.0, 264.0, 214.0, 292.0, 103.0, 432.0, 228.0, 81.0, 33.0, 133.0, 234.0
20, 2014-12-08, Home, PHO, W, L, -7.5, O, 216, 0, 1196.0, 1053.0, 447.0, 882.0, 130.0, 310.0, 172.0, 234.0, 75.0, 442.0, 281.0, 74.0, 48.0, 124.0, 237.0, 383.0, 869.0, 77.0, 257.0, 210.0, 294.0, 99.0, 434.0, 228.0, 76.0, 32.0, 134.0, 222.0
21, 2014-12-10, Away, IND, W, W, -6.5, U, 199.5, 0, 1228.0, 1068.0, 455.0, 897.0, 132.0, 318.0, 186.0, 242.0, 76.0, 447.0, 288.0, 79.0, 48.0, 123.0, 238.0, 388.0, 880.0, 83.0, 268.0, 209.0, 289.0, 97.0, 432.0, 232.0, 78.0, 33.0, 142.0, 226.0
22, 2014-12-12, Away, WAS, L, L, -2.5, U, 205.5, 0, 1217.0, 1074.0, 452.0, 901.0, 127.0, 321.0, 186.0, 240.0, 84.0, 458.0, 289.0, 78.0, 46.0, 128.0, 236.0, 389.0, 883.0, 84.0, 271.0, 212.0, 293.0, 98.0, 427.0, 238.0, 79.0, 33.0, 140.0, 227.0
23, 2014-12-13, Away, MIL, L, L, -6, O, 210, 1, 1203.0, 1085.0, 441.0, 899.0, 120.0, 310.0, 201.0, 254.0, 92.0, 460.0, 272.0, 79.0, 48.0, 133.0, 235.0, 398.0, 896.0, 87.0, 261.0, 202.0, 283.0, 101.0, 434.0, 255.0, 79.0, 36.0, 142.0, 237.0
24, 2014-12-15, Home, DET, W, W, -11.5, P, 204, 0, 1218.0, 1089.0, 448.0, 913.0, 127.0, 314.0, 195.0, 245.0, 97.0, 463.0, 282.0, 77.0, 50.0, 135.0, 232.0, 399.0, 887.0, 87.0, 251.0, 204.0, 284.0, 95.0, 421.0, 260.0, 79.0, 37.0, 140.0, 235.0
25, 2014-12-17, Home, IND, W, L, -11, P, 202, 0, 1218.0, 1088.0, 446.0, 905.0, 124.0, 306.0, 202.0, 255.0, 101.0, 461.0, 289.0, 84.0, 51.0, 141.0, 229.0, 403.0, 895.0, 93.0, 258.0, 189.0, 271.0, 107.0, 429.0, 262.0, 83.0, 36.0, 152.0, 237.0
26, 2014-12-19, Away, DEN, L, L, -3, U, 215.5, 0, 1216.0, 1090.0, 443.0, 905.0, 118.0, 296.0, 212.0, 281.0, 106.0, 473.0, 288.0, 82.0, 52.0, 138.0, 225.0, 408.0, 907.0, 87.0, 250.0, 187.0, 270.0, 109.0, 434.0, 271.0, 81.0, 36.0, 149.0, 250.0
27, 2014-12-20, Home, MIL, W, L, -10, U, 210, 1, 1220.0, 1114.0, 444.0, 909.0, 112.0, 289.0, 220.0, 292.0, 111.0, 467.0, 286.0, 88.0, 52.0, 139.0, 229.0, 414.0, 905.0, 88.0, 242.0, 198.0, 285.0, 110.0, 434.0, 284.0, 80.0, 31.0, 156.0, 247.0
28, 2014-12-22, Away, SAS, L, L, 1, O, 203.5, 0, 1214.0, 1120.0, 436.0, 910.0, 113.0, 287.0, 229.0, 304.0, 113.0, 471.0, 294.0, 92.0, 51.0, 140.0, 222.0, 423.0, 911.0, 89.0, 245.0, 185.0, 267.0, 108.0, 443.0, 294.0, 80.0, 30.0, 161.0, 258.0
29, 2014-12-23, Away, ATL, L, L, 1.5, O, 209, 1, 1205.0, 1144.0, 438.0, 916.0, 108.0, 277.0, 221.0, 297.0, 115.0, 457.0, 284.0, 97.0, 49.0, 136.0, 218.0, 437.0, 906.0, 100.0, 256.0, 170.0, 249.0, 104.0, 444.0, 305.0, 77.0, 29.0, 162.0, 250.0
30, 2014-12-25, Home, GSW, W, W, -2, U, 218.5, 0, 1195.0, 1165.0, 433.0, 930.0, 107.0, 275.0, 222.0, 300.0, 125.0, 464.0, 278.0, 96.0, 48.0, 129.0, 224.0, 438.0, 903.0, 105.0, 259.0, 184.0, 259.0, 107.0, 453.0, 312.0, 72.0, 30.0, 160.0, 247.0
31, 2014-12-27, Home, TOR, L, L, -4.5, U, 214, 0, 1175.0, 1151.0, 424.0, 939.0, 99.0, 275.0, 228.0, 307.0, 130.0, 476.0, 262.0, 99.0, 46.0, 135.0, 224.0, 434.0, 903.0, 103.0, 264.0, 180.0, 256.0, 103.0, 452.0, 310.0, 79.0, 32.0, 165.0, 250.0
32, 2014-12-29, Home, UTA, W, L, -12, U, 202.5, 0, 1152.0, 1141.0, 417.0, 924.0, 102.0, 269.0, 216.0, 292.0, 129.0, 474.0, 261.0, 96.0, 48.0, 138.0, 221.0, 431.0, 898.0, 100.0, 261.0, 179.0, 255.0, 108.0, 452.0, 303.0, 77.0, 30.0, 158.0, 239.0
33, 2014-12-31, Home, NYK, W, W, -13, U, 206, 0, 1150.0, 1142.0, 412.0, 917.0, 105.0, 268.0, 221.0, 300.0, 126.0, 465.0, 260.0, 96.0, 53.0, 140.0, 220.0, 434.0, 901.0, 99.0, 253.0, 175.0, 255.0, 114.0, 461.0, 302.0, 78.0, 32.0, 160.0, 243.0
34, 2015-01-03, Home, PHI, W, W, -19.5, O, 204.5, 0, 1153.0, 1116.0, 416.0, 924.0, 114.0, 282.0, 207.0, 289.0, 119.0, 478.0, 274.0, 95.0, 54.0, 132.0, 213.0, 427.0, 905.0, 94.0, 254.0, 168.0, 249.0, 112.0, 464.0, 298.0, 74.0, 28.0, 153.0, 237.0
35, 2015-01-05, Home, ATL, L, L, -5.5, U, 210, 0, 1174.0, 1096.0, 423.0, 918.0, 115.0, 290.0, 213.0, 296.0, 118.0, 486.0, 283.0, 100.0, 54.0, 128.0, 208.0, 416.0, 908.0, 96.0, 268.0, 168.0, 251.0, 121.0, 470.0, 290.0, 78.0, 25.0, 159.0, 237.0
36, 2015-01-07, Home, LAL, W, W, -10.5, U, 214.5, 0, 1159.0, 1112.0, 413.0, 912.0, 110.0, 291.0, 223.0, 309.0, 114.0, 490.0, 271.0, 96.0, 56.0, 135.0, 212.0, 417.0, 906.0, 101.0, 268.0, 177.0, 262.0, 111.0, 470.0, 292.0, 81.0, 24.0, 154.0, 241.0
37, 2015-01-10, Home, DAL, W, W, -3.5, O, 213, 0, 1171.0, 1101.0, 419.0, 919.0, 116.0, 306.0, 217.0, 294.0, 108.0, 481.0, 280.0, 98.0, 57.0, 129.0, 213.0, 414.0, 901.0, 102.0, 269.0, 171.0, 256.0, 106.0, 473.0, 286.0, 78.0, 21.0, 154.0, 231.0
38, 2015-01-11, Home, MIA, L, L, -10, U, 199, 1, 1185.0, 1092.0, 426.0, 922.0, 126.0, 319.0, 207.0, 282.0, 104.0, 489.0, 290.0, 92.0, 58.0, 128.0, 208.0, 414.0, 907.0, 103.0, 270.0, 161.0, 243.0, 105.0, 473.0, 285.0, 76.0, 22.0, 144.0, 225.0
39, 2015-01-14, Away, POR, W, W, 3.5, U, 209, 0, 1169.0, 1094.0, 423.0, 916.0, 123.0, 319.0, 200.0, 273.0, 99.0, 475.0, 278.0, 86.0, 56.0, 129.0, 214.0, 410.0, 907.0, 101.0, 267.0, 173.0, 252.0, 110.0, 473.0, 284.0, 78.0, 26.0, 138.0, 219.0
40, 2015-01-16, Home, CLE, L, L, -8.5, O, 206, 0, 1151.0, 1063.0, 417.0, 918.0, 121.0, 318.0, 196.0, 263.0, 95.0, 483.0, 275.0, 85.0, 53.0, 126.0, 214.0, 396.0, 917.0, 94.0, 270.0, 177.0, 250.0, 119.0, 488.0, 269.0, 77.0, 25.0, 139.0, 218.0
41, 2015-01-17, Away, SAC, W, L, -10, O, 208.5, 1, 1168.0, 1082.0, 423.0, 917.0, 120.0, 318.0, 202.0, 271.0, 96.0, 475.0, 275.0, 84.0, 49.0, 129.0, 212.0, 408.0, 924.0, 92.0, 270.0, 174.0, 246.0, 122.0, 489.0, 264.0, 80.0, 25.0, 144.0, 227.0
42, 2015-01-19, Home, BOS, W, L, -12, U, 212.5, 0, 1185.0, 1104.0, 433.0, 922.0, 120.0, 314.0, 199.0, 271.0, 96.0, 459.0, 281.0, 81.0, 51.0, 121.0, 214.0, 415.0, 933.0, 91.0, 260.0, 183.0, 250.0, 136.0, 499.0, 258.0, 72.0, 23.0, 145.0, 231.0
43, 2015-01-22, Home, BRK, W, W, -13, O, 202, 0, 1189.0, 1087.0, 435.0, 923.0, 117.0, 310.0, 202.0, 275.0, 97.0, 460.0, 282.0, 83.0, 54.0, 118.0, 209.0, 407.0, 931.0, 90.0, 255.0, 183.0, 252.0, 136.0, 499.0, 257.0, 71.0, 24.0, 149.0, 228.0
44, 2015-01-25, Away, PHO, W, W, -2.5, U, 223, 0, 1211.0, 1074.0, 447.0, 925.0, 118.0, 312.0, 199.0, 274.0, 99.0, 467.0, 299.0, 84.0, 51.0, 118.0, 210.0, 402.0, 927.0, 86.0, 257.0, 184.0, 255.0, 133.0, 487.0, 248.0, 75.0, 24.0, 148.0, 220.0
45, 2015-01-26, Home, DEN, W, L, -14, U, 214.5, 1, 1232.0, 1096.0, 454.0, 930.0, 113.0, 301.0, 211.0, 290.0, 108.0, 467.0, 299.0, 85.0, 53.0, 119.0, 217.0, 404.0, 923.0, 92.0, 269.0, 196.0, 267.0, 131.0, 478.0, 247.0, 74.0, 30.0, 152.0, 226.0
46, 2015-01-28, Away, UTA, W, L, -6.5, U, 199, 0, 1207.0, 1103.0, 446.0, 925.0, 105.0, 283.0, 210.0, 286.0, 109.0, 469.0, 291.0, 82.0, 58.0, 124.0, 215.0, 412.0, 927.0, 91.0, 265.0, 188.0, 256.0, 124.0, 471.0, 256.0, 74.0, 33.0, 141.0, 222.0
47, 2015-01-30, Away, NOP, L, L, -7.5, O, 199.5, 0, 1203.0, 1085.0, 447.0, 927.0, 107.0, 284.0, 202.0, 278.0, 111.0, 461.0, 281.0, 84.0, 59.0, 111.0, 210.0, 411.0, 927.0, 83.0, 262.0, 180.0, 243.0, 133.0, 477.0, 248.0, 63.0, 37.0, 138.0, 217.0
48, 2015-01-31, Away, SAS, W, W, 5, U, 205, 1, 1192.0, 1104.0, 449.0, 934.0, 102.0, 279.0, 192.0, 265.0, 112.0, 457.0, 272.0, 80.0, 58.0, 110.0, 215.0, 410.0, 928.0, 91.0, 267.0, 193.0, 252.0, 138.0, 482.0, 253.0, 65.0, 39.0, 134.0, 212.0
49, 2015-02-02, Away, BRK, L, L, -8.5, U, 202.5, 0, 1177.0, 1089.0, 443.0, 937.0, 97.0, 270.0, 194.0, 262.0, 119.0, 466.0, 261.0, 84.0, 60.0, 115.0, 221.0, 400.0, 917.0, 89.0, 267.0, 200.0, 263.0, 134.0, 478.0, 242.0, 72.0, 40.0, 140.0, 211.0
50, 2015-02-05, Away, CLE, L, L, 4.5, U, 207, 0, 1187.0, 1087.0, 451.0, 951.0, 96.0, 267.0, 189.0, 269.0, 128.0, 491.0, 267.0, 86.0, 59.0, 114.0, 219.0, 402.0, 919.0, 95.0, 273.0, 188.0, 257.0, 129.0, 477.0, 235.0, 68.0, 35.0, 144.0, 218.0
51, 2015-02-06, Away, TOR, L, L, -1, O, 211, 1, 1181.0, 1098.0, 452.0, 954.0, 93.0, 266.0, 184.0, 270.0, 135.0, 490.0, 271.0, 86.0, 58.0, 119.0, 226.0, 398.0, 904.0, 97.0, 277.0, 205.0, 281.0, 132.0, 481.0, 236.0, 73.0, 38.0, 150.0, 221.0
52, 2015-02-08, Away, OKC, L, L, 7.5, O, 207, 0, 1167.0, 1095.0, 447.0, 941.0, 89.0, 260.0, 184.0, 265.0, 125.0, 477.0, 266.0, 85.0, 61.0, 114.0, 226.0, 392.0, 896.0, 100.0, 284.0, 211.0, 287.0, 130.0, 479.0, 238.0, 71.0, 36.0, 142.0, 210.0
53, 2015-02-09, Away, DAL, W, W, 8, O, 210, 1, 1158.0, 1118.0, 445.0, 939.0, 92.0, 264.0, 176.0, 251.0, 122.0, 472.0, 270.0, 87.0, 57.0, 122.0, 230.0, 397.0, 895.0, 103.0, 286.0, 221.0, 299.0, 124.0, 479.0, 246.0, 76.0, 40.0, 136.0, 206.0
54, 2015-02-11, Home, HOU, W, W, -3, U, 213, 0, 1171.0, 1123.0, 447.0, 949.0, 92.0, 270.0, 185.0, 261.0, 129.0, 481.0, 264.0, 89.0, 50.0, 117.0, 241.0, 397.0, 892.0, 101.0, 291.0, 228.0, 308.0, 126.0, 483.0, 241.0, 72.0, 41.0, 135.0, 218.0
55, 2015-02-19, Home, SAS, W, W, 2.5, O, 202, 0, 1158.0, 1134.0, 437.0, 947.0, 85.0, 267.0, 199.0, 285.0, 132.0, 482.0, 248.0, 94.0, 44.0, 118.0, 248.0, 398.0, 891.0, 106.0, 315.0, 232.0, 305.0, 125.0, 484.0, 250.0, 67.0, 44.0, 140.0, 237.0
56, 2015-02-21, Home, SAC, W, W, -10, O, 215, 0, 1157.0, 1149.0, 436.0, 937.0, 83.0, 263.0, 202.0, 301.0, 128.0, 475.0, 246.0, 97.0, 43.0, 119.0, 250.0, 407.0, 895.0, 106.0, 314.0, 229.0, 301.0, 125.0, 491.0, 261.0, 68.0, 38.0, 145.0, 244.0
57, 2015-02-23, Home, MEM, L, L, -3.5, U, 203, 0, 1181.0, 1150.0, 444.0, 952.0, 90.0, 279.0, 203.0, 307.0, 129.0, 484.0, 252.0, 96.0, 46.0, 117.0, 262.0, 397.0, 900.0, 102.0, 309.0, 254.0, 332.0, 131.0, 508.0, 253.0, 65.0, 41.0, 152.0, 246.0
58, 2015-02-25, Away, HOU, L, L, 3.5, U, 218.5, 0, 1174.0, 1151.0, 445.0, 955.0, 90.0, 280.0, 194.0, 294.0, 124.0, 487.0, 260.0, 95.0, 50.0, 122.0, 258.0, 395.0, 900.0, 102.0, 300.0, 259.0, 338.0, 123.0, 503.0, 258.0, 73.0, 39.0, 153.0, 241.0
59, 2015-02-27, Away, MEM, W, W, 4.5, U, 198.5, 0, 1176.0, 1153.0, 443.0, 954.0, 94.0, 284.0, 196.0, 296.0, 127.0, 498.0, 258.0, 91.0, 50.0, 132.0, 259.0, 395.0, 902.0, 106.0, 319.0, 257.0, 342.0, 121.0, 498.0, 259.0, 75.0, 45.0, 154.0, 246.0
60, 2015-03-01, Away, CHI, W, W, -2, U, 197.5, 0, 1168.0, 1147.0, 439.0, 941.0, 95.0, 288.0, 195.0, 306.0, 120.0, 489.0, 258.0, 88.0, 53.0, 128.0, 255.0, 400.0, 914.0, 99.0, 301.0, 248.0, 329.0, 128.0, 503.0, 260.0, 70.0, 46.0, 151.0, 256.0
61, 2015-03-02, Away, MIN, W, L, -6.5, O, 204.5, 1, 1164.0, 1131.0, 435.0, 939.0, 94.0, 292.0, 200.0, 305.0, 118.0, 492.0, 250.0, 88.0, 64.0, 124.0, 256.0, 386.0, 918.0, 97.0, 300.0, 262.0, 341.0, 135.0, 509.0, 257.0, 68.0, 47.0, 146.0, 246.0
62, 2015-03-04, Home, POR, L, L, -1, U, 205, 0, 1180.0, 1131.0, 441.0, 940.0, 101.0, 303.0, 197.0, 304.0, 113.0, 492.0, 250.0, 86.0, 66.0, 123.0, 253.0, 391.0, 928.0, 93.0, 285.0, 256.0, 332.0, 129.0, 504.0, 259.0, 64.0, 47.0, 139.0, 247.0
63, 2015-03-08, Away, GSW, L, W, 9, U, 213, 0, 1166.0, 1106.0, 440.0, 958.0, 106.0, 311.0, 180.0, 291.0, 115.0, 513.0, 254.0, 84.0, 66.0, 124.0, 258.0, 385.0, 940.0, 88.0, 287.0, 248.0, 324.0, 129.0, 523.0, 253.0, 60.0, 50.0, 143.0, 249.0
64, 2015-03-09, Home, MIN, W, W, -7.5, U, 207, 1, 1156.0, 1081.0, 438.0, 951.0, 102.0, 304.0, 178.0, 288.0, 116.0, 523.0, 251.0, 83.0, 67.0, 129.0, 254.0, 379.0, 932.0, 90.0, 289.0, 233.0, 309.0, 120.0, 506.0, 250.0, 65.0, 47.0, 145.0, 243.0
65, 2015-03-11, Away, OKC, W, W, 6.5, O, 210, 0, 1130.0, 1059.0, 432.0, 938.0, 104.0, 308.0, 162.0, 274.0, 108.0, 512.0, 260.0, 86.0, 66.0, 138.0, 252.0, 377.0, 934.0, 82.0, 263.0, 223.0, 300.0, 118.0, 509.0, 256.0, 75.0, 46.0, 148.0, 236.0
66, 2015-03-13, Away, DAL, L, L, 2.5, O, 204.5, 0, 1140.0, 1072.0, 428.0, 933.0, 115.0, 316.0, 169.0, 276.0, 107.0, 501.0, 257.0, 84.0, 65.0, 135.0, 255.0, 376.0, 923.0, 85.0, 243.0, 235.0, 314.0, 115.0, 507.0, 249.0, 74.0, 43.0, 151.0, 235.0
67, 2015-03-15, Home, HOU, L, L, -5, U, 213.5, 0, 1120.0, 1086.0, 427.0, 938.0, 119.0, 329.0, 147.0, 236.0, 108.0, 490.0, 258.0, 83.0, 63.0, 138.0, 250.0, 384.0, 923.0, 91.0, 243.0, 227.0, 307.0, 122.0, 512.0, 246.0, 79.0, 43.0, 150.0, 219.0
68, 2015-03-17, Home, CHO, W, L, -10, U, 201, 0, 1092.0, 1087.0, 417.0, 925.0, 117.0, 320.0, 141.0, 232.0, 105.0, 486.0, 251.0, 82.0, 60.0, 147.0, 251.0, 386.0, 921.0, 94.0, 257.0, 221.0, 297.0, 119.0, 500.0, 245.0, 82.0, 39.0, 145.0, 224.0
69, 2015-03-18, Away, SAC, W, W, -9, O, 212.5, 1, 1104.0, 1089.0, 417.0, 923.0, 117.0, 317.0, 153.0, 248.0, 107.0, 490.0, 254.0, 83.0, 54.0, 146.0, 261.0, 385.0, 919.0, 94.0, 256.0, 225.0, 300.0, 120.0, 501.0, 243.0, 78.0, 39.0, 148.0, 234.0
70, 2015-03-20, Home, WAS, W, W, -7, O, 201.5, 0, 1115.0, 1084.0, 422.0, 920.0, 123.0, 322.0, 148.0, 242.0, 103.0, 477.0, 263.0, 87.0, 56.0, 142.0, 262.0, 387.0, 910.0, 80.0, 229.0, 230.0, 302.0, 117.0, 499.0, 234.0, 78.0, 30.0, 149.0, 232.0
71, 2015-03-22, Home, NOP, W, L, -9.5, O, 200, 0, 1131.0, 1104.0, 431.0, 928.0, 126.0, 319.0, 143.0, 231.0, 102.0, 476.0, 276.0, 83.0, 52.0, 145.0, 264.0, 391.0, 909.0, 83.0, 236.0, 239.0, 310.0, 114.0, 494.0, 242.0, 78.0, 28.0, 144.0, 221.0
72, 2015-03-25, Away, NYK, W, W, -15, U, 197, 0, 1142.0, 1118.0, 435.0, 932.0, 126.0, 315.0, 146.0, 230.0, 105.0, 463.0, 286.0, 87.0, 47.0, 147.0, 258.0, 402.0, 897.0, 85.0, 232.0, 229.0, 296.0, 106.0, 484.0, 245.0, 83.0, 31.0, 151.0, 225.0
73, 2015-03-27, Away, PHI, W, W, -12.5, O, 200.5, 0, 1143.0, 1093.0, 435.0, 918.0, 125.0, 310.0, 148.0, 229.0, 102.0, 459.0, 293.0, 92.0, 51.0, 151.0, 249.0, 395.0, 897.0, 86.0, 240.0, 217.0, 280.0, 105.0, 471.0, 234.0, 85.0, 30.0, 160.0, 218.0
74, 2015-03-29, Away, BOS, W, W, -6, O, 207.5, 0, 1169.0, 1093.0, 442.0, 904.0, 126.0, 308.0, 159.0, 242.0, 101.0, 464.0, 296.0, 94.0, 49.0, 158.0, 247.0, 397.0, 896.0, 89.0, 239.0, 210.0, 278.0, 103.0, 450.0, 232.0, 93.0, 27.0, 158.0, 222.0
75, 2015-03-31, Home, GSW, L, L, -3, U, 219, 0, 1190.0, 1093.0, 443.0, 905.0, 131.0, 315.0, 173.0, 268.0, 105.0, 478.0, 299.0, 91.0, 51.0, 152.0, 246.0, 396.0, 909.0, 87.0, 248.0, 214.0, 278.0, 105.0, 453.0, 238.0, 88.0, 25.0, 155.0, 239.0
76, 2015-04-01, Away, POR, W, W, 3, O, 209, 1, 1207.0, 1127.0, 444.0, 908.0, 126.0, 306.0, 193.0, 286.0, 106.0, 477.0, 288.0, 84.0, 57.0, 148.0, 247.0, 403.0, 911.0, 93.0, 261.0, 228.0, 291.0, 103.0, 446.0, 241.0, 82.0, 24.0, 149.0, 240.0
77, 2015-04-04, Away, DEN, W, W, -9.5, U, 217, 0, 1213.0, 1141.0, 455.0, 918.0, 126.0, 304.0, 177.0, 263.0, 102.0, 479.0, 296.0, 79.0, 58.0, 142.0, 241.0, 415.0, 924.0, 94.0, 261.0, 217.0, 280.0, 105.0, 450.0, 247.0, 81.0, 24.0, 137.0, 227.0
78, 2015-04-05, Away, LAL, W, W, -13.5, U, 210.5, 1, 1221.0, 1104.0, 448.0, 915.0, 127.0, 306.0, 198.0, 293.0, 104.0, 494.0, 293.0, 79.0, 63.0, 139.0, 251.0, 396.0, 925.0, 84.0, 255.0, 228.0, 295.0, 108.0, 451.0, 237.0, 77.0, 23.0, 137.0, 242.0
79, 2015-04-07, Home, LAL, W, L, -17, U, 207, 0, 1229.0, 1082.0, 452.0, 908.0, 130.0, 307.0, 195.0, 287.0, 103.0, 484.0, 296.0, 81.0, 56.0, 129.0, 241.0, 393.0, 914.0, 84.0, 242.0, 212.0, 281.0, 111.0, 449.0, 237.0, 73.0, 23.0, 142.0, 238.0
80, 2015-04-11, Home, MEM, W, L, -9.5, U, 197, 0, 1235.0, 1090.0, 456.0, 912.0, 128.0, 307.0, 195.0, 289.0, 102.0, 486.0, 297.0, 80.0, 58.0, 125.0, 237.0, 396.0, 919.0, 88.0, 253.0, 210.0, 279.0, 110.0, 449.0, 241.0, 69.0, 20.0, 140.0, 240.0
81, 2015-04-13, Home, DEN, W, L, -18, U, 214, 0, 1213.0, 1071.0, 446.0, 912.0, 117.0, 297.0, 204.0, 298.0, 106.0, 493.0, 295.0, 85.0, 58.0, 127.0, 235.0, 392.0, 917.0, 87.0, 245.0, 200.0, 271.0, 112.0, 448.0, 247.0, 70.0, 24.0, 148.0, 242.0
82, 2015-04-14, Away, PHO, W, P, -11, O, 207, 1, 1210.0, 1075.0, 438.0, 908.0, 112.0, 295.0, 222.0, 318.0, 111.0, 494.0, 287.0, 87.0, 60.0, 126.0, 230.0, 393.0, 932.0, 93.0, 259.0, 196.0, 270.0, 129.0, 470.0, 238.0, 71.0, 22.0, 150.0, 253.0
