8, 2012-11-13, Away, BRK, L, L, 5.5, O, 196, 0, 682.0, 724.0, 254.0, 579.0, 62.0, 161.0, 112.0, 171.0, 86.0, 286.0, 146.0, 64.0, 13.0, 117.0, 155.0, 276.0, 544.0, 48.0, 141.0, 124.0, 165.0, 58.0, 282.0, 184.0, 63.0, 56.0, 123.0, 145.0
9, 2012-11-17, Home, DAL, L, L, -2.5, U, 199.5, 0, 689.0, 754.0, 256.0, 587.0, 58.0, 155.0, 119.0, 175.0, 84.0, 267.0, 140.0, 67.0, 8.0, 109.0, 160.0, 286.0, 531.0, 45.0, 131.0, 137.0, 176.0, 52.0, 282.0, 185.0, 57.0, 56.0, 124.0, 149.0
10, 2012-11-18, Away, PHI, L, L, 6.5, U, 190, 1, 698.0, 742.0, 260.0, 604.0, 58.0, 160.0, 120.0, 168.0, 86.0, 272.0, 138.0, 72.0, 11.0, 103.0, 150.0, 280.0, 536.0, 51.0, 144.0, 131.0, 166.0, 55.0, 283.0, 177.0, 56.0, 66.0, 127.0, 147.0
11, 2012-11-21, Home, PHI, W, W, 4.5, U, 183, 0, 675.0, 723.0, 251.0, 605.0, 57.0, 164.0, 116.0, 154.0, 95.0, 278.0, 133.0, 69.0, 15.0, 103.0, 145.0, 273.0, 537.0, 51.0, 140.0, 126.0, 157.0, 61.0, 287.0, 172.0, 56.0, 66.0, 123.0, 144.0
12, 2012-11-23, Away, ORL, L, W, 4.5, O, 185, 0, 659.0, 705.0, 246.0, 599.0, 56.0, 158.0, 111.0, 146.0, 92.0, 290.0, 126.0, 60.0, 19.0, 102.0, 141.0, 265.0, 549.0, 46.0, 132.0, 129.0, 163.0, 63.0, 288.0, 167.0, 61.0, 64.0, 105.0, 136.0
13, 2012-11-24, Away, MIA, L, W, 15, O, 197.5, 1, 667.0, 707.0, 247.0, 600.0, 53.0, 152.0, 120.0, 155.0, 98.0, 289.0, 125.0, 61.0, 19.0, 99.0, 139.0, 263.0, 551.0, 52.0, 135.0, 129.0, 160.0, 68.0, 280.0, 160.0, 55.0, 63.0, 107.0, 144.0
14, 2012-11-26, Away, MEM, L, W, 11.5, U, 193, 0, 670.0, 710.0, 245.0, 602.0, 58.0, 162.0, 122.0, 161.0, 99.0, 282.0, 127.0, 59.0, 15.0, 89.0, 143.0, 261.0, 539.0, 55.0, 137.0, 133.0, 164.0, 65.0, 277.0, 160.0, 48.0, 62.0, 108.0, 150.0
15, 2012-11-27, Home, PHO, L, L, 3.5, U, 201, 1, 657.0, 688.0, 242.0, 595.0, 55.0, 155.0, 118.0, 153.0, 103.0, 287.0, 120.0, 58.0, 20.0, 93.0, 147.0, 254.0, 537.0, 52.0, 133.0, 128.0, 160.0, 71.0, 269.0, 156.0, 49.0, 57.0, 101.0, 143.0
16, 2012-11-30, Away, ATL, W, W, 8.5, O, 189, 0, 634.0, 665.0, 234.0, 592.0, 54.0, 156.0, 112.0, 149.0, 101.0, 297.0, 125.0, 57.0, 24.0, 99.0, 142.0, 249.0, 539.0, 53.0, 128.0, 114.0, 147.0, 66.0, 269.0, 151.0, 54.0, 55.0, 103.0, 139.0
17, 2012-12-01, Home, POR, L, L, -1.5, O, 193, 1, 652.0, 673.0, 239.0, 581.0, 56.0, 154.0, 118.0, 151.0, 106.0, 308.0, 125.0, 53.0, 23.0, 106.0, 152.0, 249.0, 543.0, 55.0, 125.0, 120.0, 159.0, 68.0, 255.0, 150.0, 60.0, 46.0, 95.0, 138.0
18, 2012-12-03, Away, DET, L, L, 5, U, 191.5, 0, 690.0, 705.0, 252.0, 596.0, 64.0, 169.0, 122.0, 158.0, 103.0, 308.0, 143.0, 53.0, 23.0, 107.0, 157.0, 261.0, 557.0, 55.0, 130.0, 128.0, 168.0, 71.0, 255.0, 148.0, 59.0, 46.0, 98.0, 144.0
19, 2012-12-05, Home, CHI, L, L, 3.5, U, 182.5, 0, 677.0, 711.0, 249.0, 605.0, 54.0, 166.0, 125.0, 161.0, 108.0, 306.0, 145.0, 57.0, 22.0, 102.0, 163.0, 266.0, 555.0, 55.0, 131.0, 124.0, 165.0, 75.0, 265.0, 151.0, 53.0, 48.0, 102.0, 144.0
20, 2012-12-07, Away, MIN, L, L, 8.5, U, 191, 0, 658.0, 698.0, 243.0, 603.0, 51.0, 156.0, 121.0, 156.0, 105.0, 309.0, 141.0, 57.0, 23.0, 99.0, 157.0, 260.0, 547.0, 48.0, 125.0, 130.0, 172.0, 73.0, 274.0, 152.0, 53.0, 51.0, 99.0, 138.0
21, 2012-12-08, Home, DET, L, L, 1, O, 188, 1, 623.0, 679.0, 238.0, 611.0, 44.0, 149.0, 103.0, 132.0, 106.0, 318.0, 135.0, 63.0, 25.0, 107.0, 152.0, 254.0, 548.0, 43.0, 125.0, 128.0, 170.0, 77.0, 288.0, 149.0, 61.0, 54.0, 102.0, 130.0
22, 2012-12-11, Home, LAL, W, W, 6.5, U, 206, 0, 642.0, 699.0, 246.0, 626.0, 46.0, 160.0, 104.0, 134.0, 112.0, 323.0, 142.0, 56.0, 28.0, 105.0, 156.0, 256.0, 552.0, 48.0, 129.0, 139.0, 185.0, 77.0, 290.0, 150.0, 58.0, 54.0, 97.0, 137.0
23, 2012-12-12, Away, IND, L, L, 7.5, U, 189.5, 1, 664.0, 702.0, 253.0, 626.0, 55.0, 172.0, 103.0, 138.0, 106.0, 321.0, 145.0, 55.0, 28.0, 99.0, 161.0, 250.0, 548.0, 49.0, 139.0, 153.0, 207.0, 85.0, 305.0, 139.0, 55.0, 49.0, 100.0, 140.0
24, 2012-12-14, Home, MIL, L, L, 3, U, 196.5, 0, 632.0, 687.0, 239.0, 622.0, 54.0, 171.0, 100.0, 141.0, 101.0, 312.0, 143.0, 54.0, 31.0, 93.0, 164.0, 246.0, 553.0, 42.0, 137.0, 153.0, 203.0, 88.0, 325.0, 137.0, 50.0, 52.0, 101.0, 143.0
25, 2012-12-15, Away, NYK, L, W, 10.5, O, 194.5, 1, 601.0, 659.0, 228.0, 604.0, 50.0, 154.0, 95.0, 133.0, 101.0, 310.0, 132.0, 59.0, 31.0, 101.0, 165.0, 233.0, 542.0, 38.0, 127.0, 155.0, 209.0, 94.0, 327.0, 135.0, 59.0, 50.0, 104.0, 140.0
26, 2012-12-18, Home, TOR, L, L, -5, O, 189, 0, 624.0, 673.0, 236.0, 591.0, 56.0, 158.0, 96.0, 133.0, 90.0, 302.0, 128.0, 57.0, 26.0, 102.0, 168.0, 234.0, 543.0, 47.0, 144.0, 158.0, 213.0, 92.0, 319.0, 140.0, 58.0, 43.0, 102.0, 142.0
27, 2012-12-19, Away, BOS, L, L, 9, O, 191, 1, 638.0, 691.0, 241.0, 576.0, 58.0, 158.0, 98.0, 138.0, 87.0, 294.0, 132.0, 55.0, 31.0, 107.0, 176.0, 239.0, 546.0, 55.0, 153.0, 158.0, 213.0, 95.0, 310.0, 143.0, 61.0, 39.0, 101.0, 142.0
28, 2012-12-21, Home, IND, L, L, 4.5, O, 187, 0, 656.0, 703.0, 247.0, 577.0, 56.0, 152.0, 106.0, 150.0, 89.0, 288.0, 133.0, 47.0, 31.0, 98.0, 174.0, 246.0, 538.0, 60.0, 151.0, 151.0, 205.0, 84.0, 292.0, 148.0, 57.0, 38.0, 94.0, 149.0
29, 2012-12-22, Away, MIL, W, W, 8, U, 195.5, 1, 648.0, 698.0, 240.0, 566.0, 55.0, 141.0, 113.0, 159.0, 75.0, 278.0, 133.0, 48.0, 29.0, 100.0, 169.0, 250.0, 543.0, 56.0, 152.0, 142.0, 197.0, 85.0, 301.0, 155.0, 61.0, 38.0, 102.0, 148.0
30, 2012-12-26, Away, WAS, W, W, 1, U, 188.5, 0, 642.0, 686.0, 241.0, 570.0, 49.0, 131.0, 111.0, 149.0, 78.0, 283.0, 125.0, 47.0, 28.0, 100.0, 169.0, 250.0, 547.0, 53.0, 145.0, 133.0, 180.0, 79.0, 288.0, 161.0, 59.0, 42.0, 98.0, 141.0
31, 2012-12-28, Home, ATL, L, L, 5, O, 189.5, 0, 648.0, 674.0, 245.0, 571.0, 50.0, 136.0, 108.0, 147.0, 77.0, 281.0, 126.0, 49.0, 25.0, 98.0, 157.0, 251.0, 540.0, 52.0, 145.0, 120.0, 166.0, 78.0, 291.0, 160.0, 56.0, 40.0, 105.0, 141.0
32, 2012-12-29, Away, BRK, L, W, 8.5, O, 190, 1, 656.0, 686.0, 249.0, 576.0, 49.0, 139.0, 109.0, 147.0, 72.0, 275.0, 124.0, 49.0, 25.0, 85.0, 151.0, 256.0, 535.0, 60.0, 154.0, 114.0, 155.0, 68.0, 291.0, 164.0, 48.0, 44.0, 102.0, 138.0
33, 2013-01-02, Home, SAC, L, L, -3.5, U, 199.5, 0, 654.0, 686.0, 247.0, 576.0, 49.0, 135.0, 111.0, 149.0, 76.0, 270.0, 130.0, 51.0, 27.0, 91.0, 152.0, 254.0, 525.0, 51.0, 134.0, 127.0, 171.0, 67.0, 289.0, 153.0, 55.0, 42.0, 105.0, 136.0
34, 2013-01-04, Away, CHA, W, W, 1.5, O, 196.5, 0, 649.0, 670.0, 245.0, 593.0, 47.0, 140.0, 112.0, 143.0, 80.0, 287.0, 130.0, 47.0, 24.0, 89.0, 146.0, 253.0, 538.0, 42.0, 126.0, 122.0, 167.0, 69.0, 299.0, 150.0, 55.0, 46.0, 101.0, 131.0
35, 2013-01-05, Home, HOU, L, L, 6, O, 213, 1, 664.0, 671.0, 248.0, 583.0, 49.0, 138.0, 119.0, 151.0, 73.0, 292.0, 137.0, 49.0, 32.0, 93.0, 146.0, 253.0, 558.0, 41.0, 126.0, 124.0, 168.0, 75.0, 307.0, 152.0, 51.0, 42.0, 101.0, 131.0
36, 2013-01-07, Away, CHI, L, L, 8, O, 186, 0, 679.0, 684.0, 252.0, 594.0, 51.0, 145.0, 124.0, 153.0, 84.0, 300.0, 138.0, 56.0, 29.0, 90.0, 149.0, 251.0, 557.0, 48.0, 144.0, 134.0, 179.0, 76.0, 306.0, 151.0, 53.0, 41.0, 101.0, 133.0
37, 2013-01-09, Home, ATL, W, W, 4, U, 193.5, 0, 677.0, 720.0, 247.0, 584.0, 53.0, 142.0, 130.0, 160.0, 84.0, 283.0, 141.0, 57.0, 31.0, 94.0, 147.0, 264.0, 560.0, 54.0, 138.0, 138.0, 180.0, 83.0, 312.0, 168.0, 58.0, 43.0, 107.0, 139.0
38, 2013-01-11, Away, DEN, L, W, 12.5, U, 205.5, 0, 689.0, 719.0, 253.0, 583.0, 55.0, 138.0, 128.0, 157.0, 84.0, 290.0, 146.0, 58.0, 31.0, 94.0, 144.0, 266.0, 568.0, 57.0, 142.0, 130.0, 171.0, 82.0, 307.0, 165.0, 58.0, 44.0, 100.0, 135.0
39, 2013-01-13, Away, LAL, L, L, 9, U, 209, 0, 686.0, 715.0, 254.0, 582.0, 52.0, 141.0, 126.0, 159.0, 84.0, 285.0, 139.0, 61.0, 31.0, 98.0, 158.0, 264.0, 572.0, 48.0, 134.0, 139.0, 186.0, 93.0, 320.0, 162.0, 54.0, 40.0, 108.0, 141.0
40, 2013-01-14, Away, SAC, L, P, 6, O, 205.5, 1, 679.0, 725.0, 255.0, 595.0, 47.0, 142.0, 122.0, 152.0, 88.0, 284.0, 142.0, 64.0, 31.0, 96.0, 155.0, 269.0, 566.0, 57.0, 144.0, 130.0, 174.0, 88.0, 322.0, 179.0, 53.0, 41.0, 118.0, 138.0
41, 2013-01-16, Away, POR, W, W, 6, U, 197.5, 0, 703.0, 752.0, 265.0, 600.0, 50.0, 137.0, 123.0, 158.0, 92.0, 272.0, 141.0, 68.0, 32.0, 93.0, 159.0, 274.0, 562.0, 63.0, 147.0, 141.0, 184.0, 89.0, 316.0, 181.0, 53.0, 42.0, 119.0, 147.0
42, 2013-01-19, Away, UTA, L, L, 8.5, O, 199, 0, 690.0, 736.0, 258.0, 605.0, 47.0, 138.0, 127.0, 161.0, 96.0, 272.0, 134.0, 70.0, 26.0, 88.0, 153.0, 268.0, 559.0, 64.0, 159.0, 136.0, 182.0, 96.0, 327.0, 175.0, 54.0, 46.0, 124.0, 148.0
43, 2013-01-22, Home, BOS, W, W, 5, U, 190.5, 0, 684.0, 733.0, 256.0, 597.0, 46.0, 136.0, 126.0, 163.0, 91.0, 268.0, 134.0, 62.0, 29.0, 84.0, 146.0, 276.0, 570.0, 58.0, 141.0, 123.0, 163.0, 99.0, 330.0, 182.0, 50.0, 47.0, 115.0, 149.0
44, 2013-01-25, Home, MIL, W, W, 4, O, 202, 0, 687.0, 705.0, 260.0, 601.0, 41.0, 134.0, 126.0, 162.0, 88.0, 276.0, 143.0, 61.0, 31.0, 81.0, 144.0, 264.0, 572.0, 55.0, 144.0, 122.0, 161.0, 99.0, 331.0, 172.0, 45.0, 46.0, 111.0, 146.0
45, 2013-01-26, Away, TOR, W, W, 7, U, 200.5, 1, 701.0, 730.0, 268.0, 606.0, 35.0, 126.0, 130.0, 164.0, 84.0, 275.0, 145.0, 61.0, 33.0, 87.0, 148.0, 270.0, 580.0, 62.0, 150.0, 128.0, 169.0, 99.0, 326.0, 187.0, 47.0, 45.0, 115.0, 149.0
46, 2013-01-29, Home, GSW, L, L, 1.5, O, 201, 0, 709.0, 730.0, 268.0, 599.0, 36.0, 113.0, 137.0, 170.0, 84.0, 279.0, 145.0, 55.0, 33.0, 87.0, 140.0, 274.0, 580.0, 63.0, 151.0, 119.0, 156.0, 91.0, 309.0, 185.0, 49.0, 42.0, 108.0, 151.0
47, 2013-02-01, Away, DET, L, L, 4.5, O, 199.5, 0, 711.0, 725.0, 265.0, 588.0, 36.0, 110.0, 145.0, 183.0, 79.0, 276.0, 148.0, 53.0, 35.0, 82.0, 132.0, 279.0, 595.0, 61.0, 142.0, 106.0, 139.0, 91.0, 307.0, 184.0, 46.0, 46.0, 100.0, 161.0
48, 2013-02-02, Home, OKC, W, W, 11, O, 206, 1, 692.0, 718.0, 256.0, 584.0, 34.0, 114.0, 146.0, 179.0, 73.0, 280.0, 149.0, 52.0, 36.0, 87.0, 141.0, 281.0, 594.0, 56.0, 137.0, 100.0, 149.0, 88.0, 316.0, 187.0, 46.0, 50.0, 100.0, 154.0
49, 2013-02-06, Home, CHA, W, W, -6, O, 205, 0, 714.0, 740.0, 267.0, 591.0, 39.0, 115.0, 141.0, 170.0, 77.0, 284.0, 160.0, 50.0, 34.0, 92.0, 141.0, 291.0, 598.0, 54.0, 129.0, 104.0, 149.0, 87.0, 309.0, 187.0, 50.0, 54.0, 97.0, 149.0
50, 2013-02-08, Home, ORL, W, W, -7, O, 199.5, 0, 738.0, 726.0, 285.0, 600.0, 42.0, 118.0, 126.0, 153.0, 75.0, 289.0, 173.0, 53.0, 33.0, 89.0, 143.0, 283.0, 587.0, 54.0, 128.0, 106.0, 157.0, 81.0, 300.0, 178.0, 48.0, 54.0, 102.0, 135.0
51, 2013-02-09, Home, DEN, L, L, 6, U, 215.5, 1, 762.0, 744.0, 287.0, 598.0, 47.0, 120.0, 141.0, 172.0, 74.0, 282.0, 168.0, 56.0, 29.0, 82.0, 136.0, 296.0, 589.0, 55.0, 132.0, 97.0, 148.0, 74.0, 291.0, 184.0, 46.0, 53.0, 105.0, 143.0
52, 2013-02-11, Home, MIN, L, L, -7.5, U, 205, 0, 752.0, 747.0, 279.0, 596.0, 50.0, 125.0, 144.0, 176.0, 77.0, 276.0, 165.0, 55.0, 29.0, 81.0, 142.0, 293.0, 577.0, 47.0, 121.0, 114.0, 169.0, 78.0, 296.0, 173.0, 49.0, 55.0, 108.0, 144.0
53, 2013-02-13, Home, SAS, L, W, 8.5, U, 206, 0, 745.0, 749.0, 282.0, 597.0, 49.0, 132.0, 132.0, 165.0, 76.0, 268.0, 177.0, 59.0, 32.0, 86.0, 135.0, 292.0, 570.0, 50.0, 118.0, 115.0, 168.0, 77.0, 293.0, 176.0, 53.0, 57.0, 113.0, 138.0
54, 2013-02-20, Home, NOH, W, W, -3.5, O, 196.5, 0, 745.0, 737.0, 286.0, 610.0, 47.0, 125.0, 126.0, 155.0, 80.0, 280.0, 174.0, 59.0, 32.0, 85.0, 137.0, 285.0, 570.0, 44.0, 121.0, 123.0, 176.0, 81.0, 298.0, 170.0, 52.0, 58.0, 112.0, 130.0
55, 2013-02-23, Away, ORL, W, W, -5, O, 200, 0, 751.0, 720.0, 289.0, 599.0, 46.0, 119.0, 127.0, 163.0, 79.0, 272.0, 175.0, 60.0, 29.0, 78.0, 122.0, 277.0, 563.0, 47.0, 122.0, 119.0, 155.0, 79.0, 288.0, 159.0, 46.0, 53.0, 114.0, 137.0
56, 2013-02-24, Away, MIA, L, W, 12.5, O, 205.5, 1, 754.0, 704.0, 289.0, 596.0, 46.0, 122.0, 130.0, 168.0, 83.0, 275.0, 176.0, 59.0, 31.0, 75.0, 126.0, 274.0, 559.0, 44.0, 115.0, 112.0, 151.0, 76.0, 277.0, 162.0, 41.0, 49.0, 113.0, 137.0
57, 2013-02-26, Away, CHI, W, W, 8.5, O, 185.5, 0, 737.0, 718.0, 276.0, 582.0, 45.0, 118.0, 140.0, 179.0, 82.0, 265.0, 161.0, 60.0, 30.0, 80.0, 125.0, 276.0, 555.0, 50.0, 119.0, 116.0, 150.0, 73.0, 274.0, 164.0, 44.0, 53.0, 111.0, 144.0
58, 2013-02-27, Home, TOR, W, W, 4.5, U, 196, 1, 719.0, 708.0, 277.0, 583.0, 43.0, 121.0, 122.0, 157.0, 88.0, 272.0, 156.0, 59.0, 32.0, 84.0, 129.0, 270.0, 547.0, 51.0, 119.0, 117.0, 152.0, 75.0, 269.0, 167.0, 46.0, 54.0, 107.0, 135.0
59, 2013-03-01, Home, LAC, L, L, 8, U, 200, 0, 719.0, 689.0, 274.0, 581.0, 39.0, 114.0, 132.0, 163.0, 90.0, 274.0, 158.0, 57.0, 32.0, 79.0, 125.0, 265.0, 545.0, 47.0, 122.0, 112.0, 143.0, 69.0, 261.0, 169.0, 40.0, 54.0, 102.0, 139.0
60, 2013-03-04, Home, NYK, L, L, 3, U, 204.5, 0, 716.0, 694.0, 267.0, 576.0, 39.0, 112.0, 143.0, 180.0, 92.0, 275.0, 152.0, 50.0, 27.0, 75.0, 133.0, 269.0, 553.0, 46.0, 133.0, 110.0, 146.0, 70.0, 264.0, 170.0, 40.0, 57.0, 92.0, 142.0
61, 2013-03-06, Home, UTA, W, W, -1.5, O, 201.5, 0, 718.0, 700.0, 264.0, 552.0, 43.0, 121.0, 147.0, 189.0, 82.0, 258.0, 153.0, 51.0, 25.0, 79.0, 136.0, 267.0, 547.0, 53.0, 144.0, 113.0, 149.0, 71.0, 260.0, 168.0, 42.0, 52.0, 95.0, 145.0
62, 2013-03-08, Home, MEM, L, L, 4.5, O, 186, 0, 717.0, 701.0, 263.0, 565.0, 45.0, 123.0, 146.0, 184.0, 86.0, 273.0, 156.0, 51.0, 34.0, 82.0, 136.0, 268.0, 558.0, 55.0, 148.0, 110.0, 146.0, 68.0, 259.0, 178.0, 47.0, 57.0, 97.0, 140.0
63, 2013-03-10, Away, TOR, L, W, 6, U, 202, 0, 691.0, 710.0, 253.0, 550.0, 42.0, 116.0, 143.0, 182.0, 75.0, 259.0, 147.0, 48.0, 37.0, 87.0, 133.0, 275.0, 565.0, 55.0, 145.0, 105.0, 135.0, 66.0, 260.0, 186.0, 52.0, 56.0, 94.0, 135.0
64, 2013-03-12, Home, WAS, W, W, 1, U, 190.5, 0, 682.0, 701.0, 250.0, 558.0, 41.0, 117.0, 141.0, 185.0, 76.0, 269.0, 149.0, 47.0, 35.0, 89.0, 143.0, 269.0, 574.0, 51.0, 149.0, 112.0, 145.0, 69.0, 273.0, 185.0, 53.0, 52.0, 94.0, 140.0
65, 2013-03-15, Away, DAL, L, L, 8.5, U, 203.5, 0, 676.0, 693.0, 244.0, 560.0, 44.0, 126.0, 144.0, 191.0, 77.0, 278.0, 155.0, 46.0, 32.0, 90.0, 149.0, 261.0, 572.0, 47.0, 145.0, 124.0, 158.0, 69.0, 285.0, 172.0, 52.0, 49.0, 93.0, 145.0
66, 2013-03-16, Away, SAS, L, W, 15, O, 201, 1, 659.0, 697.0, 244.0, 556.0, 46.0, 129.0, 125.0, 177.0, 71.0, 277.0, 147.0, 50.0, 29.0, 98.0, 142.0, 267.0, 576.0, 52.0, 146.0, 111.0, 144.0, 68.0, 293.0, 172.0, 56.0, 47.0, 94.0, 139.0
67, 2013-03-18, Home, IND, L, L, 7, O, 187.5, 0, 683.0, 711.0, 254.0, 567.0, 48.0, 128.0, 127.0, 180.0, 69.0, 274.0, 151.0, 58.0, 31.0, 92.0, 146.0, 269.0, 571.0, 51.0, 138.0, 122.0, 153.0, 68.0, 297.0, 178.0, 53.0, 45.0, 102.0, 140.0
68, 2013-03-20, Home, MIA, L, W, 11, U, 198, 0, 676.0, 720.0, 252.0, 586.0, 48.0, 132.0, 124.0, 177.0, 79.0, 288.0, 147.0, 55.0, 36.0, 89.0, 149.0, 272.0, 581.0, 47.0, 130.0, 129.0, 161.0, 71.0, 314.0, 184.0, 52.0, 49.0, 100.0, 138.0
69, 2013-03-22, Away, HOU, L, L, 12, U, 212, 0, 667.0, 717.0, 252.0, 577.0, 48.0, 137.0, 115.0, 165.0, 78.0, 281.0, 144.0, 57.0, 26.0, 94.0, 156.0, 266.0, 566.0, 50.0, 140.0, 135.0, 172.0, 74.0, 310.0, 179.0, 54.0, 44.0, 98.0, 135.0
70, 2013-03-27, Home, BOS, L, W, 2.5, U, 197, 0, 653.0, 730.0, 250.0, 591.0, 46.0, 143.0, 107.0, 154.0, 81.0, 280.0, 139.0, 61.0, 22.0, 93.0, 163.0, 265.0, 557.0, 56.0, 158.0, 144.0, 188.0, 78.0, 327.0, 175.0, 52.0, 44.0, 108.0, 138.0
71, 2013-03-29, Home, PHI, L, L, 2, U, 195, 0, 649.0, 723.0, 252.0, 591.0, 46.0, 139.0, 99.0, 141.0, 80.0, 281.0, 145.0, 65.0, 26.0, 98.0, 156.0, 266.0, 549.0, 53.0, 149.0, 138.0, 182.0, 71.0, 317.0, 180.0, 53.0, 43.0, 112.0, 131.0
72, 2013-03-31, Away, NOH, L, L, 5.5, O, 192.5, 0, 641.0, 730.0, 255.0, 594.0, 42.0, 131.0, 89.0, 131.0, 77.0, 273.0, 145.0, 63.0, 30.0, 97.0, 146.0, 277.0, 559.0, 55.0, 150.0, 121.0, 164.0, 72.0, 314.0, 186.0, 54.0, 44.0, 107.0, 122.0
73, 2013-04-01, Away, ATL, L, W, 10.5, U, 201.5, 1, 647.0, 746.0, 259.0, 598.0, 42.0, 133.0, 87.0, 125.0, 73.0, 265.0, 147.0, 58.0, 33.0, 92.0, 157.0, 276.0, 551.0, 60.0, 150.0, 134.0, 182.0, 73.0, 313.0, 184.0, 54.0, 43.0, 105.0, 122.0
74, 2013-04-03, Home, BRK, L, L, 5, O, 199.5, 0, 628.0, 729.0, 257.0, 594.0, 38.0, 130.0, 76.0, 109.0, 72.0, 280.0, 154.0, 54.0, 30.0, 96.0, 154.0, 268.0, 554.0, 63.0, 163.0, 130.0, 179.0, 72.0, 307.0, 178.0, 55.0, 39.0, 98.0, 118.0
75, 2013-04-05, Away, BOS, W, W, 5, U, 199, 0, 633.0, 731.0, 256.0, 591.0, 36.0, 120.0, 85.0, 114.0, 69.0, 271.0, 151.0, 56.0, 27.0, 96.0, 150.0, 272.0, 542.0, 65.0, 162.0, 122.0, 172.0, 65.0, 294.0, 180.0, 53.0, 34.0, 102.0, 122.0
76, 2013-04-07, Home, ORL, W, P, -6, U, 204, 0, 635.0, 724.0, 255.0, 599.0, 32.0, 112.0, 93.0, 123.0, 69.0, 287.0, 147.0, 53.0, 32.0, 94.0, 145.0, 276.0, 559.0, 59.0, 155.0, 113.0, 164.0, 64.0, 302.0, 182.0, 51.0, 35.0, 100.0, 126.0
77, 2013-04-09, Away, IND, L, W, 14, O, 189.5, 0, 648.0, 693.0, 256.0, 602.0, 35.0, 109.0, 101.0, 132.0, 76.0, 307.0, 157.0, 51.0, 37.0, 94.0, 139.0, 266.0, 572.0, 50.0, 139.0, 111.0, 159.0, 70.0, 301.0, 177.0, 52.0, 36.0, 92.0, 125.0
78, 2013-04-10, Home, DET, L, L, -2.5, O, 199, 1, 650.0, 699.0, 257.0, 601.0, 31.0, 102.0, 105.0, 133.0, 81.0, 300.0, 149.0, 46.0, 38.0, 93.0, 146.0, 264.0, 575.0, 49.0, 141.0, 122.0, 177.0, 86.0, 309.0, 163.0, 56.0, 38.0, 86.0, 124.0
79, 2013-04-12, Home, NYK, L, L, 4.5, U, 209, 0, 667.0, 713.0, 260.0, 597.0, 30.0, 99.0, 117.0, 144.0, 83.0, 309.0, 146.0, 43.0, 40.0, 95.0, 159.0, 262.0, 569.0, 46.0, 139.0, 143.0, 209.0, 79.0, 299.0, 157.0, 57.0, 33.0, 82.0, 131.0
80, 2013-04-14, Away, PHI, L, L, 5.5, U, 198.5, 0, 666.0, 702.0, 256.0, 594.0, 29.0, 103.0, 125.0, 156.0, 96.0, 324.0, 143.0, 44.0, 37.0, 96.0, 152.0, 262.0, 574.0, 44.0, 146.0, 134.0, 197.0, 81.0, 298.0, 149.0, 61.0, 33.0, 82.0, 133.0
81, 2013-04-15, Home, MIA, L, L, -1.5, U, 192.5, 1, 649.0, 691.0, 246.0, 598.0, 31.0, 107.0, 126.0, 156.0, 101.0, 329.0, 136.0, 40.0, 42.0, 101.0, 140.0, 263.0, 579.0, 43.0, 137.0, 122.0, 182.0, 81.0, 300.0, 150.0, 62.0, 39.0, 83.0, 128.0
82, 2013-04-17, Away, CHA, L, L, 2.5, O, 202.5, 0, 649.0, 674.0, 251.0, 595.0, 32.0, 106.0, 115.0, 149.0, 101.0, 331.0, 138.0, 40.0, 43.0, 95.0, 145.0, 253.0, 569.0, 46.0, 144.0, 122.0, 187.0, 83.0, 301.0, 144.0, 58.0, 43.0, 82.0, 127.0
