16, 2012-12-01, Home, IND, W, W, -5, O, 188, 0, 1478.0, 1488.0, 559.0, 1242.0, 95.0, 286.0, 265.0, 355.0, 178.0, 686.0, 325.0, 103.0, 50.0, 239.0, 352.0, 545.0, 1260.0, 111.0, 330.0, 287.0, 392.0, 166.0, 621.0, 336.0, 128.0, 95.0, 201.0, 315.0
17, 2012-12-03, Home, ORL, L, L, -9.5, P, 196, 0, 1494.0, 1495.0, 564.0, 1236.0, 99.0, 289.0, 267.0, 351.0, 172.0, 678.0, 328.0, 99.0, 50.0, 238.0, 354.0, 547.0, 1254.0, 115.0, 331.0, 286.0, 390.0, 163.0, 613.0, 340.0, 124.0, 90.0, 199.0, 311.0
18, 2012-12-05, Away, DET, W, W, 1, O, 192.5, 0, 1494.0, 1493.0, 565.0, 1237.0, 96.0, 286.0, 268.0, 352.0, 172.0, 685.0, 330.0, 99.0, 50.0, 233.0, 350.0, 552.0, 1269.0, 117.0, 341.0, 272.0, 372.0, 165.0, 616.0, 347.0, 123.0, 90.0, 194.0, 308.0
19, 2012-12-07, Away, BRK, W, W, 6.5, O, 195.5, 0, 1484.0, 1480.0, 558.0, 1228.0, 101.0, 294.0, 267.0, 347.0, 165.0, 672.0, 332.0, 101.0, 55.0, 230.0, 338.0, 557.0, 1278.0, 113.0, 341.0, 253.0, 351.0, 173.0, 627.0, 348.0, 121.0, 90.0, 195.0, 303.0
20, 2012-12-08, Away, WAS, W, L, -4.5, O, 197, 1, 1501.0, 1488.0, 573.0, 1240.0, 104.0, 292.0, 251.0, 329.0, 173.0, 681.0, 335.0, 105.0, 54.0, 228.0, 342.0, 557.0, 1284.0, 120.0, 355.0, 254.0, 351.0, 178.0, 628.0, 358.0, 119.0, 89.0, 195.0, 291.0
21, 2012-12-10, Away, CHA, W, W, -4.5, U, 202, 0, 1496.0, 1489.0, 566.0, 1243.0, 108.0, 296.0, 256.0, 333.0, 179.0, 694.0, 329.0, 98.0, 55.0, 231.0, 336.0, 558.0, 1285.0, 118.0, 348.0, 255.0, 353.0, 174.0, 626.0, 361.0, 123.0, 92.0, 187.0, 285.0
22, 2012-12-12, Away, MIA, W, W, 8.5, U, 206.5, 0, 1523.0, 1484.0, 575.0, 1241.0, 109.0, 291.0, 264.0, 336.0, 180.0, 693.0, 345.0, 102.0, 56.0, 229.0, 337.0, 553.0, 1278.0, 119.0, 346.0, 259.0, 357.0, 170.0, 607.0, 360.0, 120.0, 96.0, 186.0, 291.0
23, 2012-12-14, Away, ORL, L, L, -4, U, 193.5, 0, 1519.0, 1472.0, 574.0, 1221.0, 109.0, 290.0, 262.0, 327.0, 175.0, 680.0, 342.0, 100.0, 53.0, 228.0, 325.0, 548.0, 1245.0, 121.0, 344.0, 255.0, 345.0, 153.0, 580.0, 348.0, 117.0, 90.0, 188.0, 283.0
24, 2012-12-15, Away, ATL, W, W, 6.5, O, 196.5, 1, 1512.0, 1483.0, 575.0, 1242.0, 111.0, 292.0, 251.0, 313.0, 181.0, 685.0, 338.0, 98.0, 54.0, 217.0, 318.0, 555.0, 1253.0, 123.0, 342.0, 250.0, 338.0, 161.0, 604.0, 353.0, 114.0, 97.0, 191.0, 280.0
25, 2012-12-18, Home, NOH, W, L, -7.5, O, 192.5, 0, 1521.0, 1478.0, 581.0, 1256.0, 119.0, 301.0, 240.0, 295.0, 174.0, 689.0, 349.0, 105.0, 52.0, 213.0, 317.0, 552.0, 1258.0, 121.0, 350.0, 253.0, 345.0, 160.0, 615.0, 355.0, 114.0, 88.0, 190.0, 272.0
26, 2012-12-19, Away, SAC, L, L, -3, O, 201, 1, 1515.0, 1455.0, 572.0, 1252.0, 120.0, 303.0, 251.0, 307.0, 182.0, 698.0, 351.0, 105.0, 50.0, 214.0, 314.0, 545.0, 1250.0, 117.0, 357.0, 248.0, 336.0, 157.0, 608.0, 347.0, 116.0, 88.0, 194.0, 280.0
27, 2012-12-21, Home, CHA, W, W, -10.5, O, 205, 0, 1537.0, 1485.0, 581.0, 1253.0, 124.0, 305.0, 251.0, 302.0, 177.0, 678.0, 353.0, 99.0, 54.0, 206.0, 317.0, 551.0, 1250.0, 118.0, 355.0, 265.0, 354.0, 161.0, 605.0, 348.0, 111.0, 84.0, 187.0, 276.0
28, 2012-12-22, Home, LAL, L, L, 1.5, O, 215, 1, 1550.0, 1492.0, 585.0, 1263.0, 131.0, 317.0, 249.0, 299.0, 177.0, 683.0, 360.0, 100.0, 62.0, 202.0, 324.0, 546.0, 1257.0, 120.0, 353.0, 280.0, 374.0, 165.0, 614.0, 341.0, 109.0, 82.0, 186.0, 277.0
29, 2012-12-26, Away, UTA, W, W, 4.5, U, 203, 0, 1574.0, 1508.0, 596.0, 1286.0, 134.0, 329.0, 248.0, 296.0, 184.0, 685.0, 364.0, 105.0, 62.0, 207.0, 316.0, 555.0, 1280.0, 124.0, 361.0, 274.0, 358.0, 169.0, 624.0, 353.0, 109.0, 78.0, 195.0, 279.0
30, 2012-12-28, Home, PHI, W, W, -6, U, 199.5, 0, 1572.0, 1506.0, 596.0, 1290.0, 137.0, 326.0, 243.0, 287.0, 180.0, 680.0, 365.0, 114.0, 65.0, 204.0, 309.0, 554.0, 1277.0, 123.0, 351.0, 275.0, 361.0, 167.0, 629.0, 345.0, 106.0, 77.0, 199.0, 272.0
31, 2012-12-29, Home, BOS, W, W, -4.5, U, 192.5, 1, 1562.0, 1490.0, 586.0, 1284.0, 136.0, 325.0, 254.0, 300.0, 180.0, 689.0, 356.0, 109.0, 63.0, 206.0, 306.0, 551.0, 1280.0, 118.0, 350.0, 270.0, 360.0, 166.0, 632.0, 345.0, 111.0, 73.0, 193.0, 275.0
32, 2013-01-02, Home, LAC, W, W, 1.5, O, 201.5, 0, 1560.0, 1481.0, 586.0, 1277.0, 139.0, 324.0, 249.0, 297.0, 174.0, 694.0, 355.0, 112.0, 70.0, 207.0, 306.0, 548.0, 1292.0, 115.0, 350.0, 270.0, 361.0, 171.0, 634.0, 343.0, 115.0, 69.0, 190.0, 271.0
33, 2013-01-05, Away, LAC, L, L, 6, O, 202, 0, 1581.0, 1473.0, 591.0, 1280.0, 144.0, 330.0, 255.0, 301.0, 178.0, 704.0, 361.0, 118.0, 69.0, 214.0, 313.0, 537.0, 1280.0, 115.0, 356.0, 284.0, 384.0, 171.0, 629.0, 338.0, 121.0, 69.0, 196.0, 270.0
34, 2013-01-09, Home, MEM, L, L, -1, U, 190.5, 0, 1566.0, 1491.0, 589.0, 1277.0, 140.0, 326.0, 248.0, 293.0, 174.0, 699.0, 356.0, 113.0, 70.0, 220.0, 308.0, 549.0, 1291.0, 119.0, 363.0, 274.0, 368.0, 165.0, 626.0, 345.0, 129.0, 68.0, 186.0, 265.0
35, 2013-01-11, Home, POR, W, L, -8, O, 198.5, 0, 1544.0, 1483.0, 576.0, 1258.0, 138.0, 324.0, 254.0, 303.0, 165.0, 690.0, 355.0, 112.0, 71.0, 224.0, 308.0, 552.0, 1292.0, 110.0, 347.0, 269.0, 361.0, 163.0, 625.0, 349.0, 135.0, 66.0, 183.0, 269.0
36, 2013-01-13, Away, DEN, L, L, 6.5, O, 209, 0, 1546.0, 1483.0, 582.0, 1263.0, 135.0, 317.0, 247.0, 294.0, 160.0, 680.0, 361.0, 118.0, 71.0, 216.0, 308.0, 550.0, 1297.0, 116.0, 365.0, 267.0, 357.0, 173.0, 640.0, 344.0, 129.0, 65.0, 188.0, 263.0
37, 2013-01-16, Home, MIA, L, L, 4, U, 200, 0, 1547.0, 1503.0, 587.0, 1262.0, 140.0, 321.0, 233.0, 279.0, 152.0, 673.0, 361.0, 112.0, 72.0, 218.0, 306.0, 562.0, 1304.0, 116.0, 366.0, 263.0, 352.0, 175.0, 645.0, 350.0, 134.0, 57.0, 181.0, 259.0
38, 2013-01-18, Away, SAS, L, W, 11.5, U, 202, 0, 1525.0, 1500.0, 578.0, 1260.0, 134.0, 309.0, 235.0, 283.0, 155.0, 684.0, 358.0, 108.0, 72.0, 226.0, 313.0, 560.0, 1314.0, 117.0, 373.0, 263.0, 355.0, 182.0, 658.0, 356.0, 139.0, 59.0, 175.0, 268.0
39, 2013-01-19, Away, NOH, W, W, 5, O, 188.5, 1, 1528.0, 1496.0, 580.0, 1252.0, 131.0, 305.0, 237.0, 286.0, 146.0, 677.0, 362.0, 107.0, 72.0, 223.0, 319.0, 555.0, 1308.0, 113.0, 374.0, 273.0, 364.0, 176.0, 651.0, 349.0, 133.0, 52.0, 170.0, 265.0
40, 2013-01-21, Home, LAC, W, W, 4.5, O, 197.5, 0, 1529.0, 1515.0, 569.0, 1230.0, 131.0, 303.0, 260.0, 313.0, 146.0, 656.0, 355.0, 107.0, 70.0, 226.0, 313.0, 569.0, 1303.0, 117.0, 372.0, 260.0, 351.0, 177.0, 643.0, 358.0, 138.0, 55.0, 175.0, 276.0
41, 2013-01-23, Home, OKC, W, W, 1.5, U, 208, 0, 1532.0, 1518.0, 574.0, 1227.0, 137.0, 307.0, 247.0, 297.0, 136.0, 651.0, 355.0, 103.0, 70.0, 229.0, 319.0, 572.0, 1311.0, 119.0, 375.0, 255.0, 356.0, 180.0, 649.0, 367.0, 137.0, 57.0, 175.0, 268.0
42, 2013-01-25, Away, CHI, L, L, 2.5, O, 189, 0, 1509.0, 1486.0, 565.0, 1219.0, 130.0, 304.0, 249.0, 299.0, 133.0, 649.0, 354.0, 109.0, 67.0, 232.0, 313.0, 565.0, 1303.0, 113.0, 372.0, 243.0, 341.0, 178.0, 648.0, 362.0, 139.0, 57.0, 185.0, 270.0
43, 2013-01-26, Away, MIL, L, L, 2.5, O, 208.5, 1, 1481.0, 1489.0, 548.0, 1212.0, 120.0, 296.0, 265.0, 316.0, 131.0, 638.0, 335.0, 111.0, 63.0, 232.0, 308.0, 573.0, 1301.0, 114.0, 371.0, 229.0, 324.0, 176.0, 660.0, 365.0, 138.0, 61.0, 193.0, 279.0
44, 2013-01-28, Away, TOR, W, W, -2, O, 200.5, 0, 1468.0, 1480.0, 541.0, 1202.0, 123.0, 295.0, 263.0, 312.0, 128.0, 641.0, 334.0, 106.0, 62.0, 228.0, 311.0, 565.0, 1295.0, 118.0, 374.0, 232.0, 330.0, 183.0, 669.0, 356.0, 136.0, 65.0, 185.0, 274.0
45, 2013-01-29, Away, CLE, W, W, -1.5, O, 201, 1, 1488.0, 1499.0, 554.0, 1206.0, 120.0, 292.0, 260.0, 312.0, 132.0, 647.0, 337.0, 100.0, 64.0, 231.0, 312.0, 571.0, 1299.0, 120.0, 376.0, 237.0, 331.0, 185.0, 662.0, 367.0, 138.0, 67.0, 181.0, 275.0
46, 2013-01-31, Home, DAL, W, L, -4, U, 203, 0, 1500.0, 1505.0, 565.0, 1210.0, 124.0, 291.0, 246.0, 296.0, 130.0, 634.0, 348.0, 103.0, 70.0, 227.0, 316.0, 572.0, 1296.0, 119.0, 374.0, 242.0, 333.0, 188.0, 655.0, 369.0, 132.0, 68.0, 183.0, 269.0
47, 2013-02-02, Home, PHO, W, W, -10.5, O, 202, 0, 1499.0, 1519.0, 563.0, 1221.0, 119.0, 292.0, 254.0, 305.0, 137.0, 634.0, 353.0, 101.0, 64.0, 221.0, 315.0, 577.0, 1291.0, 122.0, 377.0, 243.0, 336.0, 187.0, 664.0, 376.0, 130.0, 70.0, 185.0, 272.0
48, 2013-02-05, Away, HOU, L, L, 2.5, O, 217, 0, 1497.0, 1518.0, 566.0, 1226.0, 116.0, 288.0, 249.0, 303.0, 138.0, 628.0, 358.0, 95.0, 63.0, 214.0, 312.0, 583.0, 1297.0, 119.0, 363.0, 233.0, 321.0, 191.0, 674.0, 374.0, 123.0, 67.0, 183.0, 275.0
49, 2013-02-06, Away, OKC, L, L, 11, O, 214, 1, 1517.0, 1543.0, 575.0, 1240.0, 114.0, 283.0, 253.0, 307.0, 144.0, 638.0, 360.0, 93.0, 60.0, 210.0, 321.0, 582.0, 1298.0, 132.0, 375.0, 247.0, 341.0, 196.0, 681.0, 380.0, 117.0, 65.0, 184.0, 278.0
50, 2013-02-08, Away, MEM, L, L, 3.5, O, 191, 0, 1528.0, 1568.0, 580.0, 1262.0, 117.0, 286.0, 251.0, 303.0, 151.0, 649.0, 362.0, 92.0, 62.0, 214.0, 315.0, 590.0, 1305.0, 138.0, 381.0, 250.0, 345.0, 193.0, 688.0, 382.0, 118.0, 79.0, 186.0, 273.0
51, 2013-02-09, Away, DAL, L, L, 5.5, U, 210.5, 1, 1518.0, 1570.0, 575.0, 1250.0, 117.0, 288.0, 251.0, 305.0, 150.0, 636.0, 352.0, 87.0, 61.0, 219.0, 324.0, 591.0, 1292.0, 131.0, 358.0, 257.0, 349.0, 185.0, 679.0, 390.0, 119.0, 80.0, 185.0, 281.0
52, 2013-02-12, Home, HOU, L, L, -4, O, 218.5, 0, 1504.0, 1570.0, 566.0, 1256.0, 110.0, 280.0, 262.0, 321.0, 161.0, 649.0, 336.0, 88.0, 57.0, 216.0, 326.0, 586.0, 1279.0, 133.0, 351.0, 265.0, 360.0, 177.0, 679.0, 388.0, 117.0, 84.0, 187.0, 288.0
53, 2013-02-19, Away, UTA, L, L, 3.5, O, 203.5, 0, 1536.0, 1594.0, 575.0, 1260.0, 115.0, 288.0, 271.0, 334.0, 158.0, 643.0, 344.0, 89.0, 61.0, 208.0, 327.0, 593.0, 1280.0, 135.0, 356.0, 273.0, 367.0, 174.0, 676.0, 396.0, 114.0, 82.0, 187.0, 287.0
54, 2013-02-20, Home, PHO, W, W, -8.5, O, 205, 1, 1549.0, 1614.0, 578.0, 1259.0, 116.0, 289.0, 277.0, 344.0, 164.0, 643.0, 338.0, 90.0, 62.0, 212.0, 328.0, 596.0, 1278.0, 140.0, 355.0, 282.0, 380.0, 175.0, 665.0, 400.0, 120.0, 86.0, 188.0, 298.0
55, 2013-02-22, Home, SAS, W, W, 3.5, U, 208.5, 0, 1541.0, 1600.0, 582.0, 1269.0, 116.0, 287.0, 261.0, 326.0, 167.0, 654.0, 342.0, 86.0, 67.0, 208.0, 325.0, 591.0, 1283.0, 140.0, 348.0, 278.0, 371.0, 175.0, 669.0, 398.0, 116.0, 88.0, 186.0, 290.0
56, 2013-02-24, Away, MIN, W, L, -2, U, 205.5, 0, 1542.0, 1602.0, 582.0, 1288.0, 109.0, 286.0, 269.0, 338.0, 170.0, 672.0, 342.0, 88.0, 70.0, 203.0, 327.0, 590.0, 1295.0, 133.0, 340.0, 289.0, 381.0, 175.0, 680.0, 383.0, 113.0, 90.0, 181.0, 296.0
57, 2013-02-26, Away, IND, L, L, 8.5, O, 196.5, 0, 1538.0, 1602.0, 582.0, 1285.0, 110.0, 280.0, 264.0, 334.0, 173.0, 680.0, 340.0, 89.0, 71.0, 210.0, 334.0, 591.0, 1302.0, 129.0, 335.0, 291.0, 385.0, 180.0, 682.0, 386.0, 116.0, 85.0, 179.0, 297.0
58, 2013-02-27, Away, NYK, L, W, 7.5, O, 205, 1, 1548.0, 1607.0, 588.0, 1283.0, 118.0, 282.0, 254.0, 325.0, 178.0, 689.0, 344.0, 94.0, 72.0, 219.0, 338.0, 591.0, 1298.0, 126.0, 336.0, 299.0, 394.0, 178.0, 668.0, 386.0, 126.0, 86.0, 176.0, 288.0
59, 2013-03-01, Away, BOS, L, L, 4, U, 197, 0, 1551.0, 1607.0, 585.0, 1262.0, 120.0, 281.0, 261.0, 335.0, 171.0, 677.0, 333.0, 92.0, 72.0, 221.0, 336.0, 586.0, 1284.0, 124.0, 340.0, 311.0, 407.0, 172.0, 656.0, 381.0, 131.0, 82.0, 174.0, 296.0
60, 2013-03-02, Away, PHI, L, L, -2, O, 197.5, 1, 1523.0, 1599.0, 571.0, 1270.0, 119.0, 289.0, 262.0, 337.0, 171.0, 682.0, 328.0, 94.0, 65.0, 219.0, 341.0, 584.0, 1272.0, 121.0, 336.0, 310.0, 412.0, 163.0, 663.0, 377.0, 130.0, 83.0, 181.0, 298.0
61, 2013-03-04, Home, TOR, W, W, -6, O, 205, 0, 1512.0, 1608.0, 562.0, 1272.0, 118.0, 299.0, 270.0, 346.0, 175.0, 678.0, 319.0, 100.0, 59.0, 224.0, 332.0, 592.0, 1273.0, 129.0, 336.0, 295.0, 396.0, 162.0, 675.0, 379.0, 131.0, 84.0, 193.0, 303.0
62, 2013-03-06, Home, SAC, W, L, -11, U, 224.5, 0, 1537.0, 1629.0, 573.0, 1270.0, 119.0, 296.0, 272.0, 349.0, 169.0, 670.0, 326.0, 97.0, 59.0, 226.0, 338.0, 597.0, 1286.0, 130.0, 337.0, 305.0, 407.0, 169.0, 675.0, 370.0, 129.0, 84.0, 191.0, 311.0
63, 2013-03-08, Home, HOU, L, L, -2, U, 223, 0, 1511.0, 1619.0, 555.0, 1256.0, 118.0, 300.0, 283.0, 358.0, 161.0, 669.0, 311.0, 101.0, 60.0, 230.0, 328.0, 595.0, 1283.0, 133.0, 346.0, 296.0, 395.0, 160.0, 667.0, 376.0, 134.0, 87.0, 193.0, 314.0
64, 2013-03-09, Home, MIL, L, L, -2.5, U, 210.5, 1, 1490.0, 1573.0, 547.0, 1257.0, 124.0, 306.0, 272.0, 348.0, 162.0, 680.0, 308.0, 105.0, 59.0, 234.0, 327.0, 576.0, 1266.0, 125.0, 341.0, 296.0, 394.0, 153.0, 664.0, 362.0, 139.0, 87.0, 197.0, 307.0
65, 2013-03-11, Home, NYK, W, W, -2.5, U, 202, 0, 1485.0, 1557.0, 546.0, 1246.0, 120.0, 301.0, 273.0, 352.0, 161.0, 678.0, 304.0, 102.0, 56.0, 232.0, 333.0, 566.0, 1249.0, 130.0, 346.0, 295.0, 393.0, 149.0, 656.0, 362.0, 135.0, 76.0, 200.0, 315.0
66, 2013-03-13, Home, DET, W, L, -11.5, O, 200, 0, 1484.0, 1521.0, 542.0, 1250.0, 125.0, 304.0, 275.0, 356.0, 167.0, 703.0, 302.0, 104.0, 56.0, 230.0, 333.0, 550.0, 1243.0, 127.0, 353.0, 294.0, 398.0, 151.0, 655.0, 348.0, 136.0, 74.0, 201.0, 320.0
67, 2013-03-15, Home, CHI, L, L, -4, O, 187, 0, 1498.0, 1502.0, 549.0, 1233.0, 127.0, 306.0, 273.0, 357.0, 161.0, 693.0, 317.0, 105.0, 64.0, 228.0, 322.0, 552.0, 1255.0, 121.0, 350.0, 277.0, 374.0, 159.0, 649.0, 349.0, 133.0, 68.0, 200.0, 319.0
68, 2013-03-17, Away, HOU, W, W, 7.5, U, 217.5, 0, 1486.0, 1499.0, 545.0, 1225.0, 122.0, 300.0, 274.0, 356.0, 160.0, 681.0, 308.0, 107.0, 65.0, 227.0, 317.0, 552.0, 1247.0, 119.0, 332.0, 276.0, 371.0, 160.0, 644.0, 345.0, 133.0, 65.0, 203.0, 320.0
69, 2013-03-18, Away, NOH, W, W, -3.5, U, 196, 1, 1493.0, 1462.0, 550.0, 1238.0, 130.0, 309.0, 263.0, 341.0, 155.0, 689.0, 318.0, 109.0, 68.0, 224.0, 312.0, 541.0, 1255.0, 118.0, 346.0, 262.0, 354.0, 164.0, 657.0, 338.0, 131.0, 62.0, 207.0, 312.0
70, 2013-03-20, Away, SAS, L, L, 8, U, 203, 0, 1478.0, 1436.0, 543.0, 1221.0, 130.0, 308.0, 262.0, 339.0, 148.0, 689.0, 310.0, 109.0, 69.0, 230.0, 316.0, 529.0, 1254.0, 112.0, 346.0, 266.0, 353.0, 166.0, 657.0, 327.0, 134.0, 59.0, 206.0, 307.0
71, 2013-03-23, Home, WAS, W, W, -8.5, U, 195, 0, 1464.0, 1439.0, 541.0, 1211.0, 131.0, 299.0, 251.0, 324.0, 151.0, 671.0, 301.0, 112.0, 68.0, 234.0, 310.0, 533.0, 1244.0, 116.0, 350.0, 257.0, 336.0, 164.0, 645.0, 337.0, 136.0, 59.0, 209.0, 298.0
72, 2013-03-25, Home, LAL, W, W, -1, O, 205.5, 0, 1465.0, 1432.0, 541.0, 1205.0, 134.0, 302.0, 249.0, 323.0, 145.0, 665.0, 308.0, 106.0, 68.0, 233.0, 299.0, 532.0, 1247.0, 122.0, 356.0, 246.0, 321.0, 162.0, 642.0, 334.0, 134.0, 58.0, 204.0, 299.0
73, 2013-03-27, Home, SAC, L, L, -9, U, 213.5, 0, 1477.0, 1427.0, 551.0, 1219.0, 132.0, 304.0, 243.0, 318.0, 139.0, 667.0, 314.0, 98.0, 66.0, 224.0, 303.0, 527.0, 1254.0, 122.0, 361.0, 251.0, 330.0, 163.0, 651.0, 329.0, 126.0, 51.0, 201.0, 297.0
74, 2013-03-30, Home, POR, W, W, -9.5, O, 202.5, 0, 1470.0, 1423.0, 556.0, 1237.0, 122.0, 301.0, 236.0, 310.0, 147.0, 670.0, 330.0, 101.0, 66.0, 221.0, 299.0, 532.0, 1257.0, 122.0, 355.0, 237.0, 318.0, 163.0, 650.0, 334.0, 120.0, 49.0, 206.0, 288.0
75, 2013-04-03, Home, NOH, W, W, -7.5, U, 197, 0, 1509.0, 1427.0, 571.0, 1230.0, 126.0, 298.0, 241.0, 315.0, 145.0, 668.0, 335.0, 101.0, 73.0, 220.0, 299.0, 529.0, 1268.0, 127.0, 363.0, 242.0, 319.0, 172.0, 644.0, 333.0, 120.0, 45.0, 199.0, 286.0
76, 2013-04-05, Away, PHO, W, L, -8, O, 203.5, 0, 1510.0, 1411.0, 571.0, 1222.0, 123.0, 291.0, 245.0, 318.0, 145.0, 680.0, 338.0, 92.0, 78.0, 214.0, 306.0, 518.0, 1266.0, 119.0, 360.0, 256.0, 333.0, 170.0, 635.0, 325.0, 119.0, 44.0, 188.0, 291.0
77, 2013-04-07, Home, UTA, L, L, -5.5, U, 200, 0, 1496.0, 1400.0, 568.0, 1226.0, 124.0, 290.0, 236.0, 306.0, 151.0, 672.0, 331.0, 104.0, 75.0, 214.0, 300.0, 521.0, 1244.0, 115.0, 348.0, 243.0, 315.0, 158.0, 624.0, 328.0, 119.0, 44.0, 197.0, 282.0
78, 2013-04-09, Home, MIN, W, W, -7, U, 204, 0, 1499.0, 1414.0, 576.0, 1225.0, 123.0, 284.0, 224.0, 295.0, 153.0, 667.0, 333.0, 100.0, 73.0, 213.0, 301.0, 528.0, 1249.0, 118.0, 349.0, 240.0, 310.0, 165.0, 626.0, 329.0, 117.0, 46.0, 196.0, 272.0
79, 2013-04-11, Home, OKC, L, L, 4, O, 204.5, 0, 1516.0, 1409.0, 582.0, 1229.0, 124.0, 287.0, 228.0, 297.0, 153.0, 676.0, 339.0, 101.0, 75.0, 210.0, 295.0, 534.0, 1265.0, 110.0, 333.0, 231.0, 296.0, 164.0, 625.0, 337.0, 112.0, 50.0, 194.0, 273.0
80, 2013-04-12, Away, LAL, L, W, 7, O, 208.5, 1, 1520.0, 1422.0, 582.0, 1231.0, 125.0, 288.0, 231.0, 303.0, 148.0, 668.0, 334.0, 107.0, 77.0, 209.0, 293.0, 538.0, 1270.0, 109.0, 332.0, 237.0, 300.0, 168.0, 629.0, 338.0, 114.0, 55.0, 196.0, 274.0
81, 2013-04-15, Home, SAS, W, W, -6, O, 199.5, 0, 1544.0, 1477.0, 596.0, 1250.0, 125.0, 294.0, 227.0, 295.0, 150.0, 653.0, 343.0, 107.0, 77.0, 203.0, 301.0, 552.0, 1263.0, 116.0, 330.0, 257.0, 322.0, 160.0, 623.0, 348.0, 109.0, 55.0, 195.0, 264.0
82, 2013-04-17, Away, POR, W, W, -8.5, U, 208, 0, 1555.0, 1486.0, 601.0, 1263.0, 126.0, 296.0, 227.0, 288.0, 148.0, 664.0, 342.0, 111.0, 75.0, 211.0, 303.0, 557.0, 1272.0, 119.0, 337.0, 253.0, 321.0, 156.0, 624.0, 352.0, 116.0, 56.0, 201.0, 260.0
