20, 2012-12-08, Away, BOS, L, L, 6, U, 185.5, 1, 1, 92.95, 94.53, 35.79, 83.84, 6.68, 18.16, 14.68, 19.47, 11.0, 41.47, 21.42, 8.37, 5.47, 12.11, 19.21, 35.95, 80.68, 7.0, 19.05, 15.63, 20.84, 10.84, 45.11, 23.0, 6.58, 5.16, 14.47, 18.0, 97.63, 97.58, 37.0, 78.32, 5.16, 14.79, 18.47, 23.21, 7.26, 38.63, 23.58, 7.95, 4.0, 14.42, 21.05, 36.47, 81.58, 6.42, 18.0, 18.21, 24.47, 10.89, 42.63, 21.68, 8.47, 4.53, 14.53, 20.11
21, 2012-12-10, Home, DET, W, W, -5.5, O, 186.5, 0, 0, 92.68, 95.42, 35.84, 83.53, 6.53, 17.74, 14.47, 19.21, 10.89, 40.89, 21.32, 7.89, 5.05, 11.74, 19.47, 36.32, 80.0, 7.0, 18.84, 15.79, 20.89, 10.37, 43.95, 23.32, 6.42, 5.0, 14.0, 17.84, 95.16, 96.05, 35.42, 78.42, 6.05, 15.89, 18.26, 25.11, 11.16, 41.84, 20.74, 6.21, 5.32, 14.53, 20.47, 35.26, 82.74, 6.79, 20.26, 18.74, 23.74, 12.42, 42.16, 20.05, 7.84, 5.63, 12.68, 21.26
22, 2012-12-12, Home, CHI, L, L, -2, O, 180, 1, 0, 93.74, 95.26, 36.37, 83.68, 6.32, 17.42, 14.68, 19.89, 11.05, 41.11, 21.79, 7.89, 5.32, 11.37, 19.84, 35.95, 80.21, 6.68, 18.37, 16.68, 21.68, 10.68, 44.0, 23.32, 6.16, 5.0, 13.95, 18.37, 93.89, 91.63, 35.68, 80.53, 4.53, 12.95, 18.0, 22.37, 12.68, 44.42, 22.79, 7.0, 5.05, 15.16, 19.26, 34.79, 81.42, 5.21, 16.47, 16.84, 22.0, 11.21, 39.11, 18.95, 8.16, 5.53, 13.37, 20.26
23, 2012-12-14, Away, IND, L, L, 6, P, 180, 0, 0, 93.79, 94.53, 37.0, 83.95, 6.0, 17.0, 13.79, 19.11, 10.79, 40.58, 21.79, 8.0, 5.63, 11.37, 20.11, 35.68, 79.89, 6.21, 17.26, 16.95, 22.05, 10.68, 43.74, 23.32, 6.16, 4.89, 14.16, 18.21, 90.37, 91.16, 33.53, 80.53, 6.74, 19.68, 16.58, 22.42, 12.32, 45.05, 19.84, 6.11, 6.68, 13.84, 19.53, 33.95, 81.32, 5.53, 17.89, 17.74, 22.74, 10.89, 42.79, 19.16, 6.79, 4.26, 11.63, 20.47
24, 2012-12-16, Home, LAL, L, L, 3, O, 196.5, 0, 0, 94.21, 96.26, 37.0, 83.79, 5.95, 16.47, 14.26, 19.68, 10.79, 40.21, 21.84, 8.0, 5.53, 11.21, 20.32, 36.32, 80.32, 6.42, 17.0, 17.21, 22.63, 10.84, 43.79, 23.37, 5.95, 4.95, 13.95, 18.68, 102.89, 99.53, 36.26, 80.79, 9.63, 25.58, 20.74, 30.05, 13.0, 46.53, 20.42, 7.68, 5.74, 15.21, 19.63, 38.16, 85.68, 7.63, 21.53, 15.58, 22.11, 11.53, 41.95, 22.95, 7.84, 4.53, 13.26, 24.37
25, 2012-12-18, Away, DAL, L, L, 6, O, 194, 0, 0, 93.79, 96.84, 37.05, 83.84, 6.11, 17.11, 13.58, 19.05, 10.89, 40.16, 21.63, 7.68, 5.53, 11.26, 20.05, 36.42, 80.53, 6.95, 18.26, 17.05, 22.26, 11.05, 44.32, 22.89, 6.26, 5.0, 13.95, 18.16, 97.63, 102.11, 36.42, 82.95, 6.84, 19.74, 17.95, 22.37, 9.26, 41.37, 21.37, 7.79, 5.47, 15.68, 21.84, 36.95, 83.79, 8.26, 22.68, 19.95, 27.0, 11.95, 45.63, 22.11, 10.58, 4.47, 15.16, 20.16
26, 2012-12-19, Away, HOU, L, L, 8, O, 199, 0, 1, 94.16, 98.11, 37.21, 84.53, 6.47, 18.21, 13.26, 18.53, 11.16, 39.84, 21.74, 7.58, 5.42, 11.16, 20.16, 36.89, 80.16, 6.53, 17.47, 17.79, 22.95, 11.0, 44.32, 22.84, 6.42, 5.0, 13.89, 17.74, 106.53, 105.79, 37.79, 83.95, 10.05, 26.63, 20.89, 27.32, 10.53, 43.0, 22.26, 8.21, 4.74, 15.32, 19.42, 40.74, 87.68, 8.89, 23.79, 15.42, 20.32, 10.58, 43.58, 23.37, 7.79, 7.05, 14.11, 19.95
27, 2012-12-21, Home, ATL, W, W, 2, U, 188, 0, 0, 94.53, 99.16, 37.37, 84.74, 6.26, 17.84, 13.53, 18.95, 11.68, 40.26, 21.68, 7.21, 5.42, 10.95, 20.53, 36.95, 79.89, 6.74, 17.84, 18.53, 23.89, 11.05, 43.95, 23.05, 6.21, 4.79, 13.21, 17.79, 97.05, 94.05, 36.68, 81.58, 8.63, 23.16, 15.05, 21.74, 10.32, 41.16, 22.63, 9.26, 5.21, 14.26, 17.37, 35.53, 81.63, 7.26, 19.68, 15.74, 19.63, 10.63, 42.89, 21.0, 9.32, 4.63, 15.74, 20.53
28, 2012-12-23, Away, BRK, L, W, 6, U, 187.5, 0, 0, 95.74, 98.42, 38.37, 84.84, 6.42, 18.0, 12.58, 17.63, 11.89, 40.63, 22.53, 7.16, 5.42, 11.37, 20.0, 36.74, 80.21, 7.05, 18.79, 17.89, 22.89, 11.11, 42.89, 22.68, 6.42, 4.58, 13.21, 17.26, 94.89, 94.53, 35.26, 80.68, 8.0, 22.68, 16.37, 22.0, 12.63, 41.37, 21.05, 6.89, 4.68, 13.0, 19.26, 36.32, 78.37, 6.11, 17.37, 15.79, 21.47, 10.95, 40.26, 19.68, 7.47, 4.32, 13.21, 20.74
29, 2012-12-26, Away, MEM, W, W, 9, O, 182.5, 0, 0, 95.37, 98.53, 38.26, 84.89, 6.32, 18.0, 12.53, 17.63, 12.05, 40.95, 22.47, 7.11, 5.16, 11.32, 20.16, 36.58, 79.84, 7.11, 18.79, 18.26, 23.53, 11.16, 43.05, 22.42, 6.37, 4.42, 13.11, 17.05, 94.42, 90.11, 36.32, 82.05, 4.79, 14.05, 17.0, 21.32, 13.32, 42.74, 20.53, 9.16, 5.47, 15.11, 20.32, 33.74, 77.84, 5.89, 17.95, 16.74, 21.68, 11.26, 39.21, 18.84, 8.53, 5.21, 16.11, 20.47
30, 2012-12-28, Away, GSW, L, L, 6, U, 199.5, 0, 0, 96.05, 99.05, 38.42, 84.42, 6.32, 17.79, 12.89, 18.21, 12.0, 40.79, 22.26, 7.16, 5.32, 11.58, 20.16, 36.84, 80.16, 7.11, 18.53, 18.26, 23.63, 11.0, 42.47, 22.84, 6.58, 4.42, 13.0, 17.16, 103.47, 99.32, 39.0, 84.95, 8.74, 21.21, 16.74, 20.16, 12.21, 46.21, 23.58, 7.16, 4.0, 14.0, 21.32, 36.95, 85.05, 7.84, 23.21, 17.58, 23.63, 11.05, 41.32, 23.21, 7.47, 5.47, 12.84, 18.53
31, 2012-12-29, Away, POR, L, L, 3, U, 190, 1, 1, 95.16, 98.95, 38.16, 84.53, 6.11, 17.58, 12.74, 18.42, 12.0, 40.89, 22.26, 7.58, 4.95, 11.63, 19.95, 36.68, 80.05, 7.26, 18.58, 18.32, 23.47, 10.84, 42.68, 22.42, 6.74, 4.32, 13.37, 17.11, 95.79, 98.05, 36.0, 82.58, 7.42, 23.53, 16.37, 21.21, 12.11, 41.42, 20.84, 7.74, 5.11, 14.11, 19.16, 37.47, 82.37, 7.0, 20.32, 16.11, 20.58, 11.16, 42.63, 23.42, 8.37, 4.0, 13.89, 18.11
32, 2013-01-01, Away, LAL, W, W, 9, P, 202, 0, 0, 95.26, 98.79, 38.42, 84.47, 6.11, 17.58, 12.32, 17.84, 12.16, 41.21, 22.32, 7.21, 4.53, 11.95, 19.84, 36.63, 79.53, 7.0, 18.58, 18.53, 23.58, 10.37, 41.84, 22.53, 7.0, 4.32, 13.11, 17.11, 104.68, 103.16, 37.05, 82.32, 10.21, 27.21, 20.37, 29.05, 12.79, 45.58, 21.37, 7.47, 5.58, 15.0, 20.32, 39.26, 86.79, 8.26, 22.42, 16.37, 22.79, 12.32, 43.0, 23.63, 7.79, 5.05, 13.0, 24.05
33, 2013-01-02, Away, PHO, L, L, 4, U, 195, 0, 1, 94.95, 97.89, 38.21, 84.21, 6.16, 17.68, 12.37, 18.0, 11.84, 41.63, 22.11, 7.16, 4.68, 11.68, 19.53, 36.53, 79.84, 6.84, 18.63, 18.0, 23.37, 10.16, 42.37, 22.32, 6.68, 4.37, 12.84, 16.95, 95.26, 100.21, 37.42, 82.89, 6.42, 19.16, 14.0, 18.32, 9.84, 38.47, 22.58, 7.26, 4.95, 12.79, 20.16, 38.26, 81.58, 6.42, 16.74, 17.26, 23.42, 12.11, 44.0, 21.84, 7.42, 5.0, 13.74, 17.26
34, 2013-01-04, Away, OKC, L, L, 10.5, U, 196.5, 0, 0, 94.16, 97.58, 38.11, 84.37, 5.95, 17.42, 12.0, 17.42, 12.05, 42.21, 22.0, 7.32, 4.63, 12.11, 19.53, 36.53, 79.95, 6.79, 18.74, 17.74, 23.37, 10.32, 42.58, 22.32, 7.11, 4.47, 12.89, 16.58, 107.11, 97.47, 38.58, 80.79, 7.32, 19.37, 22.63, 26.74, 11.58, 44.11, 21.74, 8.16, 7.79, 14.26, 20.16, 36.11, 83.89, 8.32, 22.84, 16.95, 21.37, 11.79, 39.42, 20.79, 8.47, 4.21, 14.05, 20.53
35, 2013-01-05, Away, SAS, L, L, 13.5, U, 198, 0, 1, 93.37, 98.16, 38.05, 84.84, 6.21, 17.95, 11.05, 16.16, 12.0, 42.21, 21.95, 7.26, 4.68, 12.26, 19.21, 36.63, 79.63, 7.05, 18.63, 17.84, 23.63, 10.37, 43.11, 22.05, 7.21, 4.58, 13.05, 16.05, 107.47, 98.58, 40.16, 82.37, 9.68, 24.05, 17.47, 21.63, 8.26, 42.42, 25.89, 9.11, 5.21, 14.74, 17.26, 38.0, 85.68, 6.63, 19.47, 15.95, 21.16, 10.79, 41.58, 22.32, 9.0, 4.68, 14.79, 18.79
36, 2013-01-08, Home, BRK, L, L, -1.5, O, 187, 0, 0, 92.42, 98.74, 37.58, 84.74, 5.95, 17.95, 11.32, 16.68, 11.58, 42.32, 21.58, 7.53, 4.74, 12.47, 19.16, 36.74, 79.74, 7.05, 19.05, 18.21, 23.89, 10.11, 43.58, 22.0, 7.53, 4.53, 13.32, 16.42, 95.84, 98.42, 34.63, 78.32, 7.68, 22.68, 18.89, 25.21, 11.95, 41.21, 19.21, 7.21, 4.68, 14.37, 19.05, 37.89, 80.47, 7.16, 17.63, 15.47, 20.32, 10.68, 39.74, 21.26, 8.21, 4.58, 12.95, 20.95
37, 2013-01-09, Away, TOR, L, L, 5, U, 189, 0, 1, 92.47, 99.58, 37.68, 84.58, 6.16, 18.21, 10.95, 16.26, 11.37, 42.05, 21.95, 7.16, 4.63, 12.58, 19.0, 36.84, 79.84, 7.37, 19.95, 18.53, 23.95, 10.26, 43.58, 21.95, 7.79, 4.32, 13.42, 16.37, 96.58, 98.0, 35.37, 79.42, 8.21, 24.05, 17.63, 22.68, 9.42, 38.11, 22.68, 7.58, 5.0, 12.21, 22.79, 35.79, 77.63, 5.68, 17.32, 20.74, 27.84, 11.26, 42.95, 21.37, 6.84, 4.74, 13.95, 19.16
38, 2013-01-12, Home, HOU, W, W, -1, O, 204, 1, 0, 91.63, 98.79, 37.37, 84.11, 6.0, 17.68, 10.89, 16.05, 11.16, 41.89, 21.47, 6.84, 4.84, 12.58, 18.95, 36.74, 80.0, 6.74, 19.21, 18.58, 23.74, 10.42, 43.53, 21.84, 7.95, 4.37, 13.21, 16.26, 108.0, 103.21, 39.11, 80.89, 10.42, 28.47, 19.37, 26.42, 8.37, 41.42, 23.37, 9.0, 3.89, 16.11, 18.79, 39.63, 86.84, 8.42, 23.11, 15.53, 19.42, 10.32, 42.58, 22.47, 9.05, 5.68, 15.0, 20.16
39, 2013-01-15, Home, NOH, L, L, -3, O, 183.5, 0, 0, 92.26, 99.11, 37.68, 83.47, 6.21, 18.05, 10.68, 15.68, 10.68, 41.32, 21.84, 6.63, 4.89, 12.68, 18.53, 36.84, 80.16, 6.84, 19.74, 18.58, 23.58, 10.53, 42.95, 21.68, 7.95, 4.0, 13.11, 16.0, 91.0, 95.05, 35.95, 81.47, 6.47, 18.74, 12.63, 16.42, 11.79, 42.42, 20.53, 6.63, 5.32, 13.42, 20.0, 36.16, 78.26, 6.53, 20.47, 16.21, 21.16, 9.53, 40.0, 23.11, 7.37, 5.89, 12.47, 17.0
40, 2013-01-18, Home, TOR, W, W, -4, O, 190, 0, 0, 93.32, 100.11, 38.11, 83.63, 6.58, 18.26, 10.53, 15.53, 10.58, 41.11, 22.47, 6.68, 4.84, 12.95, 18.63, 37.05, 80.58, 7.16, 19.95, 18.84, 23.89, 10.95, 43.79, 21.53, 7.95, 4.21, 13.26, 15.95, 96.79, 94.11, 36.11, 79.89, 7.89, 22.68, 16.68, 21.74, 10.79, 39.47, 24.0, 7.58, 4.11, 11.68, 21.68, 34.63, 76.47, 4.89, 16.58, 19.95, 26.21, 10.84, 40.79, 20.11, 6.26, 3.95, 13.37, 19.21
41, 2013-01-21, Home, SAS, L, W, 6, U, 194.5, 0, 0, 93.53, 100.32, 38.26, 84.11, 6.58, 18.68, 10.42, 15.05, 10.42, 40.79, 22.84, 6.58, 4.79, 12.95, 18.32, 37.47, 80.95, 7.47, 20.32, 17.89, 22.84, 10.74, 43.89, 22.11, 7.89, 4.21, 13.53, 15.89, 103.79, 94.47, 39.47, 80.16, 9.16, 22.95, 15.68, 19.53, 7.0, 39.79, 25.11, 9.05, 5.68, 14.11, 16.89, 37.11, 83.68, 5.26, 17.74, 15.0, 20.26, 10.63, 42.0, 21.16, 8.32, 4.16, 14.26, 17.68
42, 2013-01-22, Away, MIL, L, L, 6.5, O, 196, 0, 1, 93.32, 100.0, 38.05, 83.74, 6.68, 18.68, 10.53, 15.05, 10.05, 40.68, 23.16, 6.63, 4.68, 13.11, 17.89, 37.47, 81.11, 7.42, 20.68, 17.63, 22.84, 10.74, 44.32, 22.0, 7.95, 4.21, 13.68, 15.79, 96.47, 98.16, 36.58, 85.95, 6.47, 18.53, 16.84, 22.63, 13.37, 44.53, 21.0, 8.58, 7.63, 14.68, 18.95, 37.68, 86.16, 5.74, 18.11, 17.05, 22.58, 13.42, 46.89, 22.53, 8.47, 4.47, 15.21, 20.05
43, 2013-01-26, Home, NYK, W, W, 4, U, 192, 0, 0, 94.21, 100.79, 38.42, 84.47, 6.95, 18.89, 10.42, 14.89, 10.58, 41.21, 23.63, 6.68, 4.63, 13.32, 18.0, 37.79, 81.21, 7.37, 20.79, 17.84, 23.16, 10.63, 43.79, 22.26, 8.26, 3.95, 13.47, 15.37, 98.74, 96.89, 36.58, 83.63, 9.84, 27.95, 15.74, 21.37, 11.26, 41.79, 19.37, 8.0, 3.95, 10.95, 19.95, 36.0, 79.47, 8.16, 23.79, 16.74, 21.74, 9.84, 42.74, 20.11, 6.53, 3.53, 13.68, 19.74
44, 2013-01-28, Home, MEM, L, L, 1, O, 177.5, 1, 0, 94.16, 99.16, 38.26, 84.05, 6.74, 18.58, 10.89, 15.47, 10.26, 41.05, 23.26, 6.68, 4.53, 13.0, 18.26, 37.21, 81.26, 6.84, 20.42, 17.89, 23.11, 10.84, 44.11, 22.0, 7.89, 3.95, 13.58, 15.79, 89.74, 89.26, 35.95, 82.89, 3.74, 12.37, 14.11, 18.32, 13.95, 42.68, 19.74, 8.53, 5.11, 13.05, 19.21, 33.42, 75.63, 7.26, 18.68, 15.16, 20.79, 9.63, 38.47, 21.05, 7.53, 6.47, 14.58, 18.05
45, 2013-01-30, Home, WAS, W, W, -3.5, U, 189.5, 0, 0, 94.16, 98.95, 38.68, 83.89, 6.26, 17.21, 10.53, 15.16, 9.84, 40.37, 23.37, 6.79, 4.63, 12.79, 17.89, 37.26, 81.32, 7.05, 20.53, 17.37, 22.58, 11.0, 44.26, 22.37, 7.74, 3.95, 13.89, 15.89, 94.68, 94.74, 36.68, 82.11, 6.32, 16.95, 15.0, 20.95, 10.63, 44.53, 23.16, 6.84, 4.84, 15.05, 20.21, 36.05, 83.53, 6.68, 19.79, 15.95, 22.32, 11.63, 44.84, 22.05, 7.95, 4.37, 13.47, 19.11
46, 2013-02-01, Home, SAC, W, W, -6, U, 199, 0, 0, 93.58, 96.79, 38.68, 84.21, 6.26, 17.0, 9.95, 14.42, 9.68, 40.58, 23.68, 6.95, 4.79, 12.68, 17.68, 36.63, 81.32, 6.84, 20.26, 16.68, 21.79, 11.05, 44.53, 22.0, 7.79, 4.11, 14.32, 15.63, 97.84, 104.95, 37.0, 82.95, 6.74, 18.42, 17.11, 23.42, 12.58, 40.32, 20.58, 8.37, 4.58, 14.63, 21.26, 39.11, 82.79, 7.95, 21.47, 18.79, 23.84, 12.95, 43.26, 24.53, 7.32, 6.11, 14.16, 20.68
47, 2013-02-04, Home, ORL, W, W, -9.5, U, 189, 0, 0, 93.05, 96.79, 38.26, 83.68, 6.0, 16.74, 10.53, 15.05, 9.37, 40.68, 23.11, 6.79, 4.79, 13.0, 18.05, 36.58, 81.32, 6.42, 19.47, 17.21, 22.47, 10.84, 44.42, 22.05, 8.05, 4.16, 14.11, 15.63, 97.84, 106.68, 38.84, 85.05, 8.21, 23.21, 11.95, 15.53, 10.84, 41.16, 23.89, 6.11, 3.84, 12.89, 17.89, 41.68, 84.74, 7.79, 20.68, 15.53, 20.42, 10.68, 42.0, 26.32, 6.63, 5.21, 10.53, 15.89
48, 2013-02-06, Home, IND, L, L, -2, U, 180, 1, 0, 92.32, 95.0, 38.16, 83.21, 5.74, 16.84, 10.26, 14.79, 9.0, 40.53, 23.47, 7.0, 5.05, 13.11, 17.42, 36.26, 81.63, 6.05, 18.95, 16.42, 21.32, 10.79, 44.58, 22.16, 7.95, 4.11, 14.26, 15.32, 94.16, 90.16, 35.32, 81.11, 7.32, 20.26, 16.21, 21.11, 13.53, 44.95, 20.53, 7.68, 6.21, 14.68, 19.95, 34.95, 81.16, 5.26, 15.0, 15.0, 19.74, 10.68, 39.0, 20.11, 7.58, 6.05, 13.79, 20.53
49, 2013-02-09, Home, CHA, W, W, -10, U, 186, 1, 0, 90.74, 94.95, 37.84, 84.16, 5.37, 16.42, 9.68, 13.95, 9.42, 41.21, 23.32, 6.95, 4.84, 13.05, 17.53, 36.11, 81.16, 6.05, 19.05, 16.68, 21.74, 10.84, 45.47, 22.05, 7.95, 4.11, 14.05, 14.79, 92.79, 101.32, 34.11, 78.84, 5.05, 13.84, 19.53, 25.79, 10.32, 39.68, 17.89, 7.37, 5.95, 13.63, 19.95, 38.68, 81.89, 8.26, 21.95, 15.68, 21.42, 12.05, 43.79, 24.95, 7.32, 6.74, 13.95, 22.53
50, 2013-02-11, Home, LAC, L, L, 4.5, O, 185, 1, 0, 90.63, 93.89, 38.05, 84.47, 5.21, 16.21, 9.32, 13.26, 9.79, 42.11, 23.26, 6.32, 4.79, 13.16, 17.53, 35.74, 81.58, 5.79, 19.0, 16.63, 21.58, 11.0, 44.84, 22.05, 7.95, 4.11, 13.47, 14.68, 96.58, 94.26, 37.42, 81.0, 6.89, 19.26, 14.84, 21.53, 12.0, 42.0, 22.37, 8.79, 5.05, 14.37, 20.05, 34.42, 77.68, 8.53, 21.53, 16.89, 22.79, 10.37, 38.84, 21.79, 8.05, 3.84, 14.95, 20.26
51, 2013-02-13, Away, MIL, L, W, 6, U, 194, 0, 0, 90.89, 94.84, 38.0, 84.42, 5.47, 16.26, 9.42, 13.53, 9.89, 41.68, 23.68, 6.47, 4.63, 13.16, 17.74, 36.26, 81.53, 5.79, 18.79, 16.53, 21.89, 11.26, 45.05, 22.58, 7.95, 4.16, 13.58, 14.79, 99.32, 100.79, 38.26, 88.84, 7.42, 20.21, 15.37, 21.47, 13.89, 43.95, 22.58, 8.05, 7.84, 13.63, 18.63, 39.0, 87.05, 6.16, 18.32, 16.63, 22.68, 14.26, 48.16, 24.16, 8.0, 5.16, 15.74, 19.74
52, 2013-02-20, Away, MIN, L, L, 3.5, U, 186, 0, 0, 90.32, 94.58, 37.63, 83.89, 5.26, 15.79, 9.79, 13.74, 10.16, 41.16, 23.21, 6.42, 4.47, 13.37, 17.74, 36.26, 81.21, 5.84, 18.58, 16.21, 21.26, 11.37, 44.47, 22.79, 8.16, 4.37, 13.89, 15.0, 93.89, 100.0, 35.32, 79.05, 4.95, 16.53, 18.32, 25.05, 11.42, 38.68, 21.74, 8.37, 3.95, 14.79, 18.79, 38.47, 78.84, 6.89, 18.42, 16.16, 21.21, 10.53, 40.63, 23.32, 8.84, 5.84, 15.95, 21.74
53, 2013-02-23, Home, MIA, L, L, 8.5, O, 185, 0, 0, 90.21, 94.53, 37.32, 83.74, 5.21, 15.74, 10.37, 14.79, 10.16, 40.89, 23.05, 6.47, 4.58, 13.05, 18.37, 35.68, 80.42, 5.95, 18.58, 17.21, 22.53, 11.26, 44.79, 22.63, 8.05, 4.26, 14.0, 15.37, 104.11, 93.95, 39.84, 79.42, 7.58, 20.53, 16.84, 22.58, 9.58, 38.26, 22.68, 9.63, 4.89, 12.37, 21.32, 34.37, 76.68, 6.79, 19.11, 18.42, 23.26, 9.53, 37.79, 19.58, 7.21, 3.16, 16.21, 20.63
54, 2013-02-24, Away, NYK, L, W, 11, O, 189.5, 0, 1, 90.47, 94.79, 37.37, 83.42, 5.21, 15.95, 10.53, 14.89, 9.89, 40.47, 23.26, 6.11, 4.53, 12.63, 18.16, 36.0, 80.53, 5.89, 18.79, 16.89, 22.05, 11.0, 44.26, 23.11, 7.84, 4.21, 13.37, 15.26, 96.0, 95.16, 34.68, 80.53, 10.16, 28.53, 16.47, 21.58, 12.53, 43.0, 18.47, 7.0, 3.84, 12.53, 20.11, 36.05, 77.32, 6.84, 19.89, 16.21, 21.68, 9.58, 39.68, 19.16, 6.58, 4.0, 13.32, 19.95
55, 2013-02-26, Home, ORL, L, L, -8.5, U, 185.5, 0, 0, 90.84, 94.26, 37.42, 83.47, 5.26, 15.74, 10.74, 14.89, 10.21, 40.63, 23.21, 6.0, 4.26, 12.53, 18.42, 35.53, 80.0, 5.89, 19.21, 17.32, 22.68, 11.16, 44.16, 22.74, 7.63, 4.11, 13.21, 15.32, 91.58, 102.11, 37.32, 84.68, 6.32, 19.84, 10.63, 14.63, 11.21, 42.63, 23.58, 6.21, 3.79, 13.79, 17.74, 39.79, 83.16, 7.58, 21.79, 14.95, 20.11, 10.89, 44.0, 25.05, 7.26, 5.42, 11.84, 15.74
56, 2013-02-28, Away, CHI, L, L, 7, U, 178, 0, 0, 90.58, 93.68, 37.11, 83.58, 5.26, 15.95, 11.11, 15.32, 10.26, 40.89, 23.32, 6.16, 4.16, 12.42, 18.37, 35.58, 79.63, 5.63, 18.63, 16.89, 22.37, 10.68, 43.89, 23.05, 7.37, 4.16, 13.11, 15.47, 89.63, 90.42, 35.42, 82.32, 5.11, 16.05, 13.68, 17.89, 13.79, 43.32, 23.32, 7.16, 6.0, 13.74, 19.58, 34.89, 79.05, 4.79, 14.74, 15.84, 21.74, 11.89, 41.42, 18.42, 6.79, 6.05, 12.74, 18.11
57, 2013-03-02, Home, GSW, W, W, 2, O, 197.5, 1, 0, 91.11, 93.84, 37.32, 84.16, 5.37, 16.0, 11.11, 15.42, 10.42, 41.42, 23.37, 6.26, 4.26, 12.37, 18.89, 35.21, 79.79, 5.74, 18.79, 17.68, 23.42, 10.95, 44.26, 22.68, 7.21, 4.79, 13.11, 15.26, 101.58, 105.89, 37.89, 84.79, 7.79, 19.68, 18.0, 22.53, 11.42, 45.16, 21.42, 6.42, 4.47, 14.37, 22.37, 38.95, 85.58, 8.11, 22.16, 19.89, 26.32, 11.63, 44.89, 24.79, 8.26, 5.74, 12.47, 19.84
58, 2013-03-03, Away, WAS, L, W, 6, U, 185.5, 0, 1, 90.95, 93.68, 37.37, 84.05, 5.68, 16.0, 10.53, 14.89, 10.58, 41.68, 23.53, 6.32, 4.26, 13.0, 18.89, 35.16, 79.89, 5.84, 18.47, 17.53, 23.26, 11.05, 43.89, 22.74, 7.63, 4.95, 13.26, 15.05, 94.26, 92.84, 36.74, 80.37, 6.58, 16.42, 14.21, 19.32, 9.53, 42.26, 23.05, 7.37, 4.05, 15.16, 19.26, 35.47, 81.37, 6.47, 20.11, 15.42, 21.16, 10.26, 42.47, 22.32, 8.47, 4.58, 14.05, 17.95
59, 2013-03-05, Home, BOS, L, L, 3, O, 183, 0, 0, 90.32, 92.58, 37.05, 84.21, 5.42, 15.89, 10.79, 15.26, 10.53, 42.21, 23.11, 6.47, 4.32, 12.79, 18.79, 34.63, 79.74, 5.63, 18.32, 17.68, 23.42, 10.95, 44.0, 22.79, 7.42, 5.0, 13.37, 15.16, 98.11, 96.16, 37.16, 82.11, 6.32, 18.26, 17.47, 22.21, 8.21, 42.26, 23.11, 8.11, 4.63, 13.68, 22.32, 36.05, 85.16, 6.32, 21.0, 17.74, 24.21, 12.47, 46.95, 21.11, 7.37, 4.47, 14.58, 20.47
60, 2013-03-06, Away, ATL, L, L, 8.5, O, 190, 0, 1, 89.95, 93.0, 36.74, 84.68, 5.47, 16.0, 11.0, 15.47, 11.0, 42.53, 22.79, 6.89, 4.16, 12.95, 18.74, 34.74, 79.47, 5.63, 18.0, 17.89, 23.58, 11.05, 44.37, 23.05, 7.47, 5.0, 13.58, 15.0, 101.42, 99.26, 38.53, 80.26, 9.74, 24.95, 14.63, 20.47, 8.26, 40.74, 27.21, 7.63, 5.21, 14.74, 18.89, 38.11, 82.95, 7.68, 18.37, 15.37, 20.26, 10.37, 42.16, 23.21, 7.95, 3.74, 14.79, 19.11
61, 2013-03-08, Away, MIA, L, W, 13, P, 195, 0, 0, 90.53, 93.89, 36.74, 84.79, 5.58, 16.16, 11.47, 16.0, 11.42, 42.84, 23.05, 7.0, 3.95, 12.84, 18.68, 35.21, 79.42, 6.05, 18.32, 17.42, 23.11, 10.95, 43.89, 23.37, 7.32, 5.11, 13.58, 15.26, 104.95, 95.05, 39.84, 79.26, 7.79, 20.05, 17.47, 22.58, 8.79, 37.74, 22.53, 9.58, 5.11, 12.58, 19.68, 35.32, 77.84, 6.74, 20.42, 17.68, 22.0, 9.58, 37.11, 20.84, 7.68, 3.84, 15.89, 20.84
62, 2013-03-10, Away, ORL, L, L, -1, U, 193.5, 0, 0, 90.05, 93.47, 36.47, 83.84, 5.68, 16.42, 11.42, 15.89, 10.74, 42.16, 22.68, 7.21, 3.95, 12.79, 18.58, 35.26, 79.42, 6.11, 18.58, 16.84, 22.05, 10.84, 43.95, 23.32, 7.32, 5.21, 13.74, 15.05, 92.21, 104.37, 37.53, 84.16, 5.05, 18.37, 12.11, 16.26, 11.32, 41.95, 23.63, 6.42, 3.79, 14.26, 19.21, 39.74, 82.42, 8.58, 23.47, 16.32, 21.95, 10.58, 42.26, 26.68, 7.47, 5.21, 12.0, 16.53
63, 2013-03-11, Home, BRK, W, W, 6.5, O, 184.5, 0, 1, 89.74, 94.47, 36.58, 84.42, 5.63, 16.05, 10.95, 15.26, 10.95, 42.37, 23.21, 7.37, 4.0, 12.84, 18.11, 35.95, 79.53, 6.53, 18.58, 16.05, 21.21, 10.32, 43.63, 23.89, 7.21, 5.47, 13.74, 14.89, 92.63, 92.58, 34.53, 78.58, 8.37, 21.21, 15.21, 21.89, 12.16, 44.26, 19.95, 7.11, 4.84, 15.47, 17.21, 37.0, 81.11, 6.47, 17.79, 12.11, 16.79, 9.58, 38.0, 21.47, 7.79, 5.79, 12.53, 21.26
64, 2013-03-13, Home, MIA, L, W, 8, U, 193, 1, 0, 90.05, 94.16, 36.32, 84.05, 5.84, 16.37, 11.58, 16.21, 11.11, 42.79, 23.53, 7.21, 4.0, 12.68, 18.16, 35.95, 79.95, 6.42, 18.89, 15.84, 21.05, 10.42, 43.74, 24.0, 7.05, 5.42, 13.42, 15.11, 105.63, 93.89, 39.84, 78.21, 7.79, 20.0, 18.16, 23.42, 8.37, 37.53, 23.0, 10.16, 5.16, 12.42, 18.79, 34.79, 77.37, 7.16, 21.26, 17.16, 21.16, 9.37, 36.84, 20.32, 8.0, 3.21, 16.32, 21.53
65, 2013-03-16, Home, IND, W, W, 5.5, O, 182.5, 1, 0, 90.16, 94.89, 36.32, 83.53, 5.89, 16.63, 11.63, 16.32, 11.21, 42.63, 23.63, 7.26, 3.84, 12.84, 18.42, 36.21, 79.95, 6.32, 18.79, 16.16, 21.37, 10.53, 43.37, 24.16, 7.16, 5.42, 13.16, 14.84, 100.16, 89.79, 36.37, 79.53, 8.11, 21.05, 19.32, 25.89, 12.11, 45.63, 21.58, 7.68, 6.47, 14.32, 21.58, 33.16, 80.58, 5.53, 16.95, 17.95, 23.79, 10.68, 39.74, 18.11, 8.11, 5.74, 13.95, 24.21
66, 2013-03-18, Home, POR, W, P, -1, O, 194.5, 0, 0, 90.63, 95.47, 36.47, 83.68, 6.05, 16.58, 11.63, 16.32, 11.21, 42.32, 24.05, 7.26, 4.37, 12.53, 18.58, 36.42, 80.42, 6.58, 19.11, 16.05, 21.16, 11.0, 44.0, 24.37, 6.79, 5.37, 13.16, 15.11, 102.42, 102.26, 38.89, 80.95, 8.26, 22.05, 16.37, 20.63, 9.58, 40.53, 23.0, 5.58, 4.47, 13.74, 18.37, 40.84, 84.63, 5.42, 16.21, 15.16, 21.11, 12.05, 41.63, 23.58, 8.05, 4.16, 10.63, 19.0
67, 2013-03-20, Away, LAC, L, L, 11, U, 194.5, 1, 0, 91.84, 97.53, 36.84, 84.05, 6.16, 16.37, 12.0, 16.74, 11.26, 42.16, 24.32, 7.21, 4.42, 12.63, 18.84, 37.0, 80.95, 7.16, 19.95, 16.37, 21.47, 11.11, 44.0, 24.68, 6.79, 5.58, 13.21, 15.58, 101.74, 96.79, 38.89, 79.53, 8.68, 23.63, 15.26, 21.58, 10.84, 40.53, 24.74, 8.95, 5.58, 14.53, 21.16, 35.42, 77.0, 8.32, 20.79, 17.63, 23.74, 10.32, 37.21, 22.89, 8.05, 3.74, 14.79, 20.58
68, 2013-03-21, Away, DEN, L, W, 14.5, U, 203.5, 0, 1, 92.0, 98.21, 36.74, 83.53, 6.37, 17.0, 12.16, 16.89, 10.95, 41.42, 24.42, 7.11, 4.21, 12.84, 18.95, 37.47, 80.79, 7.21, 20.11, 16.05, 21.16, 10.68, 43.47, 24.89, 6.95, 5.53, 13.47, 16.0, 109.79, 102.47, 42.79, 86.16, 6.42, 18.26, 17.79, 25.16, 12.84, 44.68, 25.79, 10.79, 6.63, 14.42, 21.11, 37.89, 85.11, 8.26, 22.0, 18.42, 24.26, 11.63, 40.95, 23.53, 7.42, 6.58, 16.11, 20.95
69, 2013-03-24, Away, SAC, W, W, 3, O, 206.5, 1, 0, 92.68, 99.53, 36.95, 82.74, 6.63, 17.11, 12.16, 16.95, 10.47, 40.05, 24.58, 7.68, 4.37, 13.42, 19.11, 38.0, 80.16, 7.47, 19.84, 16.05, 21.37, 10.63, 43.16, 24.79, 7.37, 5.79, 14.11, 16.11, 108.58, 108.58, 39.95, 85.42, 9.58, 23.84, 19.11, 23.37, 10.0, 40.53, 23.47, 8.21, 3.63, 13.84, 21.95, 40.63, 84.84, 7.68, 22.47, 19.63, 25.11, 10.42, 42.16, 27.37, 7.68, 6.0, 13.95, 20.63
70, 2013-03-25, Away, UTA, L, L, 7.5, O, 191, 1, 1, 94.11, 99.32, 37.58, 83.37, 6.58, 17.26, 12.37, 17.21, 10.53, 40.63, 24.79, 7.74, 4.58, 13.21, 18.95, 37.89, 80.68, 7.53, 20.11, 16.0, 20.84, 10.53, 42.84, 24.21, 7.21, 5.58, 14.11, 16.05, 98.0, 100.05, 36.95, 83.0, 5.74, 16.53, 18.37, 23.63, 13.0, 43.58, 21.11, 8.42, 6.26, 15.37, 21.95, 36.53, 79.47, 7.05, 19.79, 19.95, 25.84, 10.58, 40.21, 19.79, 8.47, 5.95, 14.11, 20.42
71, 2013-03-27, Home, MIL, W, W, 1, U, 199, 0, 0, 94.05, 100.0, 37.47, 83.74, 6.58, 17.32, 12.53, 17.42, 10.68, 40.47, 24.32, 7.79, 4.63, 13.16, 18.74, 38.11, 80.47, 7.68, 19.89, 16.11, 20.84, 10.42, 43.11, 24.26, 7.11, 5.58, 14.21, 16.16, 101.84, 104.37, 39.47, 88.53, 7.63, 20.47, 15.26, 20.58, 12.53, 44.89, 24.84, 7.37, 5.95, 12.79, 19.16, 40.26, 86.21, 7.68, 20.53, 16.16, 21.58, 11.47, 45.47, 24.0, 7.95, 4.05, 14.05, 18.63
72, 2013-03-29, Away, CLE, W, W, -2, U, 195, 0, 0, 94.74, 99.89, 38.05, 84.16, 6.79, 17.47, 11.84, 16.21, 10.89, 40.95, 24.84, 7.63, 4.53, 13.42, 17.89, 38.58, 81.47, 7.74, 20.47, 15.0, 19.21, 10.63, 42.74, 24.11, 7.11, 5.47, 14.16, 15.42, 97.16, 101.21, 36.95, 82.47, 6.11, 17.89, 17.16, 23.05, 11.58, 39.21, 21.47, 8.05, 4.37, 12.95, 20.32, 38.21, 79.58, 7.37, 19.95, 17.42, 22.63, 9.95, 41.0, 25.05, 7.26, 7.0, 14.63, 19.37
73, 2013-03-30, Home, CHA, W, L, -10, U, 194.5, 1, 1, 95.11, 98.47, 38.42, 84.58, 6.58, 16.95, 11.68, 16.21, 11.16, 41.53, 24.89, 7.84, 4.68, 13.26, 17.79, 38.16, 81.95, 7.47, 20.32, 14.68, 19.05, 10.95, 42.89, 23.95, 6.95, 5.68, 14.37, 15.68, 92.0, 104.89, 33.84, 81.0, 5.89, 18.95, 18.42, 25.0, 11.05, 37.74, 19.79, 7.37, 5.16, 12.16, 18.79, 39.26, 78.11, 8.63, 20.16, 17.74, 23.16, 10.53, 44.16, 25.74, 6.79, 7.16, 14.47, 21.79
74, 2013-04-03, Away, CHA, L, L, -5, U, 196, 0, 0, 95.47, 98.11, 38.53, 83.95, 6.63, 17.11, 11.79, 16.58, 10.95, 40.95, 25.42, 7.79, 4.63, 13.16, 17.89, 38.47, 82.0, 7.16, 19.0, 14.0, 18.42, 10.79, 42.21, 24.21, 6.84, 5.68, 14.37, 15.89, 93.05, 106.0, 34.58, 80.21, 5.53, 18.21, 18.37, 24.74, 10.05, 36.47, 19.89, 7.74, 4.79, 12.79, 19.16, 39.63, 78.58, 8.95, 20.79, 17.79, 23.21, 10.68, 43.63, 25.58, 7.0, 6.53, 14.74, 21.58
75, 2013-04-05, Away, ATL, W, W, 6, U, 192.5, 0, 0, 95.42, 97.58, 38.58, 84.63, 6.47, 16.84, 11.79, 16.47, 11.53, 41.47, 24.89, 8.11, 4.63, 13.37, 17.95, 38.16, 82.26, 7.11, 19.05, 14.16, 18.42, 11.16, 42.47, 23.63, 7.21, 5.79, 14.58, 15.63, 97.95, 98.89, 38.0, 80.53, 8.16, 22.68, 13.79, 19.37, 8.42, 39.89, 25.16, 8.16, 4.0, 14.53, 17.11, 39.21, 84.58, 7.11, 19.84, 13.37, 18.53, 11.63, 44.68, 22.42, 8.53, 3.42, 14.58, 18.53
76, 2013-04-06, Away, MIA, L, L, 7, O, 189.5, 1, 1, 96.42, 97.42, 38.79, 84.37, 6.74, 17.11, 12.11, 16.63, 11.47, 41.53, 25.32, 8.26, 4.42, 13.32, 17.68, 38.26, 81.74, 7.21, 19.21, 13.68, 18.11, 10.68, 41.84, 23.84, 7.16, 5.21, 14.63, 16.0, 100.32, 91.0, 36.79, 74.05, 9.0, 22.68, 17.74, 23.58, 7.58, 36.95, 23.68, 9.53, 6.0, 14.21, 16.32, 34.95, 81.32, 7.21, 22.63, 13.89, 18.21, 12.79, 40.95, 20.26, 8.89, 3.21, 15.84, 20.79
77, 2013-04-09, Away, BRK, L, L, 8.5, U, 192, 0, 0, 95.53, 97.89, 38.21, 84.21, 6.42, 17.21, 12.68, 17.21, 11.53, 41.16, 24.42, 8.11, 4.26, 12.58, 17.47, 38.47, 81.58, 7.42, 19.16, 13.53, 17.84, 10.68, 42.53, 24.0, 6.68, 5.21, 14.11, 16.11, 100.16, 95.58, 37.63, 79.32, 7.42, 20.63, 17.47, 24.0, 12.84, 43.53, 21.26, 7.21, 4.79, 14.53, 17.63, 37.89, 81.63, 5.95, 17.58, 13.84, 19.0, 11.0, 37.53, 21.95, 7.84, 5.42, 12.37, 22.0
78, 2013-04-10, Home, ATL, L, L, 3.5, O, 191, 0, 1, 95.32, 98.63, 38.05, 83.95, 6.47, 16.95, 12.74, 17.21, 11.47, 40.74, 24.21, 8.0, 4.21, 12.47, 17.37, 38.89, 82.26, 7.37, 19.42, 13.47, 17.95, 11.26, 43.42, 23.63, 6.95, 5.21, 13.79, 15.89, 98.0, 98.74, 37.58, 79.74, 7.89, 21.79, 14.95, 20.74, 8.53, 40.32, 24.74, 8.05, 3.47, 14.26, 17.74, 38.63, 84.37, 6.95, 19.58, 14.53, 19.89, 11.68, 45.0, 22.26, 8.21, 3.89, 13.95, 18.63
79, 2013-04-12, Away, WAS, W, W, 5.5, U, 192, 0, 0, 95.32, 99.42, 37.84, 83.32, 6.58, 16.95, 13.05, 17.42, 11.11, 40.53, 24.05, 7.53, 4.05, 12.53, 17.32, 39.26, 82.68, 7.21, 19.58, 13.68, 18.11, 11.11, 43.16, 23.63, 7.0, 5.05, 13.16, 15.95, 98.58, 96.89, 36.16, 80.26, 7.53, 18.32, 18.74, 25.84, 11.11, 42.53, 21.37, 7.0, 3.89, 13.21, 20.63, 35.84, 79.63, 7.21, 20.11, 18.0, 22.58, 9.95, 42.26, 21.68, 6.84, 3.58, 13.68, 20.63
80, 2013-04-14, Home, CLE, W, W, -5.5, U, 198.5, 0, 0, 95.37, 98.32, 38.0, 83.68, 6.63, 17.21, 12.74, 16.89, 10.89, 40.47, 24.0, 7.68, 4.11, 12.37, 17.21, 38.89, 83.05, 6.68, 19.0, 13.84, 18.32, 11.42, 43.63, 23.26, 7.11, 5.16, 13.32, 15.74, 94.0, 102.0, 36.26, 84.26, 5.58, 17.32, 15.89, 21.37, 11.74, 42.26, 20.74, 7.26, 5.0, 13.47, 21.58, 38.21, 81.05, 7.21, 20.37, 18.37, 25.37, 10.47, 43.42, 24.0, 8.0, 5.74, 13.42, 18.74
81, 2013-04-15, Away, DET, L, L, 3.5, O, 193, 0, 1, 95.26, 97.0, 38.05, 84.16, 6.53, 17.21, 12.63, 16.89, 11.11, 40.79, 24.26, 7.63, 4.42, 12.21, 16.79, 38.32, 83.37, 6.53, 18.74, 13.84, 18.42, 11.58, 44.16, 23.21, 6.84, 5.11, 13.53, 15.89, 93.79, 102.58, 36.05, 79.63, 6.79, 19.58, 14.89, 21.11, 11.16, 38.89, 22.21, 6.74, 3.21, 14.47, 19.63, 39.11, 78.53, 7.95, 20.11, 16.42, 21.47, 9.11, 39.89, 23.89, 8.84, 6.42, 12.74, 18.05
82, 2013-04-17, Away, IND, W, W, 2.5, O, 186.5, 0, 0, 95.79, 97.53, 38.0, 84.21, 6.58, 17.74, 13.21, 17.47, 11.37, 40.84, 24.21, 7.68, 4.37, 12.21, 16.89, 38.32, 83.37, 6.37, 18.63, 14.53, 19.21, 11.95, 44.26, 22.95, 7.0, 4.79, 13.42, 16.26, 97.95, 93.79, 35.53, 80.32, 6.84, 20.16, 20.05, 26.32, 13.05, 46.26, 20.47, 7.32, 5.26, 14.11, 20.53, 35.63, 82.26, 6.0, 17.37, 16.53, 22.05, 11.16, 40.26, 20.16, 7.21, 5.74, 12.84, 23.16
