22, 2013-12-11, Home, SAS, L, L, 11, U, 191.5, 1, 1, 90.55, 98.6, 34.0, 81.75, 7.35, 19.7, 15.2, 19.75, 10.8, 40.3, 21.1, 6.7, 5.55, 15.15, 20.75, 36.4, 80.05, 7.3, 21.35, 18.5, 26.05, 12.2, 45.75, 20.95, 8.15, 5.35, 14.65, 20.05, 102.55, 93.6, 40.85, 83.15, 8.55, 21.05, 12.3, 16.35, 8.3, 41.95, 25.05, 8.1, 4.55, 14.4, 17.2, 36.7, 84.45, 6.9, 19.15, 13.3, 17.25, 10.0, 42.35, 20.1, 7.1, 4.15, 15.2, 17.75
23, 2013-12-13, Home, CHI, L, W, 4, O, 177, 0, 0, 89.15, 99.15, 33.7, 81.75, 7.15, 19.7, 14.6, 19.2, 10.75, 40.1, 21.0, 6.55, 5.4, 15.4, 20.45, 37.0, 80.65, 7.3, 21.4, 17.85, 25.0, 12.15, 45.75, 21.55, 8.3, 5.1, 14.55, 19.65, 92.35, 92.65, 34.65, 81.8, 5.2, 15.95, 17.85, 22.9, 12.8, 46.25, 21.5, 6.35, 4.6, 15.9, 19.85, 35.05, 83.15, 7.35, 18.85, 15.2, 20.55, 11.7, 42.0, 19.95, 8.8, 6.75, 13.65, 21.45
24, 2013-12-14, Away, DAL, L, L, 11, O, 193, 0, 1, 89.15, 98.85, 33.5, 81.25, 7.05, 19.35, 15.1, 19.55, 11.1, 40.1, 20.65, 6.5, 5.55, 15.45, 20.1, 37.15, 80.8, 7.3, 21.45, 17.25, 24.05, 12.1, 44.95, 21.9, 8.4, 5.4, 14.45, 19.65, 101.7, 101.25, 38.9, 84.45, 8.6, 22.85, 15.3, 18.9, 9.5, 40.45, 22.75, 9.1, 4.35, 14.05, 19.95, 37.2, 80.85, 8.05, 22.55, 18.8, 25.4, 11.1, 44.05, 21.95, 8.2, 3.85, 16.15, 17.95
25, 2013-12-18, Home, NYK, L, L, 4.5, O, 185.5, 0, 0, 88.35, 98.95, 33.5, 81.7, 6.65, 19.05, 14.7, 19.2, 11.05, 40.15, 20.15, 6.75, 5.55, 15.55, 19.95, 37.35, 80.95, 7.2, 21.25, 17.05, 23.85, 12.1, 45.25, 22.15, 8.35, 5.45, 14.8, 19.5, 94.95, 98.7, 35.95, 83.2, 8.95, 25.2, 14.1, 18.2, 10.55, 38.3, 20.4, 8.2, 4.55, 11.15, 22.1, 35.05, 74.05, 8.6, 22.9, 20.0, 25.65, 8.7, 41.4, 18.75, 5.5, 4.15, 14.8, 18.85
26, 2013-12-20, Away, CLE, L, W, 8, O, 192, 0, 0, 89.25, 99.75, 33.65, 81.75, 6.5, 19.0, 15.45, 20.15, 11.15, 40.75, 20.0, 6.6, 5.7, 15.55, 20.15, 37.6, 82.1, 7.75, 22.35, 16.8, 23.75, 12.2, 45.45, 22.6, 8.35, 5.5, 14.45, 20.15, 96.95, 102.7, 36.8, 84.9, 7.5, 20.25, 15.85, 21.3, 11.95, 43.45, 19.35, 7.05, 4.1, 14.05, 18.1, 38.7, 84.25, 8.8, 23.35, 16.5, 20.7, 10.95, 43.95, 25.95, 7.25, 5.7, 13.7, 19.2
27, 2013-12-21, Home, PHI, W, W, -2.5, O, 203, 1, 1, 90.05, 99.55, 34.0, 82.8, 6.45, 18.95, 15.6, 20.35, 11.45, 41.65, 20.15, 6.45, 6.0, 15.2, 20.55, 37.25, 83.15, 7.7, 22.6, 17.35, 23.9, 12.85, 46.25, 22.05, 8.15, 5.75, 14.4, 20.4, 101.05, 113.15, 39.05, 88.9, 7.2, 22.7, 15.75, 22.5, 12.0, 44.9, 22.8, 8.45, 4.35, 17.3, 21.7, 41.75, 86.65, 10.25, 26.9, 19.4, 26.65, 10.5, 45.15, 27.85, 9.2, 6.8, 15.4, 20.15
28, 2013-12-23, Away, CHA, L, W, 6.5, O, 187, 0, 0, 91.3, 100.15, 34.5, 83.2, 6.55, 19.55, 15.75, 20.5, 11.55, 41.85, 20.5, 6.45, 6.1, 14.95, 20.6, 37.4, 83.7, 7.75, 22.45, 17.6, 23.95, 13.05, 46.2, 22.3, 8.1, 5.4, 14.5, 20.65, 92.2, 92.2, 35.25, 82.3, 4.65, 14.9, 17.05, 23.85, 10.6, 43.9, 19.55, 6.6, 5.35, 12.9, 18.9, 34.0, 80.9, 7.55, 20.6, 16.65, 21.65, 9.8, 44.35, 19.25, 6.65, 5.85, 14.1, 20.75
29, 2013-12-27, Away, BRK, L, L, 4.5, O, 195.5, 0, 0, 92.95, 100.5, 35.1, 83.65, 6.65, 20.15, 16.1, 20.8, 11.3, 42.4, 21.25, 6.7, 6.0, 14.8, 20.55, 37.55, 84.7, 8.0, 22.5, 17.4, 23.9, 13.05, 46.15, 23.1, 7.95, 5.2, 14.25, 20.5, 97.2, 102.9, 34.45, 77.15, 8.0, 20.9, 20.3, 26.5, 9.6, 39.1, 20.6, 6.6, 3.7, 13.95, 20.95, 37.75, 81.4, 9.1, 22.75, 18.3, 24.45, 11.0, 42.9, 21.4, 7.55, 4.05, 13.5, 21.6
30, 2013-12-28, Home, MIN, L, L, 7.5, O, 203.5, 1, 1, 93.65, 101.1, 35.25, 83.75, 6.7, 20.65, 16.45, 21.3, 11.2, 41.95, 21.35, 6.7, 6.05, 14.45, 20.8, 37.55, 84.55, 8.35, 22.95, 17.65, 24.15, 12.9, 46.05, 23.35, 7.85, 5.1, 14.2, 20.7, 105.1, 103.8, 38.05, 90.05, 7.6, 23.65, 21.4, 27.1, 14.8, 46.2, 22.0, 8.95, 2.6, 12.75, 16.55, 41.15, 84.8, 8.2, 21.55, 13.3, 17.55, 9.95, 43.45, 22.45, 7.5, 5.45, 16.2, 22.6
31, 2013-12-31, Away, LAL, W, W, 6, U, 202.5, 0, 0, 94.3, 102.4, 35.5, 84.2, 6.7, 21.05, 16.6, 21.55, 11.4, 42.0, 21.7, 7.0, 6.1, 14.5, 20.85, 37.95, 84.75, 8.35, 22.6, 18.15, 24.85, 13.05, 46.4, 23.7, 8.05, 4.95, 14.3, 20.75, 100.4, 103.3, 36.9, 82.1, 9.05, 25.7, 17.55, 23.1, 9.65, 41.3, 21.1, 7.3, 5.85, 14.9, 19.15, 39.6, 89.0, 7.7, 23.1, 16.4, 21.85, 13.9, 47.75, 24.5, 9.45, 4.25, 13.3, 19.25
32, 2014-01-02, Away, UTA, L, L, 5.5, U, 189, 0, 0, 93.65, 100.6, 35.45, 84.1, 6.6, 20.75, 16.15, 21.05, 11.7, 42.95, 20.85, 7.05, 6.1, 14.05, 20.5, 37.15, 84.85, 8.35, 22.8, 17.95, 24.3, 13.0, 45.85, 22.9, 7.75, 5.25, 13.65, 20.45, 94.9, 101.0, 36.4, 83.1, 7.0, 18.35, 15.1, 18.95, 11.1, 41.85, 20.7, 6.85, 5.1, 13.1, 20.35, 38.05, 81.65, 6.8, 18.55, 18.1, 23.1, 10.65, 43.65, 20.35, 7.2, 5.25, 11.6, 19.1
33, 2014-01-04, Away, PHO, L, L, 8, O, 196.5, 0, 0, 94.4, 100.6, 35.75, 83.65, 6.55, 20.95, 16.35, 21.3, 11.45, 42.85, 20.85, 7.1, 6.2, 13.95, 20.4, 37.05, 85.05, 8.45, 22.9, 18.05, 23.8, 12.75, 45.4, 22.75, 7.8, 5.35, 13.5, 20.55, 105.15, 101.65, 38.75, 84.1, 9.95, 26.9, 17.7, 24.1, 11.95, 44.05, 19.7, 8.55, 5.55, 14.6, 21.1, 37.9, 84.6, 6.35, 19.65, 19.5, 25.1, 12.65, 44.1, 19.85, 7.4, 3.9, 14.65, 20.95
34, 2014-01-07, Home, GSW, L, L, 10, U, 200.5, 0, 0, 94.7, 100.75, 35.95, 83.4, 6.75, 21.05, 16.05, 21.0, 11.2, 42.7, 20.6, 7.0, 6.2, 14.3, 20.4, 36.95, 85.3, 8.45, 22.8, 18.4, 23.9, 12.95, 45.35, 22.35, 7.9, 5.4, 13.55, 20.4, 105.25, 99.55, 40.15, 87.15, 9.05, 25.15, 15.9, 21.45, 12.45, 48.25, 23.2, 8.1, 5.3, 16.7, 22.15, 36.3, 84.3, 7.0, 20.45, 19.95, 25.5, 9.65, 42.1, 18.8, 9.05, 4.85, 14.65, 18.95
35, 2014-01-10, Home, CHI, L, L, 4, U, 177.5, 0, 0, 94.1, 100.8, 35.65, 83.15, 6.5, 20.55, 16.3, 21.4, 11.15, 42.3, 20.3, 7.05, 6.3, 13.75, 20.35, 37.05, 85.85, 8.45, 23.1, 18.25, 23.8, 13.5, 46.45, 22.05, 7.45, 5.5, 13.45, 21.05, 91.1, 91.55, 33.9, 79.8, 5.65, 17.4, 17.65, 23.55, 11.55, 43.5, 22.3, 7.2, 5.6, 15.15, 18.85, 35.2, 80.85, 5.9, 16.9, 15.25, 19.9, 11.0, 41.55, 18.7, 8.1, 6.7, 13.9, 21.65
36, 2014-01-11, Away, OKC, L, L, 15, U, 195.5, 0, 1, 93.9, 100.25, 35.65, 83.35, 6.6, 20.75, 16.0, 21.0, 11.6, 42.8, 20.2, 6.85, 6.05, 13.9, 20.7, 36.5, 85.0, 8.6, 23.15, 18.65, 24.2, 13.1, 45.95, 21.95, 7.45, 5.55, 13.15, 21.15, 106.65, 97.85, 39.45, 82.9, 7.4, 21.0, 20.35, 24.7, 10.25, 46.15, 22.05, 8.15, 6.45, 14.45, 22.85, 35.3, 84.65, 7.8, 23.0, 19.45, 26.5, 10.95, 41.05, 20.95, 7.65, 3.8, 13.4, 20.6
37, 2014-01-13, Away, TOR, L, L, 10.5, O, 187.5, 0, 0, 93.55, 101.05, 35.45, 83.5, 6.8, 21.45, 15.85, 20.7, 11.7, 42.35, 19.9, 7.0, 5.85, 14.0, 21.05, 36.5, 85.1, 8.9, 23.45, 19.15, 24.8, 13.65, 46.8, 22.3, 7.4, 5.8, 13.5, 20.9, 100.15, 96.5, 36.45, 82.1, 8.15, 22.5, 19.1, 24.1, 10.75, 42.25, 21.15, 7.25, 4.95, 13.45, 21.8, 35.95, 81.6, 7.3, 19.35, 17.3, 22.85, 11.15, 43.0, 20.85, 7.75, 4.65, 15.65, 22.35
38, 2014-01-15, Home, MEM, L, W, 6, U, 185.5, 1, 0, 93.25, 101.45, 35.35, 83.75, 6.85, 21.5, 15.7, 20.75, 12.05, 42.7, 20.0, 7.2, 5.9, 14.2, 21.25, 36.6, 85.2, 8.95, 23.4, 19.3, 24.95, 13.9, 47.1, 22.6, 7.5, 5.75, 13.6, 20.9, 98.1, 98.7, 38.3, 85.55, 5.4, 14.6, 16.1, 21.9, 14.05, 45.05, 21.2, 7.75, 3.95, 11.9, 19.5, 36.5, 78.45, 7.9, 22.05, 17.8, 23.1, 9.25, 39.15, 20.4, 7.1, 6.15, 13.05, 19.1
39, 2014-01-18, Away, HOU, L, W, 13.5, O, 199.5, 0, 0, 92.2, 100.3, 35.1, 83.3, 6.7, 21.15, 15.3, 20.25, 12.05, 43.1, 19.85, 6.95, 5.5, 14.1, 20.75, 36.6, 85.0, 8.85, 23.35, 18.25, 23.75, 13.4, 46.5, 22.55, 7.5, 5.7, 13.3, 20.7, 101.75, 101.65, 36.55, 78.75, 7.7, 24.1, 20.95, 31.15, 10.5, 43.2, 19.15, 6.55, 5.7, 13.7, 19.85, 38.75, 87.15, 6.9, 21.4, 17.25, 22.75, 12.55, 44.55, 21.7, 8.25, 5.65, 12.5, 24.5
40, 2014-01-19, Away, SAS, L, L, 15, U, 197, 0, 1, 91.95, 100.75, 35.0, 82.7, 6.95, 21.3, 15.0, 20.0, 12.0, 42.7, 19.8, 6.95, 5.8, 14.3, 20.7, 37.0, 85.1, 8.8, 23.35, 17.95, 23.55, 13.4, 46.5, 22.45, 7.45, 5.4, 13.15, 20.35, 106.7, 100.25, 40.75, 82.85, 7.8, 19.95, 17.4, 22.0, 9.85, 43.85, 25.25, 7.1, 4.85, 14.0, 17.8, 39.0, 86.3, 7.1, 18.25, 15.15, 19.75, 10.9, 41.6, 20.55, 7.65, 5.1, 12.55, 20.45
41, 2014-01-22, Home, DET, W, W, 4.5, O, 196, 0, 0, 91.95, 101.75, 35.15, 83.45, 6.9, 21.35, 14.75, 19.75, 12.1, 42.75, 19.75, 7.3, 5.95, 14.15, 20.65, 37.45, 85.2, 9.1, 23.35, 17.75, 23.45, 13.2, 47.2, 23.05, 7.45, 5.5, 13.5, 20.1, 99.55, 106.6, 38.7, 87.05, 5.7, 19.45, 16.45, 25.45, 14.6, 45.0, 20.65, 7.5, 5.55, 14.6, 20.85, 39.45, 84.2, 8.3, 21.95, 19.4, 25.4, 11.7, 44.4, 25.1, 8.0, 4.15, 14.1, 20.9
42, 2014-01-24, Away, CLE, L, L, 8, U, 194.5, 0, 0, 93.25, 103.1, 35.7, 83.9, 7.2, 22.15, 14.65, 19.85, 12.1, 43.05, 20.5, 7.5, 5.75, 14.3, 21.05, 37.7, 85.25, 9.15, 23.35, 18.55, 24.45, 13.0, 47.1, 23.05, 7.65, 5.3, 13.3, 19.7, 99.3, 104.7, 37.3, 87.45, 7.7, 20.45, 17.0, 22.8, 12.85, 45.25, 20.4, 6.5, 4.0, 13.0, 20.85, 38.9, 84.4, 9.55, 26.0, 17.35, 22.9, 10.4, 43.85, 24.75, 6.75, 6.3, 13.45, 20.0
43, 2014-01-25, Home, ATL, L, L, 2.5, O, 196, 1, 1, 93.3, 102.3, 35.75, 83.4, 7.45, 22.6, 14.35, 19.4, 11.7, 42.9, 20.7, 7.45, 6.0, 14.45, 21.15, 37.25, 85.25, 9.15, 23.2, 18.65, 24.75, 13.2, 47.1, 23.2, 7.7, 5.45, 13.15, 19.55, 104.7, 103.85, 38.4, 83.45, 10.35, 28.25, 17.55, 21.3, 9.75, 41.0, 26.5, 9.2, 4.5, 15.35, 18.9, 40.05, 85.9, 7.8, 21.3, 15.95, 20.85, 11.9, 44.2, 23.85, 8.25, 4.7, 15.25, 20.0
44, 2014-01-27, Home, LAC, L, L, 10, U, 203.5, 0, 0, 93.15, 103.35, 36.0, 83.8, 7.5, 23.15, 13.65, 18.8, 11.7, 42.95, 20.95, 7.45, 5.85, 14.7, 21.5, 37.55, 85.0, 9.45, 23.3, 18.8, 25.05, 12.55, 46.65, 23.2, 7.8, 5.25, 13.05, 19.4, 108.5, 102.25, 39.35, 84.0, 8.75, 24.65, 21.05, 27.7, 10.45, 43.1, 24.05, 8.3, 5.1, 12.1, 20.35, 38.15, 86.35, 7.7, 22.25, 18.25, 23.55, 13.3, 46.4, 23.95, 6.7, 2.95, 14.5, 22.45
45, 2014-01-29, Home, PHO, L, L, 8.5, O, 201.5, 0, 0, 92.8, 103.75, 35.9, 84.2, 7.45, 23.4, 13.55, 18.95, 12.15, 42.9, 21.4, 7.35, 5.8, 14.45, 21.5, 37.6, 84.55, 9.65, 23.5, 18.9, 25.1, 12.5, 46.75, 23.4, 7.8, 5.25, 13.1, 19.75, 106.95, 101.9, 39.4, 88.05, 9.45, 26.6, 18.7, 24.5, 13.05, 45.2, 19.85, 8.55, 4.95, 13.5, 21.9, 38.4, 85.05, 6.4, 18.95, 18.7, 25.2, 12.7, 46.7, 21.05, 6.6, 4.8, 16.0, 21.65
46, 2014-01-31, Away, ORL, L, L, 6, O, 195, 0, 0, 93.6, 104.7, 36.1, 84.55, 7.4, 23.25, 14.0, 19.0, 12.05, 42.0, 21.85, 7.3, 5.7, 13.9, 21.5, 37.8, 83.4, 9.4, 22.6, 19.7, 25.75, 12.2, 46.0, 23.5, 7.65, 5.15, 13.25, 19.65, 95.3, 103.9, 35.6, 81.85, 6.6, 20.4, 17.5, 23.2, 8.8, 41.85, 20.95, 7.25, 3.4, 13.5, 19.25, 39.4, 86.3, 8.6, 23.45, 16.5, 21.2, 11.55, 47.25, 23.8, 6.95, 5.95, 12.8, 19.25
47, 2014-02-01, Away, MEM, L, W, 12.5, O, 180.5, 1, 1, 93.15, 104.65, 36.05, 83.9, 7.4, 22.85, 13.65, 18.95, 11.95, 41.55, 21.9, 7.35, 5.7, 14.1, 21.35, 38.0, 82.55, 9.2, 22.0, 19.45, 25.65, 11.6, 45.4, 23.95, 7.9, 4.75, 13.4, 19.65, 98.7, 92.4, 39.2, 83.65, 5.3, 14.7, 15.0, 20.65, 12.55, 44.5, 21.8, 7.75, 5.25, 11.75, 19.0, 34.75, 80.1, 7.25, 22.55, 15.65, 20.8, 10.05, 39.1, 19.7, 6.45, 5.1, 13.35, 18.4
48, 2014-02-03, Home, NYK, W, W, 8.5, O, 195, 0, 0, 91.85, 104.3, 35.4, 83.6, 7.5, 22.75, 13.55, 18.95, 12.05, 41.3, 21.5, 7.3, 5.4, 14.1, 21.4, 38.0, 81.85, 9.0, 21.35, 19.3, 25.65, 11.4, 45.6, 23.8, 7.8, 5.0, 13.15, 19.55, 99.5, 100.35, 37.35, 81.15, 8.75, 22.35, 16.05, 22.0, 11.15, 42.6, 20.4, 6.7, 4.75, 13.1, 22.35, 36.3, 79.45, 9.0, 24.55, 18.75, 24.75, 9.85, 41.25, 20.9, 6.75, 3.3, 12.3, 20.4
49, 2014-02-05, Away, DEN, L, W, 11.5, U, 210.5, 0, 0, 91.4, 103.65, 35.1, 82.8, 7.55, 22.25, 13.65, 19.15, 12.05, 40.95, 21.05, 7.05, 5.05, 14.05, 21.45, 37.55, 80.8, 9.25, 22.2, 19.3, 25.85, 11.35, 45.45, 23.15, 7.9, 4.75, 13.2, 19.7, 107.2, 106.75, 39.25, 84.55, 9.25, 24.7, 19.45, 26.35, 10.9, 44.35, 23.55, 7.2, 5.75, 14.8, 23.65, 39.15, 85.0, 6.5, 19.15, 21.95, 29.2, 10.75, 43.05, 22.85, 7.95, 4.8, 12.95, 21.45
50, 2014-02-08, Home, HOU, L, W, 11, U, 205, 0, 0, 91.75, 103.95, 35.25, 83.15, 7.45, 21.45, 13.8, 19.45, 12.4, 41.25, 21.15, 7.15, 4.95, 14.35, 21.2, 37.8, 81.05, 9.15, 22.05, 19.2, 25.55, 11.65, 45.4, 23.15, 7.9, 5.15, 13.65, 19.8, 103.8, 100.45, 36.55, 78.55, 8.3, 25.05, 22.4, 32.75, 11.1, 43.85, 19.35, 6.6, 5.35, 13.85, 19.25, 38.7, 87.25, 7.4, 22.55, 15.65, 20.85, 12.55, 43.05, 21.75, 7.45, 5.15, 12.85, 25.85
51, 2014-02-10, Home, BOS, L, L, -1, U, 188.5, 1, 0, 91.75, 103.15, 35.25, 83.2, 7.5, 21.1, 13.75, 19.15, 12.3, 41.45, 21.2, 6.85, 4.95, 14.25, 21.1, 37.75, 80.8, 9.0, 22.05, 18.65, 24.75, 11.0, 44.7, 22.65, 7.75, 5.3, 13.4, 19.8, 95.5, 101.95, 35.95, 86.75, 6.6, 21.35, 17.0, 22.0, 13.6, 45.4, 22.35, 7.75, 4.6, 13.6, 21.9, 37.6, 82.6, 7.8, 20.25, 18.95, 25.4, 11.6, 44.9, 23.75, 6.75, 4.5, 13.55, 19.05
52, 2014-02-12, Home, NOP, L, W, 7.5, O, 194.5, 0, 0, 91.35, 104.3, 34.8, 82.25, 7.5, 20.75, 14.25, 19.7, 11.9, 40.7, 21.2, 6.6, 4.95, 14.85, 21.25, 38.4, 81.15, 9.0, 21.85, 18.5, 24.55, 11.25, 44.9, 23.0, 8.05, 5.1, 13.5, 19.9, 94.25, 98.75, 35.6, 78.45, 5.05, 13.2, 18.0, 23.65, 10.6, 40.6, 19.0, 7.8, 6.8, 13.65, 24.05, 35.55, 77.05, 7.15, 20.7, 20.5, 27.45, 9.85, 40.55, 20.9, 7.15, 6.2, 13.25, 20.25
53, 2014-02-18, Home, ORL, W, W, 3, O, 195.5, 0, 0, 91.9, 104.6, 34.95, 82.45, 7.6, 20.45, 14.4, 19.95, 12.0, 40.7, 21.55, 6.35, 4.9, 14.75, 21.1, 38.65, 81.05, 8.95, 21.7, 18.35, 24.55, 11.3, 44.65, 23.4, 8.0, 5.05, 13.45, 20.1, 96.15, 103.15, 35.95, 81.65, 6.2, 18.0, 18.05, 22.9, 9.0, 40.9, 20.95, 7.55, 3.6, 13.2, 18.15, 39.5, 84.95, 8.3, 21.8, 15.85, 20.45, 10.6, 44.7, 23.65, 7.0, 6.0, 12.75, 18.85
54, 2014-02-20, Home, DEN, L, L, 5, U, 202.5, 0, 0, 92.1, 103.8, 34.85, 83.15, 7.7, 20.7, 14.7, 20.45, 12.35, 41.05, 21.9, 6.6, 4.9, 14.0, 20.85, 38.6, 80.8, 8.9, 21.6, 17.7, 24.1, 11.2, 44.7, 23.7, 7.75, 5.35, 13.6, 20.25, 107.7, 109.65, 39.1, 86.3, 9.8, 26.45, 19.7, 27.2, 12.05, 45.7, 22.85, 7.05, 5.5, 15.55, 24.15, 40.2, 86.9, 6.6, 20.05, 22.65, 29.4, 10.8, 44.25, 23.15, 8.6, 4.65, 13.25, 21.9
55, 2014-02-22, Home, IND, L, W, 12, O, 189, 0, 0, 92.6, 103.8, 35.05, 83.25, 7.65, 21.0, 14.85, 20.55, 12.45, 41.05, 21.65, 6.4, 5.05, 14.05, 20.9, 38.6, 80.35, 8.8, 20.9, 17.8, 24.4, 11.0, 43.95, 23.75, 7.8, 5.45, 13.5, 20.15, 100.8, 94.85, 38.1, 84.7, 6.5, 19.2, 18.1, 23.45, 11.3, 47.9, 20.25, 6.65, 5.1, 14.2, 20.7, 35.75, 85.5, 7.2, 20.75, 16.15, 22.65, 10.05, 42.25, 19.5, 6.75, 4.15, 13.65, 21.45
56, 2014-02-24, Away, PHI, W, W, -3, O, 210.5, 0, 0, 94.0, 105.25, 35.4, 83.0, 7.75, 21.3, 15.45, 21.55, 12.4, 41.25, 21.9, 6.3, 5.0, 14.05, 21.05, 39.2, 81.25, 8.95, 21.0, 17.9, 24.45, 11.1, 43.75, 23.8, 7.85, 5.5, 13.4, 20.35, 95.6, 109.85, 36.2, 87.15, 5.85, 21.0, 17.35, 24.4, 12.55, 43.05, 20.45, 9.35, 3.1, 17.2, 22.45, 40.15, 83.95, 7.65, 21.45, 21.9, 28.15, 11.6, 47.8, 26.85, 10.05, 7.9, 16.4, 21.25
57, 2014-02-27, Away, IND, L, W, 15.5, O, 196, 0, 0, 96.25, 105.7, 36.2, 83.15, 7.75, 20.75, 16.1, 22.3, 12.75, 41.6, 22.4, 6.3, 5.1, 14.45, 20.95, 39.6, 81.35, 8.85, 20.95, 17.65, 24.25, 10.6, 42.25, 24.0, 8.35, 5.4, 13.4, 20.65, 103.2, 96.6, 38.65, 85.25, 6.45, 18.9, 19.45, 25.15, 11.6, 47.65, 20.25, 6.85, 5.65, 13.95, 20.75, 36.45, 86.35, 7.3, 21.4, 16.4, 23.0, 10.6, 43.2, 19.6, 6.7, 4.4, 13.85, 22.25
58, 2014-03-01, Home, BRK, L, L, 6, O, 198.5, 0, 0, 96.35, 104.95, 36.35, 83.35, 7.9, 21.0, 15.75, 21.75, 12.5, 41.35, 22.2, 6.25, 4.95, 14.25, 21.0, 39.5, 81.1, 8.55, 20.55, 17.4, 23.85, 10.4, 42.3, 23.8, 8.25, 5.4, 13.65, 20.25, 98.4, 97.65, 36.35, 78.65, 9.0, 25.4, 16.7, 21.9, 7.8, 36.95, 21.7, 9.55, 4.35, 13.8, 21.55, 35.35, 78.15, 7.65, 21.15, 19.3, 25.15, 11.6, 43.6, 20.6, 7.4, 4.65, 16.3, 19.2
59, 2014-03-03, Home, UTA, W, W, -1, O, 196, 1, 0, 97.4, 106.2, 36.5, 82.95, 7.85, 20.6, 16.55, 22.7, 12.35, 40.95, 21.95, 6.3, 4.9, 14.4, 21.0, 39.7, 81.15, 8.8, 20.8, 18.0, 24.5, 10.6, 42.2, 23.95, 8.6, 5.0, 13.75, 20.35, 95.6, 98.75, 35.85, 79.9, 7.1, 19.95, 16.8, 22.7, 9.9, 42.1, 19.7, 6.4, 4.45, 12.95, 20.85, 37.05, 82.9, 6.5, 18.8, 18.15, 23.8, 11.3, 42.9, 21.3, 6.85, 4.4, 10.7, 20.05
60, 2014-03-05, Home, SAC, L, L, 3.5, O, 205.5, 0, 0, 97.9, 104.9, 36.6, 82.65, 7.7, 20.1, 17.0, 22.95, 12.45, 41.2, 22.2, 6.35, 4.65, 14.1, 21.0, 39.2, 80.85, 8.75, 20.5, 17.75, 23.95, 10.85, 41.85, 23.85, 8.3, 5.05, 13.85, 20.45, 101.0, 104.3, 36.2, 81.8, 5.75, 17.6, 22.85, 29.05, 12.45, 44.1, 17.75, 6.6, 3.9, 15.15, 23.55, 37.55, 82.5, 8.1, 22.5, 21.1, 29.05, 10.8, 41.1, 23.9, 8.4, 5.2, 12.65, 23.5
61, 2014-03-07, Away, NOP, L, L, 7.5, O, 200, 0, 0, 98.9, 105.2, 36.75, 82.35, 7.7, 19.9, 17.7, 23.55, 12.5, 41.2, 22.5, 6.0, 4.45, 14.1, 21.3, 39.2, 81.2, 8.4, 20.3, 18.4, 24.5, 11.1, 41.4, 23.5, 8.35, 4.8, 13.55, 20.8, 96.05, 99.95, 36.55, 79.35, 5.9, 16.25, 17.05, 22.3, 10.2, 40.25, 19.65, 7.2, 6.3, 13.25, 24.05, 36.2, 78.15, 6.95, 19.75, 20.6, 27.5, 10.05, 39.6, 21.95, 7.2, 5.35, 13.0, 19.15
62, 2014-03-08, Home, WAS, L, W, 8, O, 203.5, 0, 1, 98.9, 105.75, 36.7, 82.6, 7.55, 19.55, 17.95, 23.7, 12.7, 41.2, 22.25, 5.6, 4.4, 13.65, 21.2, 39.5, 81.2, 8.6, 20.55, 18.15, 23.95, 11.2, 41.5, 24.0, 8.0, 5.05, 13.3, 21.35, 104.5, 100.45, 40.8, 87.15, 7.9, 20.25, 15.0, 20.45, 10.95, 41.85, 23.85, 9.0, 4.45, 12.75, 21.0, 36.7, 79.4, 6.45, 19.6, 20.6, 25.9, 9.7, 42.85, 21.0, 6.95, 4.15, 17.2, 20.15
63, 2014-03-10, Home, ORL, W, W, 1, U, 203.5, 0, 0, 100.35, 106.8, 37.15, 83.25, 7.4, 19.15, 18.65, 24.4, 13.15, 41.6, 21.95, 5.75, 4.15, 13.6, 21.2, 39.8, 80.8, 9.15, 21.25, 18.05, 23.95, 10.7, 40.65, 23.85, 7.85, 5.15, 13.5, 21.5, 97.1, 101.3, 37.6, 85.0, 5.95, 16.9, 15.95, 20.35, 10.15, 41.5, 21.35, 8.65, 4.3, 12.15, 20.05, 37.85, 81.95, 7.9, 20.9, 17.7, 24.15, 10.55, 44.35, 21.7, 6.65, 5.45, 14.2, 18.7
64, 2014-03-11, Away, MIN, L, W, 15, U, 214.5, 0, 1, 101.25, 106.1, 37.15, 83.35, 7.55, 19.45, 19.4, 25.0, 13.0, 41.75, 22.05, 5.7, 4.1, 13.2, 20.35, 39.9, 81.4, 8.95, 21.1, 17.35, 23.1, 11.1, 41.05, 23.7, 7.65, 5.15, 13.7, 21.65, 104.95, 103.4, 37.85, 85.15, 6.55, 20.5, 22.7, 29.5, 11.85, 44.75, 22.5, 7.45, 4.15, 13.15, 20.45, 38.95, 85.75, 7.8, 21.8, 17.7, 23.1, 11.7, 44.9, 21.4, 7.75, 5.7, 14.75, 25.45
65, 2014-03-13, Away, ATL, L, W, 8.5, U, 208.5, 0, 0, 102.0, 106.0, 37.4, 82.6, 7.6, 19.1, 19.6, 25.35, 12.45, 41.65, 22.3, 5.55, 4.2, 13.4, 20.8, 39.8, 81.7, 8.65, 20.7, 17.75, 23.65, 11.1, 40.4, 23.5, 7.65, 5.2, 13.2, 21.6, 101.3, 105.25, 37.15, 80.85, 10.3, 25.65, 16.7, 21.5, 8.5, 38.15, 25.05, 8.0, 3.4, 14.4, 19.2, 39.85, 84.3, 8.5, 21.85, 17.05, 22.1, 11.5, 43.75, 24.1, 8.3, 4.25, 14.15, 19.35
66, 2014-03-15, Away, NYK, L, L, 10.5, O, 204.5, 0, 0, 101.0, 104.8, 37.35, 82.6, 7.4, 19.1, 18.9, 24.85, 12.7, 42.0, 22.4, 6.05, 4.2, 13.35, 20.6, 39.5, 81.5, 8.7, 21.0, 17.1, 23.05, 11.05, 40.65, 23.25, 7.4, 5.3, 13.3, 21.25, 102.35, 103.45, 38.65, 84.4, 10.2, 26.7, 14.85, 20.25, 11.25, 41.45, 20.35, 7.5, 4.45, 13.1, 21.95, 37.9, 81.35, 8.85, 22.65, 18.8, 24.6, 10.7, 42.25, 20.55, 6.55, 3.5, 13.05, 19.0
67, 2014-03-16, Home, CHA, L, L, 6, U, 195, 0, 1, 100.6, 104.9, 37.15, 82.3, 7.1, 18.55, 19.2, 25.0, 12.85, 41.45, 22.1, 5.95, 3.9, 13.1, 20.65, 39.45, 81.15, 8.75, 21.2, 17.25, 23.2, 11.4, 40.5, 22.6, 7.05, 5.45, 13.1, 21.3, 100.05, 97.2, 37.55, 82.2, 6.9, 19.35, 18.05, 24.55, 9.0, 42.85, 22.8, 6.3, 5.15, 11.2, 17.8, 37.05, 84.45, 7.55, 21.0, 15.55, 19.9, 9.05, 41.9, 19.65, 5.5, 4.2, 12.1, 20.7
68, 2014-03-18, Away, POR, L, W, 12.5, O, 206, 0, 0, 100.7, 105.0, 37.5, 82.95, 7.0, 18.3, 18.7, 24.55, 13.05, 41.4, 22.55, 6.05, 3.85, 12.9, 20.45, 39.5, 80.6, 8.9, 21.7, 17.1, 23.0, 11.05, 40.05, 22.8, 7.1, 5.55, 13.35, 21.1, 105.1, 102.25, 37.8, 85.75, 9.0, 25.2, 20.5, 25.15, 12.05, 46.4, 20.8, 5.1, 5.4, 14.35, 21.25, 38.75, 87.6, 6.35, 19.3, 18.4, 24.1, 11.5, 43.45, 19.7, 8.4, 3.95, 11.7, 21.4
69, 2014-03-20, Away, GSW, L, W, 12.5, O, 206, 0, 0, 101.4, 106.1, 37.95, 83.8, 6.85, 18.25, 18.65, 24.8, 13.05, 41.85, 22.95, 6.4, 3.95, 13.3, 20.8, 39.9, 81.55, 8.75, 21.95, 17.55, 23.15, 11.2, 40.4, 23.2, 7.2, 5.7, 13.7, 21.2, 104.85, 98.55, 39.4, 85.2, 9.05, 24.45, 17.0, 21.95, 10.55, 43.1, 23.55, 7.95, 5.3, 13.05, 21.4, 36.45, 83.95, 6.9, 20.6, 18.75, 23.75, 10.8, 43.95, 20.25, 6.9, 4.05, 14.6, 19.9
70, 2014-03-23, Away, SAC, L, L, 7, O, 207, 0, 0, 101.9, 106.35, 38.1, 83.05, 6.65, 18.05, 19.05, 25.2, 12.45, 41.2, 23.0, 6.3, 3.75, 13.05, 20.8, 40.1, 81.35, 8.65, 22.15, 17.5, 23.1, 10.85, 40.1, 23.4, 7.25, 5.25, 13.5, 21.35, 99.15, 102.9, 35.75, 81.1, 5.05, 16.5, 22.6, 30.25, 12.65, 46.25, 17.25, 6.8, 4.15, 16.5, 21.95, 37.15, 82.75, 8.7, 22.2, 19.9, 26.35, 9.4, 39.85, 23.65, 8.25, 4.95, 12.85, 24.5
71, 2014-03-24, Away, LAC, L, W, 16.5, U, 213.5, 0, 1, 102.5, 107.5, 38.2, 82.8, 6.55, 18.2, 19.55, 26.15, 12.3, 40.85, 22.95, 6.15, 3.75, 12.75, 21.45, 40.2, 81.4, 8.6, 21.95, 18.5, 24.25, 11.2, 40.4, 23.2, 6.95, 5.15, 13.35, 21.75, 111.7, 101.2, 41.3, 83.95, 8.3, 23.05, 20.8, 28.45, 10.9, 43.4, 26.5, 9.75, 5.2, 13.5, 22.05, 37.15, 85.4, 8.0, 23.65, 18.9, 24.95, 12.35, 41.9, 23.2, 7.6, 3.6, 15.6, 23.55
72, 2014-03-27, Home, LAL, W, W, -2.5, U, 219, 0, 0, 103.1, 107.7, 38.7, 83.45, 6.5, 18.05, 19.2, 25.7, 12.45, 40.95, 23.45, 6.2, 3.65, 12.3, 21.4, 40.0, 80.9, 8.65, 21.85, 19.05, 24.9, 10.85, 40.25, 23.4, 6.9, 5.15, 13.25, 21.5, 105.25, 114.15, 39.75, 85.65, 9.9, 23.6, 15.85, 21.9, 8.05, 38.65, 26.0, 8.5, 5.95, 16.0, 19.25, 43.75, 90.8, 9.05, 23.35, 17.6, 23.65, 13.45, 49.65, 26.95, 10.35, 5.2, 15.05, 20.1
73, 2014-03-29, Home, MIA, L, L, 8.5, U, 198, 1, 0, 103.6, 107.85, 38.7, 82.95, 6.5, 17.75, 19.7, 26.45, 12.5, 40.9, 22.8, 6.5, 3.9, 12.65, 21.65, 40.05, 81.2, 8.7, 22.25, 19.05, 24.95, 11.0, 40.25, 23.4, 6.95, 4.95, 13.75, 21.75, 100.85, 95.35, 38.35, 76.95, 7.75, 21.45, 16.4, 21.4, 8.15, 36.95, 22.05, 8.6, 5.3, 13.3, 19.05, 35.35, 80.25, 7.5, 22.95, 17.15, 22.15, 12.15, 41.65, 21.6, 7.35, 2.9, 14.1, 19.25
74, 2014-03-31, Away, DET, L, W, 6.5, O, 207, 0, 0, 101.75, 107.25, 38.3, 82.8, 6.1, 17.15, 19.05, 25.65, 12.75, 40.75, 22.3, 6.4, 3.9, 12.85, 21.7, 39.65, 80.9, 8.5, 22.15, 19.45, 25.2, 11.35, 40.55, 23.0, 6.8, 4.95, 13.6, 21.15, 100.65, 107.7, 39.4, 88.15, 6.15, 18.2, 15.7, 23.2, 13.05, 44.65, 22.65, 7.5, 4.75, 12.6, 19.85, 40.45, 85.8, 8.85, 24.4, 17.95, 24.5, 11.5, 44.95, 25.5, 7.4, 5.6, 12.3, 19.75
75, 2014-04-02, Away, MIA, L, L, 13, U, 195.5, 0, 0, 102.8, 108.0, 38.5, 83.1, 6.15, 16.95, 19.65, 26.45, 13.05, 41.45, 22.95, 6.45, 3.85, 12.9, 21.7, 40.0, 81.95, 8.55, 22.4, 19.45, 24.95, 11.7, 41.0, 23.3, 6.75, 4.9, 13.4, 21.45, 98.9, 93.5, 37.4, 76.35, 7.7, 21.5, 16.4, 21.3, 8.4, 37.45, 21.25, 7.8, 5.4, 13.1, 18.2, 35.35, 79.75, 7.55, 22.6, 15.25, 20.25, 11.65, 40.75, 21.45, 7.15, 3.0, 13.7, 19.3
76, 2014-04-04, Away, CHI, L, L, 11.5, O, 185, 0, 0, 101.65, 107.3, 38.35, 82.6, 5.9, 16.5, 19.05, 25.3, 12.85, 40.95, 22.85, 6.4, 3.85, 13.15, 20.9, 40.15, 81.8, 8.55, 22.8, 18.45, 23.65, 11.6, 40.75, 23.45, 7.05, 4.85, 13.4, 20.9, 95.15, 90.65, 35.2, 79.25, 6.45, 17.8, 18.3, 23.15, 10.3, 43.05, 23.05, 7.45, 4.95, 12.85, 18.8, 33.55, 79.9, 7.05, 20.9, 16.5, 21.6, 10.75, 41.95, 19.1, 7.15, 5.15, 13.35, 20.35
77, 2014-04-05, Home, TOR, L, W, 6.5, O, 196, 1, 1, 99.65, 106.9, 37.5, 81.8, 5.4, 15.9, 19.25, 25.6, 12.3, 40.5, 22.1, 6.4, 4.0, 13.0, 21.05, 39.55, 81.6, 8.5, 22.7, 19.3, 24.6, 11.85, 41.55, 23.25, 6.9, 4.85, 13.1, 21.0, 104.0, 100.6, 37.15, 81.3, 9.0, 23.9, 20.7, 25.9, 9.95, 41.3, 21.65, 7.55, 4.05, 13.55, 23.5, 36.4, 80.2, 7.15, 20.5, 20.65, 27.4, 10.1, 40.0, 20.05, 7.5, 3.5, 13.9, 22.5
78, 2014-04-09, Home, IND, L, L, 1, O, 185.5, 0, 0, 99.75, 106.95, 37.5, 81.4, 4.85, 15.15, 19.9, 26.4, 12.4, 40.6, 22.55, 6.3, 4.05, 12.85, 21.0, 39.45, 81.95, 8.8, 23.3, 19.25, 24.6, 11.85, 41.15, 23.15, 6.8, 4.8, 12.6, 21.35, 89.3, 94.9, 32.7, 77.55, 5.7, 16.8, 18.2, 23.35, 9.95, 42.55, 18.25, 5.85, 5.05, 13.85, 21.25, 35.35, 81.4, 7.3, 19.25, 16.9, 22.05, 10.5, 41.65, 20.0, 6.95, 4.85, 11.55, 22.0
79, 2014-04-11, Home, CLE, W, W, 4.5, O, 207.5, 0, 0, 99.95, 106.8, 37.7, 82.05, 4.8, 15.35, 19.75, 26.3, 12.5, 40.85, 22.75, 6.3, 4.1, 12.5, 21.05, 39.65, 82.05, 8.85, 23.25, 18.65, 24.0, 11.5, 41.15, 23.3, 6.3, 4.95, 12.6, 21.6, 100.25, 101.35, 38.7, 82.75, 7.65, 20.25, 15.2, 20.15, 9.65, 42.4, 23.35, 6.35, 3.2, 13.1, 19.3, 37.15, 83.3, 11.2, 28.85, 15.85, 21.3, 9.8, 40.6, 25.25, 7.55, 5.35, 12.65, 17.6
80, 2014-04-12, Away, WAS, L, L, 11, U, 204.5, 1, 1, 100.2, 108.2, 37.8, 82.55, 4.7, 15.5, 19.9, 26.9, 12.55, 40.65, 22.35, 6.2, 4.1, 12.4, 20.95, 40.2, 82.35, 8.75, 23.2, 19.05, 24.45, 11.15, 41.2, 23.3, 6.6, 4.9, 12.45, 21.9, 99.25, 98.8, 38.35, 82.95, 7.8, 21.15, 14.75, 19.85, 10.8, 41.6, 22.2, 6.7, 4.2, 14.3, 19.55, 36.85, 81.85, 7.9, 22.55, 17.2, 21.85, 10.45, 41.55, 21.8, 7.7, 3.95, 13.9, 19.4
81, 2014-04-14, Away, TOR, L, P, 10, O, 204.5, 1, 0, 99.65, 107.6, 37.6, 81.85, 4.65, 15.05, 19.8, 27.15, 12.65, 40.9, 22.1, 6.3, 4.15, 13.0, 20.55, 40.05, 82.4, 8.95, 23.6, 18.55, 23.8, 10.95, 40.7, 23.5, 6.6, 5.0, 12.45, 21.9, 104.6, 101.35, 36.85, 80.75, 9.4, 24.05, 21.5, 26.6, 10.35, 40.85, 20.55, 6.9, 4.0, 12.9, 23.2, 36.4, 78.65, 7.0, 20.15, 21.55, 28.1, 9.7, 39.35, 20.25, 6.95, 3.6, 13.05, 22.55
82, 2014-04-16, Home, ATL, L, L, -3, O, 204.5, 0, 0, 99.45, 107.5, 37.5, 81.05, 4.7, 14.55, 19.75, 27.2, 12.15, 40.25, 21.95, 6.5, 4.0, 13.35, 20.5, 39.85, 82.25, 9.25, 24.2, 18.55, 23.95, 11.15, 40.9, 23.2, 6.95, 4.55, 12.65, 21.7, 99.0, 98.25, 36.15, 80.15, 9.1, 27.5, 17.6, 22.35, 8.1, 40.2, 23.7, 7.15, 3.6, 14.05, 20.1, 36.5, 80.8, 7.75, 22.4, 17.5, 24.0, 10.05, 43.05, 21.75, 9.1, 3.8, 14.0, 21.9
