6, 2013-11-12, Away, MIA, L, L, 13.5, O, 195, 0, 0, 94.0, 96.0, 34.6, 79.0, 8.2, 18.8, 16.6, 21.2, 9.6, 38.6, 20.6, 7.4, 4.4, 15.4, 22.2, 34.4, 77.6, 6.4, 19.8, 20.8, 27.2, 13.2, 46.4, 17.2, 8.8, 4.0, 16.8, 21.2, 103.8, 99.4, 37.8, 72.4, 7.6, 18.0, 20.6, 28.8, 6.8, 32.2, 28.0, 7.2, 4.4, 13.6, 22.0, 36.2, 76.8, 8.8, 22.4, 18.2, 24.2, 11.4, 39.6, 20.8, 5.8, 2.8, 16.4, 26.2
7, 2013-11-13, Away, ORL, L, W, 7, U, 194, 0, 1, 96.4, 101.6, 34.4, 80.0, 9.4, 21.6, 18.2, 23.0, 10.2, 39.2, 20.6, 7.4, 3.8, 14.4, 20.8, 36.4, 79.2, 8.2, 21.8, 20.6, 28.6, 13.0, 47.6, 19.6, 8.2, 4.2, 15.0, 21.4, 98.6, 98.2, 38.4, 84.2, 6.2, 17.6, 15.6, 21.8, 11.8, 46.8, 21.6, 6.8, 3.6, 17.0, 20.4, 39.6, 90.8, 4.0, 16.2, 15.0, 18.8, 12.0, 43.6, 25.2, 9.0, 6.2, 12.2, 20.0
8, 2013-11-15, Away, IND, L, L, 14, U, 183.5, 0, 0, 93.6, 100.8, 34.0, 78.0, 9.2, 21.2, 16.4, 20.6, 8.2, 38.8, 20.2, 7.2, 3.8, 16.6, 19.8, 36.6, 80.4, 9.2, 23.8, 18.4, 25.2, 12.0, 46.2, 21.0, 8.6, 4.4, 14.6, 19.0, 95.6, 85.0, 36.8, 78.6, 7.0, 18.6, 15.0, 19.6, 10.0, 44.4, 23.2, 6.8, 6.8, 14.6, 20.8, 31.4, 78.4, 5.6, 17.0, 16.6, 20.6, 10.6, 38.8, 16.6, 7.2, 4.6, 14.2, 21.4
9, 2013-11-16, Home, OKC, L, L, 10.5, U, 197.5, 0, 1, 91.0, 102.2, 32.6, 78.8, 9.6, 21.0, 16.2, 19.2, 10.4, 39.2, 18.0, 6.4, 4.8, 17.0, 19.4, 38.4, 80.6, 8.8, 22.4, 16.6, 21.8, 10.2, 43.0, 20.0, 8.4, 6.6, 13.8, 18.6, 110.0, 107.0, 39.4, 81.6, 6.4, 17.6, 24.8, 30.0, 12.8, 47.4, 23.6, 8.4, 5.6, 18.8, 21.0, 39.8, 88.8, 10.4, 26.8, 17.0, 23.0, 12.2, 40.0, 23.6, 10.8, 4.8, 15.0, 21.4
10, 2013-11-20, Home, POR, L, L, 5.5, U, 194.5, 0, 0, 85.0, 99.8, 31.4, 81.6, 8.6, 20.8, 13.6, 17.0, 11.4, 41.4, 16.6, 7.2, 5.2, 17.4, 20.0, 37.6, 80.0, 7.4, 20.2, 17.2, 22.8, 10.2, 45.4, 19.4, 7.8, 7.4, 14.2, 18.2, 106.8, 99.2, 40.4, 84.6, 9.8, 22.8, 16.2, 20.2, 11.8, 46.8, 20.6, 6.2, 3.6, 15.6, 19.8, 37.8, 87.4, 4.2, 15.4, 19.4, 23.8, 12.2, 41.6, 16.4, 8.8, 2.8, 12.0, 19.2
11, 2013-11-22, Away, PHI, L, L, 3, O, 202, 0, 0, 84.8, 99.8, 32.2, 81.4, 7.4, 19.0, 13.0, 16.2, 11.6, 41.4, 17.0, 7.0, 5.8, 17.2, 19.6, 38.0, 81.6, 8.4, 22.6, 15.4, 21.6, 11.0, 45.0, 21.2, 7.6, 7.4, 13.6, 17.4, 103.2, 114.0, 38.0, 89.4, 7.0, 20.8, 20.2, 28.2, 12.2, 46.0, 22.0, 8.6, 4.4, 15.6, 21.6, 40.8, 85.4, 12.2, 30.0, 20.2, 27.4, 9.6, 46.0, 27.8, 8.0, 11.4, 15.4, 23.6
12, 2013-11-23, Home, CHA, L, L, -2.5, U, 184.5, 1, 1, 87.2, 99.2, 33.8, 84.2, 6.8, 18.8, 12.8, 16.8, 12.0, 41.0, 20.0, 6.8, 6.4, 16.8, 21.2, 37.8, 81.6, 7.4, 22.0, 16.2, 22.6, 12.0, 47.0, 22.2, 7.4, 6.8, 16.2, 19.2, 86.8, 90.4, 32.4, 82.4, 6.2, 18.0, 15.8, 23.8, 12.4, 41.8, 20.4, 7.0, 5.4, 12.8, 20.8, 31.8, 72.0, 7.0, 16.8, 19.8, 26.8, 8.0, 43.8, 19.2, 6.4, 6.4, 16.8, 21.8
13, 2013-11-25, Away, DET, L, L, 7, O, 192.5, 1, 0, 83.4, 99.6, 33.2, 86.4, 6.8, 19.8, 10.2, 14.2, 12.8, 40.4, 21.0, 6.4, 5.4, 16.2, 21.6, 38.4, 80.6, 6.6, 19.6, 16.2, 23.8, 12.2, 48.4, 21.8, 7.8, 6.0, 16.0, 18.4, 94.8, 97.2, 37.2, 81.6, 5.8, 18.8, 14.6, 22.4, 12.2, 43.0, 19.8, 8.6, 4.4, 13.6, 17.2, 37.6, 79.8, 8.4, 22.6, 13.6, 18.2, 8.4, 38.4, 23.0, 9.4, 4.0, 15.6, 19.2
14, 2013-11-27, Home, WAS, L, L, 2.5, O, 190, 1, 0, 86.8, 101.4, 33.8, 83.4, 6.4, 20.4, 12.8, 17.2, 11.4, 40.2, 22.8, 6.8, 4.2, 16.8, 20.8, 39.0, 80.8, 8.0, 22.2, 15.4, 24.2, 11.4, 47.0, 24.6, 9.0, 4.0, 15.4, 19.2, 100.8, 97.4, 39.6, 83.6, 6.8, 18.2, 14.8, 17.2, 10.4, 42.2, 25.4, 8.2, 4.0, 12.2, 19.0, 37.2, 81.0, 9.6, 25.2, 13.4, 19.2, 11.6, 40.0, 23.4, 5.4, 4.0, 13.4, 20.0
15, 2013-11-29, Away, CHA, L, L, 4.5, U, 185.5, 0, 0, 89.4, 103.0, 35.2, 83.2, 6.8, 21.0, 12.2, 16.2, 10.8, 38.6, 24.4, 6.8, 3.2, 18.0, 20.6, 39.6, 79.2, 9.0, 24.0, 14.8, 23.2, 10.0, 43.6, 26.6, 10.4, 3.2, 17.0, 17.2, 88.4, 91.2, 33.0, 78.4, 3.8, 11.8, 18.6, 27.6, 12.4, 42.8, 16.4, 6.0, 4.2, 15.2, 20.6, 32.4, 77.2, 8.6, 21.0, 17.8, 25.0, 9.8, 42.2, 21.0, 7.4, 4.2, 15.8, 24.0
16, 2013-11-30, Home, BOS, W, W, 2.5, U, 185.5, 1, 1, 88.2, 103.2, 33.8, 84.0, 6.8, 21.6, 13.8, 17.8, 9.8, 37.8, 24.2, 7.6, 4.0, 16.0, 21.2, 39.6, 77.8, 7.4, 20.8, 16.6, 26.4, 10.0, 45.4, 25.4, 9.4, 3.0, 17.2, 17.8, 93.6, 91.2, 35.8, 77.2, 7.2, 18.0, 14.8, 20.0, 9.6, 42.0, 18.2, 5.6, 5.4, 16.2, 19.2, 35.0, 82.8, 4.2, 14.6, 17.0, 21.6, 11.6, 40.0, 19.2, 7.2, 3.4, 12.8, 18.6
17, 2013-12-03, Away, BOS, L, L, 7, O, 185.5, 0, 0, 85.2, 97.2, 32.8, 81.0, 6.8, 19.2, 12.8, 17.0, 10.0, 41.2, 23.0, 6.6, 4.8, 15.4, 19.8, 37.6, 78.8, 6.8, 20.6, 15.2, 23.6, 10.0, 43.6, 22.0, 9.2, 2.6, 14.0, 16.8, 94.2, 90.2, 35.8, 80.2, 7.0, 19.6, 15.6, 21.2, 10.6, 44.0, 19.4, 5.4, 5.6, 14.0, 20.2, 34.6, 82.2, 4.6, 14.6, 16.4, 22.0, 10.8, 41.6, 21.0, 5.4, 4.4, 12.4, 19.2
18, 2013-12-04, Home, DET, L, L, 4.5, O, 192.5, 1, 1, 90.8, 99.6, 34.2, 79.6, 7.4, 19.2, 15.0, 19.4, 9.4, 40.6, 23.0, 6.0, 5.6, 14.8, 19.0, 37.6, 78.8, 8.0, 22.6, 16.4, 23.6, 9.4, 41.2, 22.4, 8.8, 2.6, 13.6, 18.8, 103.2, 99.2, 40.6, 85.2, 6.4, 18.6, 15.6, 26.4, 13.6, 46.6, 22.4, 11.0, 4.0, 15.8, 20.8, 37.0, 80.4, 8.4, 23.6, 16.8, 22.0, 9.6, 39.6, 22.4, 10.4, 4.6, 18.0, 20.2
19, 2013-12-06, Away, WAS, W, W, 9.5, O, 192.5, 0, 0, 91.6, 98.0, 34.8, 83.2, 8.0, 20.8, 14.0, 18.6, 10.4, 41.4, 23.4, 7.0, 7.4, 14.6, 20.8, 35.6, 80.0, 7.0, 21.0, 19.8, 27.4, 12.6, 44.8, 21.0, 8.0, 4.6, 14.6, 18.2, 99.0, 95.4, 36.6, 77.0, 8.6, 20.4, 17.2, 23.2, 6.8, 38.6, 22.6, 10.2, 4.6, 15.8, 15.4, 37.0, 82.2, 8.4, 21.4, 13.0, 15.6, 10.4, 41.4, 23.2, 7.8, 3.4, 17.2, 19.2
20, 2013-12-07, Home, BRK, L, L, 2.5, U, 191.5, 0, 1, 95.0, 99.0, 35.8, 84.6, 7.2, 19.8, 16.2, 21.8, 10.6, 42.2, 23.0, 6.8, 7.8, 13.2, 21.8, 34.8, 81.8, 6.6, 21.2, 22.8, 31.2, 14.2, 47.2, 20.0, 7.6, 6.2, 13.6, 21.6, 91.2, 105.0, 32.2, 78.6, 6.4, 20.4, 20.4, 28.0, 12.0, 39.8, 18.4, 6.4, 4.8, 12.4, 18.2, 39.2, 79.6, 12.4, 24.4, 14.2, 18.6, 9.6, 41.6, 23.8, 7.6, 6.4, 12.2, 22.6
21, 2013-12-10, Away, CHI, W, W, 6, U, 180, 0, 0, 96.2, 98.6, 36.2, 82.4, 7.6, 20.4, 16.2, 22.2, 10.8, 41.8, 23.6, 5.4, 6.6, 13.6, 21.2, 34.6, 80.8, 7.0, 21.8, 22.4, 29.6, 13.2, 44.6, 19.2, 7.8, 6.6, 11.8, 22.4, 100.4, 97.2, 39.2, 85.2, 6.6, 18.4, 15.4, 21.6, 11.4, 44.8, 26.0, 5.8, 4.2, 13.8, 18.2, 37.4, 85.0, 7.6, 18.2, 14.8, 20.8, 12.6, 42.2, 17.6, 8.4, 6.0, 12.6, 23.2
22, 2013-12-11, Home, SAS, L, L, 11, U, 191.5, 1, 1, 93.4, 96.4, 35.0, 81.8, 6.4, 19.2, 17.0, 22.2, 11.0, 39.8, 20.8, 6.0, 7.2, 14.0, 21.2, 33.8, 80.6, 6.8, 21.0, 22.0, 29.4, 13.8, 44.8, 20.0, 7.8, 7.8, 13.4, 22.8, 106.6, 103.4, 42.8, 83.6, 9.8, 22.0, 11.2, 13.8, 7.6, 38.8, 26.4, 7.6, 5.0, 15.2, 16.0, 38.4, 83.6, 10.4, 24.4, 16.2, 19.4, 9.0, 40.0, 22.2, 9.0, 3.4, 14.4, 16.8
23, 2013-12-13, Home, CHI, L, W, 4, O, 177, 0, 0, 88.8, 96.6, 33.4, 83.0, 5.2, 18.6, 16.8, 22.6, 12.6, 40.6, 19.8, 6.6, 6.8, 14.0, 21.4, 35.4, 82.8, 5.4, 19.6, 20.4, 27.4, 15.0, 47.2, 21.0, 8.0, 7.4, 14.0, 22.4, 92.4, 94.2, 34.0, 84.0, 6.0, 19.2, 18.4, 24.8, 13.8, 47.6, 21.6, 6.2, 6.2, 16.8, 19.2, 35.4, 84.2, 7.2, 18.8, 16.2, 21.0, 12.6, 42.0, 17.4, 9.8, 7.4, 13.2, 23.2
24, 2013-12-14, Away, DAL, L, L, 11, O, 193, 0, 1, 87.2, 93.8, 32.8, 79.6, 4.2, 15.2, 17.4, 23.2, 12.2, 39.6, 18.4, 5.8, 5.8, 13.4, 19.4, 35.6, 81.8, 5.4, 20.2, 17.2, 22.8, 14.2, 45.0, 22.0, 8.2, 6.4, 14.0, 22.6, 97.4, 98.4, 38.0, 87.6, 8.0, 22.2, 13.4, 16.8, 7.8, 40.2, 22.6, 8.2, 4.4, 11.0, 19.0, 36.4, 85.2, 8.0, 24.4, 17.6, 22.6, 14.0, 51.8, 19.4, 6.0, 3.8, 16.2, 17.8
25, 2013-12-18, Home, NYK, L, L, 4.5, O, 185.5, 0, 0, 84.0, 94.0, 31.6, 77.4, 4.0, 14.6, 16.8, 21.8, 11.4, 38.4, 16.6, 6.2, 6.0, 13.6, 17.4, 37.4, 82.8, 5.8, 19.6, 13.4, 18.2, 14.0, 44.8, 22.6, 7.6, 5.0, 14.4, 21.0, 95.0, 97.0, 36.0, 81.8, 7.8, 24.0, 15.2, 18.4, 10.4, 35.0, 20.8, 10.0, 4.0, 10.4, 19.0, 35.6, 70.4, 9.6, 22.2, 16.2, 20.8, 8.6, 40.6, 19.4, 5.2, 3.4, 19.0, 20.0
26, 2013-12-20, Away, CLE, L, W, 8, O, 192, 0, 0, 87.8, 97.4, 32.4, 79.2, 4.2, 15.0, 18.8, 24.4, 12.4, 42.0, 15.2, 6.4, 6.4, 15.4, 18.6, 38.2, 88.2, 8.2, 24.2, 12.8, 17.4, 14.6, 46.8, 24.6, 8.6, 5.0, 15.2, 23.0, 105.8, 101.8, 40.4, 86.0, 8.0, 20.0, 17.0, 22.6, 11.4, 45.0, 21.0, 6.0, 1.8, 11.6, 17.4, 37.6, 85.4, 10.2, 30.0, 16.4, 20.4, 10.8, 43.4, 24.6, 6.4, 6.2, 13.2, 19.6
27, 2013-12-21, Home, PHI, W, W, -2.5, O, 203, 1, 1, 94.4, 105.4, 34.4, 84.2, 5.8, 18.6, 19.8, 25.4, 12.8, 44.6, 16.8, 6.4, 5.6, 14.6, 20.0, 39.8, 91.6, 9.8, 26.8, 16.0, 20.0, 15.6, 49.6, 24.0, 8.2, 5.8, 14.0, 22.8, 103.8, 120.6, 40.6, 87.0, 8.8, 23.4, 13.8, 19.2, 9.2, 40.0, 24.8, 9.0, 3.8, 18.6, 20.6, 43.4, 86.8, 14.8, 30.0, 19.0, 25.8, 10.2, 43.2, 31.8, 9.2, 4.4, 16.4, 17.6
28, 2013-12-23, Away, CHA, L, W, 6.5, O, 187, 0, 0, 102.2, 104.8, 37.2, 83.8, 6.8, 20.6, 21.0, 25.8, 11.4, 45.8, 18.2, 6.8, 6.6, 14.8, 20.4, 38.2, 92.6, 11.0, 28.0, 17.4, 21.0, 15.6, 48.0, 24.0, 7.8, 5.6, 14.4, 23.0, 97.0, 94.2, 38.2, 83.0, 4.6, 13.4, 16.0, 22.0, 9.6, 44.2, 20.2, 7.8, 7.0, 14.2, 20.0, 35.0, 85.2, 7.8, 21.0, 16.4, 21.2, 12.6, 44.0, 19.2, 7.6, 5.8, 13.8, 19.4
29, 2013-12-27, Away, BRK, L, L, 4.5, O, 195.5, 0, 0, 106.2, 108.8, 39.0, 88.4, 8.0, 24.2, 20.2, 24.2, 11.2, 48.4, 20.4, 7.2, 6.6, 14.4, 21.2, 40.0, 96.2, 11.6, 26.6, 17.2, 21.2, 14.0, 47.8, 24.8, 6.6, 5.8, 13.0, 22.0, 104.2, 105.2, 36.4, 76.8, 11.2, 26.4, 20.2, 27.2, 7.2, 36.8, 26.2, 8.2, 4.2, 16.8, 20.0, 40.0, 87.0, 8.6, 24.8, 16.6, 20.8, 11.6, 46.0, 22.4, 10.6, 2.8, 16.8, 21.8
30, 2013-12-28, Home, MIN, L, L, 7.5, O, 203.5, 1, 1, 106.2, 108.4, 38.4, 89.8, 8.8, 27.2, 20.6, 25.4, 12.0, 48.6, 21.4, 7.0, 7.2, 13.0, 23.4, 38.4, 94.4, 12.0, 27.0, 19.6, 24.0, 13.4, 48.6, 24.2, 5.8, 6.0, 11.8, 23.0, 108.8, 106.4, 40.6, 93.4, 6.2, 21.4, 21.4, 28.4, 17.2, 50.2, 23.4, 7.6, 1.6, 11.2, 18.0, 40.8, 87.6, 8.6, 26.0, 16.2, 20.2, 11.2, 43.6, 21.4, 6.4, 3.6, 13.8, 23.8
31, 2013-12-31, Away, LAL, W, W, 6, U, 202.5, 0, 0, 105.0, 110.4, 39.6, 91.2, 8.2, 27.2, 17.6, 21.8, 12.6, 46.4, 23.8, 8.6, 7.4, 13.0, 22.4, 39.4, 92.2, 10.8, 23.6, 20.8, 26.0, 14.4, 48.8, 25.6, 6.4, 5.2, 13.0, 19.8, 95.0, 107.2, 32.0, 80.8, 8.6, 27.2, 22.4, 30.6, 11.6, 45.6, 14.8, 6.6, 4.8, 17.2, 19.0, 40.0, 90.2, 10.0, 27.4, 17.2, 22.8, 12.8, 50.4, 24.2, 10.0, 4.6, 13.6, 21.6
32, 2014-01-02, Away, UTA, L, L, 5.5, U, 189, 0, 0, 101.6, 103.4, 39.6, 89.4, 7.4, 26.0, 15.0, 19.6, 13.0, 46.2, 22.8, 9.2, 6.8, 12.2, 21.0, 37.4, 88.4, 10.0, 22.8, 18.6, 24.2, 12.6, 45.4, 25.6, 5.8, 4.8, 13.2, 19.4, 92.0, 94.0, 34.6, 80.4, 9.0, 21.6, 13.8, 16.6, 9.8, 43.2, 21.8, 7.4, 5.2, 13.4, 19.2, 36.2, 81.4, 6.0, 16.6, 15.6, 21.2, 10.4, 42.6, 17.8, 7.6, 5.4, 11.0, 15.8
33, 2014-01-04, Away, PHO, L, L, 8, O, 196.5, 0, 0, 95.8, 101.4, 38.2, 88.2, 6.8, 25.4, 12.6, 17.4, 12.4, 44.4, 22.4, 9.0, 5.8, 12.2, 20.8, 37.0, 86.0, 9.4, 21.4, 18.0, 23.2, 11.0, 45.2, 23.6, 6.6, 5.8, 12.0, 18.0, 103.2, 98.6, 39.2, 89.8, 9.4, 29.8, 15.4, 21.8, 13.4, 49.0, 20.8, 10.2, 7.2, 15.8, 19.8, 37.4, 87.6, 7.0, 20.6, 16.8, 24.6, 14.2, 50.2, 20.0, 8.0, 3.6, 17.4, 21.4
34, 2014-01-07, Home, GSW, L, L, 10, U, 200.5, 0, 0, 93.8, 102.4, 37.2, 82.4, 6.8, 24.0, 12.6, 18.0, 11.0, 41.4, 20.2, 8.0, 5.0, 14.8, 20.2, 36.6, 83.2, 9.8, 23.4, 19.4, 24.2, 11.0, 43.8, 21.6, 8.8, 4.8, 12.6, 18.8, 107.6, 99.0, 42.2, 86.8, 9.2, 27.6, 14.0, 18.6, 10.2, 48.0, 26.8, 8.6, 7.2, 17.0, 19.4, 37.2, 85.0, 7.8, 20.8, 16.8, 20.0, 7.4, 39.0, 21.2, 9.6, 4.2, 14.2, 17.2
35, 2014-01-10, Home, CHI, L, L, 4, U, 177.5, 0, 0, 91.2, 101.8, 36.8, 80.8, 6.0, 20.6, 11.6, 16.6, 10.6, 40.0, 20.2, 8.2, 4.2, 15.2, 18.8, 37.6, 84.4, 9.4, 24.6, 17.2, 21.8, 12.4, 45.2, 21.4, 8.8, 4.8, 14.0, 18.6, 90.2, 85.8, 32.4, 78.8, 4.4, 14.0, 21.0, 27.6, 12.8, 45.0, 20.8, 8.6, 7.4, 15.0, 18.8, 32.2, 79.2, 4.0, 16.4, 17.4, 23.0, 11.6, 42.6, 16.6, 8.2, 7.2, 16.2, 23.2
36, 2014-01-11, Away, OKC, L, L, 15, U, 195.5, 0, 1, 86.6, 94.6, 34.4, 80.6, 6.4, 20.4, 11.4, 15.6, 10.6, 41.0, 18.2, 7.0, 3.8, 13.6, 20.6, 33.8, 78.8, 8.4, 23.0, 18.6, 23.8, 10.2, 43.6, 18.4, 7.0, 5.4, 12.6, 19.4, 103.2, 103.0, 36.4, 81.6, 7.6, 24.6, 22.8, 27.2, 10.2, 41.4, 19.8, 9.4, 6.2, 14.8, 23.0, 37.2, 80.4, 9.8, 23.2, 18.8, 26.6, 9.0, 40.8, 22.0, 8.6, 3.8, 15.6, 23.2
37, 2014-01-13, Away, TOR, L, L, 10.5, O, 187.5, 0, 0, 84.8, 99.0, 32.8, 78.6, 7.6, 22.0, 11.6, 15.6, 10.0, 38.8, 19.2, 6.4, 3.8, 15.2, 22.0, 35.0, 79.8, 9.0, 23.2, 20.0, 25.6, 12.6, 47.4, 19.6, 7.8, 4.8, 13.4, 18.6, 97.0, 89.4, 35.2, 80.4, 9.0, 23.8, 17.6, 22.8, 10.0, 41.4, 22.4, 6.6, 6.2, 11.6, 23.8, 33.6, 79.8, 4.0, 15.0, 18.2, 24.6, 12.2, 44.6, 17.4, 6.8, 5.4, 14.2, 21.8
38, 2014-01-15, Home, MEM, L, W, 6, U, 185.5, 1, 0, 86.2, 103.0, 32.6, 80.0, 8.6, 21.4, 12.4, 17.2, 11.8, 40.0, 19.6, 6.4, 4.4, 15.8, 22.4, 35.8, 79.4, 10.0, 24.6, 21.4, 28.2, 14.0, 48.0, 21.8, 7.6, 4.2, 14.0, 20.2, 104.4, 96.2, 41.2, 88.0, 6.0, 15.2, 16.0, 21.4, 12.8, 47.0, 24.4, 6.6, 5.4, 10.6, 17.6, 37.4, 84.4, 7.2, 23.8, 14.2, 21.0, 11.2, 42.8, 20.6, 6.2, 4.6, 13.6, 20.4
39, 2014-01-18, Away, HOU, L, W, 13.5, O, 199.5, 0, 0, 81.6, 96.2, 31.4, 82.8, 7.8, 21.2, 11.0, 15.6, 13.8, 43.0, 20.4, 6.8, 4.6, 13.8, 22.2, 34.2, 78.8, 8.6, 23.2, 19.2, 26.8, 14.4, 49.4, 21.8, 6.4, 5.8, 13.6, 19.4, 98.6, 97.2, 34.8, 75.2, 7.6, 20.6, 21.4, 32.0, 9.4, 42.6, 19.8, 5.8, 7.0, 15.2, 21.4, 36.6, 88.2, 6.2, 22.6, 17.8, 22.0, 13.4, 45.6, 20.6, 9.2, 6.2, 13.2, 27.0
40, 2014-01-19, Away, SAS, L, L, 15, U, 197, 0, 1, 86.4, 98.8, 33.2, 82.8, 9.0, 22.8, 11.0, 16.2, 14.0, 43.8, 21.0, 6.4, 5.8, 15.4, 23.2, 34.6, 78.8, 8.0, 22.2, 21.6, 30.2, 13.8, 47.4, 21.6, 7.6, 5.8, 12.4, 18.8, 105.2, 97.0, 39.6, 76.2, 7.6, 16.2, 18.4, 21.8, 6.4, 43.4, 25.0, 6.2, 5.8, 14.4, 16.6, 39.0, 89.6, 6.2, 14.2, 12.8, 16.4, 10.6, 40.6, 20.0, 8.4, 3.6, 9.4, 19.6
41, 2014-01-22, Home, DET, W, W, 4.5, O, 196, 0, 0, 88.4, 104.6, 34.2, 82.8, 8.8, 22.8, 11.2, 17.2, 12.8, 41.6, 21.8, 7.2, 6.2, 14.6, 21.0, 38.4, 81.6, 9.0, 22.6, 18.8, 26.6, 13.6, 49.6, 23.6, 7.8, 6.4, 13.2, 18.2, 104.0, 106.4, 39.2, 84.4, 5.2, 19.6, 20.4, 30.2, 14.4, 45.4, 21.0, 8.6, 6.2, 14.8, 21.8, 39.6, 83.2, 9.4, 24.6, 17.8, 26.0, 12.0, 41.8, 24.6, 8.2, 3.8, 16.6, 21.8
42, 2014-01-24, Away, CLE, L, L, 8, U, 194.5, 0, 0, 92.2, 104.6, 36.0, 83.4, 8.0, 22.0, 12.2, 18.8, 12.6, 42.6, 23.2, 8.0, 6.8, 15.2, 21.2, 38.6, 81.2, 7.8, 20.6, 19.6, 28.0, 11.2, 46.0, 23.0, 8.8, 5.8, 12.6, 18.0, 103.4, 107.0, 37.6, 86.8, 7.4, 19.6, 20.8, 27.2, 15.0, 45.2, 21.8, 7.4, 2.6, 10.6, 20.8, 40.2, 83.4, 10.4, 27.8, 16.2, 21.0, 9.0, 41.2, 27.2, 5.6, 5.8, 11.8, 21.0
43, 2014-01-25, Home, ATL, L, L, 2.5, O, 196, 1, 1, 89.0, 100.0, 35.0, 81.6, 7.6, 23.0, 11.4, 17.2, 11.2, 41.4, 22.6, 7.6, 7.2, 15.0, 21.0, 38.0, 83.0, 6.2, 18.8, 17.8, 26.6, 12.2, 47.2, 23.4, 8.8, 6.2, 12.2, 17.0, 104.6, 112.6, 38.0, 80.2, 8.0, 24.2, 20.6, 24.8, 8.0, 36.4, 25.6, 10.2, 4.6, 15.4, 16.8, 43.2, 83.8, 10.8, 21.0, 15.4, 19.2, 9.8, 40.8, 28.4, 8.6, 3.8, 16.2, 21.6
44, 2014-01-27, Home, LAC, L, L, 10, U, 203.5, 0, 0, 91.0, 106.0, 36.4, 81.6, 7.4, 23.2, 10.8, 17.4, 10.8, 39.0, 22.8, 7.8, 7.2, 15.8, 22.4, 39.4, 81.8, 7.8, 20.0, 19.4, 28.0, 10.8, 45.6, 24.6, 9.4, 4.6, 13.0, 17.4, 106.6, 103.4, 39.8, 81.0, 9.0, 22.0, 18.0, 24.2, 10.4, 39.6, 22.8, 5.8, 3.6, 11.2, 19.2, 38.6, 82.6, 7.2, 19.2, 19.0, 24.0, 12.6, 41.4, 21.4, 6.0, 4.2, 11.2, 21.8
45, 2014-01-29, Home, PHO, L, L, 8.5, O, 201.5, 0, 0, 87.4, 106.0, 35.2, 83.4, 6.0, 23.0, 11.0, 17.6, 12.0, 39.2, 23.0, 7.8, 6.0, 14.2, 20.6, 39.8, 80.6, 9.2, 20.2, 17.2, 24.4, 10.4, 45.8, 26.4, 9.0, 4.4, 14.2, 18.6, 111.8, 101.4, 40.4, 81.4, 8.8, 20.8, 22.2, 29.2, 11.4, 41.0, 21.0, 8.0, 4.4, 14.2, 23.2, 37.4, 83.2, 6.6, 19.0, 20.0, 26.2, 13.4, 41.0, 20.0, 8.2, 3.4, 16.4, 25.0
46, 2014-01-31, Away, ORL, L, L, 6, O, 195, 0, 0, 94.4, 109.2, 36.2, 83.6, 6.2, 22.6, 15.8, 21.4, 12.2, 39.0, 23.6, 6.4, 5.4, 14.4, 22.0, 39.6, 81.0, 9.4, 21.2, 20.6, 26.6, 10.6, 42.0, 26.4, 9.4, 3.6, 14.2, 21.2, 97.0, 103.6, 35.2, 80.4, 6.4, 16.6, 20.2, 25.6, 7.2, 39.0, 19.8, 8.8, 2.6, 13.2, 19.6, 39.0, 85.4, 9.2, 22.0, 16.4, 21.8, 12.2, 48.0, 24.6, 7.8, 6.4, 14.2, 19.8
47, 2014-02-01, Away, MEM, L, W, 12.5, O, 180.5, 1, 1, 94.0, 111.6, 35.8, 84.2, 6.6, 21.4, 15.8, 21.8, 12.2, 38.6, 22.4, 5.8, 5.4, 13.8, 21.2, 41.0, 80.8, 10.0, 21.4, 19.6, 24.8, 10.0, 42.8, 27.6, 9.2, 3.6, 14.4, 22.6, 95.6, 85.6, 39.8, 80.8, 5.0, 13.0, 11.0, 15.6, 10.8, 41.8, 22.2, 8.6, 4.0, 12.0, 17.0, 33.8, 82.0, 7.6, 26.6, 10.4, 13.6, 10.2, 37.8, 18.2, 4.8, 3.4, 13.8, 15.6
48, 2014-02-03, Home, NYK, W, W, 8.5, O, 195, 0, 0, 96.4, 112.8, 35.8, 84.6, 7.0, 21.2, 17.8, 24.0, 12.8, 39.4, 21.4, 6.2, 4.2, 13.4, 21.4, 41.2, 79.0, 10.4, 20.6, 20.0, 24.6, 8.4, 42.0, 26.4, 8.2, 3.8, 14.4, 23.0, 111.4, 95.8, 42.6, 81.0, 11.6, 25.0, 14.6, 20.6, 11.4, 42.0, 20.8, 6.4, 6.2, 12.6, 19.6, 36.0, 79.2, 8.6, 23.0, 15.2, 20.4, 8.8, 35.2, 18.4, 7.0, 2.6, 12.8, 19.6
49, 2014-02-05, Away, DEN, L, W, 11.5, U, 210.5, 0, 0, 99.2, 110.0, 35.4, 84.4, 8.2, 20.6, 20.2, 25.6, 12.6, 40.4, 20.8, 5.6, 3.4, 11.8, 21.0, 40.0, 79.4, 10.8, 22.2, 19.2, 24.4, 9.2, 43.0, 24.6, 7.0, 3.8, 13.6, 23.2, 107.6, 105.8, 39.4, 85.4, 8.0, 22.4, 20.8, 29.6, 9.8, 45.4, 23.8, 8.4, 5.0, 15.6, 23.2, 38.2, 83.2, 5.6, 16.8, 23.8, 31.4, 8.8, 44.4, 23.2, 8.4, 4.4, 14.6, 23.8
50, 2014-02-08, Home, HOU, L, W, 11, U, 205, 0, 0, 102.0, 109.2, 35.8, 85.6, 8.8, 19.4, 21.6, 27.4, 13.0, 42.0, 20.4, 6.2, 3.8, 12.6, 22.2, 39.2, 80.4, 10.0, 21.2, 20.8, 25.8, 10.0, 43.2, 23.2, 6.2, 5.6, 14.0, 23.2, 104.6, 100.8, 36.8, 76.2, 8.2, 22.6, 22.8, 33.2, 10.8, 43.0, 19.4, 6.6, 4.4, 15.4, 19.2, 39.2, 86.6, 6.8, 24.2, 15.6, 20.4, 12.2, 40.4, 22.0, 6.6, 5.0, 13.0, 26.8
51, 2014-02-10, Home, BOS, L, L, -1, U, 188.5, 1, 0, 97.6, 104.2, 36.2, 85.8, 8.6, 18.6, 16.6, 22.4, 13.6, 44.2, 21.2, 6.8, 4.4, 14.4, 20.8, 39.2, 81.8, 9.2, 21.4, 16.6, 22.0, 9.6, 43.6, 22.2, 6.8, 5.8, 13.6, 20.4, 98.8, 96.6, 37.4, 86.6, 7.8, 20.2, 16.2, 21.0, 13.2, 49.2, 24.4, 7.4, 5.4, 13.8, 19.6, 36.0, 85.8, 6.8, 18.8, 17.8, 22.2, 11.6, 44.2, 21.8, 6.6, 4.2, 11.6, 17.6
52, 2014-02-12, Home, NOP, L, W, 7.5, O, 194.5, 0, 0, 94.4, 102.0, 34.6, 82.8, 7.8, 17.6, 17.4, 22.6, 12.8, 42.8, 20.0, 6.2, 3.8, 15.2, 20.6, 39.0, 82.8, 9.2, 22.2, 14.8, 19.8, 11.2, 43.4, 21.8, 6.4, 6.2, 13.6, 20.4, 96.0, 98.8, 36.8, 81.2, 6.2, 14.6, 16.2, 22.2, 10.4, 42.0, 19.0, 7.8, 5.4, 12.8, 23.6, 35.0, 76.4, 7.8, 23.6, 21.0, 27.6, 7.2, 39.4, 21.0, 8.0, 6.6, 12.8, 18.0
53, 2014-02-18, Home, ORL, W, W, 3, O, 195.5, 0, 0, 96.0, 102.6, 36.4, 83.6, 7.2, 16.2, 16.0, 21.4, 12.2, 42.0, 22.6, 5.2, 3.8, 14.8, 19.6, 39.6, 82.8, 9.2, 22.8, 14.2, 18.8, 10.6, 41.4, 22.0, 7.4, 6.0, 13.2, 20.2, 93.6, 95.2, 36.6, 83.6, 5.4, 14.2, 15.0, 18.4, 11.4, 41.6, 21.2, 7.4, 4.8, 11.8, 16.0, 37.0, 80.8, 7.4, 20.6, 13.8, 19.2, 8.6, 39.8, 20.2, 6.2, 6.2, 12.6, 17.4
54, 2014-02-20, Home, DEN, L, L, 5, U, 202.5, 0, 0, 96.6, 103.0, 36.2, 83.8, 7.4, 17.8, 16.8, 23.2, 12.2, 41.8, 23.6, 6.2, 4.4, 14.6, 17.8, 40.8, 83.2, 8.4, 21.0, 13.0, 17.2, 10.4, 40.8, 23.8, 8.2, 7.2, 14.2, 21.0, 95.2, 118.2, 34.4, 87.2, 8.4, 27.4, 18.0, 26.2, 14.2, 43.8, 17.8, 6.8, 3.8, 17.4, 22.4, 44.8, 88.4, 9.2, 23.8, 19.4, 25.0, 11.2, 47.0, 24.8, 11.6, 4.6, 14.4, 21.6
55, 2014-02-22, Home, IND, L, W, 12, O, 189, 0, 0, 94.6, 101.2, 36.0, 81.2, 6.8, 18.8, 15.8, 21.0, 10.8, 39.2, 22.2, 5.2, 4.6, 14.0, 17.6, 40.8, 81.6, 8.0, 20.0, 11.6, 17.2, 9.8, 39.4, 23.8, 8.4, 6.0, 13.4, 20.0, 96.6, 91.2, 36.4, 81.8, 7.4, 21.8, 16.4, 21.0, 9.0, 45.8, 19.6, 7.6, 6.0, 15.8, 20.8, 33.8, 83.2, 6.8, 20.6, 16.8, 24.6, 10.8, 44.0, 20.6, 7.8, 4.0, 14.8, 20.0
56, 2014-02-24, Away, PHI, W, W, -3, O, 210.5, 0, 0, 95.6, 103.0, 35.0, 79.8, 7.4, 21.2, 18.2, 25.2, 11.0, 40.2, 21.0, 4.8, 4.0, 12.8, 20.4, 39.6, 80.6, 8.2, 18.8, 15.6, 22.6, 10.6, 39.8, 23.0, 7.4, 6.2, 12.6, 21.6, 91.0, 117.8, 34.0, 90.2, 4.6, 22.2, 18.4, 24.8, 13.2, 40.0, 17.6, 11.0, 2.6, 16.4, 21.2, 43.6, 85.6, 7.8, 22.8, 22.8, 27.4, 12.8, 54.6, 27.8, 9.4, 7.2, 19.0, 20.8
57, 2014-02-27, Away, IND, L, W, 15.5, O, 196, 0, 0, 104.4, 104.6, 38.4, 82.2, 8.6, 22.0, 19.0, 26.0, 13.4, 42.4, 24.0, 5.2, 4.4, 13.6, 20.8, 39.8, 80.6, 8.4, 19.6, 16.6, 24.4, 10.0, 36.8, 23.6, 9.0, 6.0, 13.0, 21.6, 100.0, 96.2, 36.8, 86.2, 7.2, 20.6, 19.2, 25.0, 11.2, 46.8, 20.4, 8.6, 6.4, 15.2, 22.0, 36.2, 83.4, 8.0, 23.0, 15.8, 24.6, 10.4, 45.8, 23.0, 8.4, 6.6, 15.6, 23.2
58, 2014-03-01, Home, BRK, L, L, 6, O, 198.5, 0, 0, 104.0, 104.4, 38.2, 83.6, 9.8, 23.6, 17.8, 24.4, 13.8, 42.6, 22.2, 6.0, 4.6, 13.8, 22.0, 39.2, 79.6, 8.4, 20.0, 17.6, 25.4, 10.4, 38.6, 23.4, 8.6, 5.6, 14.8, 20.8, 98.2, 101.4, 36.0, 79.8, 7.4, 24.4, 18.8, 24.4, 7.8, 37.0, 20.6, 9.4, 2.8, 13.4, 18.6, 37.8, 82.0, 8.2, 22.8, 17.6, 22.8, 12.6, 46.4, 21.2, 7.4, 4.4, 16.0, 19.8
59, 2014-03-03, Home, UTA, W, W, -1, O, 196, 1, 0, 102.8, 105.8, 38.0, 82.0, 8.4, 20.8, 18.4, 24.6, 13.8, 42.6, 20.6, 5.6, 4.6, 15.4, 22.8, 38.6, 80.2, 8.2, 20.0, 20.4, 28.4, 12.0, 39.4, 22.8, 9.8, 4.4, 14.2, 19.8, 98.6, 99.6, 37.4, 78.2, 7.6, 19.4, 16.2, 22.6, 8.0, 38.2, 20.6, 6.2, 6.2, 12.2, 22.6, 37.6, 83.6, 6.0, 17.2, 18.4, 24.6, 13.2, 43.6, 21.2, 5.8, 4.4, 11.6, 19.0
60, 2014-03-05, Home, SAC, L, L, 3.5, O, 205.5, 0, 0, 107.6, 103.2, 39.4, 80.4, 9.2, 19.2, 19.6, 25.8, 14.0, 44.4, 23.2, 6.2, 4.2, 15.6, 23.6, 37.0, 80.8, 7.8, 20.6, 21.4, 28.4, 13.2, 39.0, 22.0, 9.6, 4.2, 13.8, 20.0, 105.4, 109.4, 37.8, 82.2, 4.6, 15.0, 25.2, 32.2, 12.8, 44.0, 19.4, 8.8, 4.8, 16.2, 23.4, 38.2, 79.2, 11.2, 24.4, 21.8, 29.0, 7.4, 37.2, 24.4, 7.2, 6.6, 14.8, 27.4
61, 2014-03-07, Away, NOP, L, L, 7.5, O, 200, 0, 0, 108.0, 104.4, 39.6, 80.2, 8.6, 17.2, 20.2, 25.2, 13.2, 41.4, 24.2, 6.0, 4.0, 14.8, 22.0, 38.4, 81.4, 6.8, 19.8, 20.8, 26.8, 13.6, 40.2, 22.4, 9.8, 3.6, 13.8, 20.0, 98.0, 110.6, 36.8, 77.2, 6.0, 18.4, 18.4, 24.6, 9.0, 37.0, 19.6, 6.8, 4.0, 14.8, 25.4, 39.4, 77.4, 8.0, 19.8, 23.8, 30.6, 10.4, 38.2, 22.8, 8.6, 5.2, 13.2, 20.4
62, 2014-03-08, Home, WAS, L, W, 8, O, 203.5, 0, 1, 102.8, 104.8, 38.0, 81.2, 7.2, 17.2, 19.6, 24.4, 12.4, 41.0, 22.6, 5.2, 4.0, 12.0, 22.2, 38.2, 80.6, 6.8, 19.0, 21.6, 26.8, 13.6, 43.0, 23.0, 7.4, 4.4, 12.2, 20.8, 115.8, 107.8, 44.2, 87.8, 8.4, 19.6, 19.0, 24.8, 11.0, 42.4, 25.0, 8.6, 3.8, 13.4, 22.8, 40.8, 85.4, 7.8, 22.6, 18.4, 25.0, 10.8, 42.2, 24.2, 7.6, 4.4, 16.4, 24.2
63, 2014-03-10, Home, ORL, W, W, 1, U, 203.5, 0, 0, 105.0, 107.4, 38.2, 81.2, 5.6, 15.6, 23.0, 27.8, 13.8, 42.4, 21.6, 5.6, 4.0, 12.4, 21.8, 39.2, 81.8, 8.6, 21.6, 20.4, 27.0, 13.4, 40.6, 23.6, 7.2, 5.2, 11.6, 22.0, 98.4, 101.0, 38.8, 88.0, 4.8, 16.2, 16.0, 20.2, 11.4, 44.0, 21.0, 9.8, 5.4, 12.2, 22.4, 38.0, 82.0, 6.2, 20.8, 18.8, 25.8, 10.6, 43.8, 19.8, 6.6, 5.8, 15.6, 18.0
64, 2014-03-11, Away, MIN, L, W, 15, U, 214.5, 0, 1, 106.4, 105.6, 39.0, 83.2, 6.2, 18.6, 22.2, 26.6, 13.4, 42.2, 23.2, 5.4, 4.0, 11.0, 19.8, 40.2, 82.8, 8.4, 21.2, 16.8, 22.4, 12.8, 41.0, 23.6, 5.6, 5.2, 12.8, 22.6, 112.8, 111.0, 39.2, 87.4, 5.8, 20.4, 28.6, 35.8, 14.4, 45.0, 22.8, 7.4, 2.0, 12.0, 21.6, 41.8, 87.4, 9.6, 23.8, 17.8, 25.2, 12.6, 46.0, 21.6, 6.6, 5.2, 16.0, 27.8
65, 2014-03-13, Away, ATL, L, W, 8.5, U, 208.5, 0, 0, 103.8, 110.4, 38.4, 83.2, 5.6, 19.0, 21.4, 27.2, 12.0, 41.0, 23.4, 4.6, 4.2, 11.4, 19.8, 42.2, 84.0, 8.8, 21.0, 17.2, 23.2, 11.4, 40.0, 25.0, 6.4, 5.0, 11.6, 23.2, 103.0, 112.2, 37.6, 82.4, 10.2, 29.8, 17.6, 22.2, 8.0, 33.8, 25.8, 8.0, 3.2, 12.8, 19.4, 40.8, 80.0, 10.2, 23.0, 20.4, 24.6, 9.8, 43.6, 25.0, 8.2, 3.2, 16.0, 21.2
66, 2014-03-15, Away, NYK, L, L, 10.5, O, 204.5, 0, 0, 102.8, 107.6, 38.6, 84.6, 5.0, 19.4, 20.6, 26.6, 13.0, 42.2, 23.2, 6.6, 4.4, 11.4, 19.2, 40.8, 82.2, 10.6, 24.0, 15.4, 20.8, 10.4, 39.0, 25.4, 5.6, 5.6, 13.2, 23.0, 114.4, 97.2, 42.6, 84.8, 12.2, 28.0, 17.0, 23.6, 11.0, 41.0, 22.8, 9.6, 6.6, 10.6, 20.8, 36.4, 83.0, 7.2, 23.0, 17.2, 22.0, 13.6, 42.2, 19.0, 5.8, 2.4, 14.4, 19.0
67, 2014-03-16, Home, CHA, L, L, 6, U, 195, 0, 1, 100.8, 108.2, 37.6, 83.0, 4.8, 17.4, 20.8, 27.0, 12.8, 39.6, 21.8, 7.2, 3.4, 11.6, 19.0, 40.8, 80.6, 10.6, 24.0, 16.0, 21.8, 10.8, 38.8, 22.0, 5.4, 5.2, 13.6, 22.4, 99.6, 95.8, 38.4, 84.0, 7.0, 21.4, 15.8, 20.0, 10.0, 43.4, 21.2, 6.4, 6.4, 12.0, 17.4, 37.4, 84.0, 6.0, 18.8, 15.0, 20.6, 9.0, 41.4, 18.8, 5.8, 3.4, 12.8, 19.0
68, 2014-03-18, Away, POR, L, W, 12.5, O, 206, 0, 0, 97.8, 105.6, 37.2, 83.4, 5.4, 17.8, 18.0, 24.6, 12.4, 38.6, 23.8, 7.4, 3.0, 10.6, 18.4, 40.0, 78.2, 9.4, 22.4, 16.2, 20.8, 9.8, 39.6, 22.2, 5.2, 5.4, 13.8, 21.4, 105.0, 109.2, 36.2, 86.2, 9.2, 24.8, 23.4, 29.8, 14.0, 45.8, 20.6, 4.4, 4.8, 13.6, 21.4, 41.2, 87.0, 8.0, 21.2, 18.8, 24.6, 11.0, 45.8, 20.0, 9.2, 4.2, 11.6, 23.4
69, 2014-03-20, Away, GSW, L, W, 12.5, O, 206, 0, 0, 99.8, 110.0, 38.6, 86.2, 5.4, 15.8, 17.2, 24.8, 12.8, 40.8, 24.4, 8.4, 2.8, 12.2, 22.8, 40.0, 80.0, 10.0, 25.6, 20.0, 24.6, 9.6, 40.4, 22.6, 5.2, 6.0, 13.6, 21.4, 103.2, 100.0, 38.2, 81.8, 10.4, 26.4, 16.4, 20.8, 7.6, 41.8, 22.8, 6.6, 4.6, 14.2, 21.8, 37.0, 83.4, 7.8, 19.8, 18.2, 24.6, 8.6, 43.6, 21.4, 7.2, 4.4, 13.2, 18.0
70, 2014-03-23, Away, SAC, L, L, 7, O, 207, 0, 0, 101.6, 110.6, 38.6, 87.4, 5.0, 15.2, 19.4, 26.8, 13.0, 40.2, 23.2, 9.2, 2.0, 11.2, 22.2, 40.4, 79.0, 10.0, 27.0, 19.8, 23.6, 9.0, 42.0, 22.8, 4.6, 5.8, 15.2, 22.2, 100.0, 101.2, 35.6, 82.2, 5.0, 16.6, 23.8, 32.8, 13.0, 51.2, 17.0, 6.8, 4.4, 17.6, 24.6, 34.8, 84.8, 7.2, 22.6, 24.4, 31.2, 9.8, 41.2, 22.0, 8.0, 5.2, 12.8, 24.6
71, 2014-03-24, Away, LAC, L, W, 16.5, U, 213.5, 0, 1, 103.6, 115.0, 39.6, 86.6, 5.2, 15.0, 19.2, 27.6, 12.0, 39.6, 23.4, 7.2, 2.6, 12.0, 24.2, 42.0, 81.4, 8.8, 25.2, 22.2, 26.8, 10.2, 42.6, 22.0, 5.0, 5.2, 13.8, 22.4, 104.2, 95.6, 40.6, 86.6, 8.2, 23.8, 14.8, 20.2, 10.0, 41.0, 25.6, 10.6, 6.0, 10.8, 20.0, 36.0, 85.6, 8.2, 22.6, 15.4, 20.8, 13.2, 44.8, 23.0, 7.0, 2.4, 15.2, 18.6
72, 2014-03-27, Home, LAL, W, W, -2.5, U, 219, 0, 0, 104.4, 113.2, 40.8, 87.4, 5.4, 15.6, 17.4, 25.4, 11.2, 40.8, 25.4, 7.2, 2.8, 12.0, 23.6, 41.2, 81.8, 8.8, 24.8, 22.0, 26.6, 9.0, 42.4, 25.0, 5.8, 5.0, 14.2, 21.2, 106.2, 110.2, 39.6, 87.2, 8.8, 22.0, 18.2, 24.2, 9.2, 39.8, 25.2, 10.0, 4.8, 14.4, 19.0, 42.6, 87.2, 9.0, 22.6, 16.0, 20.4, 11.4, 47.6, 28.0, 7.8, 5.6, 15.8, 20.4
73, 2014-03-29, Home, MIA, L, L, 8.5, U, 198, 1, 0, 107.6, 114.0, 41.2, 83.6, 5.2, 14.0, 20.0, 29.0, 10.0, 40.0, 23.6, 7.0, 4.0, 13.8, 24.4, 41.8, 85.2, 8.4, 25.0, 22.0, 26.6, 10.4, 42.2, 24.4, 6.8, 3.6, 14.8, 22.8, 94.4, 88.8, 36.0, 74.4, 6.8, 19.8, 15.6, 21.4, 8.6, 39.8, 21.4, 7.8, 5.6, 12.8, 19.4, 33.4, 79.4, 6.2, 21.6, 15.8, 20.6, 11.8, 39.6, 19.2, 7.8, 2.2, 11.4, 18.6
74, 2014-03-31, Away, DET, L, W, 6.5, O, 207, 0, 0, 98.0, 107.6, 37.6, 79.8, 4.4, 13.4, 18.4, 26.6, 11.0, 37.4, 21.0, 6.2, 4.2, 12.8, 21.4, 39.8, 80.6, 7.4, 21.8, 20.6, 25.4, 11.0, 41.4, 23.0, 6.6, 4.2, 13.8, 20.8, 97.8, 107.2, 38.0, 84.8, 8.2, 23.4, 13.6, 19.4, 14.0, 45.4, 23.8, 6.8, 3.8, 13.6, 18.8, 41.4, 84.4, 9.4, 24.4, 15.0, 22.0, 11.0, 42.2, 25.0, 8.6, 5.2, 10.4, 16.8
75, 2014-04-02, Away, MIA, L, L, 13, U, 195.5, 0, 0, 98.2, 107.8, 37.6, 81.4, 4.8, 14.4, 18.2, 26.0, 13.2, 40.2, 22.0, 5.8, 5.0, 13.4, 21.2, 40.4, 84.0, 7.6, 21.0, 19.4, 24.6, 13.2, 43.0, 23.4, 6.4, 4.6, 13.0, 20.4, 93.4, 80.6, 34.8, 72.8, 6.6, 20.2, 17.2, 23.4, 9.6, 42.2, 19.4, 7.2, 5.4, 12.2, 17.2, 30.0, 76.6, 6.6, 23.4, 14.0, 18.6, 11.0, 37.4, 17.6, 6.6, 2.2, 12.8, 20.2
76, 2014-04-04, Away, CHI, L, L, 11.5, O, 185, 0, 0, 92.2, 102.2, 35.6, 79.0, 4.8, 14.4, 16.2, 21.8, 13.2, 40.6, 20.6, 5.8, 4.4, 14.4, 18.2, 39.4, 82.2, 8.0, 22.2, 15.4, 20.2, 12.2, 41.2, 24.0, 7.8, 5.0, 12.8, 18.2, 93.8, 88.4, 36.6, 79.2, 6.0, 17.8, 14.6, 17.0, 8.2, 39.8, 24.8, 8.4, 3.8, 12.6, 16.8, 33.0, 77.8, 7.8, 22.0, 14.6, 18.8, 9.8, 40.6, 18.8, 7.8, 3.8, 14.2, 18.0
77, 2014-04-05, Home, TOR, L, W, 6.5, O, 196, 1, 1, 90.6, 101.4, 33.6, 75.6, 4.2, 13.4, 19.2, 25.6, 12.8, 40.6, 18.6, 6.0, 5.8, 16.4, 19.4, 38.0, 83.4, 7.8, 23.0, 17.6, 23.2, 14.0, 42.0, 23.0, 9.0, 4.8, 12.4, 19.6, 99.0, 97.2, 36.4, 77.6, 7.8, 22.4, 18.4, 22.8, 7.4, 34.8, 19.2, 7.8, 3.2, 12.4, 20.4, 36.2, 75.2, 7.0, 19.8, 17.8, 22.8, 7.6, 37.8, 20.6, 6.4, 2.4, 14.8, 21.4
78, 2014-04-09, Home, IND, L, L, 1, O, 185.5, 0, 0, 88.6, 100.8, 33.4, 77.4, 3.2, 13.2, 18.6, 24.2, 13.4, 41.4, 21.2, 5.2, 5.2, 14.6, 19.4, 36.8, 82.6, 8.8, 24.2, 18.4, 24.0, 13.8, 42.2, 22.4, 8.0, 5.0, 10.2, 19.2, 87.2, 99.2, 31.8, 76.4, 6.0, 17.0, 17.6, 24.4, 9.0, 39.2, 19.2, 6.2, 3.8, 12.2, 21.8, 37.2, 81.2, 8.4, 19.2, 16.4, 21.4, 11.2, 42.8, 19.8, 6.6, 3.6, 10.8, 20.8
79, 2014-04-11, Home, CLE, W, W, 4.5, O, 207.5, 0, 0, 95.6, 104.0, 35.6, 79.0, 3.2, 13.6, 21.2, 27.2, 12.8, 43.0, 22.4, 5.2, 5.4, 14.0, 20.2, 38.6, 84.8, 9.6, 24.4, 17.2, 23.6, 12.6, 41.8, 24.0, 7.8, 4.4, 10.2, 21.6, 104.6, 97.4, 40.6, 86.8, 7.4, 20.2, 16.0, 20.0, 9.8, 42.8, 25.4, 7.8, 3.4, 11.8, 19.2, 36.0, 85.2, 10.0, 26.6, 15.4, 21.0, 10.8, 43.4, 23.8, 6.4, 3.4, 15.0, 18.0
80, 2014-04-12, Away, WAS, L, L, 11, U, 204.5, 1, 1, 97.2, 104.0, 36.6, 78.2, 3.4, 13.4, 20.6, 27.6, 12.0, 41.2, 20.8, 5.2, 5.2, 13.6, 20.6, 37.8, 82.4, 8.6, 23.8, 19.8, 26.4, 11.0, 39.8, 22.0, 9.0, 4.2, 10.0, 21.8, 94.0, 91.4, 37.8, 80.0, 4.2, 17.6, 14.2, 20.2, 10.4, 42.2, 22.0, 7.0, 4.2, 14.2, 18.4, 33.6, 81.0, 8.2, 24.4, 16.0, 19.6, 9.6, 39.6, 22.2, 8.4, 2.6, 13.6, 19.6
81, 2014-04-14, Away, TOR, L, P, 10, O, 204.5, 1, 0, 100.0, 105.6, 36.6, 77.2, 3.6, 11.4, 23.2, 32.6, 12.4, 41.2, 21.2, 5.6, 5.2, 14.2, 20.6, 38.0, 83.8, 8.4, 23.0, 21.2, 27.4, 11.0, 40.0, 22.6, 8.0, 4.2, 10.0, 24.0, 109.0, 104.2, 37.2, 80.8, 11.6, 26.0, 23.0, 28.2, 10.6, 39.6, 21.2, 4.6, 4.8, 10.0, 23.4, 37.0, 79.8, 5.2, 17.0, 25.0, 32.0, 11.4, 41.2, 21.6, 5.0, 4.0, 9.8, 23.6
82, 2014-04-16, Home, ATL, L, L, -3, O, 204.5, 0, 0, 102.0, 107.2, 38.0, 78.2, 4.4, 11.8, 21.6, 30.8, 11.8, 40.0, 22.0, 5.6, 4.0, 13.4, 20.0, 39.4, 83.2, 9.8, 25.0, 18.6, 24.2, 10.8, 40.4, 22.8, 7.6, 3.2, 10.4, 23.6, 96.8, 93.4, 36.0, 80.2, 7.4, 25.8, 17.4, 21.8, 8.8, 42.4, 24.8, 8.0, 4.8, 12.0, 20.0, 35.6, 80.6, 7.2, 23.0, 15.0, 24.2, 10.8, 44.4, 21.2, 7.4, 3.4, 14.4, 20.6
