6, 2012-11-10, Home, DET, W, W, -7, U, 194.5, 1, 471.0, 479.0, 173.0, 425.0, 40.0, 143.0, 85.0, 108.0, 75.0, 243.0, 104.0, 52.0, 17.0, 97.0, 97.0, 186.0, 433.0, 36.0, 99.0, 71.0, 99.0, 61.0, 214.0, 108.0, 58.0, 29.0, 75.0, 91.0
7, 2012-11-12, Home, MIA, L, W, 5.5, O, 194.5, 0, 462.0, 465.0, 167.0, 428.0, 39.0, 142.0, 89.0, 111.0, 71.0, 240.0, 99.0, 50.0, 17.0, 91.0, 90.0, 183.0, 434.0, 37.0, 103.0, 62.0, 89.0, 62.0, 223.0, 104.0, 54.0, 34.0, 75.0, 92.0
8, 2012-11-14, Home, NOH, W, L, -6.5, O, 184.5, 0, 463.0, 476.0, 165.0, 418.0, 43.0, 146.0, 90.0, 115.0, 59.0, 222.0, 102.0, 47.0, 21.0, 81.0, 92.0, 188.0, 438.0, 40.0, 102.0, 60.0, 92.0, 68.0, 231.0, 107.0, 46.0, 34.0, 73.0, 90.0
9, 2012-11-16, Away, POR, L, P, 2, O, 198, 0, 478.0, 477.0, 167.0, 402.0, 48.0, 149.0, 96.0, 119.0, 50.0, 206.0, 102.0, 38.0, 24.0, 74.0, 93.0, 183.0, 429.0, 38.0, 102.0, 73.0, 101.0, 67.0, 216.0, 96.0, 41.0, 34.0, 67.0, 88.0
10, 2012-11-18, Away, LAL, L, L, 7, O, 205, 0, 508.0, 503.0, 177.0, 406.0, 49.0, 141.0, 105.0, 127.0, 50.0, 210.0, 108.0, 32.0, 25.0, 74.0, 100.0, 190.0, 433.0, 41.0, 109.0, 82.0, 109.0, 61.0, 204.0, 97.0, 36.0, 37.0, 61.0, 96.0
11, 2012-11-19, Away, UTA, L, L, 6.5, U, 196.5, 1, 531.0, 529.0, 190.0, 420.0, 49.0, 137.0, 102.0, 130.0, 53.0, 211.0, 121.0, 35.0, 20.0, 69.0, 105.0, 201.0, 424.0, 44.0, 110.0, 83.0, 114.0, 52.0, 205.0, 108.0, 32.0, 32.0, 65.0, 95.0
12, 2012-11-21, Home, CHI, W, W, -1, U, 192, 0, 526.0, 549.0, 187.0, 424.0, 47.0, 132.0, 105.0, 135.0, 60.0, 218.0, 116.0, 29.0, 26.0, 69.0, 110.0, 206.0, 436.0, 46.0, 111.0, 91.0, 121.0, 55.0, 215.0, 121.0, 28.0, 34.0, 63.0, 102.0
13, 2012-11-23, Home, NYK, W, W, 4, O, 197.5, 0, 509.0, 525.0, 183.0, 418.0, 42.0, 117.0, 101.0, 133.0, 59.0, 223.0, 106.0, 32.0, 26.0, 81.0, 108.0, 199.0, 442.0, 38.0, 106.0, 89.0, 120.0, 58.0, 219.0, 115.0, 35.0, 37.0, 66.0, 100.0
14, 2012-11-27, Home, TOR, W, W, -6, O, 203, 0, 540.0, 532.0, 193.0, 427.0, 46.0, 113.0, 108.0, 139.0, 63.0, 232.0, 109.0, 37.0, 25.0, 84.0, 108.0, 202.0, 444.0, 47.0, 121.0, 81.0, 113.0, 55.0, 211.0, 120.0, 37.0, 38.0, 71.0, 105.0
15, 2012-11-28, Away, OKC, L, L, 10.5, O, 210, 1, 540.0, 514.0, 196.0, 422.0, 50.0, 114.0, 98.0, 129.0, 59.0, 230.0, 115.0, 39.0, 23.0, 80.0, 94.0, 200.0, 444.0, 45.0, 119.0, 69.0, 96.0, 56.0, 213.0, 124.0, 39.0, 32.0, 72.0, 96.0
16, 2012-12-01, Home, UTA, W, W, -6.5, O, 206.5, 0, 530.0, 515.0, 188.0, 419.0, 49.0, 112.0, 105.0, 141.0, 64.0, 226.0, 105.0, 42.0, 24.0, 81.0, 88.0, 201.0, 446.0, 45.0, 121.0, 68.0, 90.0, 62.0, 218.0, 123.0, 39.0, 40.0, 74.0, 103.0
17, 2012-12-04, Home, LAL, W, W, -1, U, 215, 0, 563.0, 529.0, 204.0, 416.0, 53.0, 113.0, 102.0, 136.0, 59.0, 215.0, 113.0, 47.0, 22.0, 83.0, 83.0, 212.0, 448.0, 47.0, 120.0, 58.0, 78.0, 60.0, 201.0, 118.0, 43.0, 35.0, 74.0, 102.0
18, 2012-12-07, Away, SAS, L, L, 8.5, U, 212.5, 0, 577.0, 545.0, 210.0, 443.0, 53.0, 128.0, 104.0, 136.0, 70.0, 220.0, 120.0, 46.0, 20.0, 70.0, 93.0, 212.0, 436.0, 52.0, 125.0, 69.0, 93.0, 59.0, 206.0, 114.0, 39.0, 39.0, 78.0, 105.0
19, 2012-12-08, Home, DAL, L, L, -6, O, 209, 1, 538.0, 556.0, 201.0, 449.0, 50.0, 136.0, 86.0, 116.0, 69.0, 208.0, 121.0, 49.0, 16.0, 74.0, 90.0, 223.0, 437.0, 41.0, 106.0, 69.0, 92.0, 59.0, 226.0, 125.0, 41.0, 37.0, 80.0, 94.0
20, 2012-12-10, Home, SAS, L, L, 7, O, 211.5, 0, 530.0, 571.0, 192.0, 438.0, 49.0, 145.0, 97.0, 133.0, 61.0, 200.0, 119.0, 46.0, 19.0, 79.0, 101.0, 224.0, 442.0, 43.0, 107.0, 80.0, 105.0, 59.0, 227.0, 124.0, 42.0, 37.0, 76.0, 103.0
21, 2012-12-12, Home, WAS, W, L, -10.5, U, 206, 0, 558.0, 585.0, 197.0, 448.0, 57.0, 154.0, 107.0, 139.0, 56.0, 202.0, 123.0, 47.0, 25.0, 77.0, 106.0, 225.0, 447.0, 48.0, 115.0, 87.0, 109.0, 50.0, 230.0, 129.0, 38.0, 34.0, 80.0, 103.0
22, 2012-12-14, Home, BOS, W, W, -2.5, U, 207, 0, 533.0, 562.0, 185.0, 441.0, 55.0, 156.0, 108.0, 143.0, 52.0, 211.0, 116.0, 44.0, 26.0, 79.0, 108.0, 212.0, 442.0, 44.0, 120.0, 94.0, 118.0, 48.0, 238.0, 122.0, 40.0, 36.0, 79.0, 101.0
23, 2012-12-16, Away, TOR, L, L, -4, U, 200.5, 0, 527.0, 546.0, 184.0, 416.0, 58.0, 149.0, 101.0, 135.0, 38.0, 206.0, 117.0, 44.0, 30.0, 86.0, 96.0, 208.0, 444.0, 45.0, 119.0, 85.0, 101.0, 42.0, 226.0, 128.0, 48.0, 30.0, 73.0, 92.0
24, 2012-12-17, Away, NYK, W, W, 7.5, U, 210, 1, 531.0, 535.0, 179.0, 399.0, 54.0, 139.0, 119.0, 159.0, 36.0, 213.0, 108.0, 39.0, 29.0, 80.0, 101.0, 199.0, 442.0, 47.0, 129.0, 90.0, 108.0, 41.0, 219.0, 124.0, 44.0, 36.0, 63.0, 106.0
25, 2012-12-19, Home, PHI, W, W, -8, O, 199, 0, 531.0, 515.0, 184.0, 405.0, 52.0, 133.0, 111.0, 145.0, 38.0, 218.0, 98.0, 44.0, 29.0, 78.0, 91.0, 195.0, 441.0, 46.0, 136.0, 79.0, 99.0, 43.0, 224.0, 115.0, 45.0, 36.0, 68.0, 100.0
26, 2012-12-22, Home, MEM, W, W, -1, O, 196.5, 0, 530.0, 484.0, 185.0, 383.0, 47.0, 130.0, 113.0, 145.0, 34.0, 219.0, 103.0, 36.0, 24.0, 74.0, 90.0, 187.0, 438.0, 38.0, 123.0, 72.0, 97.0, 51.0, 214.0, 105.0, 45.0, 31.0, 60.0, 99.0
27, 2012-12-25, Away, CHI, W, W, 4.5, O, 197.5, 0, 552.0, 487.0, 195.0, 389.0, 50.0, 134.0, 112.0, 141.0, 37.0, 210.0, 116.0, 41.0, 21.0, 71.0, 84.0, 194.0, 428.0, 33.0, 111.0, 66.0, 91.0, 49.0, 205.0, 110.0, 42.0, 28.0, 66.0, 98.0
28, 2012-12-26, Away, MIN, W, W, 5.5, U, 211, 1, 571.0, 495.0, 204.0, 395.0, 48.0, 127.0, 115.0, 142.0, 40.0, 210.0, 118.0, 42.0, 18.0, 64.0, 89.0, 197.0, 426.0, 31.0, 111.0, 70.0, 94.0, 47.0, 195.0, 110.0, 33.0, 26.0, 65.0, 101.0
29, 2012-12-28, Away, SAS, L, W, 8.5, O, 213, 0, 562.0, 476.0, 205.0, 398.0, 50.0, 135.0, 102.0, 125.0, 39.0, 213.0, 123.0, 43.0, 19.0, 68.0, 89.0, 190.0, 425.0, 30.0, 109.0, 66.0, 91.0, 54.0, 202.0, 99.0, 37.0, 17.0, 72.0, 89.0
30, 2012-12-29, Home, OKC, L, L, 4.5, O, 213, 1, 569.0, 502.0, 210.0, 406.0, 51.0, 138.0, 98.0, 127.0, 45.0, 210.0, 132.0, 41.0, 16.0, 75.0, 95.0, 195.0, 412.0, 33.0, 101.0, 79.0, 99.0, 45.0, 191.0, 105.0, 43.0, 20.0, 74.0, 92.0
31, 2012-12-31, Home, ATL, W, W, -5, O, 206, 0, 538.0, 523.0, 201.0, 414.0, 48.0, 141.0, 88.0, 118.0, 44.0, 205.0, 121.0, 50.0, 15.0, 89.0, 94.0, 200.0, 417.0, 40.0, 113.0, 83.0, 98.0, 43.0, 205.0, 106.0, 53.0, 26.0, 84.0, 89.0
32, 2013-01-02, Home, NOH, W, W, -10, U, 202.5, 0, 540.0, 531.0, 202.0, 416.0, 52.0, 142.0, 84.0, 114.0, 39.0, 207.0, 119.0, 49.0, 15.0, 83.0, 92.0, 201.0, 428.0, 50.0, 123.0, 79.0, 91.0, 39.0, 204.0, 107.0, 52.0, 27.0, 79.0, 86.0
33, 2013-01-04, Away, MIL, W, W, 1, O, 213.5, 0, 524.0, 526.0, 197.0, 417.0, 49.0, 146.0, 81.0, 113.0, 40.0, 211.0, 115.0, 46.0, 13.0, 84.0, 87.0, 202.0, 435.0, 49.0, 119.0, 73.0, 91.0, 46.0, 219.0, 106.0, 51.0, 28.0, 78.0, 87.0
34, 2013-01-05, Away, CLE, W, W, -6, O, 213, 1, 552.0, 543.0, 209.0, 419.0, 53.0, 148.0, 81.0, 117.0, 41.0, 199.0, 126.0, 52.0, 14.0, 87.0, 88.0, 209.0, 438.0, 48.0, 105.0, 77.0, 97.0, 51.0, 218.0, 111.0, 51.0, 31.0, 89.0, 96.0
35, 2013-01-08, Home, LAL, W, W, -8, O, 223, 0, 548.0, 525.0, 201.0, 412.0, 54.0, 150.0, 92.0, 127.0, 41.0, 203.0, 122.0, 52.0, 17.0, 80.0, 89.0, 201.0, 452.0, 43.0, 105.0, 80.0, 101.0, 64.0, 228.0, 110.0, 48.0, 29.0, 83.0, 100.0
36, 2013-01-09, Away, NOH, L, L, -2.5, U, 200.5, 1, 579.0, 513.0, 216.0, 416.0, 57.0, 145.0, 90.0, 123.0, 44.0, 209.0, 130.0, 47.0, 19.0, 74.0, 85.0, 199.0, 449.0, 44.0, 107.0, 71.0, 91.0, 61.0, 212.0, 113.0, 42.0, 25.0, 78.0, 103.0
37, 2013-01-11, Away, BOS, L, L, 3, U, 200.5, 0, 535.0, 497.0, 201.0, 407.0, 50.0, 143.0, 83.0, 114.0, 50.0, 208.0, 115.0, 46.0, 17.0, 87.0, 94.0, 191.0, 443.0, 37.0, 103.0, 78.0, 100.0, 73.0, 222.0, 115.0, 47.0, 29.0, 80.0, 104.0
38, 2013-01-12, Away, PHI, L, L, 1, O, 204, 1, 522.0, 508.0, 195.0, 404.0, 54.0, 152.0, 78.0, 120.0, 51.0, 197.0, 117.0, 50.0, 15.0, 90.0, 99.0, 194.0, 432.0, 41.0, 110.0, 79.0, 96.0, 67.0, 219.0, 116.0, 50.0, 31.0, 86.0, 113.0
39, 2013-01-15, Home, LAC, L, L, -3, O, 206.5, 0, 507.0, 514.0, 187.0, 405.0, 49.0, 151.0, 84.0, 123.0, 52.0, 204.0, 108.0, 43.0, 12.0, 87.0, 97.0, 198.0, 432.0, 41.0, 114.0, 77.0, 92.0, 58.0, 213.0, 119.0, 48.0, 29.0, 72.0, 110.0
40, 2013-01-16, Away, DAL, L, L, 4, U, 213, 1, 504.0, 527.0, 191.0, 408.0, 50.0, 154.0, 72.0, 112.0, 52.0, 195.0, 110.0, 42.0, 9.0, 85.0, 97.0, 204.0, 419.0, 45.0, 110.0, 74.0, 90.0, 51.0, 204.0, 120.0, 44.0, 28.0, 75.0, 106.0
41, 2013-01-18, Away, IND, L, L, 4.5, O, 195, 0, 479.0, 520.0, 176.0, 405.0, 50.0, 156.0, 77.0, 119.0, 52.0, 205.0, 101.0, 40.0, 11.0, 83.0, 111.0, 194.0, 414.0, 36.0, 101.0, 96.0, 120.0, 53.0, 214.0, 117.0, 41.0, 28.0, 69.0, 104.0
42, 2013-01-19, Away, MIN, L, L, -5.5, U, 202, 1, 495.0, 537.0, 180.0, 413.0, 54.0, 159.0, 81.0, 122.0, 53.0, 202.0, 107.0, 38.0, 18.0, 79.0, 108.0, 199.0, 417.0, 42.0, 101.0, 97.0, 121.0, 51.0, 209.0, 112.0, 41.0, 27.0, 66.0, 107.0
43, 2013-01-21, Away, CHA, W, L, -7, U, 208.5, 0, 483.0, 526.0, 170.0, 411.0, 53.0, 157.0, 90.0, 121.0, 62.0, 207.0, 98.0, 37.0, 19.0, 85.0, 116.0, 188.0, 402.0, 36.0, 92.0, 114.0, 141.0, 52.0, 203.0, 104.0, 37.0, 25.0, 65.0, 97.0
44, 2013-01-23, Home, DEN, L, L, -3, U, 218, 0, 483.0, 513.0, 162.0, 401.0, 55.0, 154.0, 104.0, 140.0, 64.0, 212.0, 97.0, 38.0, 22.0, 82.0, 121.0, 179.0, 396.0, 36.0, 89.0, 119.0, 146.0, 52.0, 200.0, 95.0, 34.0, 30.0, 64.0, 106.0
45, 2013-01-25, Away, NOH, W, W, 2.5, U, 200.5, 0, 469.0, 501.0, 158.0, 402.0, 53.0, 151.0, 100.0, 128.0, 59.0, 216.0, 96.0, 36.0, 28.0, 89.0, 119.0, 177.0, 404.0, 33.0, 91.0, 114.0, 145.0, 53.0, 206.0, 96.0, 40.0, 36.0, 62.0, 97.0
46, 2013-01-26, Home, BRK, W, W, -4, O, 200.5, 1, 469.0, 478.0, 159.0, 389.0, 53.0, 145.0, 98.0, 124.0, 63.0, 208.0, 102.0, 38.0, 29.0, 94.0, 114.0, 175.0, 398.0, 31.0, 89.0, 97.0, 122.0, 54.0, 193.0, 94.0, 41.0, 38.0, 67.0, 104.0
47, 2013-01-28, Away, UTA, W, W, 3.5, U, 208.5, 0, 493.0, 479.0, 168.0, 393.0, 52.0, 143.0, 105.0, 135.0, 66.0, 222.0, 112.0, 37.0, 22.0, 87.0, 115.0, 171.0, 391.0, 36.0, 106.0, 101.0, 126.0, 47.0, 183.0, 94.0, 37.0, 39.0, 64.0, 104.0
48, 2013-01-30, Away, DEN, L, L, 4, O, 217, 0, 539.0, 467.0, 190.0, 404.0, 60.0, 146.0, 99.0, 125.0, 55.0, 223.0, 125.0, 41.0, 24.0, 72.0, 104.0, 173.0, 408.0, 38.0, 110.0, 83.0, 109.0, 52.0, 185.0, 99.0, 35.0, 44.0, 64.0, 104.0
49, 2013-02-02, Home, CHA, W, W, -12, U, 208.5, 0, 549.0, 491.0, 200.0, 411.0, 58.0, 144.0, 91.0, 119.0, 54.0, 218.0, 127.0, 45.0, 27.0, 80.0, 110.0, 181.0, 409.0, 40.0, 123.0, 89.0, 121.0, 53.0, 185.0, 103.0, 39.0, 41.0, 74.0, 100.0
50, 2013-02-05, Home, GSW, W, W, -2.5, O, 217, 0, 563.0, 481.0, 205.0, 410.0, 54.0, 130.0, 99.0, 129.0, 61.0, 230.0, 130.0, 42.0, 25.0, 72.0, 108.0, 174.0, 402.0, 40.0, 121.0, 93.0, 120.0, 51.0, 179.0, 99.0, 33.0, 40.0, 73.0, 111.0
51, 2013-02-06, Away, MIA, L, W, 7.5, O, 206.5, 1, 603.0, 508.0, 217.0, 430.0, 66.0, 149.0, 103.0, 138.0, 62.0, 234.0, 142.0, 40.0, 20.0, 59.0, 108.0, 184.0, 408.0, 40.0, 116.0, 100.0, 130.0, 50.0, 185.0, 100.0, 27.0, 38.0, 70.0, 111.0
52, 2013-02-08, Home, POR, W, W, -7.5, O, 210.5, 0, 592.0, 516.0, 213.0, 423.0, 63.0, 146.0, 103.0, 136.0, 56.0, 223.0, 130.0, 40.0, 19.0, 64.0, 116.0, 188.0, 410.0, 34.0, 103.0, 106.0, 137.0, 51.0, 192.0, 102.0, 29.0, 34.0, 70.0, 107.0
53, 2013-02-10, Away, SAC, L, L, -6.5, O, 218, 0, 585.0, 539.0, 213.0, 413.0, 59.0, 138.0, 100.0, 134.0, 53.0, 218.0, 130.0, 33.0, 24.0, 69.0, 117.0, 196.0, 417.0, 37.0, 111.0, 110.0, 138.0, 52.0, 193.0, 104.0, 31.0, 29.0, 66.0, 100.0
54, 2013-02-12, Away, GSW, W, W, 4, O, 218.5, 0, 586.0, 538.0, 218.0, 421.0, 61.0, 144.0, 89.0, 116.0, 57.0, 219.0, 137.0, 28.0, 25.0, 63.0, 109.0, 194.0, 422.0, 40.0, 103.0, 110.0, 129.0, 58.0, 199.0, 105.0, 31.0, 24.0, 59.0, 98.0
55, 2013-02-13, Away, LAC, L, W, 10.5, U, 208, 1, 593.0, 550.0, 219.0, 430.0, 64.0, 158.0, 91.0, 118.0, 53.0, 217.0, 142.0, 31.0, 23.0, 60.0, 111.0, 199.0, 427.0, 40.0, 104.0, 112.0, 136.0, 57.0, 210.0, 112.0, 30.0, 23.0, 59.0, 97.0
56, 2013-02-20, Home, OKC, W, W, 3, O, 220.5, 0, 549.0, 547.0, 209.0, 421.0, 46.0, 142.0, 85.0, 105.0, 52.0, 210.0, 125.0, 35.0, 23.0, 73.0, 110.0, 195.0, 416.0, 50.0, 121.0, 107.0, 132.0, 52.0, 207.0, 119.0, 40.0, 24.0, 65.0, 90.0
57, 2013-02-22, Away, BRK, W, W, -1.5, U, 207.5, 0, 563.0, 552.0, 214.0, 433.0, 52.0, 150.0, 83.0, 103.0, 55.0, 213.0, 132.0, 43.0, 25.0, 75.0, 107.0, 197.0, 421.0, 51.0, 126.0, 107.0, 131.0, 57.0, 217.0, 121.0, 37.0, 29.0, 78.0, 96.0
58, 2013-02-23, Away, WAS, L, L, -1.5, U, 211, 1, 551.0, 545.0, 208.0, 431.0, 56.0, 154.0, 79.0, 99.0, 55.0, 211.0, 130.0, 43.0, 20.0, 81.0, 110.0, 197.0, 424.0, 53.0, 130.0, 98.0, 122.0, 56.0, 218.0, 124.0, 42.0, 30.0, 80.0, 103.0
59, 2013-02-27, Home, MIL, L, L, -8.5, U, 220, 0, 543.0, 533.0, 202.0, 426.0, 65.0, 167.0, 74.0, 96.0, 54.0, 207.0, 125.0, 44.0, 16.0, 82.0, 108.0, 198.0, 417.0, 49.0, 126.0, 88.0, 114.0, 50.0, 209.0, 133.0, 41.0, 34.0, 80.0, 100.0
60, 2013-03-01, Away, ORL, W, L, -9, O, 213, 0, 534.0, 536.0, 201.0, 424.0, 62.0, 156.0, 70.0, 96.0, 57.0, 206.0, 119.0, 47.0, 14.0, 88.0, 107.0, 203.0, 422.0, 50.0, 130.0, 80.0, 103.0, 51.0, 206.0, 135.0, 45.0, 34.0, 84.0, 101.0
61, 2013-03-03, Home, DAL, W, W, -5.5, O, 219.5, 0, 556.0, 540.0, 207.0, 419.0, 72.0, 164.0, 70.0, 102.0, 53.0, 199.0, 129.0, 45.0, 13.0, 79.0, 100.0, 210.0, 425.0, 46.0, 120.0, 74.0, 93.0, 51.0, 200.0, 137.0, 41.0, 29.0, 80.0, 103.0
62, 2013-03-06, Away, DAL, L, L, 1.5, U, 221, 0, 570.0, 524.0, 209.0, 407.0, 71.0, 165.0, 81.0, 119.0, 52.0, 202.0, 133.0, 44.0, 9.0, 74.0, 98.0, 206.0, 418.0, 47.0, 119.0, 65.0, 90.0, 47.0, 184.0, 131.0, 43.0, 21.0, 75.0, 114.0
63, 2013-03-08, Away, GSW, W, W, 2, U, 223, 0, 572.0, 540.0, 203.0, 408.0, 67.0, 167.0, 99.0, 140.0, 53.0, 205.0, 130.0, 44.0, 10.0, 70.0, 94.0, 211.0, 410.0, 48.0, 115.0, 70.0, 93.0, 38.0, 176.0, 142.0, 39.0, 19.0, 73.0, 117.0
64, 2013-03-09, Away, PHO, L, L, -7, O, 211, 1, 563.0, 523.0, 192.0, 398.0, 63.0, 156.0, 116.0, 160.0, 47.0, 211.0, 127.0, 48.0, 9.0, 66.0, 92.0, 203.0, 417.0, 50.0, 120.0, 67.0, 94.0, 41.0, 190.0, 129.0, 37.0, 17.0, 76.0, 124.0
65, 2013-03-13, Home, PHO, W, W, -12, U, 213.5, 0, 561.0, 520.0, 187.0, 395.0, 75.0, 174.0, 112.0, 153.0, 49.0, 203.0, 123.0, 47.0, 13.0, 68.0, 96.0, 197.0, 410.0, 49.0, 114.0, 77.0, 113.0, 49.0, 194.0, 120.0, 40.0, 15.0, 75.0, 121.0
66, 2013-03-15, Home, MIN, W, L, -14.5, U, 211, 0, 554.0, 491.0, 184.0, 394.0, 70.0, 163.0, 116.0, 155.0, 51.0, 215.0, 121.0, 49.0, 17.0, 78.0, 92.0, 187.0, 413.0, 46.0, 113.0, 71.0, 107.0, 48.0, 192.0, 110.0, 45.0, 21.0, 81.0, 120.0
67, 2013-03-17, Home, GSW, L, L, -7.5, U, 217.5, 0, 526.0, 488.0, 174.0, 388.0, 67.0, 160.0, 111.0, 146.0, 53.0, 214.0, 116.0, 43.0, 19.0, 83.0, 91.0, 188.0, 414.0, 40.0, 110.0, 72.0, 103.0, 48.0, 196.0, 116.0, 43.0, 25.0, 76.0, 112.0
68, 2013-03-20, Home, UTA, W, L, -7.5, U, 209.5, 0, 496.0, 484.0, 167.0, 396.0, 64.0, 163.0, 98.0, 129.0, 57.0, 222.0, 110.0, 44.0, 19.0, 86.0, 88.0, 187.0, 427.0, 42.0, 110.0, 68.0, 98.0, 51.0, 213.0, 108.0, 45.0, 28.0, 75.0, 107.0
69, 2013-03-22, Home, CLE, W, W, -12, U, 212, 0, 502.0, 489.0, 174.0, 398.0, 55.0, 151.0, 99.0, 127.0, 59.0, 221.0, 104.0, 43.0, 21.0, 89.0, 94.0, 190.0, 419.0, 38.0, 106.0, 71.0, 98.0, 44.0, 198.0, 109.0, 48.0, 29.0, 73.0, 104.0
70, 2013-03-24, Home, SAS, W, W, 1.5, U, 212.5, 0, 513.0, 460.0, 181.0, 389.0, 46.0, 139.0, 105.0, 136.0, 57.0, 236.0, 108.0, 41.0, 22.0, 92.0, 88.0, 184.0, 423.0, 34.0, 108.0, 58.0, 74.0, 37.0, 183.0, 105.0, 44.0, 28.0, 71.0, 108.0
71, 2013-03-27, Home, IND, L, L, -5.5, U, 198, 0, 498.0, 474.0, 174.0, 393.0, 45.0, 144.0, 105.0, 133.0, 58.0, 234.0, 101.0, 38.0, 24.0, 83.0, 98.0, 183.0, 420.0, 38.0, 109.0, 70.0, 85.0, 39.0, 192.0, 104.0, 40.0, 30.0, 67.0, 105.0
72, 2013-03-29, Away, MEM, L, L, 4.5, O, 195, 0, 481.0, 474.0, 170.0, 402.0, 40.0, 134.0, 101.0, 128.0, 61.0, 232.0, 94.0, 38.0, 26.0, 79.0, 103.0, 179.0, 417.0, 38.0, 103.0, 78.0, 93.0, 39.0, 201.0, 99.0, 43.0, 28.0, 66.0, 101.0
73, 2013-03-30, Home, LAC, W, W, -1, U, 206, 1, 497.0, 469.0, 176.0, 397.0, 40.0, 126.0, 105.0, 133.0, 64.0, 219.0, 97.0, 42.0, 26.0, 78.0, 114.0, 175.0, 400.0, 29.0, 88.0, 90.0, 105.0, 44.0, 193.0, 96.0, 44.0, 26.0, 70.0, 103.0
74, 2013-04-01, Home, ORL, W, L, -11.5, O, 201, 0, 495.0, 457.0, 177.0, 401.0, 43.0, 127.0, 98.0, 128.0, 67.0, 223.0, 99.0, 39.0, 27.0, 83.0, 109.0, 170.0, 399.0, 31.0, 93.0, 86.0, 99.0, 46.0, 195.0, 92.0, 45.0, 28.0, 74.0, 107.0
75, 2013-04-03, Away, SAC, W, W, -4, U, 219.5, 0, 490.0, 482.0, 177.0, 422.0, 42.0, 127.0, 94.0, 123.0, 74.0, 223.0, 100.0, 35.0, 27.0, 70.0, 110.0, 178.0, 406.0, 33.0, 88.0, 93.0, 105.0, 50.0, 211.0, 100.0, 42.0, 34.0, 69.0, 105.0
76, 2013-04-05, Away, POR, W, W, -5.5, O, 210, 0, 506.0, 489.0, 187.0, 428.0, 43.0, 131.0, 89.0, 117.0, 74.0, 226.0, 113.0, 35.0, 24.0, 76.0, 116.0, 179.0, 415.0, 29.0, 87.0, 102.0, 118.0, 56.0, 213.0, 100.0, 45.0, 29.0, 65.0, 108.0
77, 2013-04-06, Away, DEN, L, L, 6, O, 210.5, 1, 531.0, 487.0, 194.0, 421.0, 49.0, 138.0, 94.0, 126.0, 69.0, 228.0, 119.0, 36.0, 24.0, 74.0, 109.0, 182.0, 428.0, 25.0, 89.0, 98.0, 114.0, 61.0, 212.0, 103.0, 44.0, 26.0, 66.0, 108.0
78, 2013-04-09, Home, PHO, W, L, -14.5, U, 214, 0, 551.0, 516.0, 199.0, 423.0, 54.0, 145.0, 99.0, 137.0, 65.0, 234.0, 130.0, 31.0, 29.0, 78.0, 105.0, 196.0, 448.0, 32.0, 103.0, 92.0, 114.0, 61.0, 216.0, 119.0, 48.0, 26.0, 61.0, 115.0
79, 2013-04-12, Home, MEM, L, L, -2.5, U, 195, 0, 554.0, 533.0, 201.0, 429.0, 51.0, 151.0, 101.0, 134.0, 68.0, 230.0, 132.0, 35.0, 29.0, 74.0, 103.0, 203.0, 456.0, 32.0, 93.0, 95.0, 119.0, 65.0, 219.0, 128.0, 47.0, 24.0, 62.0, 109.0
80, 2013-04-14, Home, SAC, W, W, -10.5, O, 218.5, 0, 521.0, 512.0, 180.0, 405.0, 53.0, 154.0, 108.0, 140.0, 63.0, 227.0, 123.0, 35.0, 30.0, 85.0, 110.0, 193.0, 446.0, 31.0, 95.0, 95.0, 126.0, 63.0, 215.0, 124.0, 51.0, 23.0, 59.0, 109.0
81, 2013-04-15, Away, PHO, L, L, -7.5, O, 210.5, 1, 530.0, 510.0, 183.0, 402.0, 56.0, 151.0, 108.0, 143.0, 57.0, 226.0, 119.0, 39.0, 38.0, 83.0, 99.0, 198.0, 459.0, 33.0, 99.0, 81.0, 109.0, 65.0, 220.0, 129.0, 49.0, 29.0, 62.0, 110.0
82, 2013-04-17, Away, LAL, L, L, 2.5, U, 203, 0, 526.0, 531.0, 187.0, 418.0, 55.0, 152.0, 97.0, 131.0, 55.0, 225.0, 116.0, 36.0, 45.0, 87.0, 102.0, 207.0, 463.0, 38.0, 102.0, 79.0, 108.0, 62.0, 220.0, 135.0, 52.0, 36.0, 60.0, 108.0
