3, 2012-11-03, Home, POR, L, L, -5.5, U, 206, 1, 214.0, 198.0, 77.0, 169.0, 18.0, 57.0, 42.0, 52.0, 35.0, 103.0, 50.0, 20.0, 5.0, 41.0, 42.0, 75.0, 164.0, 13.0, 38.0, 35.0, 43.0, 17.0, 72.0, 44.0, 24.0, 8.0, 29.0, 41.0
4, 2012-11-07, Home, DEN, L, L, -2.5, U, 204.5, 0, 194.0, 197.0, 72.0, 186.0, 13.0, 56.0, 37.0, 47.0, 39.0, 114.0, 41.0, 20.0, 6.0, 39.0, 34.0, 79.0, 178.0, 17.0, 46.0, 22.0, 29.0, 17.0, 89.0, 51.0, 23.0, 12.0, 29.0, 44.0
5, 2012-11-09, Away, MEM, L, L, 7, U, 194, 0, 172.0, 188.0, 65.0, 180.0, 13.0, 59.0, 29.0, 41.0, 32.0, 99.0, 37.0, 27.0, 6.0, 36.0, 38.0, 76.0, 175.0, 17.0, 42.0, 19.0, 33.0, 26.0, 102.0, 48.0, 20.0, 13.0, 37.0, 34.0
6, 2012-11-10, Home, DET, W, W, -7, U, 194.5, 1, 172.0, 186.0, 62.0, 160.0, 17.0, 60.0, 31.0, 38.0, 24.0, 84.0, 35.0, 20.0, 8.0, 38.0, 39.0, 72.0, 176.0, 13.0, 37.0, 29.0, 44.0, 34.0, 89.0, 36.0, 23.0, 13.0, 30.0, 32.0
7, 2012-11-12, Home, MIA, L, W, 5.5, O, 194.5, 0, 181.0, 175.0, 64.0, 158.0, 18.0, 53.0, 35.0, 41.0, 16.0, 83.0, 40.0, 15.0, 9.0, 34.0, 34.0, 67.0, 174.0, 13.0, 39.0, 28.0, 39.0, 29.0, 85.0, 33.0, 22.0, 17.0, 25.0, 32.0
8, 2012-11-14, Home, NOH, W, L, -6.5, O, 184.5, 0, 206.0, 195.0, 69.0, 162.0, 21.0, 60.0, 47.0, 59.0, 19.0, 82.0, 48.0, 15.0, 9.0, 25.0, 37.0, 77.0, 169.0, 17.0, 41.0, 24.0, 36.0, 24.0, 89.0, 43.0, 12.0, 13.0, 27.0, 40.0
9, 2012-11-16, Away, POR, L, P, 2, O, 198, 0, 210.0, 209.0, 72.0, 160.0, 22.0, 63.0, 44.0, 55.0, 18.0, 80.0, 44.0, 8.0, 13.0, 22.0, 37.0, 79.0, 173.0, 18.0, 45.0, 33.0, 41.0, 22.0, 82.0, 43.0, 10.0, 12.0, 21.0, 40.0
10, 2012-11-18, Away, LAL, L, L, 7, O, 205, 0, 217.0, 215.0, 77.0, 168.0, 19.0, 54.0, 44.0, 53.0, 23.0, 87.0, 43.0, 12.0, 10.0, 29.0, 46.0, 78.0, 170.0, 18.0, 49.0, 41.0, 50.0, 19.0, 75.0, 38.0, 10.0, 16.0, 25.0, 40.0
11, 2012-11-19, Away, UTA, L, L, 6.5, U, 196.5, 1, 225.0, 238.0, 85.0, 178.0, 18.0, 48.0, 37.0, 49.0, 27.0, 89.0, 54.0, 17.0, 4.0, 33.0, 51.0, 90.0, 171.0, 19.0, 45.0, 39.0, 57.0, 19.0, 78.0, 48.0, 14.0, 11.0, 28.0, 39.0
12, 2012-11-21, Home, CHI, W, W, -1, U, 192, 0, 199.0, 221.0, 74.0, 176.0, 16.0, 44.0, 35.0, 49.0, 26.0, 91.0, 48.0, 12.0, 10.0, 29.0, 44.0, 83.0, 177.0, 18.0, 41.0, 37.0, 51.0, 23.0, 96.0, 57.0, 14.0, 14.0, 27.0, 38.0
13, 2012-11-23, Home, NYK, W, W, 4, O, 197.5, 0, 184.0, 191.0, 62.0, 160.0, 14.0, 40.0, 46.0, 62.0, 25.0, 94.0, 33.0, 12.0, 15.0, 37.0, 40.0, 75.0, 187.0, 11.0, 37.0, 30.0, 42.0, 30.0, 103.0, 50.0, 15.0, 18.0, 28.0, 45.0
14, 2012-11-27, Home, TOR, W, W, -6, O, 203, 0, 224.0, 192.0, 78.0, 163.0, 21.0, 44.0, 47.0, 59.0, 21.0, 94.0, 37.0, 16.0, 12.0, 37.0, 35.0, 75.0, 181.0, 19.0, 55.0, 23.0, 33.0, 22.0, 78.0, 42.0, 19.0, 16.0, 29.0, 43.0
15, 2012-11-28, Away, OKC, L, L, 10.5, O, 210, 1, 248.0, 204.0, 90.0, 172.0, 27.0, 51.0, 41.0, 49.0, 23.0, 94.0, 52.0, 19.0, 7.0, 28.0, 32.0, 79.0, 172.0, 25.0, 62.0, 21.0, 26.0, 17.0, 69.0, 47.0, 14.0, 11.0, 31.0, 36.0
16, 2012-12-01, Home, UTA, W, W, -6.5, O, 206.5, 0, 215.0, 221.0, 80.0, 170.0, 21.0, 47.0, 34.0, 51.0, 28.0, 83.0, 50.0, 22.0, 3.0, 30.0, 31.0, 89.0, 173.0, 17.0, 45.0, 26.0, 34.0, 26.0, 85.0, 51.0, 16.0, 13.0, 31.0, 37.0
17, 2012-12-04, Home, LAL, W, W, -1, U, 215, 0, 222.0, 236.0, 82.0, 170.0, 19.0, 43.0, 39.0, 56.0, 26.0, 76.0, 46.0, 20.0, 9.0, 32.0, 33.0, 95.0, 181.0, 20.0, 42.0, 26.0, 33.0, 27.0, 84.0, 51.0, 18.0, 17.0, 29.0, 44.0
18, 2012-12-07, Away, SAS, L, L, 8.5, U, 212.5, 0, 231.0, 221.0, 84.0, 184.0, 18.0, 56.0, 45.0, 57.0, 31.0, 88.0, 48.0, 16.0, 11.0, 26.0, 45.0, 86.0, 177.0, 18.0, 41.0, 31.0, 45.0, 27.0, 91.0, 41.0, 15.0, 17.0, 32.0, 47.0
19, 2012-12-08, Home, DAL, L, L, -6, O, 209, 1, 199.0, 219.0, 75.0, 196.0, 18.0, 67.0, 31.0, 39.0, 31.0, 87.0, 45.0, 18.0, 6.0, 28.0, 42.0, 86.0, 170.0, 13.0, 41.0, 34.0, 47.0, 21.0, 103.0, 49.0, 17.0, 18.0, 35.0, 35.0
20, 2012-12-10, Home, SAS, L, L, 7, O, 211.5, 0, 201.0, 230.0, 72.0, 167.0, 23.0, 68.0, 34.0, 46.0, 14.0, 74.0, 51.0, 19.0, 6.0, 37.0, 40.0, 91.0, 178.0, 16.0, 44.0, 32.0, 38.0, 17.0, 90.0, 57.0, 17.0, 9.0, 29.0, 34.0
21, 2012-12-12, Home, WAS, W, L, -10.5, U, 206, 0, 235.0, 250.0, 76.0, 169.0, 28.0, 65.0, 55.0, 74.0, 15.0, 77.0, 52.0, 20.0, 12.0, 33.0, 47.0, 91.0, 183.0, 24.0, 54.0, 44.0, 51.0, 17.0, 89.0, 55.0, 13.0, 10.0, 31.0, 46.0
22, 2012-12-14, Home, BOS, W, W, -2.5, U, 207, 0, 225.0, 227.0, 75.0, 173.0, 25.0, 54.0, 50.0, 66.0, 17.0, 87.0, 43.0, 18.0, 16.0, 32.0, 40.0, 83.0, 181.0, 21.0, 55.0, 40.0, 46.0, 16.0, 95.0, 49.0, 16.0, 16.0, 32.0, 42.0
23, 2012-12-16, Away, TOR, L, L, -4, U, 200.5, 0, 200.0, 182.0, 71.0, 152.0, 19.0, 51.0, 39.0, 53.0, 13.0, 92.0, 42.0, 13.0, 16.0, 35.0, 35.0, 69.0, 174.0, 15.0, 45.0, 29.0, 37.0, 19.0, 87.0, 40.0, 25.0, 13.0, 25.0, 36.0
24, 2012-12-17, Away, NYK, W, W, 7.5, U, 210, 1, 197.0, 192.0, 69.0, 154.0, 17.0, 50.0, 42.0, 55.0, 15.0, 89.0, 37.0, 13.0, 9.0, 29.0, 35.0, 73.0, 170.0, 16.0, 50.0, 30.0, 37.0, 14.0, 84.0, 51.0, 21.0, 18.0, 19.0, 40.0
25, 2012-12-19, Home, PHI, W, W, -8, O, 199, 0, 205.0, 199.0, 72.0, 156.0, 17.0, 52.0, 44.0, 56.0, 14.0, 86.0, 32.0, 19.0, 5.0, 29.0, 35.0, 78.0, 175.0, 17.0, 61.0, 26.0, 36.0, 18.0, 88.0, 44.0, 14.0, 15.0, 24.0, 42.0
26, 2012-12-22, Home, MEM, W, W, -1, O, 196.5, 0, 234.0, 199.0, 82.0, 153.0, 21.0, 56.0, 49.0, 60.0, 13.0, 83.0, 47.0, 17.0, 7.0, 27.0, 36.0, 79.0, 179.0, 15.0, 48.0, 26.0, 40.0, 27.0, 84.0, 36.0, 14.0, 5.0, 28.0, 39.0
27, 2012-12-25, Away, CHI, W, W, 4.5, O, 197.5, 0, 246.0, 199.0, 86.0, 157.0, 23.0, 55.0, 51.0, 62.0, 16.0, 79.0, 61.0, 15.0, 8.0, 25.0, 33.0, 82.0, 168.0, 8.0, 30.0, 27.0, 38.0, 22.0, 76.0, 44.0, 13.0, 8.0, 30.0, 40.0
28, 2012-12-26, Away, MIN, W, W, 5.5, U, 211, 1, 241.0, 193.0, 90.0, 164.0, 20.0, 48.0, 41.0, 50.0, 19.0, 83.0, 57.0, 19.0, 10.0, 25.0, 34.0, 79.0, 162.0, 8.0, 33.0, 27.0, 34.0, 15.0, 68.0, 45.0, 13.0, 8.0, 30.0, 38.0
29, 2012-12-28, Away, SAS, L, W, 8.5, O, 213, 0, 207.0, 181.0, 79.0, 163.0, 17.0, 51.0, 32.0, 39.0, 17.0, 92.0, 44.0, 15.0, 7.0, 26.0, 40.0, 69.0, 167.0, 13.0, 48.0, 30.0, 37.0, 19.0, 81.0, 40.0, 16.0, 7.0, 25.0, 31.0
30, 2012-12-29, Home, OKC, L, L, 4.5, O, 213, 1, 203.0, 206.0, 78.0, 167.0, 20.0, 63.0, 27.0, 41.0, 19.0, 86.0, 46.0, 18.0, 3.0, 40.0, 41.0, 76.0, 161.0, 19.0, 51.0, 35.0, 41.0, 16.0, 84.0, 39.0, 24.0, 9.0, 33.0, 33.0
31, 2012-12-31, Home, ATL, W, W, -5, O, 206, 0, 210.0, 246.0, 78.0, 169.0, 19.0, 62.0, 35.0, 53.0, 18.0, 75.0, 45.0, 24.0, 3.0, 48.0, 41.0, 89.0, 171.0, 25.0, 52.0, 43.0, 47.0, 16.0, 87.0, 43.0, 30.0, 14.0, 40.0, 39.0
32, 2013-01-02, Home, NOH, W, W, -10, U, 202.5, 0, 217.0, 228.0, 78.0, 167.0, 24.0, 59.0, 37.0, 49.0, 10.0, 76.0, 48.0, 23.0, 7.0, 33.0, 30.0, 88.0, 184.0, 25.0, 52.0, 27.0, 30.0, 16.0, 89.0, 46.0, 22.0, 15.0, 35.0, 34.0
33, 2013-01-04, Away, MIL, W, W, 1, O, 213.5, 0, 227.0, 196.0, 86.0, 167.0, 21.0, 53.0, 34.0, 45.0, 15.0, 89.0, 51.0, 15.0, 8.0, 20.0, 27.0, 81.0, 180.0, 17.0, 39.0, 17.0, 27.0, 18.0, 82.0, 45.0, 11.0, 10.0, 24.0, 36.0
34, 2013-01-05, Away, CLE, W, W, -6, O, 213, 1, 219.0, 193.0, 86.0, 166.0, 18.0, 57.0, 29.0, 42.0, 19.0, 84.0, 51.0, 18.0, 6.0, 30.0, 36.0, 77.0, 177.0, 11.0, 30.0, 28.0, 43.0, 31.0, 95.0, 44.0, 15.0, 11.0, 35.0, 41.0
35, 2013-01-08, Home, LAL, W, W, -8, O, 223, 0, 227.0, 205.0, 82.0, 162.0, 25.0, 67.0, 38.0, 55.0, 20.0, 78.0, 53.0, 24.0, 7.0, 36.0, 43.0, 75.0, 178.0, 13.0, 37.0, 42.0, 51.0, 34.0, 93.0, 43.0, 21.0, 10.0, 38.0, 46.0
36, 2013-01-09, Away, NOH, L, L, -2.5, U, 200.5, 1, 237.0, 216.0, 85.0, 166.0, 23.0, 59.0, 44.0, 59.0, 21.0, 85.0, 49.0, 19.0, 8.0, 35.0, 38.0, 79.0, 182.0, 21.0, 54.0, 37.0, 41.0, 26.0, 81.0, 45.0, 21.0, 8.0, 29.0, 46.0
37, 2013-01-11, Away, BOS, L, L, 3, U, 200.5, 0, 204.0, 200.0, 78.0, 162.0, 20.0, 52.0, 28.0, 36.0, 19.0, 81.0, 41.0, 17.0, 7.0, 40.0, 35.0, 78.0, 175.0, 19.0, 50.0, 25.0, 29.0, 25.0, 83.0, 51.0, 21.0, 15.0, 32.0, 38.0
38, 2013-01-12, Away, PHI, L, L, 1, O, 204, 1, 170.0, 191.0, 65.0, 155.0, 18.0, 60.0, 22.0, 42.0, 22.0, 77.0, 38.0, 18.0, 4.0, 36.0, 41.0, 76.0, 163.0, 14.0, 42.0, 25.0, 32.0, 24.0, 89.0, 48.0, 19.0, 16.0, 32.0, 46.0
39, 2013-01-15, Home, LAC, L, L, -3, O, 206.5, 0, 191.0, 210.0, 72.0, 164.0, 17.0, 65.0, 30.0, 51.0, 21.0, 80.0, 44.0, 15.0, 1.0, 30.0, 39.0, 84.0, 166.0, 15.0, 41.0, 27.0, 35.0, 16.0, 86.0, 48.0, 16.0, 11.0, 27.0, 47.0
40, 2013-01-16, Away, DAL, L, L, 4, U, 213, 1, 209.0, 224.0, 78.0, 166.0, 21.0, 69.0, 32.0, 47.0, 21.0, 76.0, 46.0, 16.0, 1.0, 31.0, 41.0, 85.0, 165.0, 17.0, 37.0, 37.0, 45.0, 18.0, 78.0, 47.0, 15.0, 7.0, 27.0, 39.0
41, 2013-01-18, Away, IND, L, L, 4.5, O, 195, 0, 209.0, 222.0, 74.0, 166.0, 24.0, 64.0, 37.0, 55.0, 21.0, 86.0, 42.0, 16.0, 7.0, 31.0, 52.0, 75.0, 164.0, 16.0, 41.0, 56.0, 69.0, 21.0, 82.0, 43.0, 14.0, 7.0, 26.0, 40.0
42, 2013-01-19, Away, MIN, L, L, -5.5, U, 202, 1, 195.0, 210.0, 67.0, 167.0, 24.0, 57.0, 37.0, 46.0, 20.0, 88.0, 38.0, 13.0, 16.0, 34.0, 46.0, 73.0, 173.0, 16.0, 41.0, 48.0, 60.0, 25.0, 88.0, 43.0, 18.0, 14.0, 23.0, 39.0
43, 2013-01-21, Away, CHA, W, L, -7, U, 208.5, 0, 174.0, 197.0, 59.0, 161.0, 21.0, 61.0, 35.0, 44.0, 32.0, 79.0, 35.0, 15.0, 12.0, 38.0, 46.0, 70.0, 151.0, 14.0, 33.0, 43.0, 53.0, 23.0, 78.0, 35.0, 15.0, 13.0, 28.0, 39.0
44, 2013-01-23, Home, DEN, L, L, -3, U, 218, 0, 179.0, 186.0, 54.0, 152.0, 18.0, 60.0, 53.0, 69.0, 32.0, 90.0, 34.0, 15.0, 5.0, 33.0, 52.0, 64.0, 145.0, 9.0, 29.0, 49.0, 60.0, 17.0, 77.0, 31.0, 9.0, 14.0, 25.0, 46.0
45, 2013-01-25, Away, NOH, W, W, 2.5, U, 200.5, 0, 195.0, 199.0, 66.0, 157.0, 21.0, 63.0, 42.0, 54.0, 18.0, 85.0, 44.0, 15.0, 10.0, 35.0, 44.0, 74.0, 167.0, 14.0, 36.0, 37.0, 49.0, 19.0, 81.0, 39.0, 18.0, 18.0, 24.0, 39.0
46, 2013-01-26, Home, BRK, W, W, -4, O, 200.5, 1, 195.0, 187.0, 71.0, 154.0, 22.0, 55.0, 31.0, 39.0, 20.0, 82.0, 47.0, 16.0, 14.0, 43.0, 45.0, 71.0, 166.0, 11.0, 41.0, 34.0, 45.0, 23.0, 75.0, 42.0, 21.0, 15.0, 29.0, 38.0
47, 2013-01-28, Away, UTA, W, W, 3.5, U, 208.5, 0, 219.0, 188.0, 77.0, 158.0, 23.0, 49.0, 42.0, 53.0, 27.0, 94.0, 54.0, 14.0, 10.0, 32.0, 42.0, 67.0, 160.0, 19.0, 56.0, 35.0, 41.0, 19.0, 65.0, 41.0, 15.0, 17.0, 25.0, 46.0
48, 2013-01-30, Away, DEN, L, L, 4, O, 217, 0, 244.0, 186.0, 90.0, 176.0, 28.0, 62.0, 36.0, 45.0, 24.0, 94.0, 58.0, 18.0, 7.0, 16.0, 36.0, 68.0, 161.0, 21.0, 54.0, 29.0, 40.0, 21.0, 70.0, 40.0, 9.0, 19.0, 25.0, 39.0
49, 2013-02-02, Home, CHA, W, W, -12, U, 208.5, 0, 235.0, 198.0, 86.0, 170.0, 24.0, 61.0, 39.0, 53.0, 20.0, 86.0, 49.0, 23.0, 10.0, 26.0, 47.0, 74.0, 163.0, 13.0, 46.0, 37.0, 55.0, 23.0, 79.0, 40.0, 11.0, 16.0, 35.0, 42.0
50, 2013-02-05, Home, GSW, W, W, -2.5, O, 217, 0, 219.0, 213.0, 81.0, 163.0, 15.0, 47.0, 42.0, 58.0, 24.0, 92.0, 49.0, 16.0, 11.0, 35.0, 48.0, 75.0, 161.0, 16.0, 47.0, 47.0, 60.0, 18.0, 75.0, 39.0, 16.0, 14.0, 33.0, 46.0
51, 2013-02-06, Away, MIA, L, W, 7.5, O, 206.5, 1, 249.0, 204.0, 88.0, 173.0, 30.0, 60.0, 43.0, 58.0, 28.0, 98.0, 62.0, 11.0, 7.0, 22.0, 43.0, 74.0, 165.0, 11.0, 34.0, 45.0, 54.0, 20.0, 75.0, 39.0, 9.0, 12.0, 25.0, 49.0
52, 2013-02-08, Home, POR, W, W, -7.5, O, 210.5, 0, 248.0, 223.0, 85.0, 171.0, 32.0, 65.0, 46.0, 60.0, 22.0, 87.0, 54.0, 12.0, 4.0, 24.0, 50.0, 81.0, 168.0, 13.0, 38.0, 48.0, 58.0, 19.0, 78.0, 44.0, 11.0, 11.0, 22.0, 42.0
53, 2013-02-10, Away, SAC, L, L, -6.5, O, 218, 0, 226.0, 217.0, 86.0, 159.0, 21.0, 51.0, 33.0, 41.0, 15.0, 78.0, 46.0, 11.0, 11.0, 26.0, 45.0, 80.0, 170.0, 18.0, 49.0, 39.0, 48.0, 23.0, 78.0, 44.0, 13.0, 10.0, 21.0, 28.0
54, 2013-02-12, Away, GSW, W, W, 4, O, 218.5, 0, 229.0, 220.0, 91.0, 168.0, 22.0, 59.0, 25.0, 33.0, 21.0, 82.0, 56.0, 11.0, 16.0, 25.0, 40.0, 80.0, 175.0, 19.0, 46.0, 41.0, 47.0, 30.0, 86.0, 43.0, 13.0, 6.0, 24.0, 33.0
55, 2013-02-13, Away, LAC, L, W, 10.5, U, 208, 1, 227.0, 224.0, 87.0, 180.0, 20.0, 67.0, 33.0, 42.0, 24.0, 91.0, 61.0, 14.0, 10.0, 26.0, 42.0, 78.0, 171.0, 19.0, 40.0, 49.0, 58.0, 23.0, 92.0, 47.0, 15.0, 8.0, 26.0, 43.0
56, 2013-02-20, Home, OKC, W, W, 3, O, 220.5, 0, 212.0, 213.0, 79.0, 173.0, 15.0, 58.0, 39.0, 47.0, 23.0, 89.0, 50.0, 18.0, 5.0, 32.0, 44.0, 75.0, 159.0, 21.0, 52.0, 42.0, 57.0, 14.0, 83.0, 53.0, 18.0, 12.0, 31.0, 41.0
57, 2013-02-22, Away, BRK, W, W, -1.5, U, 207.5, 0, 218.0, 225.0, 80.0, 174.0, 20.0, 57.0, 38.0, 45.0, 24.0, 83.0, 44.0, 24.0, 6.0, 39.0, 46.0, 79.0, 162.0, 24.0, 60.0, 43.0, 53.0, 19.0, 85.0, 53.0, 18.0, 17.0, 41.0, 41.0
58, 2013-02-23, Away, WAS, L, L, -1.5, U, 211, 1, 228.0, 215.0, 85.0, 169.0, 31.0, 63.0, 27.0, 35.0, 18.0, 79.0, 51.0, 19.0, 8.0, 34.0, 45.0, 82.0, 178.0, 21.0, 58.0, 30.0, 38.0, 27.0, 89.0, 49.0, 15.0, 16.0, 36.0, 41.0
59, 2013-02-27, Home, MIL, L, L, -8.5, U, 220, 0, 209.0, 201.0, 79.0, 161.0, 35.0, 76.0, 16.0, 26.0, 20.0, 76.0, 49.0, 12.0, 7.0, 32.0, 41.0, 81.0, 171.0, 17.0, 46.0, 22.0, 30.0, 23.0, 78.0, 55.0, 17.0, 11.0, 26.0, 37.0
60, 2013-03-01, Away, ORL, W, L, -9, O, 213, 0, 210.0, 215.0, 80.0, 173.0, 26.0, 69.0, 24.0, 39.0, 26.0, 86.0, 50.0, 18.0, 4.0, 33.0, 39.0, 84.0, 169.0, 16.0, 40.0, 31.0, 39.0, 18.0, 80.0, 58.0, 18.0, 12.0, 30.0, 41.0
61, 2013-03-03, Home, DAL, W, W, -5.5, O, 219.5, 0, 225.0, 220.0, 84.0, 166.0, 22.0, 55.0, 35.0, 53.0, 22.0, 81.0, 54.0, 19.0, 2.0, 29.0, 36.0, 87.0, 167.0, 18.0, 46.0, 28.0, 36.0, 15.0, 74.0, 57.0, 18.0, 7.0, 31.0, 44.0
62, 2013-03-06, Away, DAL, L, L, 1.5, U, 221, 0, 254.0, 213.0, 88.0, 157.0, 29.0, 66.0, 49.0, 68.0, 19.0, 79.0, 58.0, 21.0, 1.0, 25.0, 37.0, 82.0, 158.0, 21.0, 49.0, 28.0, 40.0, 15.0, 63.0, 49.0, 16.0, 4.0, 32.0, 54.0
63, 2013-03-08, Away, GSW, W, W, 2, U, 223, 0, 244.0, 215.0, 81.0, 158.0, 26.0, 66.0, 56.0, 73.0, 18.0, 85.0, 52.0, 18.0, 5.0, 25.0, 39.0, 83.0, 163.0, 23.0, 53.0, 26.0, 38.0, 14.0, 65.0, 54.0, 13.0, 6.0, 29.0, 55.0
64, 2013-03-09, Away, PHO, L, L, -7, O, 211, 1, 202.0, 200.0, 62.0, 152.0, 27.0, 67.0, 51.0, 67.0, 15.0, 85.0, 43.0, 16.0, 7.0, 24.0, 35.0, 78.0, 170.0, 20.0, 47.0, 24.0, 34.0, 17.0, 84.0, 53.0, 11.0, 7.0, 27.0, 47.0
65, 2013-03-13, Home, PHO, W, W, -12, U, 213.5, 0, 199.0, 195.0, 64.0, 160.0, 34.0, 76.0, 37.0, 52.0, 22.0, 84.0, 43.0, 21.0, 7.0, 31.0, 41.0, 70.0, 169.0, 17.0, 39.0, 38.0, 59.0, 29.0, 98.0, 36.0, 19.0, 8.0, 32.0, 45.0
66, 2013-03-15, Home, MIN, W, L, -14.5, U, 211, 0, 216.0, 188.0, 76.0, 162.0, 29.0, 62.0, 35.0, 48.0, 26.0, 85.0, 48.0, 20.0, 10.0, 41.0, 36.0, 71.0, 163.0, 14.0, 39.0, 32.0, 49.0, 22.0, 76.0, 38.0, 26.0, 11.0, 36.0, 40.0
67, 2013-03-17, Home, GSW, L, L, -7.5, U, 217.5, 0, 219.0, 181.0, 75.0, 150.0, 21.0, 52.0, 48.0, 61.0, 23.0, 90.0, 51.0, 17.0, 7.0, 40.0, 32.0, 73.0, 162.0, 12.0, 45.0, 23.0, 30.0, 14.0, 65.0, 45.0, 19.0, 14.0, 33.0, 45.0
68, 2013-03-20, Home, UTA, W, L, -7.5, U, 209.5, 0, 186.0, 208.0, 64.0, 160.0, 20.0, 66.0, 38.0, 47.0, 24.0, 92.0, 41.0, 13.0, 7.0, 33.0, 35.0, 83.0, 177.0, 19.0, 50.0, 23.0, 29.0, 17.0, 86.0, 52.0, 13.0, 13.0, 23.0, 42.0
69, 2013-03-22, Home, CLE, W, W, -12, U, 212, 0, 178.0, 201.0, 62.0, 162.0, 15.0, 58.0, 39.0, 48.0, 21.0, 92.0, 31.0, 16.0, 9.0, 30.0, 38.0, 80.0, 175.0, 18.0, 43.0, 23.0, 29.0, 13.0, 86.0, 46.0, 16.0, 11.0, 24.0, 39.0
70, 2013-03-24, Home, SAS, W, W, 1.5, U, 212.5, 0, 216.0, 171.0, 78.0, 153.0, 16.0, 52.0, 44.0, 59.0, 22.0, 98.0, 41.0, 18.0, 10.0, 37.0, 41.0, 67.0, 165.0, 9.0, 37.0, 28.0, 35.0, 15.0, 68.0, 33.0, 18.0, 8.0, 28.0, 46.0
71, 2013-03-27, Home, IND, L, L, -5.5, U, 198, 0, 212.0, 173.0, 76.0, 157.0, 19.0, 55.0, 41.0, 54.0, 25.0, 98.0, 45.0, 15.0, 13.0, 35.0, 40.0, 64.0, 164.0, 14.0, 42.0, 31.0, 36.0, 17.0, 70.0, 33.0, 18.0, 12.0, 30.0, 41.0
72, 2013-03-29, Away, MEM, L, L, 4.5, O, 195, 0, 187.0, 195.0, 64.0, 163.0, 15.0, 47.0, 44.0, 53.0, 27.0, 86.0, 37.0, 14.0, 11.0, 27.0, 47.0, 68.0, 156.0, 16.0, 40.0, 43.0, 49.0, 16.0, 83.0, 39.0, 18.0, 14.0, 28.0, 38.0
73, 2013-03-30, Home, LAC, W, W, -1, U, 206, 1, 185.0, 203.0, 66.0, 164.0, 15.0, 48.0, 38.0, 47.0, 30.0, 77.0, 37.0, 17.0, 9.0, 28.0, 51.0, 75.0, 157.0, 10.0, 29.0, 43.0, 49.0, 22.0, 87.0, 44.0, 17.0, 9.0, 26.0, 40.0
74, 2013-04-01, Home, ORL, W, L, -11.5, O, 201, 0, 192.0, 184.0, 69.0, 161.0, 18.0, 51.0, 36.0, 48.0, 27.0, 83.0, 36.0, 17.0, 10.0, 34.0, 44.0, 71.0, 157.0, 11.0, 33.0, 31.0, 35.0, 20.0, 80.0, 39.0, 18.0, 11.0, 32.0, 45.0
75, 2013-04-03, Away, SAC, W, W, -4, U, 219.5, 0, 209.0, 184.0, 79.0, 178.0, 18.0, 53.0, 33.0, 49.0, 32.0, 102.0, 44.0, 11.0, 11.0, 29.0, 37.0, 70.0, 171.0, 13.0, 37.0, 31.0, 35.0, 21.0, 86.0, 37.0, 16.0, 16.0, 27.0, 48.0
76, 2013-04-05, Away, POR, W, W, -5.5, O, 210, 0, 223.0, 205.0, 86.0, 184.0, 19.0, 59.0, 32.0, 43.0, 32.0, 101.0, 59.0, 11.0, 10.0, 28.0, 47.0, 73.0, 180.0, 12.0, 36.0, 47.0, 55.0, 27.0, 88.0, 41.0, 18.0, 13.0, 21.0, 42.0
77, 2013-04-06, Away, DEN, L, L, 6, O, 210.5, 1, 228.0, 200.0, 81.0, 162.0, 22.0, 58.0, 44.0, 56.0, 22.0, 91.0, 56.0, 15.0, 8.0, 31.0, 46.0, 72.0, 178.0, 8.0, 41.0, 48.0, 58.0, 27.0, 84.0, 42.0, 20.0, 6.0, 25.0, 41.0
78, 2013-04-09, Home, PHO, W, L, -14.5, U, 214, 0, 230.0, 230.0, 78.0, 159.0, 26.0, 62.0, 48.0, 67.0, 21.0, 85.0, 54.0, 13.0, 14.0, 30.0, 40.0, 92.0, 190.0, 13.0, 45.0, 33.0, 45.0, 27.0, 90.0, 63.0, 20.0, 6.0, 22.0, 47.0
79, 2013-04-12, Home, MEM, L, L, -2.5, U, 195, 0, 215.0, 230.0, 76.0, 169.0, 20.0, 64.0, 43.0, 56.0, 26.0, 85.0, 49.0, 16.0, 15.0, 34.0, 38.0, 92.0, 185.0, 18.0, 37.0, 28.0, 40.0, 24.0, 87.0, 64.0, 21.0, 9.0, 28.0, 46.0
80, 2013-04-14, Home, SAC, W, W, -10.5, O, 218.5, 0, 179.0, 180.0, 60.0, 160.0, 17.0, 62.0, 42.0, 52.0, 30.0, 95.0, 37.0, 15.0, 12.0, 36.0, 42.0, 67.0, 169.0, 12.0, 29.0, 34.0, 47.0, 23.0, 85.0, 42.0, 19.0, 13.0, 25.0, 42.0
81, 2013-04-15, Away, PHO, L, L, -7.5, O, 210.5, 1, 199.0, 182.0, 68.0, 157.0, 24.0, 59.0, 39.0, 52.0, 21.0, 97.0, 46.0, 15.0, 19.0, 37.0, 43.0, 68.0, 183.0, 13.0, 42.0, 33.0, 45.0, 27.0, 89.0, 42.0, 20.0, 18.0, 21.0, 43.0
82, 2013-04-17, Away, LAL, L, L, 2.5, U, 203, 0, 233.0, 219.0, 88.0, 175.0, 24.0, 56.0, 33.0, 47.0, 14.0, 89.0, 49.0, 16.0, 23.0, 33.0, 38.0, 86.0, 195.0, 15.0, 48.0, 32.0, 40.0, 26.0, 89.0, 53.0, 21.0, 19.0, 26.0, 40.0
