7, 2014-11-12, Home, OKC, L, L, -7.5, O, 197, 0, 638.0, 636.0, 252.0, 532.0, 46.0, 150.0, 88.0, 111.0, 78.0, 266.0, 150.0, 47.0, 28.0, 90.0, 133.0, 239.0, 505.0, 53.0, 131.0, 105.0, 137.0, 57.0, 228.0, 126.0, 38.0, 36.0, 82.0, 113.0
8, 2014-11-14, Home, CLE, L, W, 6, O, 208.5, 0, 611.0, 640.0, 240.0, 527.0, 47.0, 161.0, 84.0, 101.0, 76.0, 266.0, 150.0, 41.0, 26.0, 86.0, 128.0, 240.0, 507.0, 56.0, 136.0, 104.0, 133.0, 56.0, 230.0, 129.0, 33.0, 32.0, 70.0, 105.0
9, 2014-11-17, Home, PHO, L, L, 1.5, O, 215.5, 0, 642.0, 658.0, 251.0, 517.0, 52.0, 156.0, 88.0, 106.0, 70.0, 261.0, 162.0, 38.0, 19.0, 90.0, 128.0, 251.0, 516.0, 52.0, 125.0, 104.0, 130.0, 54.0, 221.0, 131.0, 29.0, 29.0, 64.0, 102.0
10, 2014-11-19, Away, PHI, W, W, -6.5, U, 213.5, 0, 643.0, 658.0, 251.0, 502.0, 45.0, 135.0, 96.0, 121.0, 59.0, 256.0, 161.0, 39.0, 17.0, 91.0, 126.0, 255.0, 527.0, 47.0, 121.0, 101.0, 126.0, 55.0, 225.0, 137.0, 35.0, 22.0, 65.0, 108.0
11, 2014-11-21, Away, MEM, L, L, 6.5, O, 199.5, 0, 637.0, 638.0, 252.0, 507.0, 41.0, 129.0, 92.0, 124.0, 49.0, 245.0, 171.0, 45.0, 18.0, 79.0, 120.0, 247.0, 526.0, 47.0, 126.0, 97.0, 124.0, 58.0, 245.0, 141.0, 34.0, 20.0, 73.0, 110.0
12, 2014-11-23, Home, POR, L, L, 4.5, U, 209.5, 0, 636.0, 657.0, 251.0, 510.0, 41.0, 129.0, 93.0, 129.0, 49.0, 245.0, 167.0, 46.0, 22.0, 79.0, 115.0, 255.0, 529.0, 50.0, 123.0, 97.0, 125.0, 53.0, 253.0, 154.0, 36.0, 18.0, 74.0, 109.0
13, 2014-11-28, Home, CHI, L, L, 3.5, O, 204.5, 0, 618.0, 650.0, 246.0, 524.0, 39.0, 133.0, 87.0, 121.0, 54.0, 246.0, 159.0, 52.0, 20.0, 75.0, 113.0, 250.0, 523.0, 49.0, 124.0, 101.0, 125.0, 52.0, 270.0, 148.0, 38.0, 19.0, 82.0, 106.0
14, 2014-11-30, Home, SAS, L, L, 7.5, U, 204.5, 0, 626.0, 650.0, 246.0, 533.0, 36.0, 122.0, 98.0, 137.0, 59.0, 253.0, 151.0, 54.0, 19.0, 80.0, 123.0, 247.0, 531.0, 44.0, 117.0, 112.0, 140.0, 62.0, 281.0, 143.0, 42.0, 29.0, 87.0, 114.0
15, 2014-12-02, Away, ATL, L, W, 7, O, 211, 0, 594.0, 639.0, 234.0, 532.0, 36.0, 120.0, 90.0, 129.0, 63.0, 256.0, 140.0, 52.0, 23.0, 81.0, 118.0, 245.0, 531.0, 47.0, 120.0, 102.0, 123.0, 64.0, 286.0, 146.0, 46.0, 29.0, 90.0, 104.0
16, 2014-12-03, Home, DET, W, W, -4.5, O, 202, 1, 585.0, 630.0, 230.0, 529.0, 44.0, 133.0, 81.0, 111.0, 61.0, 254.0, 145.0, 52.0, 22.0, 84.0, 119.0, 240.0, 520.0, 49.0, 123.0, 101.0, 121.0, 60.0, 277.0, 152.0, 43.0, 35.0, 88.0, 95.0
17, 2014-12-05, Home, LAL, W, W, -3, U, 219, 0, 593.0, 642.0, 226.0, 539.0, 51.0, 143.0, 90.0, 117.0, 62.0, 259.0, 141.0, 49.0, 24.0, 81.0, 121.0, 243.0, 536.0, 50.0, 129.0, 106.0, 129.0, 67.0, 288.0, 150.0, 40.0, 40.0, 84.0, 98.0
18, 2014-12-07, Home, WAS, W, W, 3.5, U, 204, 0, 606.0, 621.0, 234.0, 541.0, 50.0, 136.0, 88.0, 118.0, 63.0, 275.0, 148.0, 48.0, 19.0, 85.0, 126.0, 233.0, 537.0, 48.0, 129.0, 107.0, 134.0, 65.0, 276.0, 133.0, 38.0, 40.0, 82.0, 100.0
19, 2014-12-08, Away, WAS, L, W, 9, O, 204.5, 1, 619.0, 620.0, 233.0, 534.0, 53.0, 130.0, 100.0, 132.0, 60.0, 278.0, 151.0, 46.0, 25.0, 92.0, 132.0, 230.0, 544.0, 52.0, 137.0, 108.0, 140.0, 71.0, 273.0, 134.0, 36.0, 45.0, 85.0, 107.0
20, 2014-12-10, Away, CHO, L, L, 3, U, 205, 0, 649.0, 644.0, 243.0, 544.0, 56.0, 130.0, 107.0, 135.0, 62.0, 282.0, 158.0, 56.0, 27.0, 96.0, 132.0, 242.0, 548.0, 54.0, 136.0, 106.0, 137.0, 64.0, 270.0, 148.0, 41.0, 35.0, 95.0, 112.0
21, 2014-12-12, Home, NYK, L, L, -6, U, 203, 0, 647.0, 629.0, 245.0, 544.0, 55.0, 135.0, 102.0, 130.0, 56.0, 285.0, 163.0, 54.0, 23.0, 95.0, 138.0, 236.0, 547.0, 46.0, 124.0, 111.0, 146.0, 61.0, 269.0, 141.0, 37.0, 33.0, 91.0, 115.0
22, 2014-12-15, Away, PHI, W, W, -5, U, 204.5, 0, 637.0, 621.0, 241.0, 545.0, 50.0, 134.0, 105.0, 135.0, 59.0, 284.0, 158.0, 47.0, 23.0, 91.0, 136.0, 233.0, 546.0, 41.0, 116.0, 114.0, 150.0, 68.0, 278.0, 131.0, 42.0, 30.0, 88.0, 121.0
23, 2014-12-17, Home, ORL, W, W, -3.5, O, 200, 0, 633.0, 606.0, 242.0, 538.0, 43.0, 129.0, 106.0, 143.0, 67.0, 287.0, 156.0, 54.0, 22.0, 101.0, 138.0, 229.0, 537.0, 37.0, 117.0, 111.0, 142.0, 68.0, 271.0, 130.0, 46.0, 32.0, 99.0, 126.0
24, 2014-12-19, Home, MIN, W, W, -6, P, 212, 0, 629.0, 602.0, 240.0, 528.0, 42.0, 128.0, 107.0, 139.0, 64.0, 275.0, 152.0, 57.0, 28.0, 99.0, 135.0, 228.0, 530.0, 36.0, 120.0, 110.0, 138.0, 71.0, 269.0, 133.0, 52.0, 29.0, 99.0, 124.0
25, 2014-12-21, Away, MIA, L, L, -3, U, 198.5, 0, 642.0, 607.0, 252.0, 525.0, 42.0, 134.0, 96.0, 127.0, 67.0, 269.0, 161.0, 56.0, 27.0, 97.0, 134.0, 236.0, 530.0, 31.0, 105.0, 104.0, 133.0, 70.0, 254.0, 135.0, 55.0, 26.0, 93.0, 117.0
26, 2014-12-23, Away, ORL, L, L, 2, U, 198, 0, 594.0, 574.0, 238.0, 506.0, 39.0, 135.0, 79.0, 110.0, 67.0, 265.0, 156.0, 45.0, 27.0, 95.0, 122.0, 224.0, 514.0, 30.0, 110.0, 96.0, 125.0, 65.0, 243.0, 121.0, 54.0, 26.0, 78.0, 105.0
27, 2014-12-26, Home, BRK, L, L, -2, O, 201, 0, 602.0, 578.0, 233.0, 504.0, 41.0, 135.0, 95.0, 129.0, 70.0, 265.0, 152.0, 52.0, 30.0, 93.0, 116.0, 228.0, 513.0, 34.0, 114.0, 88.0, 119.0, 65.0, 244.0, 126.0, 56.0, 27.0, 82.0, 112.0
28, 2014-12-27, Away, WAS, L, L, 9.5, U, 205, 1, 614.0, 586.0, 241.0, 506.0, 43.0, 137.0, 89.0, 122.0, 63.0, 261.0, 156.0, 57.0, 30.0, 90.0, 121.0, 229.0, 515.0, 35.0, 119.0, 93.0, 129.0, 67.0, 247.0, 119.0, 52.0, 25.0, 84.0, 102.0
29, 2014-12-31, Home, SAC, W, W, 2, U, 211.5, 0, 597.0, 600.0, 235.0, 499.0, 43.0, 136.0, 84.0, 111.0, 55.0, 245.0, 147.0, 52.0, 27.0, 86.0, 113.0, 241.0, 512.0, 36.0, 104.0, 82.0, 118.0, 60.0, 247.0, 128.0, 52.0, 20.0, 80.0, 98.0
30, 2015-01-02, Home, DAL, L, L, 5.5, O, 215, 0, 594.0, 592.0, 235.0, 513.0, 41.0, 138.0, 83.0, 108.0, 57.0, 252.0, 154.0, 52.0, 26.0, 83.0, 120.0, 236.0, 514.0, 33.0, 100.0, 87.0, 131.0, 61.0, 257.0, 123.0, 53.0, 24.0, 84.0, 99.0
31, 2015-01-03, Away, CHI, L, W, 10, O, 202, 1, 581.0, 613.0, 225.0, 517.0, 45.0, 149.0, 86.0, 113.0, 54.0, 247.0, 147.0, 49.0, 22.0, 82.0, 121.0, 239.0, 517.0, 40.0, 115.0, 95.0, 132.0, 62.0, 272.0, 124.0, 53.0, 20.0, 82.0, 107.0
32, 2015-01-05, Home, CHO, L, L, -5.5, O, 198.5, 0, 601.0, 622.0, 237.0, 534.0, 44.0, 143.0, 83.0, 109.0, 50.0, 250.0, 151.0, 52.0, 24.0, 87.0, 131.0, 239.0, 539.0, 40.0, 122.0, 104.0, 146.0, 80.0, 293.0, 125.0, 54.0, 26.0, 90.0, 107.0
33, 2015-01-07, Away, BRK, W, W, 5, U, 199, 0, 601.0, 626.0, 240.0, 540.0, 44.0, 138.0, 77.0, 103.0, 51.0, 238.0, 151.0, 50.0, 27.0, 81.0, 133.0, 238.0, 534.0, 39.0, 123.0, 111.0, 146.0, 85.0, 296.0, 124.0, 49.0, 32.0, 91.0, 108.0
34, 2015-01-09, Away, IND, L, W, 6, O, 197, 0, 583.0, 598.0, 230.0, 541.0, 40.0, 132.0, 83.0, 109.0, 57.0, 242.0, 141.0, 50.0, 26.0, 73.0, 136.0, 227.0, 525.0, 35.0, 116.0, 109.0, 144.0, 83.0, 303.0, 123.0, 43.0, 35.0, 93.0, 116.0
35, 2015-01-10, Away, TOR, L, L, 11.5, U, 209, 1, 598.0, 604.0, 239.0, 565.0, 44.0, 142.0, 76.0, 101.0, 62.0, 256.0, 149.0, 50.0, 31.0, 65.0, 148.0, 216.0, 527.0, 39.0, 126.0, 133.0, 168.0, 90.0, 311.0, 116.0, 37.0, 40.0, 91.0, 110.0
36, 2015-01-12, Home, NOP, W, W, 5.5, O, 204, 0, 588.0, 629.0, 234.0, 554.0, 45.0, 139.0, 75.0, 106.0, 62.0, 250.0, 140.0, 48.0, 27.0, 72.0, 146.0, 225.0, 531.0, 50.0, 141.0, 129.0, 159.0, 94.0, 313.0, 127.0, 36.0, 45.0, 88.0, 113.0
37, 2015-01-14, Home, ATL, L, L, 5.5, U, 202, 0, 595.0, 610.0, 233.0, 553.0, 41.0, 129.0, 88.0, 118.0, 70.0, 256.0, 142.0, 50.0, 30.0, 71.0, 148.0, 211.0, 510.0, 43.0, 129.0, 145.0, 179.0, 94.0, 306.0, 123.0, 35.0, 50.0, 95.0, 115.0
38, 2015-01-16, Home, CHI, L, L, 5, O, 201, 0, 582.0, 606.0, 222.0, 536.0, 47.0, 145.0, 91.0, 121.0, 73.0, 251.0, 138.0, 46.0, 26.0, 67.0, 143.0, 210.0, 483.0, 47.0, 130.0, 139.0, 166.0, 76.0, 282.0, 127.0, 38.0, 48.0, 91.0, 113.0
39, 2015-01-19, Away, LAC, L, W, 12, U, 212.5, 0, 590.0, 621.0, 228.0, 530.0, 45.0, 143.0, 89.0, 114.0, 74.0, 263.0, 145.0, 43.0, 23.0, 74.0, 136.0, 220.0, 494.0, 54.0, 136.0, 127.0, 155.0, 72.0, 270.0, 133.0, 48.0, 44.0, 83.0, 105.0
40, 2015-01-22, Away, POR, W, W, 7, U, 203.5, 0, 594.0, 642.0, 226.0, 526.0, 52.0, 154.0, 90.0, 118.0, 75.0, 265.0, 147.0, 41.0, 23.0, 81.0, 124.0, 229.0, 502.0, 60.0, 143.0, 124.0, 148.0, 71.0, 264.0, 142.0, 51.0, 48.0, 77.0, 101.0
41, 2015-01-23, Away, DEN, W, W, 6.5, U, 203, 1, 581.0, 624.0, 224.0, 510.0, 49.0, 139.0, 84.0, 109.0, 72.0, 262.0, 145.0, 39.0, 21.0, 87.0, 116.0, 228.0, 499.0, 60.0, 148.0, 108.0, 133.0, 68.0, 253.0, 137.0, 54.0, 45.0, 71.0, 96.0
42, 2015-01-25, Away, GSW, L, W, 18, O, 213, 0, 585.0, 614.0, 222.0, 502.0, 52.0, 142.0, 89.0, 116.0, 71.0, 260.0, 142.0, 40.0, 24.0, 83.0, 119.0, 224.0, 497.0, 53.0, 139.0, 113.0, 140.0, 70.0, 253.0, 134.0, 54.0, 37.0, 70.0, 95.0
43, 2015-01-26, Away, UTA, W, W, 7, U, 193.5, 1, 588.0, 628.0, 226.0, 509.0, 54.0, 146.0, 82.0, 112.0, 67.0, 264.0, 141.0, 37.0, 22.0, 86.0, 117.0, 235.0, 511.0, 55.0, 147.0, 103.0, 128.0, 63.0, 255.0, 143.0, 56.0, 34.0, 65.0, 92.0
44, 2015-01-28, Away, MIN, L, L, -4, O, 199, 0, 596.0, 613.0, 227.0, 500.0, 51.0, 132.0, 91.0, 121.0, 59.0, 261.0, 137.0, 40.0, 23.0, 84.0, 109.0, 234.0, 520.0, 54.0, 142.0, 91.0, 120.0, 67.0, 259.0, 138.0, 52.0, 37.0, 67.0, 103.0
45, 2015-01-30, Home, HOU, L, W, 7, U, 208.5, 0, 591.0, 604.0, 227.0, 506.0, 53.0, 139.0, 84.0, 114.0, 57.0, 255.0, 130.0, 44.0, 23.0, 84.0, 115.0, 224.0, 508.0, 47.0, 133.0, 109.0, 140.0, 65.0, 268.0, 128.0, 46.0, 35.0, 71.0, 100.0
46, 2015-02-01, Home, MIA, L, L, -3.5, U, 185.5, 0, 585.0, 595.0, 226.0, 512.0, 48.0, 134.0, 85.0, 116.0, 59.0, 260.0, 120.0, 46.0, 26.0, 82.0, 124.0, 220.0, 510.0, 46.0, 142.0, 109.0, 141.0, 67.0, 274.0, 123.0, 46.0, 29.0, 76.0, 104.0
47, 2015-02-03, Away, NYK, W, W, -1, O, 190.5, 0, 570.0, 589.0, 217.0, 506.0, 45.0, 134.0, 91.0, 127.0, 57.0, 253.0, 121.0, 45.0, 24.0, 79.0, 124.0, 219.0, 498.0, 41.0, 135.0, 110.0, 143.0, 64.0, 275.0, 125.0, 45.0, 32.0, 82.0, 109.0
48, 2015-02-04, Home, DEN, W, W, -3.5, O, 203.5, 1, 578.0, 587.0, 222.0, 508.0, 42.0, 137.0, 92.0, 123.0, 60.0, 251.0, 124.0, 43.0, 18.0, 80.0, 111.0, 223.0, 492.0, 42.0, 134.0, 99.0, 128.0, 59.0, 262.0, 127.0, 44.0, 32.0, 83.0, 108.0
49, 2015-02-06, Home, PHI, W, W, -8.5, O, 190.5, 0, 571.0, 573.0, 221.0, 512.0, 44.0, 137.0, 85.0, 113.0, 66.0, 254.0, 128.0, 48.0, 18.0, 79.0, 111.0, 214.0, 483.0, 38.0, 135.0, 107.0, 136.0, 64.0, 263.0, 116.0, 44.0, 35.0, 85.0, 107.0
50, 2015-02-07, Away, MIL, L, W, 6.5, U, 192.5, 1, 579.0, 579.0, 225.0, 524.0, 46.0, 145.0, 83.0, 115.0, 72.0, 270.0, 137.0, 48.0, 19.0, 75.0, 120.0, 214.0, 480.0, 40.0, 136.0, 111.0, 148.0, 65.0, 268.0, 120.0, 41.0, 28.0, 88.0, 103.0
51, 2015-02-11, Home, ATL, W, W, 6.5, U, 201, 0, 574.0, 565.0, 219.0, 519.0, 46.0, 151.0, 90.0, 126.0, 74.0, 275.0, 135.0, 46.0, 16.0, 73.0, 117.0, 213.0, 478.0, 42.0, 140.0, 97.0, 135.0, 65.0, 263.0, 123.0, 41.0, 30.0, 89.0, 112.0
52, 2015-02-20, Away, SAC, L, L, 4, O, 202.5, 0, 576.0, 560.0, 217.0, 522.0, 49.0, 158.0, 93.0, 123.0, 76.0, 283.0, 142.0, 45.0, 15.0, 72.0, 117.0, 211.0, 472.0, 41.0, 139.0, 97.0, 138.0, 58.0, 257.0, 124.0, 41.0, 31.0, 85.0, 111.0
53, 2015-02-22, Away, LAL, L, L, -3, O, 202.5, 0, 602.0, 586.0, 227.0, 541.0, 51.0, 161.0, 97.0, 131.0, 87.0, 283.0, 142.0, 52.0, 15.0, 70.0, 121.0, 219.0, 478.0, 45.0, 140.0, 103.0, 143.0, 65.0, 268.0, 132.0, 40.0, 27.0, 93.0, 112.0
54, 2015-02-23, Away, PHO, W, W, 8, O, 211.5, 1, 605.0, 607.0, 227.0, 562.0, 53.0, 170.0, 98.0, 135.0, 89.0, 292.0, 146.0, 55.0, 20.0, 71.0, 141.0, 221.0, 479.0, 45.0, 138.0, 120.0, 170.0, 59.0, 279.0, 132.0, 41.0, 29.0, 97.0, 121.0
55, 2015-02-25, Home, NYK, W, W, -10.5, O, 197.5, 0, 616.0, 617.0, 226.0, 552.0, 55.0, 171.0, 109.0, 148.0, 79.0, 283.0, 145.0, 58.0, 18.0, 73.0, 134.0, 232.0, 496.0, 50.0, 146.0, 103.0, 153.0, 60.0, 281.0, 139.0, 41.0, 30.0, 99.0, 126.0
56, 2015-02-27, Home, CHO, W, W, -1.5, O, 195, 0, 624.0, 615.0, 229.0, 549.0, 59.0, 175.0, 107.0, 143.0, 76.0, 276.0, 147.0, 56.0, 15.0, 76.0, 136.0, 231.0, 499.0, 41.0, 142.0, 112.0, 153.0, 58.0, 278.0, 136.0, 41.0, 31.0, 95.0, 127.0
57, 2015-03-01, Home, GSW, L, W, 8.5, U, 217.5, 0, 637.0, 617.0, 233.0, 559.0, 66.0, 181.0, 105.0, 138.0, 79.0, 279.0, 151.0, 57.0, 19.0, 73.0, 132.0, 231.0, 506.0, 43.0, 143.0, 112.0, 151.0, 60.0, 286.0, 134.0, 43.0, 32.0, 99.0, 125.0
58, 2015-03-03, Away, CLE, L, L, 11, U, 210.5, 0, 649.0, 635.0, 243.0, 575.0, 64.0, 181.0, 99.0, 135.0, 84.0, 283.0, 151.0, 54.0, 18.0, 71.0, 126.0, 238.0, 523.0, 48.0, 148.0, 111.0, 145.0, 70.0, 297.0, 130.0, 41.0, 35.0, 97.0, 126.0
59, 2015-03-04, Home, UTA, W, P, -1, U, 193, 1, 627.0, 636.0, 234.0, 563.0, 65.0, 187.0, 94.0, 122.0, 76.0, 285.0, 150.0, 44.0, 18.0, 74.0, 124.0, 241.0, 529.0, 50.0, 154.0, 104.0, 133.0, 65.0, 292.0, 132.0, 45.0, 36.0, 84.0, 125.0
60, 2015-03-06, Away, NOP, W, W, 7, O, 199.5, 0, 601.0, 602.0, 225.0, 553.0, 65.0, 181.0, 86.0, 115.0, 75.0, 276.0, 144.0, 40.0, 16.0, 61.0, 113.0, 232.0, 520.0, 46.0, 155.0, 92.0, 116.0, 70.0, 297.0, 131.0, 38.0, 36.0, 80.0, 117.0
61, 2015-03-08, Away, ORL, L, L, -2.5, O, 197.5, 0, 590.0, 590.0, 222.0, 543.0, 61.0, 175.0, 85.0, 110.0, 73.0, 271.0, 137.0, 35.0, 16.0, 57.0, 116.0, 226.0, 503.0, 45.0, 144.0, 93.0, 115.0, 64.0, 292.0, 128.0, 34.0, 35.0, 81.0, 108.0
62, 2015-03-09, Away, MIA, W, W, 2.5, U, 198.5, 1, 573.0, 599.0, 215.0, 549.0, 62.0, 178.0, 81.0, 106.0, 83.0, 273.0, 132.0, 38.0, 18.0, 58.0, 113.0, 230.0, 508.0, 50.0, 145.0, 89.0, 114.0, 73.0, 307.0, 129.0, 36.0, 39.0, 83.0, 103.0
63, 2015-03-11, Home, MEM, W, W, 6.5, U, 188.5, 0, 567.0, 591.0, 214.0, 540.0, 54.0, 168.0, 85.0, 108.0, 85.0, 269.0, 125.0, 37.0, 15.0, 59.0, 123.0, 222.0, 495.0, 44.0, 141.0, 103.0, 131.0, 70.0, 291.0, 125.0, 33.0, 34.0, 80.0, 102.0
64, 2015-03-13, Home, ORL, W, W, -5, U, 195.5, 0, 561.0, 577.0, 211.0, 516.0, 54.0, 164.0, 85.0, 108.0, 76.0, 245.0, 132.0, 44.0, 17.0, 67.0, 122.0, 219.0, 478.0, 37.0, 119.0, 102.0, 127.0, 65.0, 277.0, 127.0, 40.0, 30.0, 91.0, 103.0
65, 2015-03-14, Away, IND, W, W, 8.5, U, 193, 1, 577.0, 555.0, 217.0, 514.0, 57.0, 162.0, 86.0, 115.0, 75.0, 250.0, 128.0, 47.0, 18.0, 69.0, 124.0, 210.0, 469.0, 33.0, 111.0, 102.0, 141.0, 63.0, 275.0, 119.0, 39.0, 28.0, 99.0, 106.0
66, 2015-03-16, Home, PHI, W, W, -8.5, O, 195.5, 0, 585.0, 560.0, 219.0, 509.0, 57.0, 163.0, 90.0, 116.0, 72.0, 258.0, 135.0, 49.0, 19.0, 77.0, 122.0, 210.0, 479.0, 39.0, 116.0, 101.0, 135.0, 61.0, 266.0, 114.0, 42.0, 27.0, 100.0, 110.0
67, 2015-03-18, Away, OKC, L, W, 6.5, O, 212, 0, 589.0, 551.0, 227.0, 518.0, 55.0, 160.0, 80.0, 106.0, 70.0, 263.0, 143.0, 48.0, 21.0, 77.0, 126.0, 206.0, 483.0, 39.0, 119.0, 100.0, 144.0, 61.0, 261.0, 112.0, 44.0, 25.0, 98.0, 115.0
68, 2015-03-20, Away, SAS, L, L, 8.5, U, 206, 0, 609.0, 570.0, 236.0, 513.0, 53.0, 160.0, 84.0, 118.0, 63.0, 254.0, 151.0, 49.0, 23.0, 83.0, 131.0, 210.0, 484.0, 37.0, 116.0, 113.0, 153.0, 61.0, 251.0, 111.0, 48.0, 19.0, 99.0, 126.0
69, 2015-03-22, Home, DET, L, L, -5.5, O, 196.5, 0, 598.0, 581.0, 232.0, 514.0, 52.0, 155.0, 82.0, 121.0, 61.0, 258.0, 153.0, 52.0, 23.0, 89.0, 125.0, 219.0, 496.0, 38.0, 122.0, 105.0, 142.0, 63.0, 264.0, 127.0, 54.0, 21.0, 99.0, 123.0
70, 2015-03-23, Away, BRK, W, W, 5, U, 203.5, 1, 600.0, 594.0, 233.0, 534.0, 52.0, 155.0, 82.0, 121.0, 67.0, 281.0, 149.0, 48.0, 23.0, 86.0, 132.0, 221.0, 507.0, 42.0, 136.0, 110.0, 159.0, 64.0, 279.0, 130.0, 48.0, 27.0, 92.0, 125.0
71, 2015-03-25, Home, MIA, L, L, -8.5, U, 198.5, 0, 615.0, 597.0, 243.0, 540.0, 48.0, 151.0, 81.0, 115.0, 65.0, 281.0, 155.0, 48.0, 23.0, 79.0, 130.0, 219.0, 516.0, 37.0, 133.0, 122.0, 161.0, 70.0, 277.0, 125.0, 46.0, 28.0, 84.0, 117.0
72, 2015-03-27, Away, NYK, W, L, -10.5, U, 194, 0, 608.0, 601.0, 236.0, 526.0, 45.0, 142.0, 91.0, 131.0, 66.0, 277.0, 143.0, 49.0, 23.0, 84.0, 137.0, 219.0, 508.0, 37.0, 133.0, 126.0, 169.0, 69.0, 273.0, 132.0, 49.0, 31.0, 86.0, 122.0
73, 2015-03-29, Home, LAC, L, L, 6, O, 207.5, 0, 596.0, 604.0, 221.0, 507.0, 41.0, 142.0, 113.0, 159.0, 70.0, 279.0, 134.0, 48.0, 21.0, 89.0, 133.0, 223.0, 511.0, 36.0, 133.0, 122.0, 159.0, 69.0, 269.0, 135.0, 51.0, 29.0, 82.0, 133.0
74, 2015-03-30, Away, CHO, W, W, 3, O, 196, 1, 584.0, 601.0, 216.0, 516.0, 36.0, 139.0, 116.0, 154.0, 68.0, 280.0, 131.0, 46.0, 17.0, 79.0, 137.0, 222.0, 507.0, 44.0, 146.0, 113.0, 160.0, 64.0, 276.0, 144.0, 44.0, 32.0, 78.0, 128.0
75, 2015-04-01, Home, IND, W, W, -4, U, 200.5, 0, 611.0, 604.0, 226.0, 517.0, 40.0, 145.0, 119.0, 157.0, 67.0, 275.0, 140.0, 43.0, 16.0, 71.0, 139.0, 224.0, 511.0, 46.0, 149.0, 110.0, 156.0, 67.0, 271.0, 133.0, 36.0, 34.0, 75.0, 131.0
76, 2015-04-03, Home, MIL, L, L, -5, O, 194.5, 0, 614.0, 586.0, 227.0, 498.0, 38.0, 145.0, 122.0, 158.0, 56.0, 262.0, 145.0, 45.0, 13.0, 68.0, 139.0, 219.0, 503.0, 43.0, 138.0, 105.0, 149.0, 64.0, 254.0, 126.0, 36.0, 27.0, 73.0, 130.0
77, 2015-04-04, Away, TOR, W, W, 2.5, O, 208.5, 1, 605.0, 605.0, 219.0, 494.0, 40.0, 147.0, 127.0, 160.0, 57.0, 256.0, 139.0, 45.0, 11.0, 75.0, 138.0, 232.0, 499.0, 51.0, 145.0, 90.0, 137.0, 57.0, 251.0, 142.0, 39.0, 28.0, 80.0, 137.0
78, 2015-04-08, Away, DET, W, W, -1.5, O, 202, 0, 636.0, 628.0, 238.0, 522.0, 43.0, 154.0, 117.0, 145.0, 59.0, 257.0, 149.0, 47.0, 11.0, 74.0, 141.0, 238.0, 505.0, 48.0, 144.0, 104.0, 152.0, 58.0, 259.0, 134.0, 39.0, 26.0, 80.0, 131.0
79, 2015-04-10, Away, CLE, W, W, 6, U, 208.5, 0, 653.0, 639.0, 245.0, 533.0, 47.0, 162.0, 116.0, 136.0, 60.0, 250.0, 151.0, 53.0, 12.0, 69.0, 139.0, 245.0, 502.0, 48.0, 138.0, 101.0, 148.0, 60.0, 264.0, 140.0, 37.0, 29.0, 87.0, 125.0
80, 2015-04-12, Home, CLE, W, W, -10, U, 197, 0, 646.0, 610.0, 244.0, 524.0, 47.0, 153.0, 111.0, 134.0, 62.0, 253.0, 152.0, 56.0, 13.0, 73.0, 131.0, 236.0, 495.0, 44.0, 140.0, 94.0, 133.0, 59.0, 253.0, 137.0, 36.0, 26.0, 95.0, 125.0
81, 2015-04-14, Home, TOR, W, W, -1, U, 206, 0, 647.0, 584.0, 245.0, 519.0, 48.0, 151.0, 109.0, 133.0, 55.0, 249.0, 153.0, 69.0, 13.0, 73.0, 132.0, 227.0, 489.0, 40.0, 136.0, 90.0, 133.0, 60.0, 257.0, 135.0, 34.0, 25.0, 109.0, 126.0
82, 2015-04-15, Away, MIL, W, W, 6, O, 198, 1, 642.0, 590.0, 244.0, 532.0, 48.0, 151.0, 106.0, 130.0, 65.0, 253.0, 148.0, 67.0, 17.0, 77.0, 128.0, 228.0, 488.0, 43.0, 145.0, 91.0, 130.0, 59.0, 261.0, 135.0, 38.0, 31.0, 115.0, 124.0
