1, 2013-10-30, Away, TOR, L, W, 8, U, 189.5, 0, 87, 93, 32, 66, 3, 13, 20, 29, 7, 33, 15, 10, 7, 22, 27, 38, 86, 5, 17, 12, 23, 19, 48, 15, 9, 6, 17, 25
2, 2013-11-01, Home, MIL, L, L, -2.5, O, 185.5, 0, 98, 105, 34, 76, 4, 16, 26, 38, 18, 52, 13, 5, 7, 17, 29, 35, 84, 6, 15, 29, 34, 17, 41, 18, 10, 7, 7, 24
3, 2013-11-03, Away, DET, L, L, 9, U, 193, 0, 77, 87, 31, 74, 3, 16, 12, 12, 8, 37, 15, 15, 3, 23, 22, 34, 76, 2, 13, 17, 29, 15, 44, 16, 15, 7, 21, 15
4, 2013-11-04, Away, MEM, L, W, 12, U, 185.5, 1, 88, 95, 33, 70, 7, 20, 15, 18, 4, 32, 14, 9, 6, 17, 21, 36, 74, 5, 15, 18, 22, 9, 36, 23, 6, 2, 18, 19
5, 2013-11-06, Home, UTA, W, W, -4.5, U, 185, 0, 97, 87, 40, 89, 7, 20, 10, 14, 10, 42, 22, 5, 4, 14, 18, 37, 80, 1, 10, 12, 18, 11, 42, 14, 8, 4, 20, 22
6, 2013-11-08, Away, ORL, W, W, 5.5, U, 191, 0, 91, 89, 34, 95, 2, 14, 21, 26, 19, 50, 19, 11, 5, 11, 24, 33, 83, 4, 20, 19, 29, 16, 56, 19, 4, 4, 20, 24
7, 2013-11-09, Away, MIA, W, W, 13, O, 193.5, 1, 111, 110, 46, 89, 10, 21, 9, 12, 11, 39, 24, 4, 5, 12, 25, 41, 71, 5, 10, 23, 34, 4, 31, 26, 4, 7, 10, 13
8, 2013-11-11, Home, ORL, W, W, -1.5, O, 191, 0, 120, 105, 51, 85, 5, 12, 13, 15, 8, 36, 28, 11, 7, 13, 19, 39, 85, 7, 18, 20, 23, 14, 37, 27, 7, 4, 18, 18
9, 2013-11-13, Home, CHA, L, L, -5.5, U, 192, 0, 83, 89, 29, 77, 7, 21, 18, 25, 10, 45, 15, 5, 2, 15, 26, 30, 82, 3, 12, 26, 30, 12, 50, 16, 8, 5, 11, 20
10, 2013-11-15, Home, POR, L, L, 1.5, O, 194, 0, 96, 109, 37, 81, 7, 18, 15, 19, 4, 34, 17, 8, 4, 15, 21, 40, 82, 9, 26, 20, 22, 8, 47, 21, 9, 2, 18, 20
11, 2013-11-16, Away, MIN, L, L, 9.5, U, 202.5, 1, 88, 106, 34, 86, 5, 18, 15, 18, 15, 50, 14, 6, 8, 21, 21, 40, 94, 7, 23, 19, 22, 16, 50, 19, 13, 3, 13, 17
12, 2013-11-19, Away, HOU, L, L, 10.5, U, 205, 0, 85, 109, 32, 99, 7, 20, 14, 20, 18, 43, 16, 10, 3, 12, 19, 41, 72, 9, 21, 18, 24, 6, 48, 22, 7, 10, 19, 20
13, 2013-11-20, Away, SAS, L, W, 14.5, O, 192.5, 1, 93, 104, 39, 86, 4, 15, 11, 12, 10, 44, 18, 4, 3, 17, 20, 39, 81, 8, 21, 18, 24, 7, 41, 27, 12, 6, 11, 14
14, 2013-11-22, Home, IND, L, L, 7.5, U, 186, 0, 82, 97, 35, 69, 5, 11, 7, 9, 5, 31, 11, 8, 1, 21, 16, 38, 81, 6, 17, 15, 18, 15, 41, 19, 13, 3, 15, 13
15, 2013-11-23, Away, ATL, W, W, 9.5, U, 194.5, 1, 94, 87, 33, 72, 4, 16, 24, 31, 7, 47, 18, 3, 7, 17, 14, 36, 93, 5, 20, 10, 12, 12, 38, 23, 8, 3, 8, 26
16, 2013-11-25, Away, CHA, W, W, 3.5, U, 185.5, 0, 96, 86, 35, 80, 9, 20, 17, 21, 11, 39, 22, 8, 5, 11, 24, 33, 74, 3, 9, 17, 20, 9, 37, 17, 2, 3, 16, 15
17, 2013-11-27, Home, MEM, L, L, 2, O, 182, 0, 93, 100, 38, 89, 7, 20, 10, 13, 17, 46, 14, 1, 7, 15, 20, 36, 80, 3, 9, 25, 31, 9, 41, 24, 7, 6, 8, 18
18, 2013-11-29, Home, CLE, W, W, -3.5, U, 189.5, 0, 103, 86, 38, 76, 11, 23, 16, 26, 8, 47, 26, 8, 7, 17, 22, 32, 86, 4, 18, 18, 27, 13, 43, 13, 6, 2, 17, 21
19, 2013-11-30, Away, MIL, L, L, -2.5, U, 185.5, 1, 85, 92, 35, 84, 4, 19, 11, 15, 10, 41, 17, 7, 2, 10, 21, 36, 78, 8, 17, 12, 20, 11, 49, 28, 4, 8, 13, 16
20, 2013-12-03, Home, MIL, W, W, -7, O, 185.5, 0, 108, 100, 38, 77, 11, 24, 21, 27, 11, 40, 20, 7, 4, 12, 23, 37, 78, 8, 18, 18, 21, 8, 33, 21, 4, 6, 12, 17
21, 2013-12-06, Home, DEN, W, W, 4, O, 200.5, 0, 106, 98, 43, 83, 6, 20, 14, 18, 10, 37, 25, 5, 6, 9, 18, 34, 77, 6, 17, 24, 29, 15, 42, 11, 4, 4, 14, 19
22, 2013-12-08, Away, NYK, W, W, 5.5, U, 191.5, 0, 114, 73, 39, 72, 14, 25, 22, 27, 7, 46, 22, 9, 3, 16, 19, 25, 73, 6, 16, 17, 23, 4, 26, 13, 10, 3, 14, 18
23, 2013-12-10, Away, BRK, L, L, 2, O, 193, 0, 96, 104, 35, 80, 11, 22, 15, 21, 10, 35, 14, 8, 1, 9, 22, 39, 70, 3, 12, 23, 28, 8, 42, 19, 4, 2, 13, 16
24, 2013-12-11, Home, LAC, L, L, 5, U, 195, 1, 88, 96, 33, 80, 6, 17, 16, 19, 8, 40, 20, 5, 5, 16, 23, 34, 76, 6, 17, 22, 34, 8, 37, 20, 9, 6, 13, 17
25, 2013-12-13, Home, NYK, W, W, -3, U, 189.5, 0, 90, 86, 33, 68, 7, 21, 17, 25, 6, 42, 17, 1, 5, 15, 19, 32, 80, 5, 21, 17, 19, 9, 38, 20, 7, 1, 6, 19
26, 2013-12-16, Home, MIN, W, W, 1.5, U, 200, 0, 101, 97, 38, 86, 7, 21, 18, 23, 14, 50, 19, 3, 3, 12, 25, 37, 98, 8, 29, 15, 26, 19, 51, 22, 6, 0, 7, 20
27, 2013-12-18, Home, DET, L, P, 1, O, 195, 0, 106, 107, 40, 81, 6, 18, 20, 22, 8, 41, 22, 8, 1, 18, 20, 41, 88, 10, 27, 15, 20, 13, 36, 22, 14, 4, 16, 18
28, 2013-12-21, Home, WAS, L, L, -1.5, O, 192.5, 0, 99, 106, 42, 87, 4, 20, 11, 18, 11, 40, 25, 5, 2, 12, 14, 41, 87, 8, 21, 16, 22, 12, 47, 24, 10, 7, 11, 19
29, 2013-12-22, Away, IND, L, L, 12, U, 189.5, 1, 79, 106, 32, 84, 6, 14, 9, 13, 6, 41, 16, 6, 9, 16, 22, 41, 83, 9, 19, 15, 22, 9, 53, 28, 8, 5, 13, 18
30, 2013-12-28, Home, CLE, W, L, -4.5, O, 196, 0, 103, 100, 38, 83, 9, 25, 18, 25, 13, 43, 22, 9, 5, 15, 18, 37, 79, 9, 18, 17, 24, 10, 40, 17, 5, 4, 15, 21
31, 2013-12-31, Home, ATL, L, L, -3, U, 204.5, 0, 91, 92, 35, 84, 5, 20, 16, 17, 8, 47, 28, 6, 7, 15, 22, 33, 91, 5, 29, 21, 25, 15, 51, 21, 7, 4, 14, 15
32, 2014-01-02, Away, CHI, L, L, 5, U, 182.5, 0, 82, 94, 32, 81, 2, 12, 16, 23, 13, 48, 15, 7, 8, 19, 26, 35, 84, 2, 15, 22, 28, 12, 41, 26, 7, 6, 13, 19
33, 2014-01-03, Home, NOP, L, W, 3.5, U, 201, 1, 92, 95, 31, 89, 7, 29, 23, 28, 22, 49, 22, 5, 5, 9, 21, 38, 77, 2, 6, 17, 22, 12, 45, 23, 3, 4, 15, 19
34, 2014-01-05, Away, OKC, L, L, 9, O, 194, 0, 96, 119, 35, 80, 11, 23, 15, 24, 12, 37, 23, 5, 6, 15, 26, 43, 83, 9, 19, 24, 31, 12, 43, 28, 10, 5, 9, 16
35, 2014-01-07, Away, DEN, L, L, 7.5, O, 203.5, 0, 98, 129, 35, 91, 4, 18, 24, 32, 10, 35, 22, 8, 2, 14, 28, 43, 83, 14, 31, 29, 38, 14, 56, 30, 5, 10, 21, 28
36, 2014-01-08, Away, LAC, L, W, 10.5, O, 197.5, 1, 105, 111, 39, 83, 5, 17, 22, 30, 10, 45, 25, 7, 1, 18, 30, 36, 79, 11, 30, 28, 39, 7, 37, 26, 11, 4, 13, 23
37, 2014-01-10, Away, GSW, L, W, 11.5, U, 204.5, 0, 97, 99, 38, 85, 7, 19, 14, 16, 12, 49, 19, 7, 8, 17, 25, 38, 92, 8, 26, 15, 21, 14, 46, 23, 7, 1, 11, 18
38, 2014-01-11, Away, POR, L, W, 12, O, 210, 1, 104, 112, 44, 95, 4, 14, 12, 17, 20, 46, 25, 8, 4, 9, 22, 40, 93, 10, 21, 22, 26, 20, 49, 29, 3, 3, 11, 14
39, 2014-01-13, Home, HOU, L, L, 6, U, 208, 0, 92, 104, 38, 101, 3, 17, 13, 14, 15, 50, 17, 8, 7, 13, 26, 37, 79, 8, 19, 22, 34, 10, 46, 24, 6, 9, 11, 16
40, 2014-01-15, Home, TOR, W, W, 4, U, 193, 0, 88, 83, 29, 84, 4, 17, 26, 36, 19, 58, 22, 7, 3, 9, 22, 30, 78, 11, 24, 12, 25, 13, 44, 22, 5, 3, 13, 29
41, 2014-01-17, Home, LAL, L, L, -7, O, 205, 0, 104, 107, 44, 99, 7, 23, 9, 11, 13, 42, 34, 12, 6, 7, 19, 37, 74, 12, 20, 21, 28, 8, 46, 27, 3, 4, 19, 13
42, 2014-01-19, Away, ORL, L, L, -3, U, 195.5, 0, 91, 93, 33, 90, 3, 13, 22, 24, 15, 46, 16, 7, 5, 10, 25, 30, 71, 4, 15, 29, 36, 11, 49, 20, 6, 5, 17, 18
43, 2014-01-21, Away, MIA, L, W, 9, U, 196.5, 0, 86, 93, 33, 84, 5, 27, 15, 18, 17, 46, 17, 8, 3, 16, 19, 38, 74, 5, 20, 12, 16, 7, 33, 22, 7, 5, 14, 18
44, 2014-01-22, Away, WAS, W, W, 9.5, O, 191.5, 1, 113, 111, 41, 89, 15, 34, 16, 23, 5, 42, 21, 15, 8, 18, 22, 42, 94, 7, 22, 20, 27, 12, 50, 23, 10, 4, 18, 23
45, 2014-01-24, Home, OKC, L, L, 2.5, U, 192, 0, 83, 101, 32, 75, 5, 27, 14, 19, 11, 32, 24, 7, 0, 16, 12, 43, 80, 5, 13, 10, 13, 12, 45, 24, 8, 2, 15, 18
46, 2014-01-26, Home, BRK, L, L, 4.5, U, 191, 0, 79, 85, 28, 75, 7, 26, 16, 19, 12, 45, 17, 6, 5, 15, 21, 33, 84, 6, 25, 13, 18, 10, 42, 20, 9, 3, 11, 20
47, 2014-01-28, Away, NYK, L, L, 6, O, 191.5, 0, 88, 114, 32, 82, 6, 22, 18, 24, 13, 40, 21, 8, 2, 17, 22, 44, 82, 10, 20, 16, 23, 12, 46, 25, 9, 7, 15, 20
48, 2014-01-29, Home, PHI, L, L, -4, U, 203.5, 1, 94, 95, 32, 87, 7, 19, 23, 30, 18, 59, 20, 8, 7, 17, 21, 37, 86, 7, 21, 14, 25, 7, 40, 26, 8, 3, 10, 24
49, 2014-02-02, Home, ORL, W, W, -6, U, 191, 0, 96, 89, 41, 82, 4, 14, 10, 12, 10, 44, 24, 7, 3, 16, 18, 33, 80, 5, 14, 18, 22, 13, 39, 18, 9, 4, 14, 13
50, 2014-02-05, Away, PHI, W, W, -3.5, O, 205.5, 0, 114, 108, 41, 84, 8, 19, 24, 33, 12, 48, 27, 9, 8, 13, 19, 42, 94, 7, 21, 17, 20, 13, 47, 27, 7, 5, 15, 24
51, 2014-02-07, Home, SAC, W, W, 1.5, U, 198, 0, 99, 89, 40, 88, 9, 22, 10, 15, 15, 52, 24, 8, 6, 13, 21, 31, 87, 5, 15, 22, 24, 15, 47, 17, 3, 5, 10, 15
52, 2014-02-09, Home, DAL, L, L, 4, U, 200, 0, 91, 102, 33, 92, 11, 27, 14, 15, 11, 43, 27, 5, 3, 10, 19, 37, 82, 10, 23, 18, 20, 10, 48, 21, 6, 4, 9, 12
53, 2014-02-10, Away, MIL, W, W, 1, U, 188.5, 1, 102, 86, 42, 88, 7, 20, 11, 14, 14, 43, 25, 8, 6, 15, 22, 31, 72, 6, 16, 18, 25, 8, 36, 17, 5, 4, 19, 19
54, 2014-02-12, Home, SAS, L, L, 3.5, O, 192.5, 0, 92, 104, 37, 80, 6, 17, 12, 17, 9, 38, 24, 5, 2, 14, 15, 41, 82, 9, 19, 13, 14, 6, 40, 24, 9, 2, 9, 19
55, 2014-02-19, Away, PHO, L, L, 5.5, U, 203.5, 0, 94, 100, 34, 87, 5, 17, 21, 28, 13, 46, 18, 8, 6, 14, 24, 36, 82, 11, 28, 17, 26, 10, 46, 23, 5, 6, 18, 23
56, 2014-02-21, Away, LAL, L, L, 1, U, 207.5, 0, 92, 101, 38, 97, 4, 22, 12, 17, 16, 47, 23, 11, 1, 14, 19, 40, 83, 7, 22, 14, 19, 9, 46, 23, 7, 7, 18, 19
57, 2014-02-22, Away, SAC, L, W, 8, O, 197.5, 1, 98, 105, 34, 87, 6, 21, 24, 36, 15, 42, 17, 8, 3, 14, 19, 38, 73, 5, 9, 24, 28, 3, 38, 18, 6, 3, 17, 27
58, 2014-02-24, Away, UTA, L, L, 4, O, 191.5, 0, 98, 110, 37, 84, 4, 15, 20, 21, 13, 31, 16, 6, 2, 14, 18, 44, 80, 6, 17, 16, 21, 11, 38, 25, 8, 8, 12, 21
59, 2014-02-26, Home, ATL, W, W, -3, O, 203.5, 0, 115, 104, 43, 90, 8, 22, 21, 23, 14, 46, 24, 10, 1, 14, 24, 38, 76, 9, 19, 19, 24, 6, 29, 23, 6, 6, 18, 25
60, 2014-03-01, Home, IND, L, W, 7.5, O, 191, 0, 97, 102, 38, 89, 7, 21, 14, 17, 12, 41, 25, 2, 5, 8, 21, 39, 77, 5, 13, 19, 23, 4, 38, 19, 5, 4, 9, 19
61, 2014-03-05, Home, GSW, L, L, 4.5, U, 201, 0, 88, 108, 30, 76, 7, 26, 21, 26, 11, 40, 19, 4, 5, 22, 16, 46, 98, 5, 28, 11, 12, 15, 45, 28, 13, 6, 11, 24
62, 2014-03-07, Home, BRK, W, W, 5, U, 200.5, 0, 91, 84, 31, 70, 8, 21, 21, 26, 12, 51, 20, 11, 3, 25, 28, 29, 80, 4, 30, 22, 26, 9, 28, 14, 12, 5, 14, 20
63, 2014-03-09, Home, DET, W, W, -1, O, 206.5, 0, 118, 111, 47, 97, 10, 31, 14, 21, 12, 39, 38, 8, 6, 5, 27, 40, 86, 4, 15, 27, 39, 19, 54, 17, 3, 5, 16, 20
64, 2014-03-11, Away, IND, L, W, 12, U, 193, 0, 83, 94, 32, 91, 3, 19, 16, 19, 20, 41, 16, 6, 1, 10, 23, 40, 73, 4, 16, 10, 13, 8, 43, 22, 5, 4, 16, 22
65, 2014-03-12, Home, NYK, L, L, 4, O, 199.5, 1, 92, 116, 34, 81, 8, 19, 16, 23, 16, 38, 15, 4, 2, 11, 18, 42, 80, 11, 19, 21, 24, 12, 47, 20, 11, 7, 8, 21
66, 2014-03-14, Home, PHO, L, L, 4.5, U, 207.5, 0, 80, 87, 29, 94, 3, 21, 19, 21, 19, 56, 17, 7, 4, 14, 21, 34, 80, 5, 26, 14, 20, 9, 51, 14, 8, 5, 16, 18
67, 2014-03-16, Away, NOP, L, W, 5.5, O, 195, 0, 120, 121, 45, 97, 12, 26, 18, 23, 13, 49, 33, 7, 8, 16, 26, 47, 94, 3, 15, 24, 28, 12, 44, 25, 8, 9, 12, 17
68, 2014-03-17, Away, DAL, L, W, 11.5, U, 203.5, 1, 89, 94, 34, 93, 9, 22, 12, 14, 21, 57, 20, 8, 1, 16, 19, 33, 78, 9, 27, 19, 21, 6, 36, 20, 7, 4, 13, 17
69, 2014-03-19, Home, MIA, W, W, 4.5, O, 195, 0, 101, 96, 39, 77, 13, 28, 10, 12, 9, 36, 29, 1, 2, 13, 18, 40, 81, 4, 17, 12, 15, 11, 37, 29, 9, 5, 12, 15
70, 2014-03-21, Away, BRK, L, L, 8.5, O, 197.5, 0, 98, 114, 35, 83, 9, 27, 19, 23, 12, 37, 20, 7, 3, 11, 18, 44, 78, 9, 17, 17, 24, 7, 39, 30, 6, 3, 11, 17
71, 2014-03-26, Home, TOR, L, L, 3.5, U, 196, 0, 90, 99, 32, 79, 9, 22, 17, 22, 8, 36, 23, 8, 5, 9, 16, 36, 80, 11, 23, 16, 18, 11, 48, 17, 4, 3, 16, 21
72, 2014-03-28, Away, TOR, L, W, 9.5, O, 194.5, 0, 103, 105, 40, 76, 6, 18, 17, 20, 8, 34, 22, 7, 2, 16, 21, 40, 86, 5, 20, 20, 22, 12, 36, 23, 10, 5, 10, 18
73, 2014-03-30, Home, CHI, L, P, 5, O, 180.5, 0, 102, 107, 40, 87, 10, 29, 12, 16, 12, 39, 23, 9, 1, 15, 23, 37, 70, 8, 16, 25, 31, 2, 31, 24, 8, 5, 15, 13
74, 2014-03-31, Away, CHI, L, L, 9.5, U, 185, 1, 80, 94, 31, 77, 7, 25, 11, 15, 12, 37, 17, 10, 4, 16, 15, 38, 80, 3, 16, 15, 16, 11, 40, 28, 9, 3, 13, 16
75, 2014-04-02, Away, WAS, L, L, 8.5, O, 199.5, 0, 92, 118, 32, 81, 3, 24, 25, 30, 10, 29, 20, 10, 2, 14, 22, 45, 72, 10, 19, 18, 21, 6, 41, 29, 8, 4, 21, 24
76, 2014-04-04, Home, PHI, L, L, -9, O, 208.5, 0, 102, 111, 38, 87, 9, 33, 17, 21, 19, 49, 23, 4, 5, 22, 27, 39, 77, 6, 19, 27, 37, 9, 34, 21, 12, 4, 12, 21
77, 2014-04-05, Away, DET, L, W, 6.5, O, 206.5, 1, 111, 115, 42, 88, 14, 31, 13, 16, 15, 37, 25, 8, 3, 11, 24, 38, 79, 9, 23, 30, 36, 13, 43, 18, 6, 1, 13, 16
78, 2014-04-09, Away, ATL, L, L, 7, U, 204, 0, 97, 105, 37, 84, 12, 26, 11, 14, 11, 39, 25, 7, 3, 14, 22, 40, 76, 9, 23, 16, 22, 8, 43, 30, 7, 5, 14, 14
79, 2014-04-11, Home, CHA, W, W, 4, O, 192.5, 0, 106, 103, 41, 79, 11, 23, 13, 13, 7, 37, 22, 7, 3, 20, 16, 44, 87, 7, 18, 8, 12, 7, 34, 33, 12, 4, 12, 20
80, 2014-04-12, Away, CLE, W, W, 9, O, 206.5, 1, 111, 99, 42, 90, 12, 30, 15, 18, 7, 47, 27, 5, 5, 9, 24, 37, 90, 5, 18, 20, 30, 15, 49, 22, 2, 2, 11, 20
81, 2014-04-14, Away, PHI, L, L, -2.5, O, 212.5, 0, 108, 113, 40, 86, 9, 24, 19, 26, 12, 40, 26, 8, 4, 17, 23, 43, 79, 3, 12, 24, 38, 9, 42, 25, 10, 8, 14, 21
82, 2014-04-16, Home, WAS, L, L, 8, O, 197.5, 0, 102, 118, 39, 84, 7, 30, 17, 23, 11, 37, 24, 8, 1, 13, 16, 50, 88, 6, 18, 12, 17, 6, 36, 26, 6, 2, 12, 20
