18, 2014-12-02, Away, DET, W, W, 2, U, 206.5, 0, 1769.0, 1904.0, 657.0, 1468.0, 94.0, 299.0, 361.0, 483.0, 217.0, 713.0, 343.0, 126.0, 71.0, 207.0, 391.0, 679.0, 1399.0, 172.0, 441.0, 374.0, 488.0, 178.0, 735.0, 437.0, 110.0, 66.0, 229.0, 399.0
19, 2014-12-03, Away, WAS, L, L, 8.5, U, 208, 1, 1785.0, 1892.0, 668.0, 1470.0, 101.0, 306.0, 348.0, 468.0, 218.0, 724.0, 352.0, 128.0, 74.0, 210.0, 385.0, 681.0, 1416.0, 166.0, 433.0, 364.0, 469.0, 180.0, 737.0, 435.0, 109.0, 68.0, 230.0, 385.0
20, 2014-12-05, Away, BOS, L, L, 3, U, 219, 0, 1781.0, 1884.0, 664.0, 1469.0, 109.0, 322.0, 344.0, 464.0, 215.0, 729.0, 348.0, 127.0, 77.0, 210.0, 387.0, 681.0, 1427.0, 156.0, 420.0, 366.0, 470.0, 183.0, 750.0, 445.0, 110.0, 68.0, 227.0, 375.0
21, 2014-12-07, Home, NOP, L, L, 2.5, U, 207, 0, 1766.0, 1879.0, 660.0, 1479.0, 108.0, 318.0, 338.0, 455.0, 213.0, 727.0, 338.0, 124.0, 79.0, 208.0, 370.0, 693.0, 1446.0, 152.0, 407.0, 341.0, 448.0, 187.0, 768.0, 449.0, 110.0, 68.0, 229.0, 368.0
22, 2014-12-09, Home, SAC, W, L, -3.5, U, 207.5, 0, 1749.0, 1856.0, 655.0, 1481.0, 109.0, 323.0, 330.0, 445.0, 203.0, 724.0, 335.0, 119.0, 82.0, 193.0, 358.0, 690.0, 1446.0, 149.0, 402.0, 327.0, 435.0, 184.0, 775.0, 447.0, 102.0, 68.0, 224.0, 356.0
23, 2014-12-12, Away, SAS, W, W, 12.5, O, 207, 0, 1741.0, 1839.0, 658.0, 1489.0, 108.0, 332.0, 317.0, 429.0, 199.0, 720.0, 346.0, 121.0, 80.0, 186.0, 356.0, 681.0, 1425.0, 150.0, 399.0, 327.0, 441.0, 180.0, 771.0, 439.0, 99.0, 64.0, 227.0, 352.0
24, 2014-12-14, Away, MIN, W, W, -4, U, 212, 0, 1746.0, 1857.0, 660.0, 1503.0, 114.0, 339.0, 312.0, 422.0, 205.0, 731.0, 345.0, 124.0, 82.0, 189.0, 352.0, 688.0, 1436.0, 159.0, 416.0, 322.0, 435.0, 180.0, 779.0, 447.0, 104.0, 69.0, 235.0, 350.0
25, 2014-12-15, Away, IND, L, L, 5, O, 198, 1, 1744.0, 1844.0, 653.0, 1497.0, 112.0, 334.0, 326.0, 439.0, 201.0, 738.0, 345.0, 126.0, 81.0, 187.0, 347.0, 685.0, 1448.0, 158.0, 415.0, 316.0, 429.0, 182.0, 787.0, 451.0, 102.0, 70.0, 236.0, 353.0
26, 2014-12-19, Home, OKC, L, W, 5.5, O, 204.5, 0, 1733.0, 1845.0, 647.0, 1501.0, 115.0, 339.0, 324.0, 436.0, 201.0, 738.0, 344.0, 128.0, 81.0, 187.0, 353.0, 680.0, 1449.0, 157.0, 413.0, 328.0, 438.0, 185.0, 796.0, 445.0, 106.0, 60.0, 236.0, 349.0
27, 2014-12-21, Away, SAC, L, P, 7, O, 206.5, 0, 1756.0, 1856.0, 660.0, 1511.0, 123.0, 352.0, 313.0, 420.0, 195.0, 735.0, 355.0, 125.0, 81.0, 184.0, 361.0, 684.0, 1455.0, 155.0, 411.0, 333.0, 447.0, 189.0, 794.0, 438.0, 102.0, 66.0, 233.0, 342.0
28, 2014-12-23, Home, GSW, W, W, 10, O, 216.5, 0, 1742.0, 1828.0, 654.0, 1499.0, 130.0, 362.0, 304.0, 407.0, 193.0, 734.0, 352.0, 124.0, 79.0, 193.0, 363.0, 676.0, 1448.0, 148.0, 406.0, 328.0, 449.0, 188.0, 787.0, 421.0, 106.0, 68.0, 231.0, 341.0
29, 2014-12-25, Away, CHI, L, L, 11.5, U, 208, 0, 1743.0, 1824.0, 653.0, 1501.0, 136.0, 371.0, 301.0, 402.0, 193.0, 732.0, 356.0, 128.0, 89.0, 198.0, 354.0, 674.0, 1447.0, 151.0, 405.0, 325.0, 443.0, 186.0, 788.0, 419.0, 107.0, 67.0, 240.0, 342.0
30, 2014-12-26, Away, DAL, L, W, 13, U, 214.5, 1, 1738.0, 1845.0, 652.0, 1502.0, 136.0, 367.0, 298.0, 400.0, 195.0, 724.0, 357.0, 129.0, 94.0, 189.0, 357.0, 686.0, 1459.0, 146.0, 391.0, 327.0, 445.0, 200.0, 807.0, 426.0, 100.0, 68.0, 236.0, 329.0
31, 2014-12-28, Home, PHO, L, L, 5, O, 216.5, 0, 1730.0, 1807.0, 644.0, 1516.0, 142.0, 383.0, 300.0, 399.0, 206.0, 754.0, 353.0, 134.0, 96.0, 195.0, 356.0, 677.0, 1460.0, 133.0, 374.0, 320.0, 441.0, 195.0, 808.0, 409.0, 105.0, 72.0, 240.0, 334.0
32, 2014-12-30, Away, DEN, W, W, 5.5, U, 214.5, 0, 1743.0, 1822.0, 653.0, 1508.0, 151.0, 379.0, 286.0, 385.0, 201.0, 739.0, 360.0, 132.0, 96.0, 199.0, 347.0, 687.0, 1457.0, 132.0, 359.0, 316.0, 427.0, 189.0, 796.0, 413.0, 110.0, 75.0, 236.0, 321.0
33, 2015-01-02, Home, MEM, L, W, 4, O, 203.5, 0, 1761.0, 1826.0, 660.0, 1503.0, 157.0, 385.0, 284.0, 387.0, 193.0, 739.0, 375.0, 132.0, 91.0, 206.0, 349.0, 690.0, 1464.0, 135.0, 363.0, 311.0, 429.0, 190.0, 790.0, 413.0, 116.0, 76.0, 233.0, 325.0
34, 2015-01-04, Home, IND, W, P, -1, U, 202.5, 0, 1748.0, 1815.0, 655.0, 1495.0, 155.0, 383.0, 283.0, 384.0, 186.0, 742.0, 372.0, 130.0, 98.0, 205.0, 355.0, 686.0, 1469.0, 131.0, 359.0, 312.0, 436.0, 197.0, 805.0, 403.0, 115.0, 79.0, 227.0, 320.0
35, 2015-01-05, Away, POR, L, W, 12.5, U, 209, 1, 1707.0, 1780.0, 635.0, 1470.0, 151.0, 377.0, 286.0, 380.0, 179.0, 725.0, 362.0, 134.0, 94.0, 206.0, 354.0, 674.0, 1455.0, 130.0, 353.0, 302.0, 423.0, 199.0, 802.0, 399.0, 114.0, 75.0, 233.0, 313.0
36, 2015-01-07, Away, LAC, L, L, 10.5, U, 214.5, 0, 1695.0, 1782.0, 633.0, 1477.0, 145.0, 374.0, 284.0, 376.0, 178.0, 727.0, 357.0, 130.0, 88.0, 202.0, 348.0, 674.0, 1448.0, 135.0, 358.0, 299.0, 416.0, 193.0, 798.0, 397.0, 115.0, 74.0, 228.0, 309.0
37, 2015-01-09, Home, ORL, W, W, -1.5, U, 198.5, 0, 1689.0, 1785.0, 637.0, 1477.0, 138.0, 365.0, 277.0, 372.0, 178.0, 730.0, 362.0, 125.0, 83.0, 201.0, 348.0, 669.0, 1440.0, 141.0, 372.0, 306.0, 427.0, 189.0, 787.0, 393.0, 118.0, 76.0, 223.0, 310.0
38, 2015-01-11, Home, POR, L, L, 5.5, U, 205, 0, 1694.0, 1756.0, 635.0, 1475.0, 139.0, 370.0, 285.0, 384.0, 189.0, 752.0, 364.0, 131.0, 86.0, 201.0, 351.0, 653.0, 1426.0, 139.0, 366.0, 311.0, 428.0, 183.0, 769.0, 383.0, 120.0, 81.0, 222.0, 318.0
39, 2015-01-13, Home, MIA, L, L, 2.5, U, 197.5, 0, 1701.0, 1758.0, 635.0, 1466.0, 141.0, 373.0, 290.0, 388.0, 189.0, 763.0, 375.0, 129.0, 84.0, 207.0, 358.0, 651.0, 1429.0, 144.0, 379.0, 312.0, 430.0, 180.0, 762.0, 383.0, 123.0, 77.0, 218.0, 322.0
40, 2015-01-15, Home, CLE, L, L, 6, O, 207, 0, 1678.0, 1741.0, 626.0, 1462.0, 140.0, 371.0, 286.0, 381.0, 188.0, 764.0, 368.0, 130.0, 81.0, 214.0, 349.0, 652.0, 1437.0, 139.0, 380.0, 298.0, 408.0, 180.0, 766.0, 386.0, 127.0, 85.0, 220.0, 313.0
41, 2015-01-16, Away, UTA, L, L, 8, U, 196, 1, 1668.0, 1740.0, 621.0, 1442.0, 136.0, 371.0, 290.0, 389.0, 182.0, 750.0, 367.0, 123.0, 78.0, 211.0, 356.0, 647.0, 1425.0, 136.0, 379.0, 310.0, 423.0, 180.0, 757.0, 377.0, 125.0, 83.0, 210.0, 312.0
42, 2015-01-19, Away, PHO, L, L, 10.5, P, 215, 0, 1653.0, 1740.0, 618.0, 1426.0, 134.0, 361.0, 283.0, 382.0, 179.0, 747.0, 352.0, 119.0, 78.0, 219.0, 348.0, 645.0, 1420.0, 145.0, 400.0, 305.0, 413.0, 178.0, 749.0, 376.0, 130.0, 87.0, 208.0, 312.0
43, 2015-01-21, Away, NOP, L, L, 7, U, 203, 0, 1662.0, 1745.0, 623.0, 1413.0, 132.0, 352.0, 284.0, 388.0, 181.0, 755.0, 362.0, 118.0, 76.0, 233.0, 348.0, 648.0, 1423.0, 151.0, 415.0, 298.0, 408.0, 177.0, 737.0, 378.0, 139.0, 92.0, 210.0, 314.0
44, 2015-01-23, Away, SAS, L, P, 14, U, 197.5, 0, 1639.0, 1737.0, 610.0, 1405.0, 128.0, 347.0, 291.0, 394.0, 186.0, 753.0, 350.0, 127.0, 75.0, 239.0, 348.0, 649.0, 1420.0, 146.0, 410.0, 293.0, 400.0, 176.0, 740.0, 378.0, 142.0, 89.0, 218.0, 310.0
45, 2015-01-25, Home, HOU, L, L, 8.5, U, 207, 0, 1623.0, 1728.0, 610.0, 1401.0, 123.0, 334.0, 280.0, 384.0, 176.0, 746.0, 354.0, 123.0, 77.0, 231.0, 340.0, 647.0, 1425.0, 146.0, 411.0, 288.0, 391.0, 178.0, 748.0, 382.0, 139.0, 86.0, 214.0, 301.0
46, 2015-01-27, Home, WAS, L, W, 8, U, 192.5, 0, 1595.0, 1722.0, 598.0, 1391.0, 112.0, 321.0, 287.0, 392.0, 176.0, 757.0, 346.0, 116.0, 69.0, 236.0, 343.0, 643.0, 1428.0, 147.0, 429.0, 289.0, 395.0, 178.0, 755.0, 384.0, 144.0, 88.0, 209.0, 306.0
47, 2015-01-29, Home, CHI, W, W, 9.5, O, 195.5, 0, 1594.0, 1707.0, 599.0, 1386.0, 112.0, 325.0, 284.0, 387.0, 168.0, 756.0, 345.0, 116.0, 65.0, 243.0, 341.0, 639.0, 1420.0, 141.0, 421.0, 288.0, 397.0, 167.0, 749.0, 376.0, 151.0, 83.0, 212.0, 312.0
48, 2015-02-01, Away, NYK, L, L, 3, U, 190.5, 0, 1619.0, 1723.0, 613.0, 1393.0, 104.0, 305.0, 289.0, 392.0, 162.0, 747.0, 351.0, 113.0, 67.0, 240.0, 345.0, 640.0, 1441.0, 142.0, 428.0, 301.0, 405.0, 178.0, 758.0, 382.0, 151.0, 83.0, 210.0, 312.0
49, 2015-02-04, Away, MIL, L, W, 9.5, O, 192, 0, 1592.0, 1699.0, 598.0, 1388.0, 99.0, 301.0, 297.0, 395.0, 168.0, 758.0, 344.0, 112.0, 64.0, 237.0, 341.0, 633.0, 1438.0, 143.0, 428.0, 290.0, 394.0, 181.0, 754.0, 376.0, 146.0, 81.0, 208.0, 318.0
50, 2015-02-06, Away, ORL, L, L, 4.5, U, 200.5, 0, 1586.0, 1709.0, 597.0, 1405.0, 94.0, 304.0, 298.0, 394.0, 182.0, 769.0, 335.0, 109.0, 62.0, 235.0, 346.0, 635.0, 1433.0, 146.0, 428.0, 293.0, 389.0, 175.0, 750.0, 376.0, 143.0, 81.0, 208.0, 316.0
51, 2015-02-08, Away, CLE, L, L, 14, O, 198.5, 0, 1577.0, 1703.0, 593.0, 1421.0, 99.0, 311.0, 292.0, 388.0, 192.0, 774.0, 338.0, 111.0, 62.0, 236.0, 331.0, 637.0, 1432.0, 145.0, 429.0, 284.0, 372.0, 172.0, 752.0, 375.0, 145.0, 83.0, 214.0, 314.0
52, 2015-02-10, Home, DEN, L, L, -1, P, 202, 0, 1594.0, 1736.0, 607.0, 1450.0, 100.0, 316.0, 280.0, 377.0, 206.0, 783.0, 346.0, 114.0, 64.0, 232.0, 329.0, 649.0, 1424.0, 155.0, 434.0, 283.0, 374.0, 162.0, 748.0, 385.0, 146.0, 88.0, 214.0, 308.0
53, 2015-02-11, Away, POR, L, L, 13.5, U, 196, 1, 1596.0, 1744.0, 607.0, 1447.0, 102.0, 320.0, 280.0, 384.0, 209.0, 777.0, 349.0, 112.0, 66.0, 232.0, 333.0, 659.0, 1420.0, 148.0, 424.0, 278.0, 373.0, 156.0, 738.0, 392.0, 148.0, 92.0, 212.0, 318.0
54, 2015-02-20, Home, BRK, L, L, 3, O, 194.5, 0, 1593.0, 1732.0, 604.0, 1455.0, 104.0, 316.0, 281.0, 378.0, 214.0, 779.0, 345.0, 113.0, 70.0, 230.0, 336.0, 654.0, 1421.0, 146.0, 421.0, 278.0, 366.0, 163.0, 748.0, 390.0, 144.0, 92.0, 216.0, 313.0
55, 2015-02-22, Home, BOS, W, W, 3, O, 202.5, 0, 1597.0, 1762.0, 609.0, 1454.0, 101.0, 318.0, 278.0, 376.0, 210.0, 765.0, 351.0, 115.0, 67.0, 228.0, 333.0, 666.0, 1434.0, 150.0, 428.0, 280.0, 367.0, 172.0, 758.0, 400.0, 143.0, 87.0, 212.0, 306.0
56, 2015-02-25, Away, UTA, W, W, 9.5, O, 192, 0, 1621.0, 1767.0, 616.0, 1457.0, 101.0, 314.0, 288.0, 395.0, 209.0, 766.0, 344.0, 121.0, 67.0, 232.0, 338.0, 667.0, 1446.0, 145.0, 430.0, 288.0, 377.0, 179.0, 763.0, 399.0, 147.0, 92.0, 217.0, 319.0
57, 2015-02-27, Home, MIL, W, W, 6.5, O, 192.5, 0, 1646.0, 1786.0, 627.0, 1454.0, 99.0, 302.0, 293.0, 398.0, 210.0, 762.0, 341.0, 123.0, 72.0, 229.0, 349.0, 668.0, 1441.0, 150.0, 426.0, 300.0, 396.0, 183.0, 758.0, 394.0, 143.0, 86.0, 219.0, 322.0
58, 2015-03-01, Home, OKC, L, L, 4, O, 198.5, 0, 1645.0, 1770.0, 628.0, 1463.0, 97.0, 296.0, 292.0, 397.0, 211.0, 777.0, 338.0, 126.0, 76.0, 230.0, 344.0, 665.0, 1450.0, 145.0, 413.0, 295.0, 389.0, 184.0, 769.0, 398.0, 142.0, 89.0, 221.0, 324.0
59, 2015-03-03, Away, CHO, L, W, 8.5, O, 196, 0, 1661.0, 1784.0, 637.0, 1488.0, 103.0, 314.0, 284.0, 388.0, 212.0, 784.0, 356.0, 126.0, 77.0, 220.0, 355.0, 669.0, 1462.0, 144.0, 414.0, 302.0, 402.0, 188.0, 786.0, 395.0, 136.0, 88.0, 218.0, 319.0
60, 2015-03-04, Away, MIA, L, W, 9, U, 201.5, 1, 1664.0, 1773.0, 642.0, 1499.0, 101.0, 314.0, 279.0, 374.0, 205.0, 779.0, 356.0, 123.0, 78.0, 208.0, 356.0, 665.0, 1455.0, 136.0, 395.0, 307.0, 411.0, 183.0, 787.0, 402.0, 130.0, 86.0, 214.0, 314.0
61, 2015-03-06, Away, MEM, L, W, 11, U, 196.5, 0, 1678.0, 1777.0, 652.0, 1510.0, 102.0, 312.0, 272.0, 370.0, 202.0, 780.0, 363.0, 122.0, 75.0, 206.0, 361.0, 659.0, 1451.0, 136.0, 395.0, 323.0, 433.0, 186.0, 797.0, 397.0, 130.0, 88.0, 214.0, 317.0
62, 2015-03-08, Home, DAL, L, W, 7.5, U, 202.5, 0, 1683.0, 1775.0, 658.0, 1511.0, 102.0, 311.0, 265.0, 359.0, 199.0, 784.0, 367.0, 124.0, 80.0, 207.0, 366.0, 657.0, 1444.0, 130.0, 382.0, 331.0, 439.0, 181.0, 787.0, 396.0, 132.0, 85.0, 212.0, 313.0
63, 2015-03-10, Home, DET, W, W, 3.5, U, 202, 0, 1689.0, 1776.0, 662.0, 1514.0, 103.0, 312.0, 262.0, 355.0, 201.0, 778.0, 370.0, 125.0, 83.0, 202.0, 372.0, 660.0, 1435.0, 126.0, 364.0, 330.0, 440.0, 176.0, 774.0, 395.0, 129.0, 88.0, 205.0, 310.0
64, 2015-03-12, Home, NYK, L, L, -7, O, 191.5, 0, 1690.0, 1763.0, 657.0, 1502.0, 101.0, 305.0, 275.0, 369.0, 203.0, 786.0, 376.0, 124.0, 80.0, 202.0, 370.0, 654.0, 1441.0, 130.0, 383.0, 325.0, 432.0, 179.0, 765.0, 396.0, 131.0, 94.0, 201.0, 315.0
65, 2015-03-15, Home, ATL, L, W, 9, U, 198.5, 0, 1661.0, 1746.0, 645.0, 1486.0, 103.0, 314.0, 268.0, 365.0, 200.0, 783.0, 368.0, 125.0, 76.0, 202.0, 369.0, 647.0, 1414.0, 133.0, 376.0, 319.0, 426.0, 166.0, 749.0, 397.0, 127.0, 97.0, 198.0, 313.0
66, 2015-03-16, Away, GSW, L, W, 18, O, 209, 1, 1667.0, 1745.0, 652.0, 1495.0, 103.0, 316.0, 260.0, 357.0, 209.0, 791.0, 374.0, 124.0, 77.0, 209.0, 376.0, 644.0, 1406.0, 128.0, 377.0, 329.0, 440.0, 162.0, 742.0, 404.0, 129.0, 100.0, 198.0, 306.0
67, 2015-03-19, Home, UTA, L, L, 4.5, U, 183, 0, 1667.0, 1740.0, 652.0, 1487.0, 102.0, 303.0, 261.0, 353.0, 201.0, 783.0, 376.0, 132.0, 80.0, 211.0, 370.0, 643.0, 1408.0, 124.0, 378.0, 330.0, 441.0, 164.0, 744.0, 407.0, 135.0, 100.0, 201.0, 305.0
68, 2015-03-22, Home, PHI, W, W, -4.5, U, 194.5, 0, 1643.0, 1717.0, 644.0, 1467.0, 94.0, 288.0, 261.0, 357.0, 195.0, 783.0, 369.0, 129.0, 75.0, 211.0, 379.0, 625.0, 1387.0, 128.0, 388.0, 339.0, 458.0, 156.0, 732.0, 400.0, 137.0, 102.0, 197.0, 309.0
69, 2015-03-24, Away, OKC, L, L, 9.5, O, 214.5, 0, 1639.0, 1684.0, 642.0, 1448.0, 92.0, 279.0, 263.0, 360.0, 189.0, 789.0, 368.0, 122.0, 79.0, 217.0, 382.0, 612.0, 1394.0, 119.0, 382.0, 341.0, 459.0, 163.0, 725.0, 391.0, 135.0, 101.0, 191.0, 315.0
70, 2015-03-25, Away, MIN, W, W, 1, U, 201.5, 1, 1660.0, 1705.0, 649.0, 1448.0, 95.0, 280.0, 267.0, 360.0, 183.0, 774.0, 367.0, 129.0, 84.0, 217.0, 375.0, 617.0, 1401.0, 126.0, 387.0, 345.0, 459.0, 172.0, 739.0, 395.0, 133.0, 95.0, 200.0, 313.0
71, 2015-03-27, Away, TOR, L, L, 8, U, 203.5, 0, 1675.0, 1702.0, 654.0, 1447.0, 94.0, 290.0, 273.0, 367.0, 183.0, 774.0, 371.0, 133.0, 83.0, 223.0, 375.0, 615.0, 1393.0, 122.0, 379.0, 350.0, 466.0, 166.0, 727.0, 382.0, 136.0, 95.0, 207.0, 318.0
72, 2015-03-29, Away, BRK, L, P, 8, O, 198, 0, 1653.0, 1682.0, 642.0, 1442.0, 94.0, 284.0, 275.0, 367.0, 185.0, 774.0, 363.0, 129.0, 81.0, 225.0, 376.0, 609.0, 1379.0, 119.0, 376.0, 345.0, 463.0, 161.0, 721.0, 378.0, 137.0, 97.0, 206.0, 317.0
73, 2015-03-30, Away, PHI, W, W, 5, O, 192, 1, 1634.0, 1678.0, 641.0, 1449.0, 93.0, 284.0, 259.0, 340.0, 188.0, 771.0, 366.0, 128.0, 81.0, 219.0, 363.0, 609.0, 1368.0, 119.0, 371.0, 341.0, 457.0, 154.0, 716.0, 380.0, 139.0, 98.0, 198.0, 295.0
74, 2015-04-01, Home, NOP, L, L, 9.5, O, 196.5, 0, 1647.0, 1692.0, 641.0, 1442.0, 101.0, 294.0, 264.0, 349.0, 186.0, 774.0, 376.0, 123.0, 83.0, 227.0, 364.0, 614.0, 1391.0, 122.0, 389.0, 342.0, 461.0, 161.0, 720.0, 389.0, 147.0, 94.0, 193.0, 300.0
75, 2015-04-03, Home, POR, L, L, 10.5, U, 203.5, 0, 1638.0, 1712.0, 638.0, 1440.0, 100.0, 292.0, 262.0, 348.0, 189.0, 759.0, 375.0, 120.0, 80.0, 220.0, 360.0, 624.0, 1382.0, 127.0, 388.0, 337.0, 453.0, 157.0, 711.0, 402.0, 143.0, 95.0, 188.0, 301.0
76, 2015-04-05, Home, LAC, L, L, 13.5, U, 210.5, 0, 1614.0, 1711.0, 629.0, 1432.0, 96.0, 281.0, 260.0, 347.0, 186.0, 753.0, 363.0, 118.0, 80.0, 222.0, 350.0, 627.0, 1373.0, 126.0, 382.0, 331.0, 441.0, 147.0, 709.0, 402.0, 145.0, 95.0, 187.0, 299.0
77, 2015-04-07, Away, LAC, L, W, 17, U, 207, 0, 1589.0, 1713.0, 619.0, 1421.0, 97.0, 281.0, 254.0, 348.0, 194.0, 753.0, 356.0, 115.0, 79.0, 228.0, 347.0, 628.0, 1369.0, 136.0, 396.0, 321.0, 428.0, 149.0, 707.0, 399.0, 145.0, 91.0, 186.0, 302.0
78, 2015-04-08, Away, DEN, L, L, 9.5, O, 205, 1, 1595.0, 1718.0, 616.0, 1417.0, 99.0, 288.0, 264.0, 358.0, 195.0, 754.0, 357.0, 106.0, 79.0, 225.0, 346.0, 635.0, 1371.0, 140.0, 404.0, 308.0, 415.0, 142.0, 698.0, 408.0, 143.0, 90.0, 179.0, 309.0
79, 2015-04-10, Home, MIN, W, W, -5, O, 202, 0, 1606.0, 1740.0, 613.0, 1408.0, 99.0, 292.0, 281.0, 384.0, 199.0, 749.0, 350.0, 107.0, 72.0, 230.0, 340.0, 645.0, 1382.0, 152.0, 423.0, 298.0, 406.0, 146.0, 701.0, 416.0, 143.0, 95.0, 180.0, 319.0
80, 2015-04-12, Home, DAL, L, L, 5, O, 203, 0, 1619.0, 1738.0, 616.0, 1409.0, 106.0, 301.0, 281.0, 387.0, 198.0, 748.0, 362.0, 108.0, 69.0, 226.0, 338.0, 639.0, 1378.0, 146.0, 412.0, 314.0, 418.0, 149.0, 707.0, 412.0, 140.0, 91.0, 185.0, 319.0
81, 2015-04-13, Away, SAC, L, L, 3.5, U, 208, 1, 1632.0, 1773.0, 618.0, 1412.0, 112.0, 312.0, 284.0, 393.0, 194.0, 739.0, 359.0, 104.0, 72.0, 227.0, 341.0, 652.0, 1377.0, 148.0, 398.0, 321.0, 425.0, 144.0, 707.0, 423.0, 137.0, 92.0, 185.0, 316.0
82, 2015-04-15, Home, SAC, L, L, -3, O, 206.5, 0, 1630.0, 1774.0, 620.0, 1418.0, 111.0, 309.0, 279.0, 385.0, 196.0, 737.0, 360.0, 106.0, 71.0, 225.0, 341.0, 651.0, 1372.0, 143.0, 396.0, 329.0, 435.0, 145.0, 715.0, 418.0, 136.0, 89.0, 187.0, 311.0
