20, 2013-12-08, Away, HOU, L, W, 13.5, U, 210, 0, 0, 99.56, 103.61, 37.67, 80.83, 7.56, 20.94, 16.67, 21.89, 8.78, 41.39, 21.5, 7.83, 4.28, 16.39, 20.44, 39.0, 85.39, 7.89, 20.72, 17.72, 22.06, 10.33, 42.11, 23.17, 8.39, 5.17, 14.06, 19.11, 108.5, 103.17, 38.11, 79.61, 10.06, 27.72, 22.22, 31.39, 11.06, 46.44, 21.5, 8.28, 6.61, 16.83, 21.11, 38.56, 89.22, 8.94, 23.89, 17.11, 22.72, 12.17, 40.5, 21.56, 9.28, 5.44, 14.22, 24.89
21, 2013-12-09, Away, MEM, L, L, 8.5, U, 188, 0, 1, 98.06, 102.39, 36.83, 80.44, 7.44, 21.06, 16.94, 22.44, 8.83, 40.78, 21.11, 8.17, 4.33, 15.78, 20.44, 38.44, 84.06, 8.0, 21.17, 17.5, 22.5, 10.39, 42.72, 22.89, 8.28, 5.56, 14.28, 19.17, 93.11, 96.33, 36.22, 79.78, 4.06, 13.39, 16.61, 21.17, 10.56, 40.72, 21.5, 7.28, 4.39, 13.22, 19.94, 36.17, 79.89, 7.39, 20.61, 16.61, 21.61, 10.94, 40.67, 19.72, 7.11, 5.06, 13.67, 20.11
22, 2013-12-11, Away, CHA, W, W, 5, U, 193, 0, 0, 96.67, 102.61, 36.33, 80.72, 7.17, 21.06, 16.83, 22.06, 8.72, 40.28, 20.56, 7.94, 4.39, 15.44, 20.22, 38.67, 83.72, 8.22, 21.44, 17.06, 22.0, 10.06, 43.17, 23.28, 8.11, 5.5, 14.39, 19.17, 91.67, 92.0, 33.56, 80.39, 4.72, 15.5, 19.83, 27.39, 11.39, 44.28, 18.89, 6.22, 4.83, 13.06, 19.33, 33.72, 79.44, 7.83, 21.39, 16.72, 21.83, 9.06, 42.5, 19.33, 6.28, 5.28, 14.06, 22.44
23, 2013-12-13, Home, CLE, L, L, -2, O, 195, 0, 0, 95.83, 102.44, 36.11, 80.78, 7.17, 21.17, 16.44, 21.33, 8.78, 40.17, 20.5, 7.89, 4.39, 15.39, 20.11, 38.5, 83.44, 8.22, 21.44, 17.22, 22.17, 9.94, 43.11, 23.28, 8.17, 5.44, 14.28, 18.67, 94.44, 100.72, 35.89, 83.89, 7.11, 19.67, 15.56, 20.89, 12.11, 43.94, 19.28, 7.33, 4.94, 15.17, 18.5, 38.22, 84.78, 8.17, 22.83, 16.11, 20.39, 10.89, 43.39, 26.0, 7.89, 5.56, 13.94, 18.94
24, 2013-12-15, Away, OKC, L, W, 13, U, 205.5, 0, 0, 95.94, 103.5, 35.94, 80.94, 7.5, 21.94, 16.56, 21.28, 8.83, 39.83, 20.56, 7.89, 4.44, 15.22, 20.33, 38.83, 83.0, 8.5, 21.56, 17.33, 22.11, 9.5, 42.72, 23.17, 8.0, 5.33, 14.11, 18.5, 107.61, 99.17, 39.61, 83.28, 6.56, 18.22, 21.83, 26.72, 11.5, 48.39, 22.67, 7.78, 6.78, 15.61, 22.0, 36.72, 87.89, 8.06, 24.39, 17.67, 25.28, 12.33, 42.33, 21.78, 9.06, 4.56, 13.44, 20.44
25, 2013-12-16, Away, CHI, W, W, 7, U, 185.5, 0, 1, 96.44, 104.06, 36.17, 80.89, 7.67, 22.17, 16.44, 21.11, 8.44, 39.22, 20.56, 8.06, 4.33, 14.89, 20.0, 39.11, 82.56, 8.67, 21.83, 17.17, 21.78, 9.06, 42.44, 23.39, 7.94, 5.44, 14.22, 18.22, 91.89, 91.67, 34.67, 82.11, 5.5, 16.11, 17.06, 22.28, 12.83, 46.11, 21.61, 6.22, 5.0, 15.39, 20.11, 34.89, 82.78, 6.56, 17.67, 15.33, 20.67, 11.61, 41.56, 19.56, 8.22, 7.0, 13.11, 21.0
26, 2013-12-18, Home, UTA, L, L, -3, U, 195, 0, 0, 95.83, 102.83, 35.89, 80.94, 7.5, 21.89, 16.56, 21.0, 8.44, 40.22, 20.5, 7.78, 4.39, 14.56, 19.78, 38.28, 82.06, 8.61, 21.78, 17.67, 22.28, 9.06, 42.78, 22.44, 7.67, 5.39, 13.83, 18.5, 95.28, 102.72, 36.94, 83.0, 6.61, 17.33, 14.78, 19.11, 10.67, 39.72, 20.61, 7.22, 4.72, 13.33, 21.44, 38.5, 80.17, 7.0, 18.72, 18.72, 24.33, 10.89, 44.06, 20.94, 7.11, 5.44, 12.83, 19.56
27, 2013-12-21, Home, SAC, L, L, -3, O, 203.5, 1, 0, 94.56, 100.94, 35.28, 81.0, 7.5, 21.72, 16.5, 20.83, 8.39, 40.83, 19.67, 7.78, 4.5, 14.11, 19.78, 37.28, 81.89, 8.78, 22.28, 17.61, 22.28, 9.22, 43.39, 21.94, 7.33, 5.56, 14.0, 18.39, 101.39, 105.44, 37.28, 83.5, 6.78, 19.89, 20.06, 25.83, 11.22, 42.44, 21.5, 8.28, 3.61, 14.5, 22.56, 39.33, 82.39, 9.56, 23.94, 17.22, 24.28, 9.83, 41.39, 23.78, 8.22, 6.06, 14.67, 22.56
28, 2013-12-23, Home, NYK, L, L, 1.5, O, 192.5, 0, 0, 94.89, 101.72, 35.5, 81.0, 7.44, 21.39, 16.44, 20.94, 8.28, 40.67, 19.5, 7.83, 4.39, 14.22, 20.17, 37.61, 82.17, 9.17, 22.83, 17.33, 22.33, 9.5, 43.67, 22.0, 7.28, 5.39, 13.83, 18.61, 94.56, 97.72, 35.67, 83.17, 9.11, 25.83, 14.11, 18.22, 10.67, 39.06, 20.56, 8.83, 4.72, 11.56, 22.06, 35.33, 74.89, 8.39, 21.83, 18.67, 24.56, 9.0, 42.0, 18.56, 5.72, 3.72, 15.33, 19.44
29, 2013-12-27, Home, DET, W, W, 4, U, 203.5, 0, 0, 94.78, 101.44, 35.5, 82.06, 7.67, 21.94, 16.11, 20.61, 8.67, 40.89, 19.61, 7.83, 4.56, 13.78, 20.17, 37.39, 82.28, 9.17, 22.5, 17.5, 22.39, 9.72, 44.61, 21.56, 6.78, 5.44, 13.89, 18.56, 103.06, 102.33, 39.72, 86.89, 6.78, 19.44, 16.83, 25.61, 14.67, 45.89, 20.5, 8.5, 5.5, 14.5, 20.17, 37.72, 82.89, 8.33, 22.72, 18.56, 23.39, 10.22, 41.33, 23.17, 8.5, 4.72, 15.17, 20.17
30, 2013-12-29, Home, ATL, W, W, -3, O, 202.5, 1, 0, 95.72, 99.89, 36.39, 82.83, 7.06, 21.11, 15.89, 20.72, 8.94, 42.22, 20.0, 7.67, 4.39, 13.17, 19.94, 37.44, 83.44, 8.61, 22.17, 16.39, 21.61, 10.11, 45.06, 20.94, 6.44, 5.39, 13.56, 18.94, 104.56, 102.94, 39.5, 85.28, 10.11, 25.56, 15.44, 19.67, 9.72, 42.33, 26.28, 8.39, 4.11, 14.61, 20.06, 39.89, 86.06, 6.83, 20.22, 16.33, 22.28, 10.83, 45.11, 22.44, 7.17, 4.61, 14.56, 17.67
31, 2013-12-31, Home, GSW, L, L, 6, U, 202, 0, 0, 96.28, 99.94, 36.78, 82.89, 6.94, 21.0, 15.78, 20.44, 8.61, 42.17, 20.61, 7.78, 4.39, 13.22, 19.78, 37.39, 83.61, 9.11, 22.94, 16.06, 21.33, 10.28, 45.22, 21.0, 6.61, 5.39, 13.61, 19.17, 104.22, 100.22, 39.22, 87.11, 8.94, 24.44, 16.83, 22.78, 12.72, 48.33, 22.39, 7.61, 5.11, 16.33, 22.39, 36.83, 85.5, 7.06, 19.89, 19.5, 25.22, 10.5, 43.39, 18.89, 8.61, 5.28, 14.39, 19.67
32, 2014-01-02, Away, CLE, L, L, 2, U, 194, 0, 0, 95.44, 99.39, 36.5, 83.17, 6.89, 20.89, 15.56, 20.39, 8.72, 41.94, 20.33, 7.94, 4.28, 13.06, 19.67, 37.11, 83.06, 8.83, 22.83, 16.33, 21.72, 10.39, 45.89, 20.78, 6.5, 5.5, 14.06, 19.11, 98.56, 104.28, 37.56, 87.11, 7.0, 19.39, 16.44, 22.11, 12.22, 44.78, 19.39, 6.11, 4.39, 13.78, 18.0, 39.83, 85.72, 9.28, 25.67, 15.33, 20.39, 10.67, 44.44, 26.33, 7.56, 6.17, 14.11, 20.06
33, 2014-01-04, Home, MIA, L, L, 10, O, 199.5, 0, 0, 93.89, 99.11, 35.94, 83.22, 6.83, 21.06, 15.17, 20.28, 8.83, 42.28, 19.89, 7.78, 4.78, 13.17, 19.67, 37.28, 84.33, 8.56, 22.67, 16.0, 21.56, 11.11, 47.22, 20.78, 6.44, 5.5, 13.94, 19.22, 103.28, 99.44, 39.44, 77.78, 7.83, 22.17, 16.56, 22.17, 6.33, 36.67, 23.0, 10.22, 4.72, 14.56, 19.78, 36.56, 79.33, 8.5, 22.94, 17.83, 24.61, 10.44, 42.06, 20.67, 7.94, 2.67, 17.0, 19.56
34, 2014-01-06, Away, LAC, L, L, 7.5, U, 197, 0, 0, 93.28, 100.0, 35.39, 83.11, 7.06, 21.44, 15.44, 20.44, 9.11, 42.06, 19.56, 7.56, 4.61, 13.06, 20.11, 37.39, 83.72, 8.5, 22.33, 16.72, 22.33, 11.0, 47.22, 20.83, 6.5, 5.39, 13.94, 19.28, 103.06, 98.39, 37.5, 82.39, 7.5, 23.39, 20.56, 27.83, 9.56, 42.5, 22.5, 8.39, 4.5, 13.06, 20.22, 37.22, 84.89, 7.11, 21.61, 16.83, 22.0, 11.67, 45.33, 23.56, 7.0, 2.83, 15.17, 22.39
35, 2014-01-08, Away, POR, L, L, 12.5, U, 206.5, 1, 0, 92.72, 99.56, 35.17, 83.44, 6.94, 21.44, 15.44, 20.78, 9.72, 43.28, 19.28, 7.56, 4.39, 13.17, 20.5, 37.0, 84.11, 8.67, 23.11, 16.89, 22.72, 11.33, 47.67, 21.17, 6.44, 5.72, 13.67, 19.56, 113.22, 106.61, 41.44, 90.44, 10.89, 28.28, 19.44, 23.17, 13.56, 48.11, 25.61, 5.39, 5.11, 13.67, 19.17, 41.78, 90.22, 5.83, 15.22, 17.22, 22.56, 11.28, 43.67, 20.17, 8.5, 3.83, 11.0, 20.0
36, 2014-01-10, Away, SAC, L, L, 7, U, 206, 0, 0, 93.5, 100.22, 35.33, 83.78, 7.17, 21.72, 15.67, 21.22, 9.78, 43.39, 19.67, 7.33, 4.28, 12.78, 19.83, 37.67, 85.33, 8.67, 24.06, 16.22, 21.83, 11.56, 47.94, 21.5, 6.5, 6.0, 13.11, 19.22, 104.83, 108.39, 38.06, 83.67, 6.67, 18.83, 22.06, 28.94, 12.39, 44.67, 19.78, 8.0, 4.28, 14.83, 22.06, 40.56, 85.06, 9.06, 23.28, 18.22, 24.39, 10.44, 42.56, 24.17, 8.56, 5.94, 14.11, 24.06
37, 2014-01-11, Away, DEN, L, L, 12.5, O, 200.5, 0, 1, 91.17, 98.94, 34.17, 82.89, 7.28, 21.78, 15.56, 21.06, 9.94, 43.56, 18.94, 7.11, 4.22, 12.5, 19.39, 37.39, 84.44, 8.22, 23.22, 15.94, 21.06, 11.06, 47.83, 21.67, 6.33, 5.94, 12.61, 18.94, 99.17, 101.11, 36.5, 84.0, 7.56, 22.78, 18.61, 24.56, 13.0, 46.39, 21.83, 7.44, 6.06, 14.89, 22.22, 38.33, 85.89, 7.11, 21.56, 17.33, 24.06, 11.67, 43.17, 21.78, 8.17, 6.28, 13.28, 20.0
38, 2014-01-13, Away, DAL, L, L, 12.5, U, 198, 0, 0, 91.78, 98.89, 34.56, 83.67, 6.94, 21.5, 15.72, 21.22, 10.17, 44.06, 19.17, 7.06, 4.28, 12.44, 19.39, 37.39, 84.67, 7.94, 22.89, 16.17, 21.44, 11.17, 48.11, 21.94, 6.17, 6.06, 12.61, 19.0, 102.44, 101.39, 39.89, 84.06, 8.06, 22.28, 14.61, 18.72, 9.22, 38.67, 24.56, 10.61, 4.33, 12.72, 19.17, 37.39, 81.28, 7.89, 21.17, 18.72, 23.61, 12.44, 45.28, 20.5, 7.28, 3.67, 16.56, 18.67
39, 2014-01-15, Home, CHI, L, W, 6, O, 181.5, 0, 0, 91.78, 99.39, 34.67, 82.72, 6.89, 21.22, 15.56, 20.56, 9.78, 43.72, 19.39, 6.78, 3.94, 12.89, 18.78, 37.83, 84.83, 8.11, 22.56, 15.61, 19.94, 10.83, 47.0, 21.89, 6.22, 5.83, 12.28, 18.78, 88.44, 89.78, 32.11, 77.33, 5.61, 17.06, 18.61, 24.83, 11.56, 43.22, 21.39, 7.44, 5.94, 15.11, 19.17, 34.5, 79.67, 5.44, 16.5, 15.33, 19.67, 10.39, 41.22, 19.11, 7.78, 6.67, 13.78, 21.44
40, 2014-01-17, Home, CHA, L, L, 1.5, O, 188.5, 0, 0, 94.0, 101.28, 35.94, 84.33, 6.89, 21.44, 15.22, 20.33, 10.06, 44.67, 20.06, 6.89, 3.78, 13.22, 19.5, 38.5, 86.33, 8.22, 23.44, 16.06, 20.28, 11.22, 47.39, 22.33, 6.5, 5.94, 12.44, 18.83, 96.94, 101.72, 36.94, 83.39, 6.33, 16.17, 16.72, 22.33, 7.94, 40.83, 20.61, 6.5, 4.89, 11.39, 18.22, 39.11, 85.11, 8.83, 22.5, 14.67, 19.39, 10.39, 46.5, 23.17, 6.78, 6.06, 13.06, 20.0
41, 2014-01-19, Home, BOS, W, W, 3, U, 195.5, 0, 0, 94.5, 102.83, 35.94, 83.89, 7.06, 21.78, 15.56, 21.0, 9.61, 43.89, 20.44, 6.83, 3.89, 13.22, 19.78, 38.94, 85.78, 8.39, 23.33, 16.56, 21.22, 10.94, 47.11, 22.44, 6.5, 5.89, 12.56, 18.89, 95.28, 102.39, 36.44, 85.61, 5.78, 19.17, 16.61, 21.83, 12.22, 44.61, 21.83, 6.5, 4.83, 13.83, 22.67, 37.39, 83.56, 8.17, 21.78, 19.44, 26.89, 12.06, 44.78, 24.0, 7.0, 4.44, 12.83, 19.0
42, 2014-01-21, Away, BRK, L, L, 9, U, 193.5, 1, 0, 94.11, 101.83, 35.56, 83.11, 6.67, 20.94, 16.33, 22.11, 9.78, 44.11, 20.33, 6.78, 3.89, 13.5, 19.61, 38.44, 85.94, 8.11, 22.89, 16.83, 21.44, 11.39, 47.22, 22.33, 6.56, 6.0, 12.56, 19.39, 100.0, 98.5, 35.94, 77.89, 9.78, 24.5, 18.33, 23.83, 8.61, 38.83, 22.22, 7.94, 3.89, 14.39, 22.44, 35.11, 79.5, 8.17, 23.39, 20.11, 25.94, 10.61, 42.5, 20.72, 7.56, 3.89, 15.39, 21.11
43, 2014-01-22, Home, ATL, L, W, 5.5, O, 202, 0, 1, 93.67, 101.83, 35.33, 82.56, 6.67, 20.67, 16.33, 21.94, 9.61, 43.67, 20.56, 6.67, 3.89, 13.44, 19.39, 38.5, 85.61, 8.39, 23.39, 16.44, 21.06, 11.11, 46.72, 22.67, 6.5, 5.89, 12.28, 19.22, 105.72, 103.5, 38.78, 83.89, 10.89, 29.28, 17.28, 20.83, 9.89, 41.22, 27.0, 8.89, 4.28, 15.17, 19.33, 39.94, 86.17, 7.72, 22.0, 15.89, 20.89, 12.06, 44.28, 23.72, 8.39, 4.83, 14.94, 19.78
44, 2014-01-24, Home, LAL, W, W, -2.5, O, 210.5, 1, 0, 95.11, 103.5, 35.78, 82.56, 6.72, 20.67, 16.83, 22.39, 9.44, 42.5, 20.72, 6.83, 3.78, 13.61, 19.56, 39.22, 85.72, 8.61, 23.78, 16.44, 20.94, 11.17, 46.56, 23.06, 6.89, 6.0, 12.94, 18.83, 101.06, 109.17, 36.11, 82.56, 8.44, 24.5, 20.39, 26.22, 9.94, 42.83, 21.56, 6.11, 5.22, 16.11, 19.83, 42.11, 91.5, 8.22, 24.17, 16.72, 23.67, 14.17, 49.56, 25.44, 10.56, 4.78, 12.39, 20.44
45, 2014-01-26, Away, NOP, L, L, 6.5, U, 197.5, 0, 0, 96.89, 104.56, 36.39, 82.28, 6.83, 20.78, 17.28, 23.17, 9.17, 42.67, 21.39, 7.0, 3.61, 13.89, 19.67, 39.67, 86.17, 8.83, 23.83, 16.39, 21.06, 10.94, 46.17, 23.56, 6.94, 5.72, 12.67, 19.0, 98.89, 103.5, 38.0, 81.0, 5.56, 14.06, 17.33, 22.61, 11.5, 41.67, 20.61, 7.72, 5.89, 13.94, 23.28, 37.0, 79.83, 7.89, 22.67, 21.61, 28.33, 12.06, 42.0, 21.22, 7.06, 6.39, 13.17, 20.0
46, 2014-01-28, Away, DET, L, L, 6.5, U, 205, 0, 0, 96.44, 104.28, 36.22, 82.0, 6.56, 20.5, 17.44, 22.94, 8.78, 42.11, 21.28, 6.94, 3.39, 13.83, 19.67, 39.56, 86.28, 8.44, 23.22, 16.72, 21.28, 11.17, 46.39, 23.78, 7.06, 6.06, 12.61, 19.17, 99.22, 106.5, 38.22, 86.5, 5.67, 18.94, 17.11, 26.11, 14.56, 44.0, 20.83, 8.78, 5.11, 14.78, 20.44, 39.94, 82.61, 7.94, 21.72, 18.67, 24.67, 11.11, 43.61, 24.94, 8.39, 4.83, 15.5, 21.22
47, 2014-01-29, Away, TOR, L, L, 9.5, U, 194.5, 0, 1, 95.83, 104.28, 35.94, 81.33, 6.56, 20.22, 17.39, 23.11, 8.56, 41.89, 21.0, 7.28, 3.28, 14.17, 19.44, 39.56, 86.28, 8.22, 23.17, 16.94, 21.78, 11.61, 46.89, 23.94, 7.28, 6.22, 12.94, 19.11, 99.33, 93.5, 35.44, 79.72, 9.56, 24.22, 18.89, 24.94, 11.78, 44.11, 23.06, 6.94, 4.17, 13.5, 22.22, 34.61, 79.5, 6.5, 17.56, 17.78, 23.39, 10.06, 41.06, 19.89, 7.39, 3.94, 13.83, 21.28
48, 2014-01-31, Home, MIL, W, W, -6, O, 195, 0, 0, 94.39, 104.61, 35.0, 81.28, 6.67, 20.5, 17.72, 23.28, 8.44, 41.33, 20.5, 7.28, 3.44, 13.78, 19.17, 39.44, 85.83, 8.72, 23.89, 17.0, 21.5, 11.28, 47.22, 24.5, 7.22, 6.11, 12.89, 19.0, 91.39, 104.11, 35.5, 83.83, 7.28, 22.83, 13.11, 18.33, 12.11, 41.39, 21.78, 7.22, 5.44, 14.11, 21.5, 37.72, 81.94, 9.28, 22.28, 19.39, 25.89, 11.61, 45.56, 23.72, 7.89, 5.0, 13.11, 19.39
49, 2014-02-02, Away, BOS, L, L, 6, U, 191, 0, 0, 94.61, 104.61, 35.11, 81.78, 6.61, 20.22, 17.78, 23.33, 8.56, 41.56, 20.33, 7.28, 3.5, 13.67, 19.28, 39.61, 86.17, 8.44, 22.89, 16.94, 21.67, 11.56, 47.61, 24.67, 7.17, 6.33, 13.0, 18.83, 93.5, 102.06, 35.06, 86.33, 5.94, 20.94, 17.44, 22.5, 13.61, 45.33, 21.56, 7.72, 4.83, 14.11, 22.72, 37.61, 82.44, 7.56, 20.89, 19.28, 26.39, 11.56, 44.94, 24.39, 6.89, 4.56, 13.89, 19.5
50, 2014-02-03, Away, IND, L, L, 15, U, 189, 0, 1, 95.06, 104.72, 35.06, 81.28, 6.61, 19.94, 18.33, 23.83, 8.78, 41.67, 20.28, 7.39, 3.56, 13.94, 19.28, 39.61, 86.0, 8.33, 22.17, 17.17, 21.78, 11.44, 46.94, 24.83, 7.39, 5.89, 12.94, 19.11, 98.5, 92.5, 37.17, 82.56, 6.06, 18.56, 18.11, 23.67, 11.39, 47.17, 20.22, 6.28, 5.11, 14.33, 21.28, 34.56, 83.0, 6.61, 19.5, 16.78, 22.83, 9.44, 40.83, 17.83, 7.17, 4.06, 13.44, 21.94
51, 2014-02-05, Home, DET, W, W, 2.5, O, 203, 0, 0, 94.94, 105.33, 35.11, 81.22, 6.61, 19.44, 18.11, 23.39, 8.83, 41.06, 20.28, 7.39, 3.11, 13.89, 19.17, 39.89, 85.67, 8.56, 22.5, 17.0, 21.39, 11.22, 46.56, 24.78, 7.28, 5.89, 12.78, 18.67, 99.33, 103.67, 37.72, 86.17, 5.44, 19.0, 18.44, 28.0, 15.5, 46.67, 20.94, 8.83, 4.94, 15.39, 20.89, 38.89, 83.0, 8.06, 22.28, 17.83, 24.44, 11.72, 43.56, 24.17, 9.0, 4.56, 16.06, 21.83
52, 2014-02-07, Home, OKC, W, W, 9.5, O, 198, 0, 0, 95.94, 104.67, 35.72, 81.72, 6.5, 19.0, 18.0, 23.17, 8.83, 41.22, 21.0, 7.61, 3.39, 13.67, 18.94, 39.83, 86.28, 8.56, 22.72, 16.44, 20.94, 11.44, 46.33, 24.56, 7.22, 6.0, 12.78, 18.89, 103.94, 96.39, 39.56, 82.39, 7.83, 21.89, 17.0, 22.39, 12.5, 43.56, 20.89, 8.72, 6.06, 14.83, 20.39, 36.44, 80.44, 8.33, 23.22, 15.17, 21.06, 10.89, 38.56, 21.67, 7.72, 3.78, 14.78, 19.89
53, 2014-02-09, Home, IND, W, W, 8, U, 190.5, 0, 0, 97.17, 104.72, 36.17, 81.5, 6.39, 18.61, 18.44, 23.44, 8.56, 40.44, 21.56, 7.72, 3.44, 13.22, 18.56, 39.94, 85.72, 8.5, 22.22, 16.33, 20.67, 10.94, 45.39, 24.28, 7.06, 5.94, 12.89, 19.06, 100.0, 93.33, 37.72, 84.44, 6.06, 18.44, 18.5, 23.94, 12.0, 48.28, 20.06, 6.28, 5.17, 13.78, 20.61, 35.22, 84.56, 6.89, 20.0, 16.0, 21.89, 9.61, 41.28, 18.56, 6.61, 4.17, 13.5, 22.06
54, 2014-02-12, Home, MEM, L, L, 1.5, U, 181, 1, 0, 97.11, 103.72, 36.22, 81.5, 6.28, 18.17, 18.39, 23.39, 8.61, 40.78, 21.11, 7.94, 3.39, 13.44, 18.78, 39.39, 84.83, 8.61, 21.89, 16.33, 21.0, 10.72, 45.06, 23.83, 7.06, 5.78, 13.33, 19.28, 93.28, 90.5, 37.33, 81.17, 4.94, 14.61, 13.67, 18.33, 10.5, 41.72, 21.11, 7.83, 5.67, 12.5, 18.56, 34.72, 80.44, 7.33, 22.11, 13.72, 18.72, 10.17, 40.44, 19.22, 6.44, 4.44, 14.11, 18.22
55, 2014-02-18, Away, MIL, L, L, -3, O, 195.5, 0, 0, 97.0, 102.78, 36.67, 81.78, 6.06, 17.39, 17.61, 22.33, 8.83, 41.06, 21.28, 7.61, 3.78, 13.44, 18.44, 39.11, 84.67, 8.56, 21.78, 16.0, 20.94, 10.56, 44.06, 23.5, 7.06, 6.0, 13.0, 18.83, 92.11, 104.17, 35.06, 83.39, 7.61, 20.72, 14.39, 20.06, 12.5, 41.22, 21.83, 6.44, 5.06, 14.39, 21.28, 38.5, 80.61, 8.72, 20.83, 18.44, 24.78, 11.17, 44.5, 23.72, 7.89, 5.28, 13.39, 19.94
56, 2014-02-19, Away, CLE, L, L, 5.5, U, 197.5, 1, 1, 97.33, 101.89, 36.83, 81.56, 6.44, 17.67, 17.22, 21.94, 8.78, 40.89, 21.44, 7.83, 4.0, 13.61, 18.72, 38.61, 84.39, 8.56, 21.67, 16.11, 21.17, 10.56, 43.67, 23.22, 7.22, 5.83, 13.0, 18.5, 99.11, 103.94, 36.5, 85.83, 7.06, 20.17, 19.06, 26.22, 14.22, 43.78, 22.56, 7.89, 2.72, 12.5, 21.72, 38.33, 81.0, 9.28, 25.17, 18.0, 23.67, 10.06, 42.61, 24.67, 6.17, 5.94, 13.72, 21.28
57, 2014-02-21, Home, NYK, W, W, 3.5, O, 197, 0, 0, 97.61, 101.56, 36.89, 82.28, 6.39, 17.56, 17.44, 22.39, 8.89, 41.33, 21.61, 7.78, 4.06, 13.11, 19.11, 38.22, 84.44, 8.11, 21.28, 17.0, 22.39, 10.61, 44.28, 23.28, 7.22, 5.78, 12.94, 18.72, 101.11, 100.78, 37.78, 82.5, 9.39, 24.5, 16.17, 22.17, 11.72, 42.83, 19.78, 6.17, 5.06, 13.39, 21.94, 36.44, 79.72, 8.78, 22.89, 19.11, 24.61, 9.78, 41.0, 19.56, 6.56, 3.56, 12.33, 21.11
58, 2014-02-23, Away, TOR, L, L, 11, O, 194.5, 0, 0, 97.83, 101.17, 36.67, 82.0, 6.56, 17.0, 17.94, 22.94, 8.83, 41.17, 21.89, 7.67, 3.94, 12.72, 18.61, 38.06, 83.44, 8.28, 21.33, 16.78, 22.39, 10.0, 43.44, 22.89, 7.06, 5.67, 12.72, 18.67, 101.11, 97.61, 37.44, 83.78, 8.72, 24.0, 17.5, 22.39, 12.06, 42.78, 23.39, 6.83, 3.5, 12.17, 22.94, 35.22, 78.33, 6.94, 18.44, 20.22, 26.11, 9.83, 39.94, 20.94, 6.83, 3.78, 13.28, 20.0
59, 2014-02-25, Away, WAS, L, P, 9, O, 195, 0, 0, 97.22, 100.83, 36.56, 82.28, 6.28, 16.39, 17.83, 22.72, 9.0, 40.83, 21.61, 8.17, 3.72, 12.44, 18.78, 37.78, 82.94, 8.39, 21.44, 16.89, 22.44, 10.28, 44.22, 22.78, 6.94, 5.56, 13.33, 19.06, 101.5, 99.22, 39.5, 86.56, 7.56, 20.44, 14.94, 20.89, 10.67, 42.39, 23.44, 8.83, 4.83, 13.39, 21.28, 36.0, 78.83, 6.39, 19.56, 20.83, 26.56, 9.11, 43.11, 19.56, 7.39, 4.17, 17.06, 19.61
60, 2014-02-26, Away, PHI, W, W, -4, U, 215, 0, 1, 97.94, 102.17, 37.28, 83.11, 6.5, 16.94, 16.89, 21.5, 9.22, 40.61, 21.83, 8.11, 3.61, 12.44, 19.22, 38.28, 82.39, 8.78, 21.61, 16.83, 22.67, 9.94, 43.67, 23.22, 7.0, 5.39, 13.44, 18.5, 97.17, 112.89, 36.72, 88.44, 6.22, 21.67, 17.5, 24.06, 12.61, 42.0, 20.89, 9.94, 3.22, 16.61, 22.83, 41.06, 84.06, 8.11, 21.56, 22.67, 29.06, 12.33, 49.11, 27.11, 9.67, 8.0, 17.11, 21.17
61, 2014-03-01, Away, MIA, L, P, 14, O, 199, 0, 0, 98.56, 101.56, 37.61, 84.33, 6.61, 16.89, 16.72, 21.11, 9.44, 41.61, 21.83, 8.17, 4.06, 12.28, 19.61, 37.83, 82.72, 8.5, 21.28, 17.39, 23.5, 10.11, 44.0, 22.5, 6.83, 5.44, 13.44, 18.61, 104.11, 98.11, 39.44, 77.39, 8.06, 22.83, 17.17, 22.67, 8.39, 37.44, 23.17, 8.94, 4.22, 14.17, 21.28, 35.5, 79.72, 7.94, 23.33, 19.17, 25.06, 12.28, 40.89, 21.56, 8.33, 3.17, 15.11, 20.17
62, 2014-03-02, Home, PHI, W, W, -10.5, U, 211.5, 1, 1, 97.94, 101.56, 37.33, 84.33, 6.5, 17.22, 16.78, 21.39, 9.94, 41.94, 21.5, 8.28, 4.06, 12.17, 19.39, 37.94, 82.22, 8.33, 20.78, 17.33, 23.5, 10.17, 43.83, 22.17, 6.67, 5.39, 13.44, 19.0, 98.06, 113.61, 36.67, 87.67, 6.44, 22.06, 18.28, 25.0, 12.28, 41.78, 21.22, 9.94, 3.39, 16.61, 22.67, 41.44, 85.0, 8.67, 21.89, 22.06, 28.44, 12.39, 48.78, 27.33, 9.83, 7.67, 16.78, 21.33
63, 2014-03-05, Home, HOU, L, L, 8, U, 204.5, 1, 0, 96.72, 100.22, 37.11, 84.44, 6.06, 17.0, 16.44, 21.0, 10.11, 41.72, 21.11, 8.39, 4.22, 12.06, 19.39, 37.44, 82.0, 7.94, 20.89, 17.39, 23.56, 10.5, 44.11, 21.5, 6.72, 5.39, 13.89, 19.11, 109.44, 102.11, 39.22, 81.17, 9.89, 26.0, 21.11, 29.56, 11.94, 46.0, 22.83, 7.06, 4.83, 16.22, 19.89, 39.17, 88.56, 8.0, 23.5, 15.78, 20.72, 12.28, 40.11, 21.72, 9.0, 4.89, 13.22, 23.5
64, 2014-03-08, Away, SAS, L, W, 16, O, 203.5, 0, 0, 96.56, 100.28, 37.22, 84.83, 6.06, 16.94, 16.06, 20.61, 10.39, 41.83, 21.56, 8.78, 4.44, 12.11, 19.5, 37.61, 82.06, 8.0, 21.44, 17.06, 23.39, 10.39, 44.17, 21.5, 6.61, 5.06, 14.28, 18.5, 103.44, 101.11, 38.5, 81.33, 7.61, 21.72, 18.83, 22.5, 8.44, 40.83, 24.22, 6.94, 5.83, 14.83, 19.06, 39.22, 85.44, 5.61, 16.67, 17.06, 23.0, 11.22, 42.72, 21.44, 8.39, 4.78, 12.78, 20.61
65, 2014-03-10, Away, MIL, L, L, -1, U, 203.5, 0, 0, 97.94, 101.28, 38.0, 85.89, 6.0, 16.83, 15.94, 20.17, 10.61, 42.11, 21.83, 8.67, 4.56, 11.78, 20.0, 37.83, 81.78, 8.17, 21.44, 17.44, 23.78, 9.89, 43.5, 21.72, 6.44, 5.11, 14.17, 18.22, 101.89, 106.11, 37.28, 83.0, 7.72, 18.89, 19.61, 25.17, 12.94, 41.78, 21.78, 5.72, 4.17, 13.44, 21.28, 39.61, 81.17, 8.67, 20.61, 18.22, 24.17, 11.06, 40.61, 23.44, 7.67, 5.44, 13.33, 21.44
66, 2014-03-12, Home, DEN, L, L, 3, O, 213.5, 0, 0, 98.78, 101.67, 38.78, 86.11, 6.17, 17.06, 15.06, 19.17, 10.72, 42.33, 22.17, 8.44, 4.39, 12.39, 20.44, 37.89, 81.61, 7.83, 21.22, 18.06, 24.44, 9.72, 42.83, 21.67, 6.44, 5.17, 14.0, 17.61, 102.72, 112.22, 37.5, 86.78, 8.5, 24.22, 19.22, 27.94, 13.28, 44.72, 20.5, 7.22, 5.39, 17.06, 24.0, 40.39, 85.5, 7.94, 21.83, 23.5, 29.33, 11.06, 44.89, 22.94, 9.56, 5.83, 14.83, 22.61
67, 2014-03-14, Home, WAS, L, W, 5, O, 200.5, 0, 0, 98.72, 102.67, 38.89, 86.67, 6.28, 17.5, 14.67, 18.5, 10.78, 42.0, 21.94, 8.22, 4.5, 12.0, 20.5, 38.33, 81.89, 7.83, 21.28, 18.17, 24.44, 9.72, 43.33, 22.06, 6.22, 5.11, 13.94, 17.39, 105.0, 102.11, 40.67, 86.11, 8.89, 21.39, 14.78, 20.44, 11.11, 40.72, 23.44, 8.0, 4.61, 12.94, 20.78, 37.89, 80.56, 6.33, 18.83, 20.0, 24.89, 10.44, 42.72, 21.0, 7.06, 4.44, 15.94, 19.83
68, 2014-03-18, Away, GSW, L, L, 12, U, 206.5, 0, 0, 99.39, 103.17, 39.44, 87.61, 6.39, 18.11, 14.11, 17.83, 10.56, 42.39, 22.39, 8.06, 4.61, 12.0, 21.11, 38.06, 82.33, 8.17, 21.78, 18.89, 25.39, 9.78, 43.78, 22.06, 6.11, 5.17, 13.67, 17.17, 105.11, 99.72, 39.5, 85.5, 8.89, 24.44, 17.22, 22.39, 10.56, 43.28, 23.67, 8.06, 5.44, 13.22, 21.72, 36.78, 84.72, 7.22, 21.39, 18.94, 24.17, 10.94, 44.11, 20.17, 7.11, 4.22, 14.5, 20.28
69, 2014-03-19, Away, PHO, L, L, 12, U, 211, 0, 1, 99.94, 103.44, 39.56, 87.28, 6.22, 17.94, 14.61, 18.39, 10.33, 42.5, 22.44, 7.89, 4.5, 12.17, 21.06, 38.0, 81.89, 8.28, 21.89, 19.17, 25.61, 9.56, 43.33, 22.06, 6.28, 5.0, 13.78, 17.5, 106.72, 106.56, 38.56, 82.17, 9.22, 24.0, 20.39, 27.39, 11.44, 42.5, 19.61, 8.44, 3.89, 15.94, 22.61, 39.56, 82.83, 7.39, 21.78, 20.06, 26.22, 10.28, 40.72, 20.89, 8.61, 3.67, 14.33, 22.56
70, 2014-03-22, Away, UTA, L, W, 4.5, U, 196, 0, 0, 98.89, 104.06, 38.89, 86.78, 6.22, 17.67, 14.89, 18.94, 10.39, 42.44, 21.83, 7.83, 4.22, 12.61, 20.78, 38.33, 82.11, 8.56, 22.17, 18.83, 25.0, 9.5, 43.72, 22.22, 6.44, 5.11, 13.83, 17.61, 96.06, 104.5, 36.61, 80.78, 6.89, 19.56, 15.94, 21.28, 10.61, 40.22, 19.67, 6.61, 4.28, 14.06, 20.44, 39.83, 81.0, 8.06, 19.67, 16.78, 21.44, 9.17, 40.39, 23.67, 7.17, 5.06, 12.22, 19.67
71, 2014-03-23, Away, LAL, L, L, 3.5, U, 217, 0, 1, 98.06, 103.33, 38.5, 86.72, 6.33, 17.94, 14.72, 18.83, 10.17, 42.94, 21.56, 7.67, 4.39, 12.83, 21.33, 37.89, 82.22, 8.61, 22.44, 18.94, 25.39, 9.61, 44.0, 21.78, 6.44, 4.94, 13.72, 17.61, 104.17, 116.28, 39.44, 86.11, 9.67, 23.78, 15.61, 21.89, 8.11, 38.94, 26.0, 8.39, 6.28, 16.11, 19.22, 44.56, 92.22, 9.5, 24.06, 17.67, 23.83, 13.78, 50.83, 27.22, 10.72, 5.39, 14.89, 20.11
72, 2014-03-25, Home, POR, W, W, 6.5, U, 204.5, 1, 0, 98.11, 103.94, 38.67, 86.67, 6.39, 18.33, 14.39, 18.33, 10.28, 42.83, 22.28, 7.44, 4.5, 13.11, 21.78, 38.0, 82.28, 8.33, 22.0, 19.61, 25.94, 9.61, 43.61, 21.83, 6.61, 4.83, 13.67, 17.39, 105.39, 102.33, 37.44, 85.28, 9.89, 28.17, 20.61, 25.11, 12.06, 46.44, 20.89, 5.28, 5.0, 13.72, 20.5, 39.06, 88.5, 7.11, 20.67, 17.11, 22.94, 12.17, 44.61, 20.78, 8.28, 4.0, 11.94, 22.0
73, 2014-03-28, Home, CHA, W, W, 4.5, O, 192, 0, 0, 98.89, 103.89, 38.83, 86.78, 6.5, 18.56, 14.72, 19.0, 10.33, 43.28, 22.33, 7.83, 4.17, 13.11, 21.94, 37.78, 82.78, 8.61, 22.78, 19.72, 25.89, 10.06, 44.39, 21.83, 6.44, 4.67, 14.06, 17.39, 100.28, 98.33, 37.72, 83.22, 7.22, 20.83, 17.61, 22.39, 10.44, 42.83, 22.39, 5.83, 5.61, 11.11, 18.11, 37.33, 82.44, 8.94, 22.56, 14.72, 19.72, 8.67, 40.0, 20.56, 5.56, 4.5, 12.0, 20.61
74, 2014-03-30, Home, TOR, L, P, 5, U, 194, 0, 0, 99.44, 103.94, 38.78, 87.17, 6.22, 18.17, 15.67, 20.06, 11.0, 44.39, 21.83, 7.72, 4.06, 13.28, 21.39, 38.22, 83.61, 8.39, 22.56, 19.11, 25.0, 9.89, 44.0, 21.78, 6.39, 4.83, 14.06, 17.78, 105.17, 100.56, 37.5, 82.33, 9.0, 23.56, 21.17, 26.39, 10.83, 43.33, 22.56, 7.44, 4.33, 13.89, 23.94, 36.39, 81.83, 6.94, 20.17, 20.83, 27.78, 11.0, 40.22, 20.06, 8.0, 3.89, 13.5, 22.61
75, 2014-04-02, Home, CLE, L, L, 2, O, 196.5, 0, 0, 99.44, 103.78, 38.94, 86.06, 6.28, 18.0, 15.28, 19.5, 10.78, 43.72, 22.0, 7.67, 4.17, 13.94, 21.28, 38.22, 83.22, 8.44, 22.5, 18.89, 24.44, 9.78, 42.83, 21.28, 6.56, 4.67, 14.22, 17.44, 98.83, 101.06, 37.72, 81.5, 7.61, 20.06, 15.78, 20.67, 10.06, 42.39, 22.67, 6.22, 2.78, 13.67, 19.22, 37.0, 82.06, 11.39, 29.39, 15.67, 21.0, 9.61, 39.72, 25.56, 7.78, 5.83, 12.56, 17.83
76, 2014-04-04, Away, CHA, L, L, 9.5, U, 194, 0, 0, 97.72, 103.67, 38.17, 84.94, 6.39, 18.67, 15.0, 19.17, 10.89, 42.89, 21.56, 7.61, 4.22, 14.28, 21.39, 38.22, 82.28, 8.11, 21.61, 19.11, 24.5, 9.72, 42.44, 21.5, 6.61, 4.67, 14.17, 17.11, 101.94, 99.61, 38.61, 83.78, 7.44, 21.39, 17.28, 21.78, 10.56, 42.44, 22.83, 5.83, 5.17, 10.67, 18.22, 37.61, 82.28, 8.83, 22.39, 15.56, 20.89, 9.5, 40.83, 20.94, 5.61, 4.17, 12.44, 19.94
77, 2014-04-05, Home, MIN, W, W, 2.5, U, 201.5, 1, 1, 97.17, 102.89, 37.89, 84.94, 6.28, 18.5, 15.11, 19.22, 11.17, 43.5, 21.28, 7.28, 4.67, 14.5, 21.39, 38.17, 83.0, 7.94, 21.56, 18.61, 23.78, 9.72, 42.22, 21.33, 6.67, 4.83, 13.67, 16.72, 110.61, 109.83, 40.11, 86.5, 7.39, 21.33, 23.0, 29.22, 11.61, 42.5, 25.44, 8.67, 3.0, 13.5, 18.89, 42.33, 88.0, 9.06, 24.39, 16.11, 21.94, 11.72, 45.0, 23.11, 7.67, 4.61, 16.0, 23.78
78, 2014-04-09, Home, BRK, W, W, 5, O, 191.5, 1, 0, 96.83, 101.61, 37.89, 84.56, 6.33, 18.06, 14.72, 18.94, 11.06, 43.22, 21.56, 7.39, 4.72, 14.78, 21.22, 37.83, 82.83, 7.44, 21.44, 18.5, 23.78, 9.67, 41.89, 21.44, 6.83, 5.06, 13.72, 16.44, 102.44, 99.33, 37.56, 76.94, 10.28, 26.56, 17.06, 23.17, 7.44, 35.94, 20.89, 9.0, 3.5, 13.11, 21.33, 36.89, 80.17, 8.17, 24.33, 17.39, 23.56, 11.89, 43.17, 21.0, 6.5, 3.67, 14.78, 20.17
79, 2014-04-11, Home, WAS, L, L, 7.5, U, 194, 0, 0, 97.61, 102.78, 38.11, 83.61, 6.44, 18.39, 14.94, 19.72, 11.11, 42.44, 21.72, 7.61, 4.44, 15.0, 21.39, 38.17, 82.39, 7.72, 21.83, 18.72, 24.11, 9.89, 41.83, 21.78, 6.89, 4.72, 14.0, 16.72, 99.17, 98.89, 38.5, 83.11, 8.06, 21.39, 14.11, 19.06, 10.83, 41.89, 22.33, 6.83, 4.33, 14.5, 19.44, 36.78, 82.28, 8.22, 23.28, 17.11, 21.78, 10.67, 41.72, 21.61, 7.61, 3.89, 13.83, 18.67
80, 2014-04-13, Away, BRK, L, W, 11.5, U, 195, 0, 0, 96.94, 101.89, 37.89, 83.28, 6.44, 18.44, 14.72, 19.44, 10.83, 42.61, 21.89, 7.61, 4.67, 15.22, 22.06, 37.72, 82.83, 7.5, 22.0, 18.94, 24.61, 10.11, 42.11, 22.0, 6.83, 4.61, 13.72, 16.67, 103.06, 100.89, 37.67, 77.06, 10.28, 26.33, 17.44, 24.11, 8.11, 37.28, 21.17, 8.44, 3.33, 13.28, 21.33, 37.56, 80.44, 8.11, 24.28, 17.67, 23.78, 11.22, 42.11, 21.67, 6.56, 4.06, 13.5, 20.06
81, 2014-04-14, Away, CHI, L, L, 11, O, 182.5, 1, 1, 96.72, 102.78, 37.89, 82.78, 6.83, 18.83, 14.11, 18.72, 10.67, 41.72, 22.17, 7.67, 4.44, 15.56, 22.22, 37.83, 82.11, 7.89, 22.28, 19.22, 24.89, 10.17, 42.0, 22.39, 7.06, 4.61, 13.94, 16.33, 95.39, 90.22, 34.83, 79.94, 7.0, 18.83, 18.72, 23.28, 10.33, 41.78, 24.28, 7.44, 5.5, 12.0, 19.0, 33.44, 79.39, 6.39, 19.67, 16.94, 22.39, 11.17, 42.72, 18.0, 6.61, 5.22, 13.44, 20.67
82, 2014-04-16, Home, IND, L, L, -3.5, P, 187, 0, 0, 97.06, 103.17, 37.78, 82.11, 7.06, 18.89, 14.44, 19.11, 10.39, 41.61, 22.33, 7.11, 4.44, 15.5, 22.28, 37.78, 81.83, 7.83, 21.78, 19.78, 25.33, 9.83, 41.28, 22.72, 7.06, 4.56, 13.22, 16.56, 90.06, 93.33, 33.17, 77.11, 6.11, 17.11, 17.61, 23.0, 9.5, 42.61, 19.22, 5.67, 4.89, 14.0, 21.22, 34.67, 81.72, 6.5, 19.17, 17.5, 22.33, 10.72, 41.78, 19.0, 7.39, 4.83, 11.28, 22.17
