15, 2014-11-30, Home, CHI, L, L, 2.5, U, 193.5, 0, 1399.0, 1404.0, 521.0, 1133.0, 104.0, 303.0, 253.0, 316.0, 133.0, 585.0, 282.0, 97.0, 66.0, 209.0, 297.0, 531.0, 1179.0, 105.0, 313.0, 237.0, 317.0, 164.0, 599.0, 320.0, 108.0, 63.0, 196.0, 290.0
16, 2014-12-02, Away, NYK, W, W, -1, U, 193.5, 0, 1378.0, 1385.0, 514.0, 1139.0, 99.0, 298.0, 251.0, 314.0, 131.0, 580.0, 278.0, 100.0, 59.0, 199.0, 301.0, 516.0, 1160.0, 104.0, 315.0, 249.0, 328.0, 162.0, 614.0, 311.0, 103.0, 63.0, 203.0, 289.0
17, 2014-12-03, Home, SAS, W, W, 8.5, U, 198, 1, 1374.0, 1388.0, 511.0, 1141.0, 98.0, 289.0, 254.0, 321.0, 140.0, 581.0, 282.0, 104.0, 61.0, 205.0, 298.0, 519.0, 1165.0, 114.0, 326.0, 236.0, 307.0, 165.0, 613.0, 312.0, 108.0, 63.0, 210.0, 295.0
18, 2014-12-05, Home, ATL, L, L, 1, U, 201, 0, 1353.0, 1396.0, 504.0, 1147.0, 96.0, 285.0, 249.0, 320.0, 140.0, 593.0, 277.0, 95.0, 60.0, 207.0, 287.0, 523.0, 1184.0, 118.0, 335.0, 232.0, 298.0, 168.0, 627.0, 321.0, 110.0, 66.0, 201.0, 297.0
19, 2014-12-08, Home, CLE, L, L, 8, O, 196.5, 0, 1337.0, 1396.0, 498.0, 1145.0, 91.0, 282.0, 250.0, 322.0, 142.0, 602.0, 276.0, 93.0, 57.0, 206.0, 286.0, 521.0, 1175.0, 124.0, 352.0, 230.0, 300.0, 161.0, 622.0, 321.0, 113.0, 66.0, 200.0, 298.0
20, 2014-12-10, Away, CHI, L, L, 11, U, 192.5, 0, 1315.0, 1407.0, 496.0, 1152.0, 81.0, 277.0, 242.0, 315.0, 145.0, 593.0, 283.0, 93.0, 53.0, 202.0, 280.0, 527.0, 1175.0, 125.0, 358.0, 228.0, 301.0, 166.0, 634.0, 324.0, 116.0, 69.0, 199.0, 291.0
21, 2014-12-12, Home, PHI, W, W, -6.5, U, 193, 0, 1291.0, 1416.0, 485.0, 1157.0, 80.0, 277.0, 241.0, 316.0, 146.0, 592.0, 276.0, 92.0, 53.0, 199.0, 284.0, 525.0, 1179.0, 125.0, 365.0, 241.0, 317.0, 176.0, 660.0, 320.0, 115.0, 78.0, 197.0, 285.0
22, 2014-12-13, Away, CHO, W, W, 4, O, 189.5, 1, 1275.0, 1374.0, 486.0, 1164.0, 76.0, 276.0, 227.0, 301.0, 151.0, 602.0, 284.0, 99.0, 54.0, 197.0, 274.0, 508.0, 1167.0, 128.0, 369.0, 230.0, 308.0, 174.0, 653.0, 318.0, 115.0, 80.0, 200.0, 283.0
23, 2014-12-16, Home, MIA, L, L, -6, U, 187, 0, 1290.0, 1354.0, 489.0, 1147.0, 89.0, 283.0, 223.0, 301.0, 148.0, 604.0, 294.0, 98.0, 56.0, 198.0, 276.0, 498.0, 1156.0, 125.0, 357.0, 233.0, 314.0, 169.0, 642.0, 304.0, 111.0, 74.0, 196.0, 286.0
24, 2014-12-17, Away, TOR, L, L, 12.5, U, 198.5, 1, 1294.0, 1352.0, 484.0, 1135.0, 96.0, 292.0, 230.0, 316.0, 147.0, 598.0, 304.0, 100.0, 56.0, 206.0, 278.0, 498.0, 1150.0, 123.0, 355.0, 233.0, 313.0, 163.0, 636.0, 298.0, 114.0, 73.0, 200.0, 293.0
25, 2014-12-19, Away, CLE, L, W, 10.5, U, 198, 0, 1300.0, 1362.0, 490.0, 1146.0, 96.0, 296.0, 224.0, 312.0, 150.0, 606.0, 306.0, 93.0, 59.0, 207.0, 275.0, 508.0, 1158.0, 124.0, 348.0, 222.0, 305.0, 164.0, 637.0, 303.0, 114.0, 75.0, 195.0, 290.0
26, 2014-12-21, Home, DET, W, W, -2, O, 189.5, 0, 1273.0, 1335.0, 483.0, 1132.0, 96.0, 289.0, 211.0, 295.0, 144.0, 594.0, 303.0, 94.0, 61.0, 203.0, 276.0, 491.0, 1127.0, 128.0, 348.0, 225.0, 306.0, 159.0, 630.0, 302.0, 109.0, 75.0, 198.0, 278.0
27, 2014-12-23, Home, DEN, W, W, -4, U, 200, 0, 1289.0, 1348.0, 492.0, 1141.0, 99.0, 294.0, 206.0, 294.0, 137.0, 593.0, 315.0, 101.0, 59.0, 200.0, 277.0, 493.0, 1133.0, 133.0, 355.0, 229.0, 313.0, 164.0, 644.0, 310.0, 110.0, 72.0, 198.0, 275.0
28, 2014-12-26, Away, BOS, W, W, 2, O, 201, 0, 1304.0, 1345.0, 501.0, 1141.0, 96.0, 290.0, 206.0, 298.0, 136.0, 588.0, 312.0, 106.0, 57.0, 198.0, 282.0, 488.0, 1136.0, 132.0, 359.0, 237.0, 324.0, 172.0, 647.0, 296.0, 107.0, 67.0, 202.0, 281.0
29, 2014-12-27, Home, IND, L, L, -2.5, O, 191, 1, 1314.0, 1361.0, 507.0, 1153.0, 95.0, 287.0, 205.0, 298.0, 145.0, 591.0, 306.0, 105.0, 53.0, 189.0, 273.0, 499.0, 1138.0, 132.0, 359.0, 231.0, 318.0, 164.0, 642.0, 305.0, 104.0, 65.0, 196.0, 280.0
30, 2014-12-29, Home, SAC, W, W, -1, O, 204, 0, 1315.0, 1369.0, 503.0, 1144.0, 100.0, 298.0, 209.0, 301.0, 143.0, 592.0, 305.0, 98.0, 57.0, 194.0, 268.0, 509.0, 1155.0, 134.0, 353.0, 217.0, 302.0, 164.0, 637.0, 319.0, 109.0, 65.0, 187.0, 281.0
31, 2014-12-30, Away, CHI, W, W, 10, U, 196.5, 1, 1324.0, 1375.0, 500.0, 1135.0, 102.0, 302.0, 222.0, 320.0, 136.0, 583.0, 303.0, 103.0, 55.0, 189.0, 266.0, 511.0, 1150.0, 132.0, 345.0, 221.0, 308.0, 162.0, 641.0, 319.0, 106.0, 65.0, 194.0, 286.0
32, 2015-01-02, Away, ORL, W, L, -2.5, O, 193, 0, 1325.0, 1364.0, 499.0, 1128.0, 99.0, 297.0, 228.0, 323.0, 137.0, 575.0, 304.0, 110.0, 58.0, 189.0, 273.0, 508.0, 1135.0, 128.0, 338.0, 220.0, 311.0, 157.0, 631.0, 318.0, 106.0, 70.0, 198.0, 285.0
33, 2015-01-04, Away, MIA, L, L, -2.5, U, 195, 0, 1350.0, 1364.0, 510.0, 1120.0, 103.0, 299.0, 227.0, 322.0, 132.0, 569.0, 314.0, 113.0, 61.0, 194.0, 268.0, 510.0, 1142.0, 126.0, 326.0, 218.0, 307.0, 159.0, 622.0, 318.0, 107.0, 69.0, 199.0, 281.0
34, 2015-01-05, Home, DAL, L, L, 7, U, 205.5, 1, 1346.0, 1342.0, 508.0, 1125.0, 106.0, 304.0, 224.0, 316.0, 132.0, 574.0, 307.0, 116.0, 65.0, 193.0, 273.0, 498.0, 1119.0, 122.0, 315.0, 224.0, 313.0, 147.0, 609.0, 314.0, 105.0, 73.0, 200.0, 284.0
35, 2015-01-07, Home, BOS, L, L, -5, U, 199, 0, 1354.0, 1333.0, 512.0, 1121.0, 106.0, 315.0, 224.0, 315.0, 124.0, 582.0, 311.0, 112.0, 67.0, 196.0, 269.0, 498.0, 1134.0, 124.0, 320.0, 213.0, 300.0, 146.0, 603.0, 317.0, 107.0, 68.0, 195.0, 283.0
36, 2015-01-09, Home, PHI, L, L, -10.5, U, 190.5, 0, 1347.0, 1352.0, 506.0, 1114.0, 104.0, 309.0, 231.0, 324.0, 122.0, 585.0, 304.0, 99.0, 68.0, 196.0, 272.0, 511.0, 1153.0, 118.0, 310.0, 212.0, 297.0, 147.0, 607.0, 321.0, 105.0, 66.0, 178.0, 289.0
37, 2015-01-10, Away, DET, L, W, 5.5, U, 194.5, 1, 1321.0, 1355.0, 497.0, 1115.0, 91.0, 302.0, 236.0, 331.0, 127.0, 584.0, 296.0, 103.0, 67.0, 200.0, 267.0, 516.0, 1153.0, 118.0, 305.0, 205.0, 287.0, 149.0, 611.0, 327.0, 117.0, 66.0, 186.0, 292.0
38, 2015-01-12, Home, HOU, L, L, 7, O, 193.5, 0, 1323.0, 1358.0, 504.0, 1126.0, 92.0, 305.0, 223.0, 309.0, 125.0, 593.0, 296.0, 100.0, 67.0, 196.0, 264.0, 517.0, 1161.0, 120.0, 314.0, 204.0, 287.0, 151.0, 614.0, 334.0, 116.0, 67.0, 178.0, 279.0
39, 2015-01-14, Home, MEM, L, L, 7, O, 189.5, 0, 1333.0, 1366.0, 508.0, 1129.0, 88.0, 299.0, 229.0, 305.0, 122.0, 591.0, 294.0, 104.0, 63.0, 199.0, 266.0, 517.0, 1167.0, 126.0, 334.0, 206.0, 288.0, 152.0, 614.0, 332.0, 119.0, 65.0, 183.0, 276.0
40, 2015-01-16, Away, WAS, W, W, 9.5, U, 192, 0, 1334.0, 1374.0, 507.0, 1126.0, 89.0, 301.0, 231.0, 305.0, 124.0, 590.0, 290.0, 101.0, 56.0, 201.0, 265.0, 525.0, 1173.0, 120.0, 327.0, 204.0, 288.0, 155.0, 611.0, 328.0, 125.0, 64.0, 176.0, 279.0
41, 2015-01-17, Home, WAS, L, L, 5.5, U, 190.5, 1, 1326.0, 1349.0, 504.0, 1131.0, 85.0, 293.0, 233.0, 307.0, 129.0, 592.0, 279.0, 104.0, 56.0, 196.0, 266.0, 516.0, 1155.0, 115.0, 317.0, 202.0, 278.0, 145.0, 598.0, 325.0, 121.0, 63.0, 182.0, 283.0
42, 2015-01-21, Away, SAC, W, W, 5.5, O, 197, 0, 1314.0, 1352.0, 497.0, 1122.0, 83.0, 287.0, 237.0, 311.0, 128.0, 593.0, 275.0, 100.0, 53.0, 197.0, 267.0, 520.0, 1150.0, 113.0, 308.0, 199.0, 283.0, 144.0, 596.0, 333.0, 124.0, 64.0, 177.0, 283.0
43, 2015-01-22, Away, LAC, L, L, 13, O, 202, 1, 1308.0, 1345.0, 493.0, 1118.0, 81.0, 286.0, 241.0, 313.0, 125.0, 593.0, 278.0, 98.0, 56.0, 196.0, 281.0, 514.0, 1147.0, 109.0, 302.0, 208.0, 296.0, 149.0, 601.0, 323.0, 121.0, 63.0, 177.0, 279.0
44, 2015-01-24, Away, UTA, L, L, 4, U, 187.5, 0, 1307.0, 1358.0, 498.0, 1129.0, 78.0, 282.0, 233.0, 311.0, 135.0, 598.0, 280.0, 107.0, 55.0, 193.0, 275.0, 519.0, 1144.0, 111.0, 309.0, 209.0, 299.0, 151.0, 604.0, 331.0, 118.0, 67.0, 181.0, 271.0
45, 2015-01-28, Away, ATL, L, W, 14, O, 192, 0, 1273.0, 1367.0, 491.0, 1124.0, 75.0, 276.0, 216.0, 288.0, 129.0, 587.0, 277.0, 105.0, 61.0, 201.0, 274.0, 524.0, 1147.0, 115.0, 318.0, 204.0, 293.0, 146.0, 603.0, 332.0, 122.0, 69.0, 175.0, 258.0
46, 2015-01-30, Home, TOR, L, W, 7.5, O, 197, 0, 1279.0, 1398.0, 494.0, 1128.0, 78.0, 286.0, 213.0, 285.0, 128.0, 576.0, 282.0, 102.0, 61.0, 199.0, 277.0, 529.0, 1143.0, 119.0, 326.0, 221.0, 304.0, 145.0, 600.0, 339.0, 121.0, 62.0, 174.0, 258.0
47, 2015-02-02, Home, LAC, W, W, 8.5, U, 202.5, 0, 1301.0, 1427.0, 502.0, 1157.0, 75.0, 285.0, 222.0, 293.0, 138.0, 581.0, 275.0, 102.0, 60.0, 184.0, 281.0, 539.0, 1147.0, 115.0, 330.0, 234.0, 314.0, 146.0, 608.0, 339.0, 113.0, 62.0, 172.0, 261.0
48, 2015-02-04, Away, TOR, W, W, 7.5, U, 203.5, 0, 1319.0, 1439.0, 509.0, 1154.0, 80.0, 288.0, 221.0, 298.0, 138.0, 588.0, 278.0, 97.0, 54.0, 189.0, 285.0, 550.0, 1169.0, 118.0, 339.0, 221.0, 311.0, 153.0, 618.0, 341.0, 111.0, 54.0, 170.0, 263.0
49, 2015-02-06, Home, NYK, W, L, -6.5, U, 196, 0, 1340.0, 1436.0, 516.0, 1151.0, 86.0, 282.0, 222.0, 298.0, 141.0, 575.0, 282.0, 99.0, 48.0, 183.0, 281.0, 548.0, 1154.0, 118.0, 345.0, 222.0, 310.0, 148.0, 605.0, 339.0, 106.0, 52.0, 169.0, 262.0
50, 2015-02-07, Away, WAS, L, L, 6.5, U, 192, 1, 1351.0, 1435.0, 523.0, 1151.0, 86.0, 279.0, 219.0, 294.0, 140.0, 572.0, 287.0, 97.0, 52.0, 180.0, 282.0, 547.0, 1155.0, 119.0, 351.0, 222.0, 310.0, 150.0, 604.0, 340.0, 106.0, 53.0, 168.0, 258.0
51, 2015-02-09, Away, MIL, L, L, 5, O, 193.5, 0, 1340.0, 1459.0, 516.0, 1155.0, 87.0, 281.0, 221.0, 298.0, 144.0, 568.0, 283.0, 97.0, 53.0, 178.0, 283.0, 555.0, 1163.0, 120.0, 354.0, 229.0, 316.0, 155.0, 617.0, 349.0, 100.0, 52.0, 168.0, 260.0
52, 2015-02-10, Away, MEM, L, W, 13, U, 190.5, 1, 1344.0, 1464.0, 517.0, 1143.0, 87.0, 275.0, 223.0, 307.0, 143.0, 560.0, 283.0, 94.0, 59.0, 180.0, 277.0, 558.0, 1172.0, 116.0, 339.0, 232.0, 315.0, 160.0, 617.0, 347.0, 106.0, 53.0, 167.0, 264.0
53, 2015-02-20, Away, LAL, W, W, -3, O, 194.5, 0, 1331.0, 1446.0, 513.0, 1140.0, 85.0, 266.0, 220.0, 306.0, 146.0, 565.0, 279.0, 94.0, 60.0, 184.0, 283.0, 553.0, 1167.0, 106.0, 318.0, 234.0, 320.0, 160.0, 620.0, 349.0, 111.0, 60.0, 165.0, 265.0
54, 2015-02-23, Away, DEN, W, W, -2.5, U, 205.5, 0, 1353.0, 1448.0, 519.0, 1154.0, 85.0, 261.0, 230.0, 318.0, 153.0, 575.0, 289.0, 96.0, 61.0, 177.0, 278.0, 555.0, 1173.0, 107.0, 324.0, 231.0, 320.0, 160.0, 625.0, 353.0, 108.0, 61.0, 166.0, 264.0
55, 2015-02-25, Away, NOP, L, L, -2.5, O, 193.5, 0, 1361.0, 1450.0, 525.0, 1165.0, 85.0, 270.0, 226.0, 310.0, 159.0, 593.0, 292.0, 91.0, 66.0, 177.0, 276.0, 555.0, 1194.0, 110.0, 334.0, 230.0, 326.0, 171.0, 637.0, 348.0, 108.0, 59.0, 160.0, 262.0
56, 2015-02-27, Away, HOU, L, W, 8, U, 208.5, 0, 1367.0, 1453.0, 528.0, 1175.0, 88.0, 274.0, 223.0, 307.0, 156.0, 590.0, 288.0, 91.0, 72.0, 179.0, 272.0, 553.0, 1191.0, 116.0, 343.0, 231.0, 318.0, 164.0, 631.0, 351.0, 107.0, 60.0, 167.0, 268.0
57, 2015-02-28, Away, DAL, W, W, 8, U, 201, 1, 1362.0, 1455.0, 529.0, 1181.0, 87.0, 271.0, 217.0, 297.0, 158.0, 591.0, 283.0, 92.0, 70.0, 181.0, 269.0, 553.0, 1191.0, 120.0, 357.0, 229.0, 311.0, 162.0, 630.0, 355.0, 111.0, 63.0, 166.0, 274.0
58, 2015-03-02, Home, GSW, W, W, 5.5, O, 209, 0, 1382.0, 1426.0, 536.0, 1170.0, 93.0, 273.0, 217.0, 295.0, 155.0, 599.0, 286.0, 86.0, 71.0, 183.0, 276.0, 539.0, 1190.0, 118.0, 360.0, 230.0, 308.0, 161.0, 619.0, 337.0, 113.0, 57.0, 164.0, 276.0
59, 2015-03-04, Home, CHO, L, L, -5.5, O, 194.5, 0, 1419.0, 1426.0, 551.0, 1184.0, 98.0, 279.0, 219.0, 295.0, 158.0, 608.0, 289.0, 83.0, 63.0, 179.0, 271.0, 539.0, 1201.0, 116.0, 361.0, 232.0, 312.0, 172.0, 626.0, 340.0, 115.0, 59.0, 164.0, 283.0
60, 2015-03-06, Home, PHO, L, L, -2, U, 212, 0, 1408.0, 1428.0, 547.0, 1185.0, 92.0, 271.0, 222.0, 301.0, 161.0, 611.0, 278.0, 83.0, 59.0, 180.0, 275.0, 543.0, 1204.0, 112.0, 347.0, 230.0, 314.0, 172.0, 630.0, 335.0, 116.0, 57.0, 164.0, 285.0
61, 2015-03-08, Home, UTA, L, L, -2, U, 185.5, 0, 1386.0, 1409.0, 532.0, 1181.0, 96.0, 274.0, 226.0, 304.0, 165.0, 618.0, 280.0, 81.0, 56.0, 193.0, 284.0, 535.0, 1203.0, 108.0, 347.0, 231.0, 319.0, 175.0, 636.0, 332.0, 124.0, 56.0, 170.0, 288.0
62, 2015-03-10, Home, NOP, L, L, -2.5, O, 192.5, 0, 1372.0, 1404.0, 529.0, 1174.0, 92.0, 262.0, 222.0, 297.0, 162.0, 603.0, 280.0, 86.0, 58.0, 191.0, 273.0, 527.0, 1186.0, 110.0, 346.0, 240.0, 315.0, 172.0, 627.0, 333.0, 124.0, 59.0, 174.0, 278.0
63, 2015-03-11, Away, MIA, L, L, 4, O, 200.5, 1, 1354.0, 1422.0, 524.0, 1177.0, 89.0, 259.0, 217.0, 297.0, 164.0, 605.0, 275.0, 84.0, 62.0, 195.0, 268.0, 537.0, 1194.0, 112.0, 334.0, 236.0, 308.0, 171.0, 630.0, 342.0, 131.0, 59.0, 175.0, 281.0
64, 2015-03-14, Away, PHI, W, W, -6.5, U, 197, 0, 1360.0, 1438.0, 519.0, 1176.0, 92.0, 265.0, 230.0, 314.0, 168.0, 602.0, 267.0, 91.0, 54.0, 202.0, 273.0, 540.0, 1186.0, 112.0, 331.0, 246.0, 329.0, 169.0, 629.0, 342.0, 137.0, 59.0, 180.0, 288.0
65, 2015-03-16, Away, MIN, W, W, -4.5, O, 197.5, 0, 1377.0, 1411.0, 530.0, 1183.0, 90.0, 264.0, 227.0, 309.0, 162.0, 609.0, 270.0, 92.0, 55.0, 203.0, 269.0, 531.0, 1193.0, 111.0, 348.0, 238.0, 320.0, 165.0, 626.0, 332.0, 135.0, 64.0, 182.0, 289.0
66, 2015-03-18, Away, CLE, L, L, 12, O, 207.5, 0, 1402.0, 1414.0, 544.0, 1197.0, 86.0, 252.0, 228.0, 307.0, 167.0, 614.0, 266.0, 97.0, 49.0, 202.0, 267.0, 535.0, 1192.0, 113.0, 345.0, 231.0, 312.0, 164.0, 618.0, 334.0, 127.0, 67.0, 189.0, 290.0
67, 2015-03-20, Home, MIL, W, P, -2, O, 193, 0, 1408.0, 1436.0, 545.0, 1196.0, 88.0, 260.0, 230.0, 311.0, 161.0, 600.0, 275.0, 97.0, 49.0, 193.0, 262.0, 544.0, 1193.0, 122.0, 355.0, 226.0, 307.0, 163.0, 616.0, 342.0, 115.0, 61.0, 188.0, 288.0
68, 2015-03-21, Away, IND, W, W, 8.5, O, 195, 1, 1423.0, 1458.0, 549.0, 1214.0, 89.0, 264.0, 236.0, 321.0, 164.0, 607.0, 277.0, 99.0, 54.0, 197.0, 267.0, 552.0, 1233.0, 126.0, 348.0, 228.0, 307.0, 187.0, 651.0, 343.0, 116.0, 66.0, 195.0, 301.0
69, 2015-03-23, Home, BOS, L, L, -5, U, 203.5, 0, 1436.0, 1487.0, 552.0, 1197.0, 91.0, 255.0, 241.0, 329.0, 153.0, 585.0, 277.0, 96.0, 49.0, 195.0, 268.0, 566.0, 1229.0, 127.0, 344.0, 228.0, 303.0, 179.0, 641.0, 347.0, 113.0, 65.0, 191.0, 300.0
70, 2015-03-25, Away, CHO, W, W, 3.5, U, 197.5, 0, 1431.0, 1495.0, 545.0, 1194.0, 85.0, 251.0, 256.0, 344.0, 161.0, 596.0, 279.0, 97.0, 48.0, 194.0, 265.0, 575.0, 1247.0, 122.0, 341.0, 223.0, 298.0, 181.0, 645.0, 346.0, 114.0, 63.0, 180.0, 300.0
71, 2015-03-27, Home, CLE, W, W, 8.5, U, 208, 0, 1424.0, 1481.0, 546.0, 1200.0, 84.0, 248.0, 248.0, 335.0, 154.0, 598.0, 290.0, 95.0, 52.0, 187.0, 262.0, 572.0, 1254.0, 116.0, 321.0, 221.0, 301.0, 183.0, 655.0, 343.0, 109.0, 65.0, 178.0, 292.0
72, 2015-03-29, Home, LAL, W, P, -8, O, 198, 0, 1426.0, 1485.0, 546.0, 1209.0, 83.0, 248.0, 251.0, 331.0, 152.0, 596.0, 291.0, 96.0, 49.0, 188.0, 259.0, 574.0, 1253.0, 115.0, 323.0, 222.0, 303.0, 181.0, 658.0, 337.0, 109.0, 66.0, 182.0, 292.0
73, 2015-03-31, Home, IND, W, W, 1, O, 200, 0, 1423.0, 1476.0, 544.0, 1207.0, 81.0, 255.0, 254.0, 336.0, 147.0, 601.0, 300.0, 100.0, 54.0, 183.0, 256.0, 574.0, 1254.0, 110.0, 311.0, 218.0, 296.0, 173.0, 651.0, 336.0, 105.0, 63.0, 178.0, 286.0
74, 2015-04-01, Away, NYK, W, L, -9.5, O, 194.5, 1, 1443.0, 1467.0, 549.0, 1199.0, 87.0, 257.0, 258.0, 340.0, 141.0, 604.0, 310.0, 99.0, 56.0, 181.0, 255.0, 569.0, 1251.0, 114.0, 315.0, 215.0, 292.0, 167.0, 639.0, 335.0, 103.0, 67.0, 177.0, 288.0
75, 2015-04-03, Home, TOR, W, W, -2, O, 206, 0, 1443.0, 1457.0, 556.0, 1183.0, 88.0, 251.0, 243.0, 323.0, 130.0, 584.0, 313.0, 102.0, 62.0, 171.0, 243.0, 567.0, 1241.0, 122.0, 312.0, 201.0, 272.0, 165.0, 628.0, 336.0, 96.0, 69.0, 175.0, 279.0
76, 2015-04-04, Away, ATL, L, L, 10, O, 206, 1, 1469.0, 1471.0, 564.0, 1195.0, 85.0, 252.0, 256.0, 335.0, 140.0, 595.0, 313.0, 103.0, 61.0, 165.0, 245.0, 575.0, 1251.0, 120.0, 316.0, 201.0, 274.0, 166.0, 625.0, 336.0, 95.0, 66.0, 173.0, 288.0
77, 2015-04-06, Home, POR, W, W, -6, U, 203.5, 0, 1477.0, 1491.0, 568.0, 1191.0, 89.0, 259.0, 252.0, 329.0, 140.0, 593.0, 316.0, 105.0, 58.0, 174.0, 248.0, 579.0, 1246.0, 125.0, 328.0, 208.0, 282.0, 165.0, 618.0, 345.0, 100.0, 66.0, 175.0, 285.0
78, 2015-04-08, Home, ATL, L, L, -4.5, O, 204, 0, 1485.0, 1483.0, 577.0, 1209.0, 89.0, 256.0, 242.0, 313.0, 138.0, 595.0, 326.0, 103.0, 61.0, 159.0, 235.0, 581.0, 1252.0, 130.0, 333.0, 191.0, 253.0, 165.0, 629.0, 339.0, 90.0, 66.0, 177.0, 277.0
79, 2015-04-10, Home, WAS, W, W, -5, U, 198, 0, 1502.0, 1510.0, 581.0, 1212.0, 94.0, 265.0, 246.0, 312.0, 145.0, 597.0, 333.0, 101.0, 60.0, 155.0, 239.0, 589.0, 1244.0, 133.0, 324.0, 199.0, 264.0, 163.0, 621.0, 353.0, 94.0, 62.0, 172.0, 270.0
80, 2015-04-12, Away, MIL, L, L, 1, U, 202.5, 0, 1497.0, 1484.0, 574.0, 1211.0, 101.0, 272.0, 248.0, 318.0, 144.0, 598.0, 341.0, 103.0, 59.0, 147.0, 244.0, 580.0, 1238.0, 129.0, 324.0, 195.0, 264.0, 167.0, 635.0, 349.0, 91.0, 59.0, 173.0, 276.0
81, 2015-04-13, Home, CHI, L, L, 2, O, 198.5, 1, 1478.0, 1463.0, 565.0, 1214.0, 99.0, 270.0, 249.0, 319.0, 152.0, 615.0, 335.0, 105.0, 59.0, 157.0, 245.0, 576.0, 1239.0, 120.0, 315.0, 191.0, 256.0, 163.0, 639.0, 347.0, 102.0, 63.0, 179.0, 279.0
82, 2015-04-15, Home, ORL, W, W, -9, U, 203, 0, 1435.0, 1449.0, 551.0, 1194.0, 91.0, 257.0, 242.0, 307.0, 148.0, 604.0, 316.0, 98.0, 55.0, 152.0, 234.0, 571.0, 1198.0, 124.0, 329.0, 183.0, 244.0, 134.0, 604.0, 350.0, 98.0, 62.0, 169.0, 266.0
