10, 2014-11-15, Home, UTA, W, W, -11.5, O, 201.5, 1, 0, 105.44, 96.78, 36.56, 82.44, 7.11, 21.67, 25.22, 32.0, 10.0, 39.44, 18.44, 8.78, 4.89, 11.33, 22.44, 36.22, 78.0, 8.22, 22.89, 16.11, 24.44, 11.0, 43.22, 23.11, 6.33, 5.56, 17.56, 26.22, 98.56, 101.78, 36.22, 77.22, 8.22, 24.22, 17.89, 23.22, 10.22, 40.67, 22.33, 6.33, 5.11, 14.44, 19.11, 38.78, 83.78, 7.33, 20.11, 16.89, 20.78, 10.56, 39.67, 19.11, 7.89, 3.89, 10.44, 19.67
11, 2014-11-19, Home, MEM, W, L, -6, U, 192.5, 0, 0, 105.67, 95.78, 37.22, 81.78, 7.11, 21.11, 24.11, 30.89, 9.67, 38.78, 17.22, 8.0, 4.44, 11.22, 22.11, 35.44, 77.44, 7.33, 22.22, 17.56, 25.89, 11.0, 42.78, 22.67, 6.22, 5.0, 16.89, 25.89, 97.89, 90.67, 35.67, 80.67, 5.44, 14.0, 21.11, 25.89, 10.89, 41.22, 20.67, 8.67, 3.11, 11.78, 19.89, 34.44, 79.78, 7.22, 21.89, 14.56, 19.89, 10.78, 41.67, 17.44, 6.67, 4.11, 15.56, 21.89
12, 2014-11-21, Home, MIL, W, W, -8.5, O, 200, 0, 0, 104.33, 95.44, 37.78, 81.78, 7.67, 21.67, 21.11, 27.0, 8.78, 37.11, 18.44, 8.56, 4.67, 11.33, 22.0, 35.11, 77.33, 6.89, 21.11, 18.33, 26.11, 11.67, 43.89, 21.67, 6.78, 4.67, 16.78, 23.56, 95.67, 95.56, 37.89, 84.22, 4.89, 18.56, 15.0, 20.0, 12.11, 43.44, 21.67, 8.89, 3.67, 14.67, 24.0, 34.78, 80.0, 8.0, 22.44, 18.0, 25.11, 11.0, 41.89, 20.33, 7.44, 4.67, 15.89, 20.11
13, 2014-11-22, Away, CLE, W, W, 3, U, 203.5, 1, 1, 106.78, 92.67, 38.67, 82.56, 8.89, 22.67, 20.56, 25.33, 9.44, 40.33, 20.22, 8.56, 4.56, 12.0, 21.56, 34.22, 77.78, 6.56, 20.67, 17.67, 25.44, 11.33, 42.44, 21.33, 7.33, 4.11, 16.33, 22.33, 102.67, 102.11, 36.78, 81.56, 9.33, 23.89, 19.78, 25.11, 9.56, 40.67, 21.11, 7.11, 4.33, 13.0, 17.78, 40.22, 83.44, 7.56, 22.33, 14.11, 18.56, 10.22, 41.44, 25.89, 7.44, 4.89, 13.33, 20.56
14, 2014-11-24, Home, PHO, W, L, -4.5, U, 210, 0, 0, 107.89, 93.22, 38.67, 82.44, 8.89, 21.89, 21.67, 26.33, 9.0, 39.78, 19.89, 8.78, 4.89, 11.78, 21.78, 34.33, 79.56, 6.22, 20.11, 18.33, 25.89, 11.89, 43.0, 21.44, 7.33, 4.44, 16.22, 22.44, 107.44, 101.67, 39.67, 86.89, 9.67, 26.89, 18.44, 21.78, 10.44, 43.44, 21.11, 8.89, 3.33, 14.89, 24.0, 36.33, 81.0, 7.33, 20.78, 21.67, 28.56, 10.33, 44.33, 19.89, 8.0, 4.56, 16.67, 21.89
15, 2014-11-26, Away, ATL, W, W, -3.5, O, 204.5, 1, 0, 107.22, 92.44, 38.11, 81.89, 8.56, 22.0, 22.44, 27.33, 9.22, 41.22, 20.22, 8.56, 4.78, 12.33, 22.0, 34.22, 80.22, 6.67, 20.89, 17.33, 25.11, 11.22, 41.56, 21.44, 7.44, 4.44, 15.44, 22.56, 103.89, 103.89, 37.67, 81.78, 8.44, 25.33, 20.11, 25.22, 9.78, 40.33, 23.0, 8.78, 4.67, 13.33, 18.67, 40.56, 85.33, 8.11, 22.33, 14.67, 19.44, 11.33, 42.22, 26.11, 6.78, 3.78, 14.44, 22.78
16, 2014-11-28, Home, DAL, L, L, -3.5, U, 211, 0, 0, 109.78, 95.89, 38.89, 82.11, 9.11, 22.78, 22.89, 27.56, 9.33, 39.78, 20.78, 8.78, 5.22, 12.11, 21.67, 35.56, 80.11, 7.44, 21.44, 17.33, 24.22, 10.44, 39.56, 22.78, 6.89, 4.33, 15.44, 22.0, 112.56, 97.89, 41.33, 85.0, 9.67, 29.56, 20.22, 26.33, 11.44, 44.44, 25.78, 7.44, 5.56, 10.89, 21.89, 35.22, 81.67, 10.0, 24.44, 17.44, 24.89, 12.0, 42.67, 19.89, 5.22, 2.67, 16.44, 25.56
17, 2014-11-30, Away, LAL, L, L, -7, O, 208.5, 0, 0, 107.78, 97.89, 38.33, 83.78, 9.89, 24.56, 21.22, 26.0, 10.56, 41.56, 20.11, 8.22, 4.44, 11.78, 22.33, 36.33, 80.0, 7.56, 20.56, 17.67, 24.67, 9.89, 40.22, 23.67, 6.44, 4.67, 14.44, 21.33, 102.33, 111.0, 38.22, 86.67, 5.22, 18.11, 20.67, 28.0, 12.78, 42.56, 19.11, 7.67, 4.11, 11.22, 20.89, 40.11, 82.0, 11.0, 27.44, 19.78, 25.89, 9.56, 43.0, 27.56, 6.33, 4.33, 13.67, 22.11
18, 2014-12-02, Away, SAC, W, W, -2.5, O, 203.5, 0, 0, 109.78, 101.11, 39.44, 86.78, 9.89, 26.0, 21.0, 26.11, 11.56, 43.0, 21.11, 7.89, 5.0, 11.33, 23.56, 37.22, 81.67, 7.33, 20.44, 19.33, 26.67, 10.56, 41.89, 23.44, 6.0, 4.89, 13.78, 21.0, 99.67, 99.67, 36.56, 77.44, 4.44, 13.22, 22.11, 27.67, 10.56, 44.67, 19.33, 5.0, 4.33, 15.0, 20.56, 37.78, 82.67, 7.0, 20.22, 17.11, 23.44, 9.78, 36.44, 23.33, 8.22, 5.89, 9.56, 24.33
19, 2014-12-03, Away, UTA, W, W, -3.5, O, 201, 0, 1, 112.44, 102.11, 40.44, 86.67, 10.11, 25.78, 21.44, 26.11, 11.56, 42.67, 21.67, 7.56, 4.56, 11.22, 23.67, 37.44, 81.44, 7.22, 19.89, 20.0, 27.22, 10.56, 40.33, 23.67, 5.78, 4.44, 13.33, 21.56, 94.33, 100.89, 35.0, 77.11, 6.22, 17.44, 18.11, 25.56, 11.44, 42.56, 20.0, 7.11, 4.89, 15.33, 18.33, 39.67, 83.0, 8.0, 21.33, 13.56, 18.67, 10.22, 39.67, 19.89, 8.67, 5.0, 11.56, 21.56
20, 2014-12-05, Home, CLE, L, L, -4.5, U, 209.5, 1, 0, 113.78, 103.33, 40.67, 86.11, 10.56, 25.78, 21.89, 26.22, 11.0, 42.11, 21.67, 7.67, 4.33, 11.33, 23.33, 38.44, 82.78, 7.56, 21.22, 18.89, 25.56, 10.89, 40.0, 23.56, 6.0, 4.67, 13.0, 20.89, 98.56, 94.67, 36.11, 77.11, 6.22, 20.11, 20.11, 27.11, 8.89, 40.0, 21.33, 8.22, 5.11, 14.89, 19.89, 36.44, 82.56, 6.78, 19.89, 15.0, 19.22, 11.22, 40.11, 24.0, 8.11, 3.78, 14.56, 22.67
21, 2014-12-08, Home, DEN, W, L, -10, O, 214, 1, 0, 113.22, 104.78, 40.33, 86.44, 10.44, 25.56, 22.11, 27.0, 11.78, 42.67, 21.78, 7.11, 4.11, 11.67, 23.0, 39.11, 83.22, 8.22, 22.33, 18.33, 25.0, 10.89, 39.78, 24.89, 5.89, 4.44, 13.0, 21.44, 105.0, 104.22, 38.56, 86.44, 8.0, 25.11, 19.89, 26.56, 12.56, 46.22, 21.11, 8.0, 5.0, 14.67, 23.44, 37.44, 84.89, 7.22, 21.78, 22.11, 27.56, 10.33, 42.44, 22.22, 7.78, 5.78, 13.44, 21.11
22, 2014-12-09, Away, CLE, L, W, 6, O, 205.5, 1, 1, 111.89, 107.56, 39.89, 85.89, 9.78, 26.44, 22.33, 27.56, 11.0, 41.22, 21.11, 6.67, 4.78, 11.44, 22.11, 40.89, 86.56, 8.67, 23.44, 17.11, 23.11, 12.11, 41.89, 25.11, 5.44, 4.56, 13.11, 22.56, 101.67, 92.56, 37.56, 78.44, 6.33, 19.89, 20.22, 27.89, 10.67, 42.56, 22.67, 8.56, 4.44, 14.33, 20.11, 35.89, 83.44, 6.22, 19.44, 14.56, 19.11, 11.78, 39.22, 23.89, 6.89, 3.56, 13.78, 22.33
23, 2014-12-12, Home, IND, W, W, -9, O, 196, 0, 0, 110.89, 108.89, 41.0, 86.11, 9.67, 26.33, 19.22, 24.0, 11.44, 41.33, 21.78, 6.22, 4.44, 12.22, 21.89, 41.33, 86.33, 9.33, 24.56, 16.89, 22.22, 12.22, 40.22, 25.44, 5.44, 4.44, 12.33, 21.33, 97.33, 101.67, 37.56, 88.0, 7.44, 21.78, 14.78, 20.78, 10.56, 44.56, 22.33, 6.56, 2.78, 12.67, 22.22, 38.56, 79.89, 6.78, 19.33, 17.78, 25.33, 7.33, 44.0, 20.44, 7.89, 5.33, 13.33, 20.11
24, 2014-12-14, Away, NYK, W, L, -6.5, U, 200.5, 0, 0, 111.11, 108.22, 41.11, 87.11, 10.33, 27.33, 18.56, 22.89, 12.33, 43.0, 21.78, 5.44, 4.44, 12.0, 22.22, 40.67, 85.89, 8.67, 23.33, 18.22, 23.56, 11.67, 39.89, 25.67, 5.22, 4.89, 11.44, 20.89, 91.89, 99.22, 36.0, 80.56, 6.67, 20.89, 13.22, 16.44, 10.22, 38.56, 21.0, 7.11, 4.11, 13.44, 22.11, 36.78, 80.89, 7.0, 20.44, 18.67, 24.56, 12.56, 42.67, 21.44, 6.89, 3.44, 12.44, 19.0
25, 2014-12-15, Home, ORL, W, W, -6.5, U, 198, 0, 1, 107.67, 105.44, 40.44, 86.67, 9.78, 26.78, 17.0, 21.22, 12.11, 43.67, 21.78, 6.22, 3.89, 13.33, 22.33, 39.22, 85.44, 8.56, 23.89, 18.44, 24.0, 12.0, 41.11, 23.89, 6.22, 4.89, 12.44, 20.67, 92.44, 96.22, 35.78, 78.22, 7.44, 19.44, 13.44, 17.78, 7.67, 39.11, 18.22, 7.0, 4.22, 14.0, 19.89, 36.78, 82.22, 7.22, 22.11, 15.44, 20.44, 10.11, 43.22, 24.78, 6.78, 4.11, 12.78, 16.44
26, 2014-12-17, Home, BRK, W, W, -12.5, U, 198.5, 1, 0, 106.89, 102.78, 40.33, 85.78, 9.44, 26.44, 16.78, 21.11, 11.78, 41.89, 22.67, 6.33, 4.22, 12.67, 21.33, 38.78, 84.11, 7.78, 22.67, 17.44, 22.44, 12.0, 41.0, 22.33, 6.0, 4.67, 13.67, 20.89, 90.33, 94.78, 34.56, 82.67, 6.22, 19.11, 15.0, 21.44, 11.0, 43.56, 21.56, 7.33, 3.0, 13.44, 20.44, 34.0, 80.11, 9.78, 26.56, 17.0, 23.44, 11.67, 46.44, 20.67, 7.67, 4.89, 14.0, 20.33
27, 2014-12-19, Away, DET, W, W, -7, O, 198, 0, 0, 105.0, 98.33, 39.89, 83.11, 9.56, 24.89, 15.67, 19.78, 11.44, 40.67, 22.56, 6.33, 4.0, 12.78, 20.56, 37.44, 82.44, 7.67, 23.0, 15.78, 21.11, 12.22, 39.78, 21.89, 5.89, 4.78, 14.0, 20.33, 97.33, 104.44, 35.78, 87.44, 7.0, 23.44, 18.78, 25.56, 13.0, 45.56, 21.56, 8.44, 4.44, 13.44, 19.33, 39.0, 85.22, 9.78, 24.22, 16.67, 22.11, 12.33, 47.11, 25.11, 7.89, 5.89, 14.78, 20.89
28, 2014-12-21, Home, NYK, W, L, -12.5, O, 196.5, 1, 0, 104.22, 97.33, 39.67, 83.11, 9.33, 25.33, 15.56, 20.11, 11.0, 42.0, 22.78, 5.89, 4.22, 12.22, 19.11, 37.67, 84.56, 8.22, 24.67, 13.78, 18.67, 12.33, 41.44, 21.89, 5.89, 5.22, 13.56, 20.0, 94.89, 102.0, 36.78, 80.56, 7.0, 19.11, 14.33, 17.44, 9.78, 37.89, 20.44, 8.44, 4.56, 14.0, 21.0, 37.67, 80.56, 9.0, 23.0, 17.67, 22.22, 11.11, 40.22, 22.67, 8.0, 4.56, 13.11, 17.0
29, 2014-12-22, Away, CHI, L, L, 4, O, 200.5, 0, 1, 103.67, 97.78, 39.33, 83.89, 9.56, 26.67, 15.44, 20.44, 11.89, 42.67, 23.78, 5.89, 4.33, 12.33, 20.0, 37.44, 84.0, 7.89, 23.11, 15.0, 19.89, 11.78, 41.11, 22.56, 5.78, 5.22, 13.89, 20.78, 104.22, 98.56, 37.22, 82.78, 8.56, 23.11, 21.22, 26.67, 11.89, 48.78, 23.0, 4.89, 5.44, 14.0, 18.0, 37.11, 88.44, 7.0, 19.78, 17.33, 20.89, 11.78, 41.67, 19.89, 8.22, 5.44, 10.33, 22.22
30, 2014-12-27, Away, LAC, W, W, 4.5, U, 214, 0, 0, 106.89, 100.44, 40.33, 85.44, 9.67, 27.33, 16.56, 21.78, 12.33, 42.33, 22.67, 6.56, 4.22, 11.89, 21.44, 37.33, 82.89, 7.56, 22.22, 18.22, 22.78, 11.44, 40.33, 21.67, 5.44, 6.44, 14.11, 20.67, 105.67, 103.89, 37.56, 83.89, 9.22, 24.44, 21.33, 29.22, 12.22, 42.33, 23.33, 9.44, 3.78, 12.44, 20.56, 39.44, 80.33, 8.67, 22.22, 16.33, 23.78, 9.33, 40.67, 27.89, 7.11, 3.11, 15.33, 22.67
31, 2014-12-28, Away, DEN, W, W, -2.5, O, 214, 0, 1, 106.67, 99.44, 40.33, 86.0, 10.11, 27.44, 15.89, 20.67, 12.78, 42.22, 23.11, 6.89, 3.22, 11.33, 21.56, 36.67, 80.33, 7.78, 21.67, 18.33, 22.78, 10.33, 39.67, 22.22, 5.11, 7.0, 14.22, 19.67, 96.56, 99.67, 35.78, 87.11, 6.78, 22.67, 18.22, 24.89, 14.0, 48.44, 20.33, 6.22, 4.22, 16.33, 23.44, 36.78, 86.22, 6.33, 22.0, 19.78, 27.78, 11.78, 45.33, 21.33, 7.22, 5.89, 11.78, 21.56
32, 2014-12-30, Away, POR, L, L, 3.5, U, 209.5, 0, 0, 108.33, 99.11, 40.44, 86.67, 10.44, 27.44, 17.0, 23.11, 12.89, 43.22, 22.78, 6.89, 3.44, 10.33, 21.44, 36.44, 81.22, 7.22, 20.67, 19.0, 24.22, 10.67, 41.67, 21.22, 5.0, 6.67, 14.11, 20.44, 108.33, 97.44, 41.0, 89.11, 11.33, 28.33, 15.0, 18.78, 10.33, 47.11, 22.0, 8.56, 4.44, 14.44, 20.89, 37.56, 88.78, 6.11, 19.56, 16.22, 21.89, 11.89, 46.33, 18.56, 8.56, 3.56, 14.33, 19.33
33, 2015-01-02, Away, GSW, L, L, 4.5, O, 216.5, 0, 0, 107.33, 100.0, 40.67, 87.56, 9.78, 27.0, 16.22, 22.33, 12.56, 42.89, 22.0, 7.78, 3.33, 10.33, 21.22, 37.0, 82.89, 7.67, 22.22, 18.33, 23.67, 11.67, 43.0, 20.89, 5.11, 6.78, 14.33, 19.89, 111.11, 104.44, 41.89, 87.0, 10.22, 28.11, 17.11, 21.67, 9.78, 43.56, 27.0, 10.67, 7.0, 14.67, 19.56, 39.56, 88.56, 8.0, 22.78, 17.33, 25.11, 12.33, 46.0, 22.11, 9.56, 4.44, 16.44, 18.56
34, 2015-01-04, Away, PHO, L, L, 1, O, 216.5, 0, 0, 108.44, 104.0, 41.11, 88.44, 9.89, 27.11, 16.33, 22.56, 12.78, 42.33, 21.89, 7.0, 3.22, 9.44, 20.22, 39.22, 84.44, 8.0, 22.11, 17.56, 22.78, 11.89, 43.22, 23.11, 4.78, 7.22, 12.89, 19.44, 113.44, 106.56, 42.33, 86.22, 10.78, 26.11, 18.0, 23.0, 11.22, 43.44, 20.78, 7.78, 6.44, 12.78, 21.0, 39.22, 87.33, 8.22, 22.67, 19.89, 27.0, 13.78, 43.78, 19.22, 7.78, 3.67, 13.11, 20.11
35, 2015-01-08, Home, CHO, L, L, -12.5, O, 197, 1, 0, 110.0, 108.78, 41.22, 88.44, 9.67, 26.67, 17.89, 24.11, 12.44, 42.78, 21.56, 7.11, 3.22, 10.44, 21.33, 40.56, 86.11, 8.44, 23.0, 19.22, 25.0, 12.11, 43.78, 24.56, 5.89, 6.67, 12.56, 20.56, 93.44, 97.44, 33.44, 83.33, 5.67, 21.0, 20.89, 26.56, 11.44, 46.56, 18.0, 6.11, 6.33, 13.67, 19.56, 36.56, 85.67, 7.56, 22.44, 16.78, 22.0, 9.22, 42.89, 20.33, 7.56, 6.67, 11.56, 23.11
36, 2015-01-10, Home, BOS, W, W, -11.5, U, 209, 1, 0, 108.89, 110.33, 40.33, 88.78, 9.67, 27.89, 18.56, 24.78, 12.11, 42.78, 21.11, 6.67, 3.56, 11.0, 21.33, 41.33, 86.89, 7.89, 21.78, 19.78, 25.0, 11.56, 44.11, 24.67, 6.11, 6.11, 12.0, 20.78, 98.67, 101.56, 38.78, 90.67, 7.33, 23.67, 13.78, 18.33, 9.33, 41.56, 24.44, 8.67, 4.44, 12.11, 23.0, 37.89, 87.0, 6.44, 19.78, 19.33, 25.44, 13.22, 49.67, 20.67, 7.11, 5.67, 15.33, 18.33
37, 2015-01-12, Home, DET, L, L, -6, O, 208.5, 0, 0, 108.78, 109.89, 40.22, 89.11, 10.22, 28.22, 18.11, 24.22, 12.78, 42.89, 21.0, 7.11, 4.11, 11.56, 21.78, 41.11, 85.67, 7.67, 21.0, 20.0, 25.56, 11.0, 43.44, 24.11, 6.33, 5.67, 12.78, 20.89, 106.22, 94.33, 40.78, 87.78, 11.44, 30.0, 13.22, 20.33, 12.44, 48.44, 22.78, 9.56, 4.22, 11.67, 19.33, 36.22, 83.56, 7.22, 22.78, 14.67, 20.56, 9.67, 44.33, 22.78, 6.67, 3.89, 14.89, 17.78
38, 2015-01-14, Home, PHI, W, L, -17.5, U, 202.5, 1, 0, 108.0, 110.56, 40.78, 89.22, 9.44, 27.56, 17.0, 22.78, 12.11, 42.78, 21.56, 6.78, 4.44, 12.44, 21.33, 41.22, 87.22, 7.89, 21.78, 20.22, 26.11, 12.0, 45.0, 23.78, 6.78, 5.56, 12.44, 20.11, 87.33, 103.0, 32.0, 80.33, 7.11, 23.44, 16.22, 23.67, 13.0, 42.44, 19.11, 9.0, 5.67, 18.78, 20.89, 38.0, 82.56, 9.22, 24.89, 17.78, 23.89, 11.89, 46.33, 26.44, 10.78, 5.78, 14.89, 20.89
39, 2015-01-16, Home, ATL, L, L, 2, U, 206, 0, 0, 105.78, 105.56, 40.11, 87.22, 9.56, 27.44, 16.0, 21.67, 11.22, 44.11, 22.78, 6.44, 4.33, 13.56, 20.67, 40.22, 87.89, 7.56, 22.56, 17.56, 24.33, 11.89, 45.44, 23.0, 7.44, 5.0, 12.11, 20.33, 106.78, 94.89, 38.22, 80.89, 10.67, 25.22, 19.67, 26.0, 9.22, 43.11, 25.33, 10.78, 3.89, 13.11, 16.22, 35.33, 83.0, 9.56, 28.67, 14.67, 19.22, 11.0, 41.89, 22.11, 7.11, 5.0, 16.89, 21.22
40, 2015-01-18, Home, NOP, L, L, -11, U, 205.5, 0, 0, 103.44, 106.89, 39.44, 86.78, 8.78, 26.44, 15.78, 21.44, 11.22, 43.22, 22.22, 6.44, 4.56, 14.44, 20.56, 40.78, 86.56, 7.56, 22.33, 17.78, 24.44, 11.33, 44.22, 23.44, 7.78, 4.89, 12.44, 20.11, 98.33, 96.33, 36.11, 79.78, 7.0, 19.0, 19.11, 25.0, 12.22, 47.33, 19.67, 6.33, 5.89, 14.56, 18.78, 37.0, 83.44, 6.22, 20.33, 16.11, 21.56, 10.44, 40.44, 21.11, 8.78, 6.22, 10.56, 19.11
41, 2015-01-19, Away, MIL, W, W, 1.5, U, 197, 0, 1, 100.89, 106.11, 38.11, 85.0, 8.44, 26.67, 16.22, 21.11, 10.56, 42.44, 21.67, 7.0, 4.56, 15.44, 20.0, 41.0, 86.0, 7.67, 22.33, 16.44, 22.89, 10.89, 43.33, 23.56, 8.33, 4.89, 13.22, 19.67, 95.44, 87.44, 37.11, 81.44, 6.89, 19.0, 14.33, 18.78, 10.44, 43.78, 24.56, 10.67, 5.78, 16.44, 21.11, 31.67, 81.22, 6.56, 23.56, 17.56, 21.44, 11.78, 43.89, 20.78, 8.22, 5.0, 17.22, 18.56
42, 2015-01-21, Away, MEM, L, P, 6, U, 202, 0, 0, 100.33, 104.67, 37.67, 84.0, 8.67, 26.89, 16.33, 22.11, 11.33, 43.0, 22.0, 6.89, 4.89, 16.0, 19.89, 40.56, 83.89, 6.89, 20.33, 16.67, 23.67, 10.44, 42.44, 23.67, 9.11, 4.56, 13.44, 20.22, 99.89, 99.78, 39.22, 84.56, 5.11, 16.89, 16.33, 21.44, 10.44, 44.33, 21.0, 8.56, 5.0, 14.56, 19.78, 36.33, 81.22, 9.78, 25.78, 17.33, 21.78, 9.22, 41.33, 20.67, 8.0, 5.22, 14.78, 20.44
43, 2015-01-23, Away, PHI, W, L, -13, U, 195, 0, 0, 98.22, 100.89, 36.22, 83.89, 8.11, 27.22, 17.67, 23.44, 12.44, 44.44, 21.0, 6.78, 5.44, 15.89, 20.89, 38.89, 81.89, 5.67, 18.0, 17.44, 24.67, 9.89, 42.44, 21.44, 8.89, 4.56, 13.89, 20.89, 87.0, 97.67, 31.78, 80.44, 6.78, 23.0, 16.67, 24.0, 11.67, 40.0, 19.44, 9.78, 7.56, 16.0, 20.89, 36.89, 82.22, 7.78, 20.89, 16.11, 22.67, 13.78, 49.11, 25.0, 8.78, 4.33, 17.11, 21.33
44, 2015-01-25, Home, DET, W, L, -8, O, 199.5, 1, 0, 96.22, 96.56, 35.67, 83.56, 7.78, 27.0, 17.11, 22.89, 12.89, 44.33, 20.67, 7.0, 5.56, 15.22, 20.11, 37.0, 81.0, 5.78, 18.67, 16.78, 23.56, 10.67, 43.22, 20.89, 8.22, 5.0, 14.11, 19.78, 101.11, 101.33, 36.22, 86.67, 10.22, 29.89, 18.44, 24.0, 13.33, 46.0, 23.11, 9.33, 4.33, 12.78, 15.67, 40.78, 85.56, 8.11, 23.33, 11.67, 14.44, 9.44, 44.33, 27.0, 6.44, 4.44, 15.0, 19.0
45, 2015-01-27, Away, IND, W, W, -3, O, 194.5, 0, 0, 98.33, 97.33, 36.78, 83.33, 7.22, 25.22, 17.56, 23.33, 12.67, 43.78, 21.0, 7.78, 5.33, 14.56, 20.11, 36.89, 81.22, 6.67, 20.67, 16.89, 23.67, 11.22, 43.0, 21.22, 8.22, 4.89, 14.78, 20.11, 94.33, 99.11, 35.22, 84.0, 5.33, 20.56, 18.56, 24.0, 11.33, 46.67, 20.33, 8.0, 4.78, 16.22, 21.56, 36.33, 84.33, 9.0, 24.22, 17.44, 22.89, 9.33, 42.89, 22.11, 8.67, 4.67, 14.0, 22.44
46, 2015-01-28, Home, SAC, W, W, -5.5, O, 209, 0, 1, 97.78, 96.78, 36.0, 81.33, 6.78, 24.78, 19.0, 25.0, 11.89, 43.11, 20.78, 7.89, 4.89, 14.22, 20.89, 36.33, 81.11, 6.78, 20.67, 17.33, 24.0, 11.44, 43.0, 21.11, 7.89, 4.89, 14.33, 20.22, 100.56, 103.56, 37.56, 84.0, 5.33, 17.11, 20.11, 25.67, 11.56, 46.78, 19.0, 7.0, 3.22, 15.56, 19.33, 38.67, 86.56, 9.0, 27.11, 17.22, 24.0, 10.11, 41.56, 23.22, 9.22, 6.44, 13.0, 21.89
47, 2015-01-30, Away, BRK, W, L, -7.5, O, 197, 0, 0, 98.67, 95.44, 35.56, 81.0, 7.89, 25.56, 19.67, 25.56, 12.0, 42.78, 20.78, 8.78, 4.56, 14.0, 21.33, 35.67, 78.56, 6.78, 20.22, 17.33, 23.78, 10.22, 41.33, 20.33, 7.44, 4.89, 15.33, 20.56, 93.11, 104.11, 35.89, 82.11, 6.11, 20.78, 15.22, 19.78, 9.67, 38.78, 19.89, 7.78, 3.78, 13.11, 20.0, 39.22, 80.78, 8.89, 25.33, 16.78, 22.56, 10.33, 43.44, 25.33, 7.67, 4.22, 13.22, 17.22
48, 2015-01-31, Away, WAS, W, W, 5, O, 203.5, 0, 1, 101.67, 99.67, 36.56, 82.11, 7.56, 25.22, 21.0, 26.44, 11.89, 42.33, 20.33, 8.56, 4.67, 13.11, 21.0, 37.67, 80.89, 6.89, 20.22, 17.44, 23.22, 10.56, 41.89, 21.0, 7.11, 4.44, 14.78, 20.33, 100.78, 98.67, 39.67, 83.0, 5.44, 17.11, 16.0, 22.11, 10.33, 48.0, 23.22, 6.22, 3.56, 15.11, 20.78, 36.44, 88.0, 8.22, 24.22, 17.56, 22.33, 9.44, 40.78, 20.11, 8.67, 3.11, 11.0, 19.0
49, 2015-02-02, Home, MIL, L, L, -6, U, 203, 0, 0, 105.11, 100.33, 37.56, 82.78, 8.11, 25.33, 21.89, 27.89, 11.22, 42.22, 21.0, 8.56, 5.22, 12.67, 22.44, 37.11, 82.0, 6.67, 20.33, 19.44, 26.0, 11.44, 42.78, 20.56, 7.22, 4.44, 15.33, 21.11, 98.33, 93.78, 37.89, 80.44, 7.67, 17.33, 14.89, 20.0, 10.44, 41.44, 25.11, 10.89, 5.78, 15.0, 22.22, 33.89, 81.33, 7.11, 23.33, 18.89, 25.0, 13.22, 44.11, 19.67, 8.0, 3.89, 17.22, 19.11
50, 2015-02-04, Home, BRK, L, L, -7.5, U, 203.5, 0, 0, 103.11, 98.89, 36.89, 83.44, 8.11, 25.56, 21.22, 27.11, 11.89, 43.22, 20.56, 8.33, 5.0, 12.67, 22.56, 36.44, 81.78, 6.89, 20.22, 19.11, 25.67, 11.0, 43.11, 21.11, 7.22, 4.89, 14.78, 20.89, 96.67, 105.89, 37.44, 83.44, 6.33, 20.11, 15.44, 21.56, 10.11, 39.67, 19.56, 7.56, 3.56, 12.44, 20.67, 40.78, 82.44, 7.56, 22.67, 16.78, 23.56, 10.67, 44.67, 24.89, 7.0, 4.11, 12.89, 18.89
51, 2015-02-06, Home, LAC, W, W, 1, O, 211, 1, 0, 103.22, 101.11, 36.78, 82.22, 8.56, 26.56, 21.11, 26.44, 10.67, 41.44, 21.11, 7.67, 4.89, 12.0, 22.11, 37.11, 82.33, 7.33, 20.33, 19.56, 25.44, 10.89, 42.67, 21.33, 6.67, 4.44, 13.89, 20.33, 104.78, 96.0, 40.56, 85.67, 8.22, 23.22, 15.44, 22.56, 11.89, 45.89, 24.56, 7.78, 5.67, 11.22, 20.33, 34.56, 81.33, 9.11, 26.22, 17.78, 24.89, 10.89, 42.56, 21.67, 6.78, 3.67, 12.67, 18.44
52, 2015-02-08, Home, SAS, W, W, 1.5, U, 202, 0, 0, 107.33, 102.78, 38.22, 81.11, 9.44, 26.78, 21.44, 27.0, 9.44, 40.56, 22.33, 7.78, 4.33, 11.67, 21.44, 37.56, 82.78, 7.89, 22.11, 19.78, 25.67, 10.67, 41.0, 22.0, 6.89, 4.0, 13.33, 20.0, 96.33, 92.33, 35.22, 81.89, 9.11, 25.67, 16.78, 21.56, 10.44, 43.78, 23.56, 8.11, 5.11, 13.44, 17.67, 36.11, 82.44, 6.22, 16.67, 13.89, 18.33, 10.22, 43.67, 23.11, 7.67, 5.0, 13.11, 18.78
53, 2015-02-11, Home, WAS, W, L, -5, U, 196, 0, 0, 106.89, 102.33, 38.11, 80.44, 9.22, 25.56, 21.44, 27.0, 8.67, 41.22, 22.22, 7.78, 4.56, 11.67, 21.22, 37.56, 84.11, 7.67, 22.0, 19.56, 25.44, 11.22, 41.44, 22.22, 7.0, 4.0, 12.89, 19.89, 101.11, 97.89, 37.67, 82.33, 6.33, 17.56, 19.44, 25.56, 11.0, 46.22, 22.33, 6.11, 3.22, 15.33, 21.78, 36.56, 84.33, 7.56, 23.22, 17.22, 23.44, 9.22, 40.78, 20.78, 8.0, 5.22, 11.89, 21.22
54, 2015-02-20, Away, ATL, W, W, 5.5, U, 206, 0, 0, 104.78, 100.44, 36.78, 79.89, 9.89, 26.78, 21.33, 26.67, 9.0, 41.22, 21.56, 7.78, 4.56, 12.22, 20.33, 37.33, 83.56, 6.89, 20.56, 18.89, 24.67, 11.33, 42.11, 22.33, 7.22, 4.44, 13.11, 19.22, 103.44, 100.11, 37.56, 81.56, 10.56, 26.44, 17.78, 22.33, 7.44, 40.44, 23.56, 8.22, 4.22, 11.67, 17.89, 37.89, 88.78, 8.56, 24.56, 15.78, 19.44, 13.89, 47.78, 23.89, 6.67, 5.22, 12.78, 20.33
55, 2015-02-21, Away, HOU, L, L, 2, U, 210, 1, 1, 104.89, 99.22, 37.78, 82.44, 10.33, 27.22, 19.0, 23.78, 9.78, 42.33, 22.22, 8.44, 4.89, 12.56, 19.56, 36.78, 84.22, 7.0, 22.78, 18.67, 24.44, 12.0, 43.11, 22.0, 7.44, 5.0, 14.0, 17.89, 103.44, 104.89, 37.56, 87.0, 11.67, 34.44, 16.67, 23.44, 12.56, 43.56, 23.78, 8.56, 5.11, 14.44, 22.78, 39.0, 86.11, 8.11, 24.11, 18.78, 25.67, 11.78, 46.22, 21.33, 8.78, 4.78, 14.22, 18.89
56, 2015-02-23, Away, NOP, L, L, -7.5, O, 195, 0, 0, 100.11, 98.78, 35.78, 81.67, 8.89, 25.44, 19.67, 24.78, 9.33, 42.33, 20.33, 9.0, 5.0, 13.33, 19.56, 36.78, 85.44, 6.89, 24.11, 18.33, 24.67, 12.56, 45.44, 22.56, 8.67, 5.56, 14.67, 18.44, 97.78, 101.89, 35.44, 82.56, 8.56, 20.78, 18.33, 22.56, 12.56, 43.11, 22.89, 6.0, 6.22, 12.22, 16.78, 40.67, 86.0, 7.11, 20.78, 13.44, 17.33, 10.89, 41.56, 20.56, 6.44, 5.67, 10.89, 19.0
57, 2015-02-24, Away, DAL, L, L, 4.5, U, 203.5, 0, 1, 96.78, 96.33, 34.44, 80.78, 8.67, 25.11, 19.22, 24.89, 10.11, 41.78, 19.33, 9.78, 4.89, 13.22, 18.89, 35.78, 82.89, 7.56, 24.44, 17.22, 23.56, 12.33, 45.22, 23.44, 8.56, 5.89, 15.78, 18.44, 100.33, 98.11, 37.56, 89.0, 9.89, 29.11, 15.33, 20.22, 11.89, 45.67, 21.78, 9.22, 4.67, 13.22, 19.78, 35.89, 86.22, 8.89, 26.44, 17.44, 23.56, 14.33, 51.22, 20.44, 8.22, 4.44, 16.44, 21.22
58, 2015-02-27, Home, GSW, L, L, 2, U, 212.5, 1, 0, 93.67, 94.44, 33.78, 80.33, 8.44, 25.11, 17.67, 22.78, 10.22, 42.11, 18.33, 10.11, 4.44, 13.78, 17.89, 35.89, 82.89, 7.33, 23.89, 15.33, 21.0, 11.89, 45.22, 22.44, 9.11, 5.67, 15.44, 17.22, 106.0, 102.78, 40.22, 88.89, 11.78, 29.22, 13.78, 18.67, 10.56, 43.56, 26.67, 9.22, 5.0, 12.67, 20.11, 37.33, 82.78, 8.11, 21.89, 20.0, 24.67, 9.78, 45.78, 21.89, 7.44, 2.89, 16.22, 19.22
59, 2015-02-28, Away, NYK, L, L, -11, O, 189.5, 1, 1, 95.22, 97.89, 34.44, 80.22, 8.11, 24.56, 18.22, 23.44, 9.67, 41.67, 18.44, 10.0, 4.44, 14.22, 17.67, 36.89, 83.67, 8.0, 25.22, 16.11, 21.22, 12.11, 45.56, 23.22, 9.44, 5.56, 15.44, 17.67, 93.33, 105.11, 35.78, 87.56, 5.56, 19.22, 16.22, 20.0, 12.44, 41.56, 22.22, 7.44, 4.33, 12.22, 22.22, 38.0, 79.0, 8.89, 23.11, 20.22, 26.22, 9.89, 45.56, 23.22, 6.22, 5.22, 15.0, 19.78
60, 2015-03-02, Away, PHI, W, W, -9.5, O, 191.5, 1, 0, 95.78, 97.22, 34.33, 80.44, 7.89, 24.11, 19.22, 24.56, 9.78, 41.89, 17.78, 10.44, 4.44, 14.56, 18.89, 36.11, 83.0, 7.78, 25.22, 17.22, 22.89, 11.89, 46.11, 22.89, 9.56, 6.0, 15.78, 18.11, 91.22, 98.22, 32.78, 79.67, 9.89, 27.11, 15.78, 24.33, 10.56, 44.67, 20.0, 8.67, 5.44, 18.67, 21.22, 37.44, 85.11, 6.67, 21.67, 16.67, 21.89, 10.22, 45.56, 24.0, 10.11, 4.33, 14.33, 20.11
61, 2015-03-04, Home, CLE, L, L, 5, O, 205, 1, 0, 94.78, 96.78, 34.44, 81.0, 7.67, 23.78, 18.22, 23.11, 9.78, 41.22, 17.67, 10.33, 5.0, 14.33, 18.56, 36.44, 83.0, 8.0, 24.89, 15.89, 21.56, 12.22, 46.78, 24.11, 9.33, 6.22, 16.56, 17.78, 105.56, 94.11, 39.22, 85.0, 10.89, 31.56, 16.22, 21.33, 10.78, 46.67, 22.89, 8.22, 4.22, 14.11, 20.78, 35.78, 86.33, 7.33, 23.33, 15.22, 21.44, 12.0, 43.56, 22.56, 8.11, 4.44, 13.11, 20.44
62, 2015-03-06, Away, CHO, L, L, 1, O, 194.5, 0, 0, 97.56, 101.0, 35.67, 81.56, 8.33, 24.67, 17.89, 22.33, 9.89, 39.67, 18.33, 9.67, 4.56, 13.67, 19.56, 37.44, 81.33, 8.89, 25.78, 17.22, 23.56, 11.0, 44.89, 24.56, 9.0, 5.89, 16.0, 17.56, 97.44, 97.78, 37.22, 83.44, 7.22, 18.44, 15.78, 20.67, 9.11, 43.56, 22.67, 6.78, 5.11, 11.89, 19.11, 36.78, 85.78, 6.0, 19.33, 18.22, 22.56, 10.44, 45.44, 20.44, 6.67, 4.89, 11.11, 19.44
63, 2015-03-08, Away, OKC, L, W, 6.5, U, 213, 0, 0, 97.44, 102.11, 36.33, 83.22, 7.89, 24.22, 16.89, 21.11, 9.44, 39.11, 18.78, 9.22, 4.56, 12.78, 20.11, 37.56, 81.33, 8.89, 25.67, 18.11, 24.0, 10.56, 45.56, 24.67, 8.56, 5.78, 15.89, 17.56, 111.0, 104.11, 41.89, 94.44, 7.44, 21.67, 19.78, 24.56, 14.33, 53.89, 21.78, 7.33, 5.78, 13.0, 20.78, 38.56, 92.0, 9.11, 26.78, 17.89, 23.11, 12.11, 46.67, 22.33, 7.78, 5.67, 12.11, 19.22
64, 2015-03-10, Away, SAS, L, L, 7, O, 204.5, 0, 0, 97.33, 105.22, 36.22, 83.44, 7.67, 23.89, 17.22, 21.22, 9.11, 37.0, 18.44, 8.89, 3.89, 12.22, 20.22, 39.0, 80.67, 8.67, 23.78, 18.56, 24.44, 10.11, 45.22, 25.89, 8.56, 6.0, 15.44, 17.89, 105.11, 100.11, 39.89, 84.78, 7.67, 22.0, 17.67, 22.22, 8.44, 41.78, 21.44, 8.67, 5.89, 13.22, 21.56, 37.11, 81.0, 6.89, 17.11, 19.0, 26.78, 8.67, 42.56, 19.78, 8.89, 4.11, 15.0, 21.44
65, 2015-03-13, Home, MIA, W, W, -5, U, 204, 0, 0, 100.78, 107.33, 38.22, 85.67, 8.11, 24.78, 16.22, 20.11, 10.33, 37.78, 19.22, 7.67, 3.89, 10.67, 20.44, 39.67, 80.78, 9.22, 22.56, 18.78, 24.33, 10.33, 44.44, 26.11, 7.44, 5.33, 14.11, 17.22, 100.67, 98.33, 36.0, 79.89, 6.44, 21.89, 22.22, 29.56, 9.0, 40.22, 18.78, 9.11, 4.56, 13.33, 21.67, 36.22, 81.0, 7.22, 22.44, 18.67, 25.67, 11.11, 42.78, 20.89, 7.22, 3.0, 16.0, 24.22
66, 2015-03-15, Home, POR, L, L, -1.5, O, 204.5, 0, 0, 101.33, 106.44, 38.11, 85.11, 8.89, 25.89, 16.22, 20.11, 9.56, 38.11, 20.67, 7.67, 4.22, 11.67, 21.22, 39.11, 80.89, 8.67, 22.67, 19.56, 25.22, 9.78, 44.0, 25.44, 8.0, 5.11, 14.44, 17.44, 106.22, 99.11, 39.44, 85.33, 10.67, 27.11, 16.67, 20.0, 10.33, 48.11, 22.0, 5.0, 3.44, 13.78, 17.11, 39.78, 89.44, 5.89, 18.44, 13.67, 18.22, 9.56, 41.56, 22.22, 8.22, 3.56, 9.67, 17.67
67, 2015-03-16, Away, IND, W, W, 5, O, 198, 0, 1, 101.89, 108.0, 38.0, 84.44, 8.44, 25.0, 17.44, 21.44, 9.78, 38.67, 21.0, 7.11, 4.11, 11.33, 21.44, 39.89, 81.67, 9.22, 23.78, 19.0, 25.0, 9.67, 43.67, 26.56, 7.22, 5.22, 13.44, 17.67, 98.89, 88.78, 36.44, 82.67, 8.44, 22.33, 17.56, 23.0, 10.11, 47.11, 22.56, 6.78, 5.44, 12.56, 20.89, 33.0, 86.44, 5.89, 21.11, 16.89, 22.0, 13.0, 47.0, 18.0, 7.0, 5.11, 13.22, 22.0
68, 2015-03-18, Home, MIN, W, L, -11, U, 210, 0, 0, 105.0, 106.33, 38.89, 85.0, 9.33, 25.11, 17.89, 22.0, 9.67, 39.67, 21.44, 6.78, 4.22, 10.44, 22.22, 39.44, 81.78, 8.0, 22.78, 19.44, 25.67, 9.11, 42.44, 25.44, 6.78, 5.11, 12.56, 17.67, 98.11, 108.56, 36.44, 83.67, 4.44, 13.56, 20.78, 25.67, 11.89, 41.33, 23.0, 7.89, 3.56, 13.0, 18.11, 43.56, 86.67, 9.22, 22.78, 12.22, 16.56, 11.22, 43.67, 25.78, 8.22, 3.56, 14.78, 21.11
69, 2015-03-20, Away, CHI, L, L, 1.5, O, 198, 0, 0, 105.78, 106.0, 39.0, 84.78, 9.78, 25.11, 18.0, 21.89, 9.44, 39.56, 22.44, 6.67, 4.11, 10.44, 20.89, 40.44, 83.11, 7.89, 22.56, 17.22, 23.11, 9.56, 42.56, 25.44, 6.67, 5.0, 13.33, 17.56, 98.11, 100.33, 35.33, 82.0, 8.89, 24.78, 18.56, 23.22, 9.11, 45.11, 20.89, 5.33, 4.0, 13.67, 20.11, 37.44, 87.44, 7.56, 22.0, 17.89, 24.56, 11.56, 45.11, 18.67, 8.44, 5.78, 10.67, 19.44
70, 2015-03-22, Home, NYK, W, W, -12, O, 194.5, 0, 0, 103.33, 106.56, 37.78, 84.67, 9.67, 24.89, 18.11, 22.11, 9.67, 39.56, 22.0, 6.67, 3.89, 10.11, 21.22, 40.56, 83.22, 8.0, 23.44, 17.44, 22.89, 9.89, 43.78, 25.44, 6.44, 5.11, 13.0, 17.89, 89.67, 99.78, 33.56, 81.67, 5.67, 16.44, 16.89, 23.0, 10.33, 42.11, 20.56, 6.22, 7.0, 13.11, 20.22, 36.56, 84.89, 7.44, 20.67, 19.22, 24.89, 11.78, 46.44, 20.11, 8.33, 4.78, 11.11, 20.22
71, 2015-03-24, Away, DET, L, L, -4, O, 204.5, 0, 0, 102.67, 103.11, 37.33, 84.22, 9.0, 23.78, 19.0, 23.44, 9.78, 40.67, 21.78, 6.56, 3.67, 11.0, 20.11, 40.0, 83.89, 7.22, 21.56, 15.89, 20.89, 10.22, 44.11, 25.11, 6.67, 5.22, 13.22, 18.67, 96.44, 98.78, 37.44, 88.44, 7.78, 24.44, 13.78, 19.0, 12.78, 44.67, 21.78, 7.11, 5.44, 10.89, 18.22, 37.56, 81.44, 7.56, 19.78, 16.11, 20.33, 10.0, 44.78, 25.33, 6.56, 4.44, 13.0, 17.11
72, 2015-03-25, Home, CHI, L, L, 3, O, 197, 0, 1, 103.78, 103.67, 37.11, 82.44, 9.0, 23.89, 20.56, 25.0, 10.56, 41.89, 21.56, 6.22, 3.56, 11.78, 20.33, 40.0, 84.78, 8.0, 22.56, 15.67, 21.33, 11.22, 42.56, 25.11, 6.89, 5.0, 12.33, 19.33, 99.0, 99.22, 36.22, 80.56, 8.56, 23.44, 18.0, 22.67, 8.11, 45.0, 21.89, 5.0, 4.22, 12.78, 19.67, 36.56, 87.22, 8.33, 23.0, 17.78, 23.78, 11.11, 45.11, 17.89, 7.56, 5.67, 9.44, 19.56
73, 2015-03-27, Home, LAL, W, W, -8, U, 203.5, 0, 0, 103.67, 104.56, 36.78, 80.78, 8.78, 23.22, 21.33, 26.11, 10.33, 42.11, 20.67, 5.56, 3.33, 11.67, 19.78, 40.33, 83.89, 8.67, 22.78, 15.22, 20.44, 10.0, 40.56, 24.67, 6.67, 4.56, 11.22, 19.67, 95.89, 97.56, 37.11, 83.56, 5.33, 16.44, 16.33, 21.33, 12.56, 46.0, 21.44, 7.44, 4.67, 14.67, 21.22, 35.33, 79.33, 8.11, 24.89, 18.78, 24.67, 8.11, 38.11, 22.78, 8.89, 6.44, 11.78, 19.0
74, 2015-03-30, Home, HOU, W, W, -2, U, 208.5, 1, 0, 102.22, 100.78, 36.0, 78.33, 8.67, 22.33, 21.56, 26.44, 9.22, 41.44, 21.33, 5.78, 3.22, 11.78, 19.0, 39.0, 83.78, 7.89, 22.67, 14.89, 20.33, 10.33, 40.67, 23.56, 6.56, 4.44, 11.33, 19.89, 104.67, 102.22, 36.89, 80.22, 10.56, 30.22, 20.33, 26.44, 10.0, 42.67, 23.89, 8.56, 4.56, 15.78, 21.78, 38.44, 84.89, 8.11, 22.22, 17.22, 24.78, 11.89, 43.22, 21.44, 8.22, 5.78, 14.67, 20.78
75, 2015-04-01, Away, MIN, W, W, -10, O, 203.5, 0, 0, 101.89, 101.22, 36.11, 78.22, 8.22, 21.11, 21.44, 26.0, 9.56, 42.0, 20.67, 5.44, 3.44, 11.56, 19.44, 39.0, 84.33, 8.22, 23.11, 15.0, 21.11, 10.89, 40.33, 23.56, 6.11, 4.22, 10.56, 19.89, 98.44, 107.44, 36.11, 79.44, 5.89, 15.33, 20.33, 24.22, 9.67, 37.44, 20.11, 6.89, 4.22, 16.11, 16.67, 41.67, 86.0, 8.67, 24.89, 15.44, 19.78, 12.78, 43.33, 23.56, 8.89, 5.44, 13.78, 19.56
76, 2015-04-03, Away, BRK, L, L, 2, O, 206, 0, 0, 103.67, 99.67, 36.67, 78.0, 9.11, 22.44, 21.22, 26.0, 9.44, 41.11, 21.22, 5.78, 3.44, 11.22, 19.0, 38.56, 83.33, 7.33, 21.44, 15.22, 21.44, 10.89, 39.78, 22.89, 6.22, 4.22, 10.89, 19.78, 105.56, 106.0, 40.22, 86.22, 6.78, 19.22, 18.33, 23.0, 8.56, 42.33, 24.11, 7.0, 5.11, 10.44, 17.78, 41.67, 91.0, 8.56, 21.78, 14.11, 19.0, 12.11, 46.78, 23.33, 5.89, 4.78, 11.89, 19.89
77, 2015-04-04, Home, BOS, L, L, -2.5, O, 208.5, 1, 1, 102.78, 101.44, 37.0, 78.0, 8.67, 22.78, 20.11, 24.89, 10.11, 39.89, 21.78, 6.0, 3.11, 11.56, 18.67, 39.44, 83.33, 7.67, 21.11, 14.89, 21.22, 12.33, 40.33, 22.89, 6.56, 3.89, 11.33, 19.33, 100.11, 100.22, 37.67, 86.56, 6.56, 24.0, 18.22, 23.44, 10.78, 45.44, 23.0, 7.67, 2.44, 12.44, 22.33, 37.89, 84.22, 7.33, 23.44, 17.11, 24.44, 10.11, 44.44, 23.56, 6.89, 5.22, 13.11, 20.56
78, 2015-04-08, Away, CHO, W, W, -3.5, U, 199, 1, 0, 104.0, 103.33, 37.56, 78.44, 8.0, 22.11, 20.89, 26.11, 10.22, 40.67, 20.67, 6.11, 3.22, 12.0, 19.44, 40.0, 84.44, 7.89, 22.11, 15.44, 22.0, 12.33, 40.22, 23.44, 6.89, 3.89, 11.0, 20.22, 96.44, 98.0, 35.78, 87.56, 6.33, 20.0, 18.56, 23.56, 11.0, 47.89, 18.67, 6.33, 6.67, 10.78, 18.67, 37.44, 87.67, 7.33, 21.11, 15.78, 21.78, 10.67, 47.78, 23.44, 6.67, 6.33, 11.78, 20.33
79, 2015-04-10, Away, ORL, W, L, -5, U, 202.5, 0, 0, 104.0, 99.56, 37.89, 78.22, 8.22, 22.33, 20.0, 25.33, 9.89, 41.89, 20.67, 6.0, 3.78, 12.33, 19.44, 38.44, 84.67, 8.0, 21.44, 14.67, 21.33, 11.89, 38.89, 21.56, 6.89, 3.67, 10.56, 19.56, 98.11, 101.78, 39.56, 86.56, 5.67, 18.89, 13.33, 16.22, 13.0, 45.0, 24.11, 8.0, 4.0, 14.89, 20.11, 37.44, 83.11, 8.89, 23.78, 18.0, 23.78, 11.22, 42.67, 22.22, 8.22, 5.22, 13.56, 16.0
80, 2015-04-11, Away, MIA, W, W, 3.5, O, 197, 0, 1, 103.44, 100.67, 37.89, 80.33, 8.78, 24.44, 18.89, 23.78, 10.89, 42.11, 20.67, 6.44, 3.78, 12.22, 19.56, 39.11, 85.22, 7.89, 21.56, 14.56, 20.67, 12.11, 39.78, 21.22, 7.11, 3.67, 11.11, 19.11, 91.89, 99.56, 35.22, 80.33, 6.0, 20.67, 15.44, 20.0, 10.0, 39.56, 18.56, 6.22, 5.11, 14.56, 20.78, 36.56, 79.78, 8.78, 23.56, 17.67, 24.67, 11.56, 42.56, 20.78, 8.67, 4.78, 13.67, 19.78
81, 2015-04-14, Away, BOS, L, L, 1, U, 206, 0, 0, 103.78, 100.22, 37.89, 81.22, 9.0, 24.78, 19.0, 24.67, 11.22, 42.56, 19.89, 7.0, 3.67, 11.67, 20.78, 38.78, 83.89, 7.22, 20.56, 15.44, 22.89, 11.44, 40.33, 19.89, 6.89, 4.22, 11.11, 19.56, 107.22, 99.89, 39.78, 85.56, 7.67, 25.33, 20.0, 24.67, 9.56, 41.67, 25.33, 10.0, 1.78, 11.78, 22.44, 38.44, 82.78, 7.44, 24.22, 15.56, 22.89, 10.22, 42.89, 22.89, 5.67, 4.22, 15.89, 21.67
82, 2015-04-15, Home, CHO, W, L, -10.5, U, 194, 0, 1, 102.67, 97.89, 37.44, 80.89, 9.0, 25.11, 18.78, 24.78, 10.89, 43.44, 20.0, 7.33, 4.56, 12.89, 21.0, 38.0, 86.67, 6.56, 21.0, 15.33, 22.67, 13.11, 42.44, 19.67, 7.22, 4.22, 11.78, 19.89, 88.11, 99.44, 33.22, 84.22, 6.78, 21.78, 14.89, 20.22, 10.56, 42.56, 17.33, 7.11, 4.78, 11.33, 17.0, 36.67, 82.44, 9.22, 24.78, 16.89, 22.67, 11.22, 47.33, 23.11, 7.11, 6.22, 12.33, 20.0
