18, 2013-12-03, Home, DET, L, L, -9, O, 200, 0, 0, 104.53, 95.41, 38.29, 74.71, 8.65, 20.71, 19.29, 25.12, 6.06, 35.76, 24.59, 9.12, 5.06, 15.18, 20.35, 34.06, 77.41, 9.18, 25.0, 18.12, 23.71, 10.12, 38.94, 20.0, 8.47, 2.94, 17.41, 22.06, 99.24, 100.29, 38.35, 84.59, 5.88, 20.0, 16.65, 25.18, 13.76, 43.35, 20.47, 10.0, 4.59, 14.47, 20.47, 37.35, 78.53, 8.12, 21.41, 17.47, 22.18, 9.35, 40.94, 23.06, 8.88, 4.59, 17.29, 20.88
20, 2013-12-07, Away, MIN, W, W, -6.5, U, 203, 0, 0, 102.59, 95.71, 37.65, 74.82, 7.94, 20.12, 19.35, 25.41, 6.47, 35.18, 23.35, 9.35, 5.12, 14.65, 20.18, 34.06, 76.88, 9.29, 24.29, 18.29, 24.35, 10.53, 39.76, 19.88, 7.71, 3.06, 17.24, 21.53, 105.41, 102.29, 38.59, 89.65, 7.88, 24.29, 20.35, 25.29, 13.29, 45.24, 23.18, 9.29, 3.47, 14.06, 17.12, 40.76, 85.88, 8.0, 20.35, 12.76, 17.29, 10.59, 44.41, 22.65, 8.35, 6.24, 16.88, 21.71
21, 2013-12-08, Away, DET, W, W, -3.5, O, 197.5, 1, 1, 102.76, 94.59, 38.29, 75.47, 7.76, 20.35, 18.41, 24.41, 6.65, 36.0, 23.29, 9.41, 5.47, 14.94, 20.12, 33.53, 77.71, 9.12, 24.65, 18.41, 24.35, 11.12, 40.06, 19.41, 8.06, 2.82, 17.24, 20.71, 99.0, 99.12, 37.94, 84.76, 6.35, 19.88, 16.76, 25.0, 14.06, 44.71, 20.24, 9.71, 5.06, 14.06, 20.0, 37.18, 80.53, 8.24, 22.24, 16.53, 21.35, 10.06, 41.41, 22.94, 8.71, 5.35, 16.71, 20.0
22, 2013-12-10, Away, IND, L, L, 3.5, U, 191.5, 0, 0, 103.18, 94.71, 38.47, 75.59, 7.76, 20.41, 18.47, 24.06, 6.47, 36.12, 22.94, 9.35, 5.29, 15.0, 20.12, 33.59, 77.88, 8.82, 24.06, 18.71, 24.71, 11.06, 40.18, 19.12, 8.18, 2.82, 17.06, 20.41, 98.82, 90.47, 36.82, 82.0, 6.94, 19.71, 18.24, 22.47, 10.76, 44.24, 20.59, 7.88, 5.47, 14.24, 20.06, 34.0, 81.94, 6.0, 16.76, 16.47, 20.47, 11.18, 41.06, 17.53, 6.59, 4.65, 14.94, 21.82
23, 2013-12-14, Home, CLE, W, L, -12.5, O, 199.5, 1, 0, 102.0, 94.41, 38.0, 75.24, 7.41, 20.29, 18.59, 24.41, 6.24, 35.82, 22.29, 9.71, 5.41, 15.06, 19.76, 33.76, 77.59, 8.76, 23.71, 18.12, 24.24, 10.82, 40.35, 19.53, 8.35, 2.88, 17.41, 20.41, 94.82, 100.71, 35.94, 83.94, 7.0, 19.47, 15.94, 21.35, 11.88, 43.94, 19.0, 6.94, 4.59, 14.76, 17.88, 38.53, 85.0, 8.24, 22.94, 15.41, 19.59, 10.76, 43.65, 26.12, 7.65, 5.65, 13.65, 19.35
24, 2013-12-16, Home, UTA, W, W, -12, O, 198.5, 0, 0, 102.71, 95.0, 38.24, 75.53, 7.59, 20.59, 18.65, 24.24, 6.29, 36.41, 22.12, 9.94, 5.76, 14.94, 19.65, 33.94, 78.24, 8.88, 24.0, 18.24, 24.47, 11.0, 40.41, 19.29, 8.29, 2.88, 17.29, 19.82, 95.35, 101.88, 36.82, 82.94, 6.71, 17.29, 15.0, 19.24, 10.65, 40.12, 20.82, 7.24, 4.88, 13.29, 21.53, 38.12, 80.71, 7.06, 18.94, 18.59, 24.24, 11.18, 44.24, 20.53, 6.94, 5.29, 12.76, 19.88
25, 2013-12-18, Home, IND, W, L, -4, O, 190.5, 0, 0, 103.12, 94.0, 38.47, 75.53, 7.65, 20.88, 18.53, 23.76, 6.41, 37.0, 22.24, 10.29, 5.82, 15.18, 19.71, 33.53, 77.94, 8.59, 23.82, 18.35, 24.76, 11.0, 40.06, 18.88, 8.47, 2.71, 17.41, 19.53, 98.88, 91.88, 36.59, 80.82, 6.88, 19.71, 18.82, 23.65, 10.0, 43.94, 20.24, 7.59, 5.47, 14.12, 20.12, 35.0, 83.0, 5.76, 16.82, 16.12, 20.82, 11.24, 41.41, 17.65, 6.65, 4.88, 14.0, 21.65
26, 2013-12-20, Home, SAC, W, W, -10, O, 208, 0, 0, 101.88, 93.94, 37.94, 75.41, 7.24, 20.76, 18.76, 23.65, 6.41, 36.82, 21.76, 10.41, 5.41, 15.12, 19.88, 33.47, 77.59, 8.24, 22.88, 18.76, 25.18, 10.88, 40.18, 18.53, 8.41, 2.76, 17.18, 19.88, 101.29, 104.47, 36.94, 84.06, 6.76, 19.76, 20.65, 25.94, 11.47, 43.06, 21.29, 7.94, 3.76, 14.18, 22.94, 38.65, 82.35, 9.53, 24.0, 17.65, 24.88, 10.0, 41.53, 23.29, 7.82, 6.24, 14.53, 22.94
27, 2013-12-23, Home, ATL, W, L, -7.5, O, 206.5, 0, 0, 102.59, 93.88, 38.59, 75.94, 7.53, 21.35, 17.88, 22.71, 6.59, 37.12, 22.65, 10.18, 5.29, 15.18, 19.94, 33.82, 77.59, 7.94, 22.53, 18.29, 25.35, 10.94, 40.06, 18.71, 8.59, 2.47, 16.94, 19.65, 99.94, 98.82, 38.12, 82.06, 9.0, 23.06, 14.71, 18.88, 9.65, 41.12, 25.12, 8.35, 4.12, 15.12, 19.29, 38.47, 84.0, 6.53, 19.47, 15.35, 20.88, 10.82, 44.0, 22.29, 7.76, 4.35, 14.53, 17.12
28, 2013-12-25, Away, LAL, W, L, -9.5, U, 206.5, 0, 0, 104.0, 96.12, 39.24, 77.24, 7.76, 22.18, 17.76, 23.06, 7.0, 37.18, 22.76, 10.35, 5.18, 15.06, 19.76, 34.71, 78.06, 8.47, 22.94, 18.24, 25.29, 11.12, 40.65, 19.24, 8.71, 2.53, 17.53, 20.0, 100.35, 102.88, 37.29, 82.29, 8.71, 24.59, 17.06, 22.29, 9.12, 40.41, 21.82, 7.41, 5.94, 14.53, 19.12, 39.53, 89.24, 7.65, 22.82, 16.18, 21.59, 14.29, 48.24, 24.24, 9.29, 4.35, 13.47, 19.0
29, 2013-12-27, Away, SAC, L, L, -5.5, O, 208, 0, 0, 103.82, 96.53, 39.24, 77.18, 7.71, 22.53, 17.65, 22.94, 6.82, 37.53, 22.94, 10.12, 5.06, 14.88, 19.94, 34.71, 78.35, 8.65, 23.65, 18.47, 25.94, 11.06, 41.12, 18.82, 8.71, 2.59, 17.12, 19.88, 102.76, 106.65, 37.35, 82.71, 6.82, 19.29, 21.24, 27.53, 11.35, 42.65, 20.88, 8.59, 3.82, 14.88, 22.82, 39.59, 83.06, 9.88, 23.71, 17.59, 24.53, 10.41, 41.53, 23.18, 8.59, 6.12, 14.88, 23.12
30, 2013-12-28, Away, POR, W, W, 7, O, 207.5, 0, 1, 102.82, 97.47, 39.24, 77.88, 7.47, 23.0, 16.88, 22.29, 6.35, 37.24, 22.71, 9.94, 5.0, 14.59, 20.41, 35.41, 79.06, 8.06, 23.12, 18.59, 26.18, 11.24, 42.65, 19.06, 8.24, 2.53, 17.0, 19.76, 112.12, 105.53, 40.59, 89.47, 10.47, 26.47, 20.47, 24.0, 13.82, 47.35, 24.12, 5.59, 4.53, 13.18, 18.24, 41.0, 89.76, 6.59, 16.94, 16.94, 21.82, 12.18, 44.18, 20.82, 7.94, 3.82, 11.59, 20.94
31, 2013-12-30, Away, DEN, W, L, -5, U, 202.5, 0, 0, 103.24, 97.94, 39.71, 78.47, 7.59, 22.35, 16.24, 21.41, 6.53, 37.41, 23.0, 10.35, 4.88, 14.59, 20.06, 35.71, 79.29, 8.12, 23.29, 18.41, 25.71, 11.06, 42.65, 19.82, 8.12, 2.71, 17.06, 19.12, 97.53, 99.18, 35.94, 82.0, 6.82, 20.76, 18.82, 25.24, 12.47, 45.12, 20.59, 7.76, 5.71, 14.18, 21.24, 38.0, 85.94, 6.82, 21.53, 16.35, 22.12, 12.47, 43.65, 20.59, 7.41, 6.24, 12.82, 20.0
32, 2014-01-02, Home, GSW, L, L, -5.5, O, 205, 0, 0, 102.65, 98.06, 39.41, 77.76, 7.82, 22.41, 16.0, 21.65, 6.41, 37.0, 23.18, 10.24, 4.88, 14.53, 19.82, 36.0, 79.18, 8.12, 22.59, 17.94, 24.94, 10.71, 42.18, 20.18, 7.88, 2.76, 16.94, 19.29, 104.06, 98.88, 39.71, 87.59, 8.88, 25.0, 15.76, 21.47, 13.06, 49.0, 22.41, 7.65, 5.35, 16.65, 22.76, 36.0, 84.82, 6.82, 20.0, 20.06, 26.12, 10.12, 42.82, 18.24, 8.71, 5.06, 14.47, 19.06
33, 2014-01-04, Away, ORL, W, W, -10, O, 199.5, 0, 0, 103.76, 100.35, 39.71, 78.12, 8.06, 22.35, 16.29, 22.0, 6.59, 36.41, 23.0, 10.18, 4.59, 14.59, 19.82, 37.0, 79.12, 8.41, 22.65, 17.94, 24.65, 10.35, 41.76, 20.76, 8.0, 2.71, 16.94, 19.65, 93.24, 99.41, 35.53, 83.29, 7.0, 21.18, 15.18, 20.24, 8.94, 42.12, 19.76, 7.65, 4.71, 12.94, 19.88, 37.24, 84.29, 8.65, 22.71, 16.29, 21.82, 11.24, 47.65, 20.71, 6.35, 5.59, 13.88, 19.47
34, 2014-01-05, Home, TOR, W, L, -6.5, U, 201, 0, 1, 104.94, 101.0, 39.94, 78.0, 7.88, 22.0, 17.18, 23.06, 6.82, 36.65, 22.94, 10.12, 4.47, 14.35, 19.0, 37.29, 79.53, 8.41, 22.41, 18.0, 24.18, 10.47, 41.65, 20.76, 7.88, 2.59, 16.82, 20.0, 100.12, 97.71, 36.53, 81.88, 8.06, 22.53, 19.0, 24.29, 10.88, 42.0, 20.94, 7.53, 4.53, 14.12, 20.88, 36.53, 81.82, 8.18, 20.35, 16.47, 21.41, 10.65, 42.06, 21.94, 8.12, 4.24, 16.35, 22.47
35, 2014-01-07, Home, NOP, W, W, -8.5, U, 204.5, 0, 0, 105.12, 100.94, 40.06, 78.71, 7.59, 21.59, 17.41, 23.18, 7.41, 37.12, 22.82, 10.12, 4.06, 14.12, 19.29, 37.53, 79.59, 8.59, 22.82, 17.29, 23.76, 10.53, 41.35, 21.24, 7.71, 2.88, 16.76, 20.18, 102.59, 104.88, 39.59, 86.94, 6.82, 18.53, 16.59, 22.0, 13.41, 44.47, 22.71, 7.65, 4.59, 13.0, 21.41, 38.18, 84.71, 7.88, 24.24, 20.65, 27.12, 13.29, 45.0, 22.65, 6.65, 6.29, 13.12, 19.35
36, 2014-01-09, Away, NYK, L, L, -8, U, 196.5, 0, 0, 105.71, 99.82, 40.29, 78.47, 7.59, 21.53, 17.53, 23.18, 7.18, 37.41, 23.12, 9.76, 4.0, 13.71, 19.29, 37.24, 79.41, 8.35, 22.41, 17.0, 23.24, 10.47, 41.06, 21.06, 7.59, 2.82, 16.65, 20.35, 95.82, 98.65, 36.0, 82.47, 8.82, 23.35, 15.0, 19.71, 10.06, 39.0, 20.94, 9.12, 4.12, 11.41, 21.29, 35.53, 76.41, 9.41, 23.76, 18.18, 24.0, 10.0, 43.59, 20.29, 5.76, 3.47, 15.35, 19.71
37, 2014-01-10, Away, BRK, L, L, -5, O, 194.5, 0, 1, 106.0, 99.53, 40.59, 77.94, 7.65, 21.47, 17.18, 23.0, 7.06, 37.71, 23.35, 9.65, 3.94, 14.06, 18.59, 37.65, 79.88, 8.29, 22.71, 15.94, 21.94, 10.29, 40.71, 21.12, 7.88, 2.76, 16.35, 20.29, 97.82, 99.0, 34.65, 76.0, 8.41, 22.18, 20.12, 26.18, 8.65, 37.88, 20.47, 7.29, 3.47, 14.0, 21.76, 35.94, 79.41, 8.71, 23.06, 18.41, 23.94, 9.88, 41.47, 21.0, 7.71, 3.71, 14.82, 22.12
38, 2014-01-15, Away, WAS, L, L, -5.5, O, 196, 0, 0, 105.53, 100.82, 40.06, 78.06, 7.76, 21.76, 17.65, 23.47, 7.29, 37.41, 23.12, 9.29, 3.59, 13.71, 18.35, 38.59, 80.12, 8.41, 22.59, 15.24, 20.88, 10.06, 40.94, 21.59, 7.65, 2.94, 16.06, 20.71, 96.29, 98.29, 37.59, 84.47, 6.71, 18.53, 14.41, 20.18, 12.24, 44.18, 21.82, 7.76, 4.59, 14.0, 21.71, 36.35, 78.94, 7.29, 19.94, 18.29, 24.82, 10.06, 41.29, 23.41, 8.18, 3.71, 13.82, 18.47
39, 2014-01-17, Away, PHI, W, W, -10.5, U, 212.5, 0, 0, 104.76, 101.94, 39.88, 78.76, 7.53, 21.59, 17.47, 23.24, 7.53, 37.47, 22.88, 9.18, 3.47, 13.41, 18.41, 38.88, 79.53, 8.59, 22.71, 15.59, 21.12, 9.53, 40.82, 22.35, 7.47, 3.24, 15.76, 20.59, 101.59, 110.71, 39.0, 88.0, 7.24, 21.47, 16.35, 22.29, 10.76, 43.71, 23.35, 9.41, 4.0, 16.82, 22.41, 40.06, 88.41, 10.18, 27.29, 20.41, 27.35, 13.12, 48.94, 25.94, 8.65, 6.76, 16.18, 20.35
40, 2014-01-18, Away, CHA, W, W, -6.5, O, 192.5, 1, 1, 105.76, 101.71, 40.18, 78.94, 7.76, 21.71, 17.65, 23.24, 7.88, 37.76, 23.47, 9.18, 3.82, 13.71, 18.65, 38.71, 80.53, 8.41, 23.0, 15.88, 21.82, 10.12, 40.94, 22.0, 7.71, 3.35, 15.88, 20.41, 98.65, 102.65, 36.82, 82.53, 6.76, 16.53, 18.24, 24.24, 7.47, 40.41, 20.88, 6.35, 4.76, 11.35, 18.12, 39.76, 85.94, 9.06, 22.88, 14.06, 18.94, 10.53, 46.53, 23.76, 6.88, 5.71, 13.06, 20.59
41, 2014-01-20, Away, ATL, L, L, -4.5, O, 201, 0, 0, 105.18, 101.06, 40.0, 79.12, 7.71, 21.71, 17.47, 23.18, 7.82, 37.94, 23.0, 8.88, 3.59, 13.59, 18.76, 38.53, 80.0, 8.24, 22.29, 15.76, 21.71, 9.65, 40.65, 22.76, 7.65, 3.65, 15.76, 20.59, 104.82, 102.88, 38.59, 84.06, 10.82, 29.18, 16.82, 20.47, 10.06, 41.41, 26.65, 8.94, 4.47, 15.29, 18.94, 40.06, 86.65, 7.29, 21.35, 15.47, 20.47, 12.29, 44.71, 23.47, 8.35, 5.0, 14.82, 19.41
42, 2014-01-21, Home, BOS, W, L, -9, U, 196.5, 0, 1, 105.0, 102.65, 39.59, 79.53, 8.24, 22.76, 17.59, 23.29, 7.94, 37.71, 23.0, 8.82, 3.24, 13.76, 19.47, 38.71, 79.82, 8.65, 23.06, 16.59, 22.29, 9.41, 40.94, 23.71, 7.71, 3.59, 15.71, 20.94, 95.76, 103.18, 36.65, 87.24, 5.53, 18.82, 16.94, 21.94, 13.0, 45.12, 21.88, 6.94, 4.82, 13.41, 23.0, 37.47, 83.47, 8.24, 21.71, 20.0, 27.47, 12.41, 45.88, 24.24, 6.82, 4.59, 13.47, 19.06
43, 2014-01-23, Home, LAL, W, L, -11.5, O, 209, 0, 0, 104.76, 102.18, 39.65, 79.35, 8.24, 22.71, 17.24, 22.94, 8.06, 37.47, 23.06, 8.59, 3.53, 13.88, 19.35, 38.76, 80.47, 8.65, 23.82, 16.0, 21.71, 10.06, 41.53, 23.94, 7.65, 3.65, 15.82, 20.82, 101.0, 109.18, 35.88, 82.24, 8.41, 24.47, 20.82, 26.53, 9.76, 43.29, 21.59, 5.76, 5.47, 16.41, 20.0, 41.94, 92.29, 8.24, 24.41, 17.06, 23.71, 14.29, 49.65, 25.47, 10.76, 4.82, 12.06, 20.29
44, 2014-01-26, Home, SAS, W, W, -3.5, O, 205, 0, 0, 104.0, 102.12, 39.29, 79.06, 8.12, 22.53, 17.29, 23.47, 8.35, 38.0, 22.65, 8.12, 3.59, 13.94, 19.76, 38.59, 81.29, 8.76, 24.0, 16.18, 21.53, 10.41, 41.71, 23.71, 7.53, 3.65, 15.29, 20.88, 107.29, 99.29, 40.35, 81.0, 8.35, 19.71, 18.24, 23.18, 9.41, 43.88, 25.82, 6.76, 5.59, 13.94, 17.71, 39.18, 86.12, 6.76, 17.06, 14.18, 19.12, 10.53, 40.65, 20.76, 7.59, 5.12, 11.59, 21.0
45, 2014-01-29, Home, OKC, L, L, -4, O, 202.5, 0, 0, 103.53, 101.06, 39.12, 78.06, 8.0, 21.94, 17.29, 22.94, 8.0, 37.59, 23.12, 8.0, 3.53, 14.0, 19.94, 38.24, 80.41, 8.12, 23.29, 16.47, 21.76, 10.0, 40.65, 23.41, 7.59, 3.65, 14.94, 20.35, 105.0, 97.94, 39.41, 82.12, 7.76, 21.47, 18.41, 23.65, 11.41, 44.06, 20.53, 8.29, 6.06, 14.65, 21.65, 36.18, 82.0, 8.88, 24.71, 16.71, 23.82, 11.29, 39.88, 21.35, 7.76, 3.47, 14.53, 20.41
46, 2014-02-01, Away, NYK, W, W, -4.5, U, 201, 0, 0, 103.18, 102.06, 38.88, 77.59, 7.65, 21.47, 17.76, 23.24, 8.18, 37.24, 22.59, 7.71, 3.53, 14.47, 19.65, 38.71, 80.47, 8.24, 22.76, 16.41, 21.35, 9.94, 39.88, 23.88, 7.88, 3.53, 14.65, 20.18, 101.29, 99.0, 38.0, 81.59, 8.71, 22.29, 16.59, 22.18, 11.12, 43.24, 20.71, 6.53, 4.94, 12.76, 22.0, 35.82, 79.76, 8.76, 24.47, 18.59, 24.24, 9.82, 40.88, 20.41, 6.53, 3.29, 12.18, 20.41
47, 2014-02-03, Home, DET, W, L, -9.5, U, 206, 0, 0, 103.35, 101.06, 39.06, 77.0, 7.47, 20.94, 17.76, 23.41, 8.35, 37.18, 22.29, 7.76, 3.41, 14.29, 19.47, 38.24, 79.53, 8.59, 23.12, 16.0, 21.24, 9.88, 38.82, 23.35, 8.0, 3.53, 14.35, 20.24, 99.53, 103.76, 37.94, 86.35, 5.41, 19.06, 18.24, 27.94, 15.29, 46.41, 21.06, 8.71, 5.0, 15.06, 20.94, 38.88, 82.88, 8.12, 22.41, 17.88, 24.65, 11.65, 43.53, 24.18, 8.76, 4.47, 15.82, 21.82
48, 2014-02-05, Away, LAC, W, W, 1.5, O, 207, 0, 0, 103.0, 100.41, 38.71, 76.82, 7.41, 21.29, 18.18, 24.0, 8.71, 37.65, 22.29, 7.76, 3.71, 14.76, 20.0, 37.94, 79.88, 8.29, 22.65, 16.24, 21.71, 10.59, 39.41, 22.59, 8.29, 3.41, 14.59, 20.71, 108.82, 102.53, 38.65, 80.41, 8.65, 23.29, 22.88, 30.76, 10.24, 41.71, 24.12, 7.65, 4.59, 12.35, 20.47, 38.76, 85.53, 6.76, 20.88, 18.24, 24.53, 13.47, 44.47, 23.59, 6.24, 3.0, 13.41, 23.41
49, 2014-02-08, Away, UTA, L, L, -9.5, U, 195.5, 1, 0, 104.12, 101.47, 39.12, 77.47, 7.53, 21.76, 18.35, 23.88, 8.82, 37.65, 22.88, 8.0, 3.76, 14.88, 21.12, 37.88, 80.18, 8.24, 22.94, 17.47, 23.53, 11.35, 40.29, 22.76, 8.41, 3.41, 15.0, 20.88, 95.94, 99.65, 35.82, 79.29, 7.35, 20.29, 16.94, 22.76, 9.24, 42.06, 20.0, 6.18, 4.18, 13.12, 20.71, 37.35, 82.88, 6.41, 19.82, 18.53, 24.59, 11.24, 43.53, 21.24, 7.71, 3.71, 10.47, 20.94
50, 2014-02-11, Away, PHO, W, W, -2.5, U, 209.5, 0, 0, 102.65, 99.76, 38.47, 76.82, 7.47, 22.06, 18.24, 23.82, 8.82, 37.71, 22.82, 7.88, 3.76, 14.59, 21.0, 37.29, 79.71, 7.94, 22.71, 17.24, 23.53, 11.59, 40.35, 22.41, 8.41, 3.41, 14.65, 20.94, 108.76, 104.94, 39.71, 86.47, 8.88, 24.06, 20.47, 25.82, 12.65, 44.47, 19.47, 7.35, 3.94, 13.53, 23.47, 38.41, 83.82, 6.53, 19.0, 21.59, 27.88, 11.47, 43.47, 19.76, 6.06, 4.88, 14.24, 22.06
51, 2014-02-12, Away, GSW, W, P, -1, O, 205.5, 0, 1, 102.24, 99.94, 38.24, 76.94, 7.65, 22.71, 18.12, 23.76, 8.94, 37.76, 22.29, 8.06, 3.71, 14.41, 21.06, 37.41, 79.47, 8.18, 22.82, 16.94, 23.12, 11.24, 40.06, 22.65, 8.41, 3.59, 14.71, 20.88, 103.59, 98.41, 38.71, 86.41, 9.06, 25.06, 17.12, 22.35, 11.59, 45.12, 21.53, 7.47, 5.12, 13.47, 21.0, 36.76, 82.76, 6.59, 18.35, 18.29, 23.94, 11.06, 44.71, 19.41, 7.94, 3.76, 15.0, 20.0
52, 2014-02-18, Away, DAL, W, W, -2.5, O, 204.5, 0, 0, 102.76, 100.71, 38.47, 76.76, 8.06, 23.35, 17.76, 23.65, 8.35, 37.35, 22.76, 8.24, 3.88, 14.53, 20.82, 37.47, 79.82, 8.29, 22.47, 17.47, 23.41, 11.47, 40.59, 22.53, 8.71, 3.41, 14.71, 20.59, 106.18, 102.53, 38.94, 81.0, 8.06, 21.06, 20.24, 25.06, 9.59, 39.94, 22.65, 6.76, 3.71, 11.94, 20.71, 37.35, 80.71, 8.59, 23.71, 19.24, 25.06, 10.53, 40.94, 23.53, 6.65, 3.29, 13.59, 22.12
53, 2014-02-20, Away, OKC, W, W, 3, U, 206, 0, 0, 103.35, 101.76, 38.71, 76.71, 8.12, 23.29, 17.82, 23.71, 8.24, 36.71, 23.06, 8.53, 4.06, 14.53, 21.12, 37.35, 80.29, 8.65, 23.53, 18.41, 24.29, 12.0, 41.12, 22.65, 8.53, 3.24, 14.71, 20.24, 105.53, 97.18, 40.71, 80.94, 8.35, 21.29, 15.76, 20.53, 10.88, 42.06, 21.94, 8.76, 6.18, 15.06, 20.29, 36.94, 81.35, 7.76, 22.82, 15.53, 21.18, 11.0, 37.59, 22.24, 8.0, 3.35, 14.94, 18.12
54, 2014-02-23, Home, CHI, W, W, -5, U, 184.5, 0, 0, 104.0, 100.53, 38.94, 77.12, 8.0, 23.29, 18.12, 23.71, 8.47, 37.24, 23.29, 9.0, 4.0, 14.71, 21.53, 36.41, 79.82, 8.24, 23.29, 19.47, 25.47, 12.06, 40.82, 22.06, 8.71, 3.29, 15.29, 20.53, 93.76, 91.18, 35.12, 80.12, 6.71, 18.65, 16.82, 21.53, 11.29, 43.88, 23.12, 8.24, 5.82, 13.65, 18.65, 35.24, 80.35, 6.41, 17.76, 14.29, 19.29, 9.82, 39.06, 19.88, 7.18, 5.88, 14.82, 19.88
55, 2014-02-27, Home, NYK, W, W, -8.5, U, 201, 0, 0, 103.88, 99.06, 39.12, 77.59, 8.18, 23.29, 17.47, 22.94, 8.71, 37.35, 23.47, 9.18, 4.29, 14.29, 21.24, 35.76, 79.53, 8.18, 23.35, 19.35, 25.24, 12.18, 40.94, 21.88, 8.41, 3.29, 15.24, 20.12, 103.94, 101.76, 39.24, 83.24, 10.82, 26.88, 14.65, 20.65, 11.12, 41.82, 21.0, 6.76, 4.82, 13.29, 21.0, 37.12, 80.12, 9.82, 23.41, 17.71, 23.06, 9.65, 40.47, 20.53, 6.47, 3.47, 13.06, 20.29
56, 2014-03-01, Home, ORL, W, P, -14, O, 199, 0, 0, 104.53, 97.18, 39.59, 77.0, 8.12, 22.71, 17.24, 23.0, 8.35, 37.59, 23.24, 9.12, 4.41, 14.29, 21.41, 35.18, 80.0, 7.82, 23.41, 19.0, 25.0, 12.59, 40.88, 21.06, 8.41, 2.94, 15.29, 20.24, 97.94, 100.94, 37.41, 84.41, 6.65, 17.18, 16.47, 20.94, 9.65, 42.12, 21.71, 8.24, 4.24, 12.18, 19.41, 37.65, 82.71, 8.47, 21.06, 17.18, 23.47, 10.24, 44.12, 22.29, 6.59, 5.35, 13.24, 18.94
57, 2014-03-03, Home, CHA, W, W, -11.5, O, 197, 1, 0, 105.18, 97.88, 39.88, 76.65, 8.0, 22.29, 17.41, 23.24, 8.18, 37.65, 22.65, 8.82, 4.06, 14.29, 21.12, 35.47, 79.94, 7.94, 23.29, 19.0, 24.53, 12.35, 40.53, 21.18, 8.29, 2.76, 14.65, 20.29, 97.94, 97.29, 36.41, 80.65, 6.76, 18.41, 18.35, 25.12, 7.88, 42.35, 23.47, 5.76, 5.18, 11.53, 16.94, 37.41, 86.0, 8.0, 22.35, 14.47, 18.06, 9.29, 43.0, 20.76, 6.18, 4.59, 11.47, 21.0
58, 2014-03-04, Away, HOU, L, L, 2, O, 208.5, 0, 1, 106.35, 98.53, 40.29, 76.88, 8.53, 22.71, 17.24, 22.71, 8.29, 37.24, 22.76, 8.94, 3.94, 14.0, 20.82, 35.82, 80.35, 8.06, 23.65, 18.82, 24.41, 12.88, 40.88, 20.94, 8.18, 2.41, 14.47, 19.88, 109.65, 102.06, 39.18, 81.35, 10.0, 26.18, 21.29, 29.71, 11.94, 46.0, 22.76, 7.24, 4.94, 16.12, 19.76, 39.24, 89.06, 8.06, 23.29, 15.53, 20.24, 12.41, 40.53, 21.88, 8.88, 4.76, 13.53, 23.76
59, 2014-03-06, Away, SAS, L, L, 3.5, U, 206, 0, 0, 105.71, 97.65, 40.29, 77.0, 8.06, 22.35, 17.06, 22.76, 8.41, 37.0, 22.24, 9.06, 4.24, 13.47, 20.41, 35.71, 80.18, 7.82, 23.18, 18.41, 24.41, 13.18, 41.35, 20.41, 7.94, 2.53, 14.76, 19.65, 103.0, 101.94, 38.41, 81.47, 7.53, 21.65, 18.65, 22.29, 8.47, 40.59, 23.88, 6.82, 5.88, 14.71, 19.18, 39.53, 85.82, 5.71, 16.88, 17.18, 23.29, 11.41, 43.12, 21.24, 8.29, 4.82, 12.35, 20.53
60, 2014-03-09, Away, CHI, L, L, -4.5, U, 186.5, 0, 0, 105.35, 99.12, 40.06, 77.29, 8.0, 21.94, 17.24, 22.88, 8.47, 37.18, 22.41, 9.24, 4.18, 13.82, 20.65, 36.12, 79.88, 8.06, 22.94, 18.82, 24.88, 12.65, 41.29, 21.18, 8.0, 2.65, 14.82, 19.53, 93.65, 90.82, 34.59, 77.71, 5.88, 17.53, 18.59, 23.94, 11.24, 44.94, 21.71, 7.12, 4.76, 14.65, 18.65, 34.94, 80.53, 6.71, 19.29, 14.24, 19.47, 9.88, 38.35, 18.82, 7.76, 5.71, 13.47, 20.47
61, 2014-03-10, Home, WAS, W, W, -8, U, 205, 0, 1, 104.12, 98.71, 39.18, 77.06, 7.94, 21.94, 17.82, 22.82, 8.12, 36.82, 22.12, 9.29, 4.47, 13.76, 20.53, 36.0, 80.0, 7.94, 22.59, 18.76, 24.65, 12.65, 42.0, 21.41, 7.94, 3.0, 14.88, 19.59, 106.53, 101.29, 41.29, 86.35, 8.65, 20.76, 15.29, 21.12, 10.53, 40.53, 24.12, 8.65, 4.59, 12.41, 20.94, 37.35, 80.59, 6.06, 19.06, 20.53, 25.53, 10.65, 43.41, 21.06, 6.94, 4.35, 16.94, 20.76
62, 2014-03-12, Home, BRK, L, L, -9, U, 201, 0, 0, 103.29, 98.06, 39.0, 77.41, 8.06, 22.06, 17.24, 22.18, 8.24, 36.59, 22.0, 9.41, 4.65, 13.53, 19.88, 35.88, 80.76, 8.29, 23.12, 18.0, 23.82, 13.53, 43.29, 21.41, 7.65, 2.94, 15.24, 19.41, 98.0, 95.29, 35.53, 77.82, 8.59, 24.59, 18.35, 24.53, 8.06, 36.0, 20.59, 10.94, 3.53, 13.59, 21.12, 35.24, 77.53, 7.0, 19.88, 17.82, 24.0, 12.12, 45.0, 19.29, 7.71, 4.47, 18.12, 20.35
63, 2014-03-14, Home, DEN, L, L, -11, O, 215, 0, 0, 103.29, 97.12, 38.76, 77.18, 8.41, 22.53, 17.35, 22.41, 7.82, 36.35, 21.88, 9.53, 4.71, 13.35, 19.94, 35.47, 80.65, 8.06, 23.24, 18.12, 23.82, 13.41, 43.47, 21.18, 7.53, 3.24, 15.41, 19.76, 102.53, 112.76, 37.82, 87.47, 8.71, 24.53, 18.18, 26.88, 12.88, 44.53, 21.12, 7.12, 5.0, 16.76, 23.53, 40.82, 85.47, 8.18, 22.35, 22.94, 28.0, 10.47, 44.71, 22.53, 9.24, 5.94, 14.65, 22.47
64, 2014-03-16, Home, HOU, W, W, -5.5, O, 207, 0, 0, 103.35, 98.29, 38.82, 77.47, 8.35, 22.59, 17.35, 22.24, 7.82, 36.41, 22.18, 9.41, 4.82, 13.65, 19.88, 35.82, 81.53, 7.88, 22.94, 18.76, 24.18, 13.41, 43.94, 21.88, 7.88, 3.12, 15.29, 19.71, 109.35, 102.35, 38.88, 81.24, 9.35, 25.24, 22.24, 30.35, 11.65, 45.88, 21.88, 7.76, 4.94, 16.41, 19.71, 39.0, 88.06, 8.59, 24.0, 15.76, 20.06, 11.71, 40.12, 22.71, 9.53, 5.41, 13.94, 23.88
65, 2014-03-18, Away, CLE, W, L, -10, O, 193.5, 0, 0, 104.0, 98.76, 38.88, 77.06, 8.47, 22.71, 17.76, 22.71, 7.47, 35.65, 22.0, 9.18, 4.65, 13.24, 19.82, 36.0, 81.06, 8.06, 23.24, 18.71, 24.12, 12.88, 42.94, 21.82, 7.88, 3.12, 14.94, 19.76, 98.06, 97.76, 36.41, 83.53, 7.35, 19.82, 17.88, 23.18, 12.24, 45.76, 21.88, 6.29, 2.88, 13.35, 18.82, 36.82, 84.94, 9.0, 26.18, 15.12, 20.47, 10.65, 41.59, 24.18, 7.18, 5.41, 11.82, 19.18
66, 2014-03-19, Away, BOS, L, L, -4.5, O, 195, 0, 1, 103.06, 97.82, 38.47, 76.88, 8.41, 22.65, 17.71, 23.0, 7.47, 35.94, 21.35, 9.12, 4.76, 13.18, 19.0, 36.0, 80.24, 8.06, 23.06, 17.76, 22.94, 11.88, 42.29, 21.88, 7.76, 3.29, 14.88, 20.0, 96.47, 101.71, 36.35, 87.82, 6.94, 21.59, 16.82, 21.24, 14.18, 44.0, 22.18, 6.94, 3.47, 13.88, 21.12, 38.53, 80.94, 6.65, 20.12, 18.0, 22.53, 9.24, 41.59, 20.76, 7.29, 5.24, 13.82, 20.18
67, 2014-03-21, Home, MEM, W, W, -4.5, U, 190, 0, 0, 103.47, 98.24, 39.12, 77.71, 8.24, 22.29, 17.0, 22.12, 7.82, 36.24, 21.94, 9.18, 4.94, 13.29, 18.88, 36.18, 80.41, 8.24, 23.24, 17.65, 22.53, 11.82, 42.0, 22.24, 7.29, 3.35, 14.94, 19.59, 98.59, 93.24, 38.47, 79.24, 5.0, 13.41, 16.65, 22.06, 9.94, 40.82, 22.18, 8.41, 5.24, 13.59, 18.94, 34.94, 79.94, 7.53, 20.47, 15.82, 20.53, 10.24, 38.41, 18.71, 7.06, 4.82, 13.76, 19.65
68, 2014-03-22, Away, NOP, L, L, -5, O, 196.5, 1, 1, 102.76, 97.59, 39.06, 77.65, 8.12, 21.88, 16.53, 21.29, 7.88, 35.82, 22.29, 9.0, 5.18, 13.41, 18.94, 36.24, 80.59, 7.71, 22.41, 17.41, 22.53, 12.35, 42.41, 22.06, 7.35, 3.06, 14.88, 19.35, 101.12, 105.88, 37.71, 79.82, 5.65, 16.71, 20.06, 25.29, 9.94, 40.12, 20.71, 6.82, 6.18, 13.41, 23.53, 38.35, 81.24, 8.06, 21.35, 21.12, 27.47, 11.47, 40.71, 23.82, 6.82, 5.71, 13.65, 21.0
69, 2014-03-24, Home, POR, W, L, -6.5, U, 208, 0, 0, 101.82, 97.29, 38.76, 77.35, 8.0, 22.12, 16.29, 20.82, 7.94, 35.71, 22.41, 8.59, 5.24, 13.59, 18.88, 36.41, 80.65, 7.59, 22.47, 16.88, 22.0, 12.35, 42.12, 22.12, 7.47, 3.06, 14.47, 19.12, 106.24, 102.88, 38.0, 85.94, 9.82, 27.53, 20.41, 25.0, 12.18, 46.59, 21.06, 5.24, 5.18, 13.65, 20.71, 39.18, 88.76, 7.24, 21.0, 17.29, 22.94, 12.12, 44.41, 21.06, 7.94, 4.0, 12.12, 21.88
70, 2014-03-26, Away, IND, L, W, 2, U, 186.5, 0, 0, 100.41, 96.41, 38.35, 77.76, 7.71, 21.47, 16.0, 20.76, 8.29, 36.88, 21.65, 8.76, 5.18, 13.41, 18.94, 36.06, 80.0, 7.71, 23.18, 16.59, 21.71, 11.71, 41.76, 22.0, 7.47, 3.12, 14.41, 19.18, 95.24, 95.24, 35.12, 78.88, 5.88, 16.82, 19.12, 24.06, 10.41, 44.53, 19.0, 6.0, 5.65, 14.29, 20.82, 35.82, 83.71, 7.47, 20.12, 16.12, 21.65, 10.82, 41.71, 20.82, 6.94, 5.29, 11.71, 23.0
71, 2014-03-28, Away, DET, W, W, -5, U, 198.5, 0, 0, 99.24, 96.59, 37.59, 76.94, 7.76, 21.35, 16.29, 21.24, 8.12, 36.65, 21.0, 8.24, 5.53, 13.41, 19.06, 36.18, 80.41, 8.0, 22.82, 16.24, 21.18, 11.71, 41.71, 22.18, 7.29, 3.0, 13.82, 19.0, 102.29, 106.18, 40.41, 88.76, 6.24, 17.71, 15.24, 23.0, 13.35, 46.0, 23.12, 7.53, 4.71, 12.59, 19.71, 39.76, 86.06, 8.76, 25.18, 17.88, 24.59, 11.71, 44.53, 24.59, 7.24, 5.24, 12.29, 19.88
72, 2014-03-29, Away, MIL, W, W, -8.5, U, 198, 0, 1, 100.24, 96.53, 37.94, 76.41, 7.71, 21.12, 16.65, 21.71, 7.82, 37.0, 21.53, 8.12, 5.35, 13.47, 18.76, 36.24, 80.29, 7.82, 23.0, 16.24, 21.41, 11.53, 40.82, 22.29, 7.53, 3.0, 13.76, 19.41, 104.59, 108.59, 39.35, 83.06, 6.18, 16.53, 19.71, 26.29, 12.41, 40.41, 23.29, 6.71, 3.82, 12.88, 21.53, 40.35, 81.65, 8.59, 22.59, 19.29, 24.53, 11.24, 40.41, 23.59, 7.0, 4.65, 13.94, 21.65
73, 2014-03-31, Home, TOR, W, W, -6, U, 191.5, 1, 0, 99.06, 95.65, 37.18, 76.41, 7.76, 21.59, 16.94, 21.88, 8.47, 37.24, 21.53, 8.12, 5.65, 13.41, 18.18, 36.0, 80.06, 7.82, 22.47, 15.82, 20.94, 11.71, 40.82, 22.24, 7.47, 3.18, 13.82, 19.12, 105.18, 101.29, 37.29, 82.18, 8.94, 23.82, 21.65, 26.65, 10.71, 42.24, 21.94, 7.71, 4.24, 13.71, 23.53, 36.76, 80.76, 7.12, 20.47, 20.65, 27.53, 10.47, 39.88, 20.24, 7.71, 3.76, 14.0, 22.76
74, 2014-04-02, Home, MIL, W, W, -13, U, 195.5, 0, 0, 97.94, 94.76, 36.65, 75.94, 7.82, 22.12, 16.82, 21.76, 8.29, 37.06, 21.47, 7.94, 5.41, 13.29, 17.82, 35.94, 79.29, 8.06, 22.94, 14.82, 19.82, 11.12, 40.29, 22.18, 7.35, 3.18, 13.94, 19.47, 101.76, 108.18, 38.18, 82.82, 5.29, 15.76, 20.12, 26.88, 12.71, 40.88, 22.82, 6.53, 3.76, 12.41, 21.12, 40.18, 82.18, 8.71, 23.0, 19.12, 24.35, 11.82, 41.47, 23.35, 6.24, 4.94, 13.12, 21.71
75, 2014-04-04, Home, MIN, L, L, -8, O, 202, 0, 0, 96.29, 93.0, 36.24, 75.59, 7.41, 22.0, 16.41, 21.41, 8.18, 37.0, 21.71, 8.24, 5.53, 13.41, 17.47, 35.35, 78.76, 7.76, 22.65, 14.53, 19.12, 11.0, 40.41, 21.65, 7.29, 3.35, 14.35, 19.47, 109.94, 109.18, 39.94, 86.12, 7.12, 20.71, 22.94, 28.94, 11.71, 42.29, 25.35, 8.59, 2.88, 13.29, 18.71, 42.29, 87.35, 8.94, 23.71, 15.65, 21.47, 11.53, 44.59, 23.29, 7.47, 4.53, 16.0, 23.59
76, 2014-04-06, Home, NYK, W, W, -6.5, O, 186, 0, 0, 97.35, 93.94, 36.53, 76.71, 7.65, 22.53, 16.65, 21.47, 8.47, 38.12, 21.76, 8.24, 5.47, 13.88, 17.94, 35.53, 79.65, 8.0, 23.18, 14.88, 19.53, 10.88, 40.41, 21.82, 7.65, 3.47, 14.29, 19.47, 101.65, 96.24, 37.65, 79.65, 10.12, 25.71, 16.24, 21.12, 9.76, 39.29, 20.47, 7.65, 4.53, 11.88, 20.94, 35.59, 79.94, 8.06, 23.35, 17.0, 22.65, 12.29, 41.71, 18.18, 6.47, 2.59, 13.18, 19.29
77, 2014-04-08, Home, BRK, L, L, -7, U, 192, 0, 0, 98.24, 92.76, 36.53, 75.65, 8.12, 23.35, 17.06, 22.18, 8.41, 38.06, 21.59, 8.0, 5.24, 13.65, 17.65, 35.12, 80.18, 8.35, 24.29, 14.18, 18.76, 11.29, 40.0, 21.12, 7.71, 3.29, 13.88, 19.88, 103.29, 100.06, 37.65, 77.47, 10.35, 26.76, 17.65, 23.71, 7.65, 36.0, 21.35, 9.0, 3.29, 13.0, 21.76, 37.12, 80.82, 8.24, 24.35, 17.59, 23.82, 12.24, 43.71, 21.24, 6.35, 3.71, 14.88, 20.47
78, 2014-04-09, Away, MEM, L, L, 4.5, O, 180, 0, 1, 98.18, 92.35, 36.71, 75.35, 8.12, 23.59, 16.65, 22.0, 8.41, 37.59, 21.41, 8.06, 4.88, 13.41, 17.29, 35.0, 78.88, 8.47, 24.53, 13.88, 18.59, 10.76, 39.29, 20.41, 7.59, 3.29, 14.06, 19.65, 94.88, 91.71, 38.12, 81.82, 4.18, 12.18, 14.47, 20.29, 11.59, 42.12, 21.35, 7.65, 4.18, 12.76, 18.53, 35.06, 78.94, 6.24, 18.71, 15.35, 19.71, 10.24, 39.82, 20.06, 7.35, 4.0, 13.76, 18.82
79, 2014-04-11, Home, IND, W, W, -5.5, O, 181.5, 0, 0, 98.35, 93.35, 36.59, 74.94, 8.41, 23.82, 16.76, 22.18, 8.24, 37.24, 21.29, 8.24, 4.53, 13.71, 17.65, 35.41, 78.24, 8.18, 23.88, 14.35, 19.29, 10.24, 38.76, 20.35, 8.0, 3.47, 13.82, 19.94, 89.82, 93.53, 32.94, 77.53, 5.88, 17.06, 18.06, 23.59, 9.76, 43.0, 18.65, 5.82, 4.88, 13.82, 21.47, 34.65, 81.94, 6.59, 18.88, 17.65, 22.71, 11.12, 42.47, 19.41, 7.12, 4.76, 11.47, 22.12
80, 2014-04-12, Away, ATL, L, L, -5.5, U, 195, 1, 1, 98.53, 92.76, 36.71, 75.35, 8.24, 23.18, 16.88, 22.29, 8.71, 37.65, 21.06, 8.47, 4.59, 13.24, 18.0, 35.24, 77.47, 7.94, 23.0, 14.35, 19.29, 10.0, 38.41, 20.41, 7.65, 3.24, 13.88, 20.0, 98.65, 98.53, 36.18, 80.47, 8.88, 27.59, 17.41, 22.24, 8.53, 40.76, 23.12, 7.0, 3.59, 14.76, 20.06, 36.47, 81.24, 7.82, 22.18, 17.76, 23.88, 10.12, 42.59, 21.82, 9.71, 3.94, 13.88, 21.88
81, 2014-04-14, Away, WAS, L, L, 5.5, O, 190, 0, 0, 97.24, 92.0, 36.29, 74.88, 8.18, 23.24, 16.47, 22.18, 8.65, 38.18, 20.76, 8.29, 4.59, 13.35, 18.06, 35.06, 77.24, 8.06, 23.06, 13.82, 18.71, 9.76, 38.24, 20.29, 7.65, 3.24, 13.71, 20.06, 98.65, 97.65, 37.94, 83.06, 7.18, 20.71, 15.59, 20.76, 10.35, 41.65, 22.0, 7.0, 4.41, 13.88, 19.82, 36.0, 81.24, 7.94, 22.71, 17.71, 23.0, 10.41, 42.47, 21.76, 7.65, 3.59, 14.59, 19.82
82, 2014-04-16, Home, PHI, L, L, -5.5, U, 207, 0, 0, 96.06, 92.59, 36.06, 75.0, 8.06, 23.53, 15.88, 21.41, 8.53, 38.18, 20.88, 8.41, 4.59, 13.29, 17.71, 35.59, 77.41, 8.35, 23.41, 13.06, 17.94, 9.65, 38.71, 21.35, 7.53, 3.18, 13.82, 19.94, 98.06, 106.71, 37.29, 84.94, 7.94, 24.29, 15.53, 22.94, 11.06, 40.12, 21.29, 9.18, 4.18, 13.59, 24.06, 38.29, 79.88, 7.88, 22.0, 22.24, 29.53, 11.12, 45.76, 25.29, 6.88, 5.59, 15.71, 19.53
