20, 2013-12-06, Home, PHI, W, W, -7, U, 198.5, 0, 1687.0, 1742.0, 615.0, 1505.0, 85.0, 289.0, 372.0, 529.0, 217.0, 818.0, 337.0, 120.0, 94.0, 254.0, 380.0, 634.0, 1483.0, 144.0, 377.0, 330.0, 432.0, 175.0, 801.0, 368.0, 129.0, 110.0, 275.0, 431.0
21, 2013-12-09, Home, GSW, W, W, 6, O, 194.5, 0, 1709.0, 1734.0, 624.0, 1506.0, 85.0, 300.0, 376.0, 534.0, 217.0, 829.0, 352.0, 121.0, 95.0, 256.0, 374.0, 635.0, 1499.0, 141.0, 379.0, 323.0, 421.0, 172.0, 797.0, 372.0, 129.0, 108.0, 272.0, 435.0
22, 2013-12-11, Home, ORL, L, L, -5, U, 193, 0, 1734.0, 1761.0, 634.0, 1527.0, 88.0, 300.0, 378.0, 529.0, 219.0, 838.0, 353.0, 120.0, 91.0, 248.0, 370.0, 644.0, 1505.0, 148.0, 398.0, 325.0, 421.0, 171.0, 808.0, 378.0, 123.0, 113.0, 270.0, 430.0
23, 2013-12-13, Away, IND, L, W, 12, O, 183.5, 0, 1733.0, 1748.0, 635.0, 1531.0, 89.0, 296.0, 374.0, 511.0, 214.0, 838.0, 363.0, 118.0, 94.0, 245.0, 362.0, 645.0, 1520.0, 148.0, 404.0, 310.0, 402.0, 177.0, 817.0, 366.0, 119.0, 99.0, 267.0, 421.0
24, 2013-12-14, Home, LAL, L, L, -3, U, 198.5, 1, 1725.0, 1750.0, 644.0, 1543.0, 85.0, 287.0, 352.0, 486.0, 206.0, 825.0, 365.0, 114.0, 93.0, 234.0, 356.0, 646.0, 1514.0, 148.0, 397.0, 310.0, 404.0, 172.0, 828.0, 373.0, 114.0, 105.0, 265.0, 415.0
25, 2013-12-17, Home, SAC, W, W, -1.5, U, 197, 0, 1718.0, 1748.0, 647.0, 1559.0, 84.0, 285.0, 340.0, 464.0, 208.0, 834.0, 363.0, 119.0, 94.0, 239.0, 353.0, 641.0, 1512.0, 148.0, 401.0, 318.0, 412.0, 169.0, 830.0, 374.0, 116.0, 110.0, 268.0, 399.0
26, 2013-12-18, Away, TOR, W, W, 7, O, 190.5, 1, 1722.0, 1734.0, 651.0, 1561.0, 88.0, 286.0, 332.0, 458.0, 203.0, 835.0, 376.0, 124.0, 92.0, 240.0, 364.0, 629.0, 1502.0, 140.0, 390.0, 336.0, 431.0, 166.0, 835.0, 367.0, 119.0, 105.0, 271.0, 400.0
27, 2013-12-20, Away, DET, W, W, 6, O, 191.5, 0, 1732.0, 1733.0, 655.0, 1561.0, 91.0, 288.0, 331.0, 463.0, 200.0, 835.0, 372.0, 127.0, 93.0, 246.0, 364.0, 635.0, 1522.0, 136.0, 389.0, 327.0, 423.0, 176.0, 844.0, 363.0, 122.0, 106.0, 273.0, 406.0
28, 2013-12-21, Home, UTA, L, L, -4.5, U, 189, 1, 1759.0, 1756.0, 669.0, 1563.0, 91.0, 286.0, 330.0, 461.0, 198.0, 828.0, 375.0, 131.0, 98.0, 247.0, 361.0, 648.0, 1535.0, 141.0, 391.0, 319.0, 415.0, 184.0, 843.0, 366.0, 124.0, 114.0, 275.0, 397.0
29, 2013-12-23, Home, MIL, W, L, -6.5, O, 187, 0, 1758.0, 1764.0, 673.0, 1566.0, 85.0, 278.0, 327.0, 457.0, 200.0, 831.0, 368.0, 124.0, 99.0, 242.0, 365.0, 648.0, 1539.0, 147.0, 397.0, 321.0, 416.0, 186.0, 844.0, 366.0, 123.0, 111.0, 267.0, 398.0
30, 2013-12-27, Home, OKC, L, W, 7, U, 195.5, 0, 1788.0, 1777.0, 687.0, 1582.0, 87.0, 268.0, 327.0, 457.0, 199.0, 838.0, 378.0, 121.0, 103.0, 242.0, 362.0, 655.0, 1567.0, 151.0, 410.0, 316.0, 410.0, 192.0, 852.0, 377.0, 126.0, 111.0, 264.0, 399.0
31, 2013-12-28, Away, ATL, L, W, 6, O, 194, 1, 1792.0, 1780.0, 684.0, 1571.0, 89.0, 275.0, 335.0, 461.0, 196.0, 837.0, 373.0, 120.0, 100.0, 241.0, 357.0, 661.0, 1572.0, 153.0, 423.0, 305.0, 403.0, 193.0, 846.0, 379.0, 125.0, 108.0, 259.0, 399.0
32, 2013-12-30, Away, UTA, L, P, 3, U, 188.5, 0, 1813.0, 1807.0, 693.0, 1594.0, 94.0, 288.0, 333.0, 453.0, 191.0, 851.0, 382.0, 119.0, 100.0, 236.0, 364.0, 666.0, 1596.0, 160.0, 443.0, 315.0, 412.0, 193.0, 862.0, 387.0, 127.0, 109.0, 254.0, 388.0
33, 2014-01-01, Away, LAC, L, L, 10.5, O, 193, 0, 1802.0, 1792.0, 692.0, 1601.0, 98.0, 288.0, 320.0, 435.0, 192.0, 855.0, 378.0, 116.0, 99.0, 231.0, 348.0, 667.0, 1606.0, 158.0, 441.0, 300.0, 383.0, 194.0, 865.0, 383.0, 125.0, 113.0, 246.0, 380.0
34, 2014-01-02, Away, POR, L, L, 11.5, O, 200, 1, 1791.0, 1832.0, 683.0, 1600.0, 99.0, 295.0, 326.0, 430.0, 185.0, 841.0, 379.0, 114.0, 96.0, 233.0, 348.0, 684.0, 1606.0, 164.0, 457.0, 300.0, 384.0, 191.0, 873.0, 398.0, 127.0, 114.0, 244.0, 379.0
35, 2014-01-04, Away, SAC, W, W, 5, O, 199, 0, 1809.0, 1870.0, 684.0, 1605.0, 103.0, 302.0, 338.0, 446.0, 182.0, 834.0, 377.0, 122.0, 95.0, 226.0, 343.0, 703.0, 1619.0, 176.0, 470.0, 288.0, 370.0, 192.0, 886.0, 410.0, 127.0, 111.0, 248.0, 380.0
36, 2014-01-07, Home, WAS, L, L, 1.5, U, 190.5, 0, 1848.0, 1874.0, 703.0, 1605.0, 109.0, 308.0, 333.0, 441.0, 177.0, 829.0, 386.0, 124.0, 93.0, 222.0, 335.0, 713.0, 1627.0, 172.0, 462.0, 276.0, 357.0, 197.0, 881.0, 407.0, 127.0, 112.0, 247.0, 380.0
37, 2014-01-10, Away, MIN, L, L, 10, O, 206, 0, 1839.0, 1895.0, 699.0, 1598.0, 112.0, 309.0, 329.0, 434.0, 164.0, 813.0, 385.0, 122.0, 90.0, 218.0, 331.0, 725.0, 1628.0, 172.0, 462.0, 273.0, 352.0, 198.0, 889.0, 410.0, 124.0, 111.0, 245.0, 378.0
38, 2014-01-11, Away, CHI, L, L, 4, O, 177, 1, 1833.0, 1915.0, 701.0, 1606.0, 116.0, 313.0, 315.0, 420.0, 162.0, 807.0, 392.0, 124.0, 95.0, 214.0, 328.0, 737.0, 1647.0, 173.0, 463.0, 268.0, 346.0, 206.0, 909.0, 422.0, 122.0, 107.0, 245.0, 375.0
39, 2014-01-14, Home, NYK, W, W, -1, O, 187.5, 0, 1848.0, 1929.0, 708.0, 1607.0, 117.0, 307.0, 315.0, 415.0, 158.0, 791.0, 399.0, 124.0, 98.0, 213.0, 333.0, 742.0, 1646.0, 171.0, 456.0, 274.0, 355.0, 211.0, 910.0, 432.0, 125.0, 112.0, 246.0, 376.0
40, 2014-01-15, Away, PHI, L, L, 2, U, 207.5, 1, 1851.0, 1939.0, 704.0, 1591.0, 119.0, 300.0, 324.0, 423.0, 151.0, 780.0, 391.0, 119.0, 93.0, 209.0, 338.0, 744.0, 1635.0, 171.0, 446.0, 280.0, 360.0, 204.0, 892.0, 432.0, 125.0, 116.0, 240.0, 379.0
41, 2014-01-17, Away, ORL, W, W, -1.5, O, 188.5, 0, 1828.0, 1923.0, 696.0, 1585.0, 118.0, 308.0, 318.0, 420.0, 152.0, 776.0, 394.0, 123.0, 95.0, 215.0, 342.0, 742.0, 1622.0, 166.0, 424.0, 273.0, 358.0, 201.0, 889.0, 435.0, 128.0, 113.0, 249.0, 377.0
42, 2014-01-18, Home, MIA, L, L, 6.5, O, 192.5, 1, 1856.0, 1932.0, 704.0, 1575.0, 121.0, 306.0, 327.0, 437.0, 147.0, 771.0, 396.0, 123.0, 94.0, 217.0, 343.0, 742.0, 1614.0, 169.0, 430.0, 279.0, 370.0, 193.0, 875.0, 442.0, 127.0, 115.0, 249.0, 382.0
43, 2014-01-20, Home, TOR, W, W, 4, O, 185, 0, 1858.0, 1937.0, 701.0, 1567.0, 124.0, 311.0, 332.0, 443.0, 143.0, 767.0, 408.0, 124.0, 96.0, 219.0, 347.0, 745.0, 1617.0, 168.0, 430.0, 279.0, 374.0, 195.0, 874.0, 439.0, 126.0, 110.0, 249.0, 384.0
44, 2014-01-22, Home, LAC, W, W, 6, U, 198, 0, 1873.0, 1944.0, 694.0, 1543.0, 131.0, 314.0, 354.0, 468.0, 133.0, 761.0, 414.0, 120.0, 92.0, 219.0, 340.0, 754.0, 1635.0, 171.0, 439.0, 265.0, 361.0, 204.0, 885.0, 439.0, 130.0, 105.0, 246.0, 397.0
45, 2014-01-24, Away, NYK, L, L, 4.5, O, 190, 0, 1873.0, 1948.0, 698.0, 1549.0, 128.0, 312.0, 349.0, 464.0, 135.0, 760.0, 410.0, 117.0, 92.0, 214.0, 331.0, 763.0, 1645.0, 173.0, 450.0, 249.0, 342.0, 205.0, 886.0, 445.0, 127.0, 105.0, 244.0, 393.0
46, 2014-01-25, Home, CHI, L, L, 1.5, U, 182, 1, 1865.0, 1971.0, 698.0, 1544.0, 130.0, 321.0, 339.0, 444.0, 134.0, 751.0, 415.0, 111.0, 94.0, 205.0, 318.0, 772.0, 1639.0, 181.0, 451.0, 246.0, 333.0, 201.0, 878.0, 446.0, 124.0, 105.0, 233.0, 384.0
47, 2014-01-29, Away, DEN, W, W, 7.5, U, 205.5, 0, 1836.0, 1954.0, 691.0, 1548.0, 133.0, 330.0, 321.0, 426.0, 135.0, 753.0, 420.0, 102.0, 92.0, 208.0, 319.0, 761.0, 1626.0, 180.0, 451.0, 252.0, 338.0, 187.0, 875.0, 452.0, 128.0, 100.0, 229.0, 383.0
48, 2014-01-31, Away, LAL, W, W, 3, O, 205.5, 0, 1852.0, 1964.0, 688.0, 1543.0, 136.0, 332.0, 340.0, 452.0, 128.0, 756.0, 422.0, 106.0, 90.0, 213.0, 318.0, 768.0, 1643.0, 179.0, 458.0, 249.0, 333.0, 184.0, 874.0, 453.0, 125.0, 99.0, 233.0, 393.0
49, 2014-02-01, Away, PHO, L, L, 8.5, U, 204.5, 1, 1851.0, 1954.0, 691.0, 1532.0, 128.0, 326.0, 341.0, 454.0, 126.0, 762.0, 420.0, 111.0, 85.0, 214.0, 321.0, 762.0, 1639.0, 175.0, 456.0, 255.0, 343.0, 181.0, 864.0, 447.0, 122.0, 94.0, 229.0, 393.0
50, 2014-02-04, Away, GSW, W, W, 10.5, U, 200, 0, 1861.0, 1970.0, 694.0, 1531.0, 127.0, 326.0, 346.0, 463.0, 122.0, 753.0, 419.0, 113.0, 85.0, 214.0, 321.0, 768.0, 1639.0, 174.0, 452.0, 260.0, 342.0, 180.0, 867.0, 441.0, 125.0, 93.0, 231.0, 397.0
51, 2014-02-08, Home, SAS, L, W, 5, O, 192, 0, 1836.0, 1927.0, 686.0, 1505.0, 122.0, 313.0, 342.0, 460.0, 119.0, 746.0, 415.0, 116.0, 83.0, 219.0, 314.0, 760.0, 1641.0, 162.0, 433.0, 245.0, 324.0, 192.0, 865.0, 430.0, 124.0, 91.0, 235.0, 399.0
52, 2014-02-11, Home, DAL, W, W, 4, O, 201, 0, 1856.0, 1948.0, 694.0, 1510.0, 121.0, 315.0, 347.0, 467.0, 120.0, 748.0, 426.0, 120.0, 86.0, 219.0, 320.0, 762.0, 1638.0, 162.0, 433.0, 262.0, 343.0, 189.0, 862.0, 437.0, 125.0, 88.0, 235.0, 398.0
53, 2014-02-12, Away, BRK, L, L, 7.5, P, 194, 1, 1885.0, 1925.0, 710.0, 1516.0, 127.0, 318.0, 338.0, 460.0, 119.0, 748.0, 449.0, 116.0, 92.0, 211.0, 322.0, 752.0, 1635.0, 156.0, 413.0, 265.0, 345.0, 188.0, 851.0, 421.0, 121.0, 89.0, 230.0, 393.0
54, 2014-02-18, Away, DET, W, W, 4.5, O, 201.5, 0, 1870.0, 1896.0, 712.0, 1524.0, 130.0, 329.0, 316.0, 439.0, 124.0, 761.0, 451.0, 110.0, 94.0, 212.0, 327.0, 738.0, 1622.0, 148.0, 411.0, 272.0, 353.0, 181.0, 841.0, 410.0, 116.0, 91.0, 224.0, 386.0
55, 2014-02-19, Home, DET, W, W, -2.5, O, 200.5, 1, 1865.0, 1889.0, 706.0, 1516.0, 128.0, 331.0, 325.0, 453.0, 123.0, 766.0, 454.0, 109.0, 92.0, 208.0, 326.0, 735.0, 1628.0, 147.0, 410.0, 272.0, 357.0, 180.0, 841.0, 413.0, 114.0, 89.0, 217.0, 387.0
56, 2014-02-21, Home, NOP, W, P, -3, U, 192.5, 0, 1898.0, 1890.0, 717.0, 1526.0, 130.0, 335.0, 334.0, 460.0, 128.0, 777.0, 467.0, 111.0, 102.0, 210.0, 331.0, 733.0, 1633.0, 150.0, 411.0, 274.0, 362.0, 179.0, 826.0, 413.0, 115.0, 86.0, 219.0, 387.0
57, 2014-02-22, Home, MEM, W, W, 3, O, 180, 1, 1896.0, 1858.0, 711.0, 1522.0, 125.0, 331.0, 349.0, 482.0, 138.0, 791.0, 461.0, 106.0, 104.0, 211.0, 330.0, 720.0, 1628.0, 150.0, 415.0, 268.0, 354.0, 173.0, 810.0, 402.0, 111.0, 88.0, 215.0, 398.0
58, 2014-02-28, Away, SAS, L, L, 8.5, U, 200, 0, 1891.0, 1844.0, 704.0, 1525.0, 129.0, 340.0, 354.0, 489.0, 141.0, 799.0, 459.0, 105.0, 101.0, 213.0, 325.0, 716.0, 1626.0, 148.0, 416.0, 264.0, 350.0, 168.0, 806.0, 393.0, 111.0, 85.0, 220.0, 403.0
59, 2014-03-02, Away, OKC, L, L, 10.5, O, 204, 0, 1865.0, 1838.0, 699.0, 1540.0, 126.0, 343.0, 341.0, 471.0, 148.0, 803.0, 461.0, 113.0, 102.0, 219.0, 323.0, 711.0, 1618.0, 151.0, 419.0, 265.0, 347.0, 168.0, 818.0, 398.0, 111.0, 85.0, 230.0, 395.0
60, 2014-03-03, Away, MIA, L, L, 11.5, O, 197, 1, 1872.0, 1859.0, 694.0, 1520.0, 129.0, 345.0, 355.0, 485.0, 142.0, 790.0, 455.0, 110.0, 100.0, 221.0, 326.0, 713.0, 1623.0, 153.0, 426.0, 280.0, 357.0, 172.0, 812.0, 394.0, 115.0, 89.0, 221.0, 402.0
61, 2014-03-05, Home, IND, W, W, 4.5, O, 190, 0, 1868.0, 1882.0, 697.0, 1528.0, 131.0, 353.0, 343.0, 471.0, 151.0, 794.0, 457.0, 108.0, 94.0, 219.0, 327.0, 721.0, 1624.0, 159.0, 429.0, 281.0, 356.0, 176.0, 810.0, 387.0, 117.0, 86.0, 214.0, 398.0
62, 2014-03-07, Home, CLE, W, W, -4.5, U, 198.5, 0, 1881.0, 1865.0, 704.0, 1537.0, 133.0, 354.0, 340.0, 468.0, 156.0, 797.0, 447.0, 110.0, 93.0, 213.0, 324.0, 713.0, 1621.0, 162.0, 431.0, 277.0, 347.0, 179.0, 808.0, 389.0, 112.0, 83.0, 220.0, 397.0
63, 2014-03-08, Away, MEM, L, L, 9, O, 186.5, 1, 1882.0, 1862.0, 708.0, 1549.0, 133.0, 367.0, 333.0, 457.0, 162.0, 794.0, 445.0, 110.0, 98.0, 212.0, 332.0, 711.0, 1612.0, 155.0, 419.0, 285.0, 357.0, 177.0, 798.0, 386.0, 111.0, 81.0, 221.0, 392.0
64, 2014-03-10, Home, DEN, W, W, -5.5, U, 212, 0, 1876.0, 1882.0, 706.0, 1558.0, 133.0, 373.0, 331.0, 451.0, 168.0, 793.0, 441.0, 111.0, 99.0, 213.0, 334.0, 716.0, 1609.0, 156.0, 406.0, 294.0, 370.0, 178.0, 806.0, 385.0, 112.0, 82.0, 220.0, 389.0
65, 2014-03-12, Away, WAS, W, W, 5.5, U, 199, 0, 1885.0, 1855.0, 706.0, 1563.0, 131.0, 369.0, 342.0, 465.0, 168.0, 804.0, 439.0, 118.0, 102.0, 214.0, 344.0, 702.0, 1602.0, 147.0, 403.0, 304.0, 390.0, 172.0, 807.0, 378.0, 109.0, 83.0, 231.0, 393.0
66, 2014-03-14, Home, MIN, W, W, 2.5, U, 206, 0, 1896.0, 1851.0, 707.0, 1553.0, 130.0, 368.0, 352.0, 477.0, 166.0, 803.0, 428.0, 120.0, 97.0, 209.0, 337.0, 706.0, 1607.0, 145.0, 405.0, 294.0, 377.0, 176.0, 803.0, 370.0, 101.0, 82.0, 232.0, 399.0
67, 2014-03-16, Away, MIL, W, W, -6, U, 195, 0, 1900.0, 1846.0, 718.0, 1566.0, 133.0, 373.0, 331.0, 449.0, 173.0, 804.0, 438.0, 121.0, 96.0, 208.0, 340.0, 702.0, 1589.0, 142.0, 392.0, 300.0, 385.0, 172.0, 795.0, 373.0, 104.0, 82.0, 231.0, 386.0
68, 2014-03-17, Home, ATL, L, L, -3, U, 200.5, 1, 1891.0, 1838.0, 711.0, 1546.0, 140.0, 382.0, 329.0, 445.0, 172.0, 794.0, 436.0, 119.0, 102.0, 216.0, 336.0, 703.0, 1585.0, 143.0, 384.0, 289.0, 374.0, 178.0, 791.0, 374.0, 109.0, 81.0, 232.0, 380.0
69, 2014-03-19, Away, BRK, L, W, 6.5, O, 193, 0, 1879.0, 1830.0, 708.0, 1552.0, 141.0, 384.0, 322.0, 432.0, 177.0, 802.0, 439.0, 116.0, 104.0, 214.0, 333.0, 703.0, 1590.0, 149.0, 397.0, 275.0, 358.0, 179.0, 791.0, 388.0, 107.0, 86.0, 232.0, 378.0
70, 2014-03-22, Home, POR, W, W, -1, O, 203.5, 0, 1887.0, 1859.0, 711.0, 1559.0, 145.0, 398.0, 320.0, 425.0, 183.0, 805.0, 444.0, 109.0, 107.0, 214.0, 339.0, 711.0, 1572.0, 154.0, 397.0, 283.0, 377.0, 169.0, 780.0, 389.0, 107.0, 84.0, 223.0, 377.0
71, 2014-03-24, Home, HOU, L, L, 5, U, 205.5, 0, 1911.0, 1849.0, 721.0, 1564.0, 147.0, 401.0, 322.0, 422.0, 182.0, 808.0, 448.0, 106.0, 109.0, 208.0, 340.0, 709.0, 1579.0, 155.0, 403.0, 276.0, 371.0, 170.0, 773.0, 382.0, 104.0, 81.0, 219.0, 379.0
72, 2014-03-26, Home, BRK, W, W, -2, O, 190.5, 0, 1886.0, 1860.0, 708.0, 1568.0, 139.0, 398.0, 331.0, 432.0, 189.0, 808.0, 418.0, 110.0, 106.0, 209.0, 343.0, 711.0, 1579.0, 162.0, 416.0, 276.0, 377.0, 174.0, 782.0, 384.0, 104.0, 84.0, 223.0, 388.0
73, 2014-03-28, Away, ORL, L, L, -4.5, O, 192, 0, 1913.0, 1866.0, 718.0, 1573.0, 137.0, 392.0, 340.0, 440.0, 193.0, 814.0, 428.0, 109.0, 103.0, 207.0, 344.0, 711.0, 1582.0, 166.0, 422.0, 278.0, 378.0, 172.0, 772.0, 390.0, 106.0, 84.0, 223.0, 395.0
74, 2014-03-31, Home, WAS, W, W, -3, U, 195, 0, 1910.0, 1880.0, 722.0, 1595.0, 138.0, 397.0, 328.0, 417.0, 197.0, 807.0, 427.0, 112.0, 108.0, 210.0, 348.0, 711.0, 1571.0, 167.0, 424.0, 291.0, 390.0, 175.0, 777.0, 387.0, 106.0, 87.0, 233.0, 385.0
75, 2014-04-02, Away, PHI, W, W, -8.5, O, 205.5, 0, 1894.0, 1876.0, 714.0, 1591.0, 133.0, 398.0, 333.0, 420.0, 204.0, 806.0, 412.0, 113.0, 102.0, 205.0, 345.0, 711.0, 1560.0, 168.0, 423.0, 286.0, 383.0, 177.0, 783.0, 393.0, 104.0, 85.0, 238.0, 386.0
76, 2014-04-04, Home, ORL, W, W, -9.5, U, 194, 0, 1927.0, 1882.0, 725.0, 1590.0, 142.0, 405.0, 335.0, 419.0, 199.0, 806.0, 427.0, 109.0, 97.0, 203.0, 346.0, 711.0, 1560.0, 163.0, 418.0, 297.0, 398.0, 178.0, 777.0, 394.0, 107.0, 80.0, 239.0, 383.0
77, 2014-04-05, Away, CLE, W, W, 3.5, U, 196.5, 1, 1926.0, 1873.0, 728.0, 1586.0, 140.0, 401.0, 330.0, 415.0, 199.0, 810.0, 431.0, 110.0, 100.0, 206.0, 343.0, 708.0, 1568.0, 162.0, 414.0, 295.0, 394.0, 185.0, 778.0, 392.0, 109.0, 85.0, 237.0, 384.0
78, 2014-04-09, Away, WAS, W, W, 5.5, U, 191, 0, 1940.0, 1875.0, 729.0, 1587.0, 146.0, 410.0, 336.0, 427.0, 199.0, 827.0, 431.0, 105.0, 102.0, 207.0, 344.0, 709.0, 1591.0, 160.0, 416.0, 297.0, 400.0, 191.0, 785.0, 388.0, 110.0, 80.0, 229.0, 387.0
79, 2014-04-11, Away, BOS, L, L, -4, O, 192.5, 0, 1935.0, 1847.0, 734.0, 1611.0, 149.0, 413.0, 318.0, 402.0, 206.0, 846.0, 435.0, 105.0, 99.0, 204.0, 338.0, 705.0, 1591.0, 153.0, 409.0, 284.0, 390.0, 187.0, 786.0, 392.0, 107.0, 82.0, 226.0, 373.0
80, 2014-04-12, Home, PHI, W, L, -12, O, 206, 1, 1931.0, 1829.0, 736.0, 1616.0, 147.0, 408.0, 312.0, 393.0, 200.0, 840.0, 441.0, 113.0, 103.0, 206.0, 342.0, 700.0, 1587.0, 148.0, 404.0, 281.0, 383.0, 184.0, 787.0, 396.0, 107.0, 82.0, 239.0, 371.0
81, 2014-04-14, Away, ATL, W, L, -5, U, 195.5, 0, 1933.0, 1847.0, 732.0, 1604.0, 145.0, 409.0, 324.0, 414.0, 200.0, 844.0, 443.0, 108.0, 107.0, 213.0, 344.0, 710.0, 1604.0, 143.0, 406.0, 284.0, 389.0, 184.0, 786.0, 396.0, 115.0, 81.0, 230.0, 379.0
82, 2014-04-16, Home, CHI, W, W, -2, U, 180, 0, 1927.0, 1848.0, 731.0, 1607.0, 142.0, 405.0, 323.0, 423.0, 204.0, 855.0, 444.0, 105.0, 99.0, 210.0, 347.0, 707.0, 1597.0, 148.0, 419.0, 286.0, 392.0, 174.0, 784.0, 407.0, 114.0, 83.0, 223.0, 381.0
