21, 2014-12-09, Away, DET, W, W, -7.5, U, 197.5, 0, 2068.0, 1920.0, 773.0, 1712.0, 189.0, 517.0, 333.0, 425.0, 235.0, 946.0, 475.0, 126.0, 107.0, 265.0, 387.0, 742.0, 1710.0, 100.0, 338.0, 336.0, 434.0, 209.0, 857.0, 386.0, 156.0, 76.0, 233.0, 403.0
22, 2014-12-10, Away, MIN, L, L, -10, U, 206.5, 1, 2060.0, 1917.0, 775.0, 1709.0, 187.0, 509.0, 323.0, 411.0, 232.0, 951.0, 477.0, 126.0, 105.0, 268.0, 380.0, 743.0, 1726.0, 103.0, 344.0, 328.0, 424.0, 212.0, 861.0, 390.0, 154.0, 73.0, 226.0, 383.0
23, 2014-12-12, Away, CHI, L, L, 2.5, O, 197, 0, 2048.0, 1904.0, 772.0, 1706.0, 188.0, 518.0, 316.0, 404.0, 233.0, 951.0, 477.0, 128.0, 107.0, 278.0, 379.0, 741.0, 1726.0, 100.0, 346.0, 322.0, 422.0, 218.0, 868.0, 398.0, 161.0, 74.0, 234.0, 378.0
24, 2014-12-13, Away, IND, W, W, -5, U, 192.5, 1, 2064.0, 1924.0, 778.0, 1702.0, 193.0, 515.0, 315.0, 401.0, 227.0, 932.0, 477.0, 122.0, 110.0, 269.0, 377.0, 749.0, 1733.0, 99.0, 342.0, 327.0, 429.0, 225.0, 874.0, 394.0, 155.0, 70.0, 224.0, 373.0
25, 2014-12-15, Home, SAS, W, W, -8.5, O, 194.5, 0, 2058.0, 1927.0, 781.0, 1717.0, 190.0, 507.0, 306.0, 388.0, 229.0, 930.0, 477.0, 124.0, 111.0, 270.0, 378.0, 752.0, 1736.0, 94.0, 336.0, 329.0, 431.0, 224.0, 882.0, 392.0, 158.0, 69.0, 223.0, 372.0
26, 2014-12-17, Home, MIL, W, L, -10, U, 202, 0, 2058.0, 1935.0, 782.0, 1729.0, 185.0, 495.0, 309.0, 391.0, 228.0, 923.0, 470.0, 129.0, 107.0, 264.0, 376.0, 757.0, 1724.0, 93.0, 324.0, 328.0, 437.0, 225.0, 890.0, 397.0, 157.0, 69.0, 231.0, 376.0
27, 2014-12-19, Away, SAS, W, W, 4.5, O, 197, 0, 2060.0, 1926.0, 787.0, 1736.0, 182.0, 493.0, 304.0, 395.0, 235.0, 932.0, 470.0, 131.0, 107.0, 262.0, 369.0, 754.0, 1720.0, 95.0, 331.0, 323.0, 429.0, 222.0, 885.0, 396.0, 157.0, 65.0, 237.0, 382.0
28, 2014-12-20, Away, NOP, W, W, 5.5, U, 205.5, 1, 2073.0, 1945.0, 789.0, 1746.0, 179.0, 497.0, 316.0, 404.0, 234.0, 939.0, 461.0, 136.0, 101.0, 266.0, 372.0, 763.0, 1738.0, 98.0, 338.0, 321.0, 425.0, 221.0, 890.0, 406.0, 160.0, 62.0, 238.0, 382.0
29, 2014-12-22, Away, HOU, L, L, 5, O, 198, 0, 2085.0, 1933.0, 797.0, 1743.0, 180.0, 497.0, 311.0, 403.0, 229.0, 936.0, 461.0, 141.0, 100.0, 267.0, 376.0, 758.0, 1748.0, 94.0, 337.0, 323.0, 426.0, 235.0, 900.0, 405.0, 162.0, 65.0, 241.0, 377.0
30, 2014-12-23, Away, OKC, W, W, 4.5, O, 201, 1, 2050.0, 1930.0, 786.0, 1731.0, 174.0, 491.0, 304.0, 392.0, 222.0, 925.0, 450.0, 143.0, 96.0, 275.0, 378.0, 760.0, 1745.0, 99.0, 350.0, 311.0, 413.0, 227.0, 895.0, 406.0, 166.0, 66.0, 245.0, 375.0
31, 2014-12-26, Home, PHI, W, W, -12.5, O, 198, 0, 2068.0, 1954.0, 791.0, 1744.0, 180.0, 496.0, 306.0, 389.0, 218.0, 924.0, 446.0, 143.0, 95.0, 275.0, 382.0, 771.0, 1757.0, 104.0, 350.0, 308.0, 411.0, 228.0, 905.0, 411.0, 167.0, 69.0, 247.0, 379.0
32, 2014-12-28, Home, NYK, W, W, -11.5, U, 203.5, 0, 2080.0, 1954.0, 795.0, 1756.0, 191.0, 520.0, 299.0, 380.0, 217.0, 929.0, 451.0, 146.0, 102.0, 276.0, 383.0, 769.0, 1753.0, 102.0, 345.0, 314.0, 425.0, 224.0, 906.0, 411.0, 169.0, 72.0, 254.0, 370.0
33, 2014-12-30, Home, TOR, W, W, -3.5, U, 209.5, 0, 2076.0, 1946.0, 794.0, 1758.0, 198.0, 540.0, 290.0, 370.0, 218.0, 931.0, 450.0, 146.0, 104.0, 270.0, 379.0, 770.0, 1763.0, 101.0, 350.0, 305.0, 412.0, 228.0, 907.0, 416.0, 166.0, 71.0, 251.0, 365.0
34, 2015-01-03, Home, ATL, L, L, -6, O, 206, 0, 2084.0, 1955.0, 795.0, 1767.0, 203.0, 557.0, 291.0, 373.0, 223.0, 927.0, 451.0, 144.0, 109.0, 268.0, 383.0, 773.0, 1767.0, 100.0, 349.0, 309.0, 415.0, 229.0, 910.0, 413.0, 164.0, 72.0, 253.0, 371.0
35, 2015-01-05, Home, LAL, W, L, -12.5, U, 209, 0, 2077.0, 1966.0, 793.0, 1771.0, 209.0, 563.0, 282.0, 362.0, 216.0, 919.0, 445.0, 144.0, 111.0, 271.0, 387.0, 774.0, 1767.0, 106.0, 358.0, 312.0, 422.0, 232.0, 927.0, 402.0, 162.0, 71.0, 257.0, 366.0
36, 2015-01-08, Home, MIA, W, W, -8.5, U, 196, 0, 2070.0, 1963.0, 787.0, 1762.0, 208.0, 562.0, 288.0, 366.0, 216.0, 914.0, 442.0, 147.0, 108.0, 272.0, 381.0, 770.0, 1761.0, 105.0, 357.0, 318.0, 427.0, 233.0, 929.0, 393.0, 164.0, 66.0, 261.0, 366.0
37, 2015-01-10, Home, ORL, W, L, -14, P, 195, 0, 2070.0, 1934.0, 788.0, 1760.0, 208.0, 561.0, 286.0, 363.0, 216.0, 919.0, 439.0, 146.0, 108.0, 272.0, 384.0, 754.0, 1754.0, 102.0, 358.0, 324.0, 431.0, 235.0, 925.0, 380.0, 163.0, 69.0, 261.0, 365.0
38, 2015-01-11, Away, LAL, W, W, -5.5, U, 205, 1, 2066.0, 1933.0, 785.0, 1750.0, 206.0, 554.0, 290.0, 364.0, 207.0, 908.0, 434.0, 144.0, 107.0, 274.0, 384.0, 752.0, 1756.0, 103.0, 370.0, 326.0, 431.0, 241.0, 931.0, 378.0, 161.0, 65.0, 263.0, 364.0
39, 2015-01-14, Home, LAC, L, L, -3.5, U, 209, 0, 2067.0, 1924.0, 783.0, 1750.0, 214.0, 563.0, 287.0, 364.0, 209.0, 914.0, 436.0, 142.0, 102.0, 273.0, 383.0, 747.0, 1756.0, 103.0, 372.0, 327.0, 431.0, 241.0, 935.0, 386.0, 155.0, 67.0, 262.0, 367.0
40, 2015-01-16, Away, SAS, L, L, 4.5, O, 198, 0, 2073.0, 1942.0, 785.0, 1754.0, 216.0, 568.0, 287.0, 361.0, 215.0, 914.0, 438.0, 138.0, 98.0, 273.0, 385.0, 748.0, 1753.0, 106.0, 377.0, 340.0, 442.0, 237.0, 928.0, 387.0, 159.0, 64.0, 252.0, 370.0
41, 2015-01-17, Away, MEM, L, L, 2.5, O, 197.5, 1, 2066.0, 1953.0, 786.0, 1743.0, 212.0, 559.0, 282.0, 352.0, 201.0, 902.0, 437.0, 136.0, 102.0, 280.0, 383.0, 749.0, 1768.0, 112.0, 387.0, 343.0, 445.0, 248.0, 940.0, 401.0, 165.0, 64.0, 251.0, 365.0
42, 2015-01-19, Home, SAC, W, L, -9.5, U, 205.5, 0, 2066.0, 1969.0, 781.0, 1752.0, 216.0, 574.0, 288.0, 359.0, 206.0, 895.0, 432.0, 139.0, 100.0, 274.0, 393.0, 754.0, 1748.0, 115.0, 380.0, 346.0, 453.0, 242.0, 943.0, 399.0, 162.0, 66.0, 259.0, 375.0
43, 2015-01-21, Away, PHO, L, W, 7.5, O, 211.5, 0, 2082.0, 1973.0, 785.0, 1760.0, 217.0, 575.0, 295.0, 373.0, 204.0, 892.0, 433.0, 148.0, 93.0, 267.0, 389.0, 756.0, 1743.0, 118.0, 380.0, 343.0, 450.0, 233.0, 940.0, 390.0, 157.0, 68.0, 262.0, 378.0
44, 2015-01-22, Home, BOS, L, L, -7, U, 203.5, 1, 2089.0, 1976.0, 781.0, 1759.0, 218.0, 583.0, 309.0, 390.0, 203.0, 899.0, 434.0, 153.0, 92.0, 271.0, 390.0, 759.0, 1747.0, 122.0, 392.0, 336.0, 446.0, 230.0, 943.0, 396.0, 163.0, 66.0, 268.0, 388.0
45, 2015-01-24, Home, WAS, W, W, 3.5, O, 195, 0, 2083.0, 1981.0, 774.0, 1758.0, 222.0, 594.0, 313.0, 397.0, 205.0, 898.0, 429.0, 152.0, 93.0, 269.0, 382.0, 764.0, 1746.0, 125.0, 396.0, 328.0, 437.0, 228.0, 941.0, 403.0, 163.0, 69.0, 271.0, 389.0
46, 2015-01-28, Away, CLE, L, L, 2.5, U, 203, 0, 2078.0, 1982.0, 768.0, 1756.0, 228.0, 607.0, 314.0, 395.0, 202.0, 896.0, 433.0, 152.0, 92.0, 270.0, 377.0, 766.0, 1750.0, 126.0, 400.0, 324.0, 429.0, 221.0, 940.0, 408.0, 166.0, 68.0, 268.0, 387.0
47, 2015-01-30, Away, ATL, L, L, 5, O, 203.5, 0, 2068.0, 1984.0, 762.0, 1749.0, 231.0, 615.0, 313.0, 383.0, 197.0, 883.0, 426.0, 153.0, 94.0, 264.0, 378.0, 763.0, 1758.0, 134.0, 418.0, 324.0, 425.0, 230.0, 954.0, 408.0, 161.0, 69.0, 263.0, 377.0
48, 2015-01-31, Away, MIL, L, L, -2, U, 197.5, 1, 2038.0, 1970.0, 754.0, 1726.0, 229.0, 610.0, 301.0, 371.0, 191.0, 871.0, 433.0, 148.0, 92.0, 267.0, 374.0, 758.0, 1733.0, 137.0, 421.0, 317.0, 421.0, 220.0, 936.0, 410.0, 165.0, 69.0, 260.0, 372.0
49, 2015-02-03, Home, UTA, W, L, -8.5, O, 194, 0, 2012.0, 1977.0, 739.0, 1725.0, 229.0, 616.0, 305.0, 374.0, 192.0, 870.0, 427.0, 148.0, 92.0, 270.0, 364.0, 765.0, 1730.0, 142.0, 427.0, 305.0, 407.0, 209.0, 938.0, 417.0, 170.0, 71.0, 261.0, 380.0
50, 2015-02-05, Home, PHO, W, W, -5, U, 211.5, 0, 2020.0, 1969.0, 741.0, 1725.0, 226.0, 612.0, 312.0, 390.0, 199.0, 880.0, 426.0, 147.0, 93.0, 262.0, 361.0, 763.0, 1728.0, 135.0, 404.0, 308.0, 413.0, 216.0, 937.0, 413.0, 164.0, 72.0, 255.0, 381.0
51, 2015-02-07, Away, DAL, L, L, 2.5, O, 207, 0, 2013.0, 1945.0, 743.0, 1724.0, 217.0, 612.0, 310.0, 389.0, 203.0, 891.0, 425.0, 148.0, 98.0, 262.0, 355.0, 751.0, 1715.0, 135.0, 408.0, 308.0, 415.0, 214.0, 926.0, 413.0, 167.0, 69.0, 260.0, 374.0
52, 2015-02-08, Away, HOU, W, W, 4.5, O, 206.5, 1, 2000.0, 1963.0, 738.0, 1725.0, 209.0, 601.0, 315.0, 399.0, 211.0, 901.0, 424.0, 149.0, 94.0, 265.0, 354.0, 758.0, 1739.0, 146.0, 430.0, 301.0, 398.0, 225.0, 939.0, 418.0, 165.0, 69.0, 257.0, 380.0
53, 2015-02-11, Home, LAL, W, W, -13.5, U, 196, 0, 2008.0, 1982.0, 740.0, 1720.0, 202.0, 594.0, 326.0, 410.0, 208.0, 892.0, 419.0, 149.0, 92.0, 265.0, 358.0, 758.0, 1728.0, 152.0, 438.0, 314.0, 417.0, 225.0, 930.0, 423.0, 166.0, 69.0, 257.0, 391.0
54, 2015-02-20, Away, UTA, L, L, -4.5, U, 191, 0, 2008.0, 1971.0, 737.0, 1711.0, 200.0, 588.0, 334.0, 415.0, 208.0, 893.0, 425.0, 149.0, 89.0, 261.0, 352.0, 752.0, 1722.0, 155.0, 432.0, 312.0, 413.0, 226.0, 929.0, 426.0, 160.0, 72.0, 257.0, 393.0
55, 2015-02-22, Home, MEM, L, L, -1.5, U, 193, 0, 1977.0, 1948.0, 721.0, 1690.0, 191.0, 577.0, 344.0, 425.0, 200.0, 886.0, 413.0, 148.0, 87.0, 256.0, 342.0, 746.0, 1721.0, 159.0, 440.0, 297.0, 399.0, 229.0, 931.0, 427.0, 162.0, 74.0, 251.0, 399.0
56, 2015-02-25, Home, SAS, W, W, -2.5, O, 195, 0, 1971.0, 1952.0, 721.0, 1689.0, 193.0, 584.0, 336.0, 417.0, 198.0, 887.0, 419.0, 145.0, 87.0, 262.0, 345.0, 751.0, 1722.0, 158.0, 435.0, 292.0, 392.0, 226.0, 926.0, 427.0, 170.0, 78.0, 247.0, 394.0
57, 2015-02-27, Home, OKC, W, L, -6, O, 206.5, 0, 1983.0, 1964.0, 724.0, 1679.0, 198.0, 583.0, 337.0, 417.0, 195.0, 882.0, 425.0, 149.0, 85.0, 268.0, 340.0, 759.0, 1730.0, 163.0, 442.0, 283.0, 376.0, 226.0, 921.0, 432.0, 172.0, 76.0, 251.0, 397.0
58, 2015-03-01, Away, SAC, W, W, -8, O, 206, 0, 1995.0, 1984.0, 727.0, 1692.0, 198.0, 583.0, 343.0, 422.0, 201.0, 882.0, 423.0, 150.0, 81.0, 257.0, 337.0, 767.0, 1732.0, 164.0, 435.0, 286.0, 378.0, 222.0, 919.0, 434.0, 167.0, 80.0, 246.0, 398.0
59, 2015-03-04, Away, LAC, W, W, 1, U, 205, 0, 1999.0, 1989.0, 727.0, 1689.0, 195.0, 576.0, 350.0, 425.0, 206.0, 882.0, 414.0, 150.0, 84.0, 263.0, 339.0, 770.0, 1737.0, 160.0, 425.0, 289.0, 382.0, 222.0, 907.0, 429.0, 173.0, 78.0, 245.0, 394.0
60, 2015-03-05, Home, DAL, W, W, -3, U, 198, 1, 2003.0, 1982.0, 726.0, 1689.0, 197.0, 582.0, 354.0, 434.0, 205.0, 895.0, 411.0, 148.0, 87.0, 266.0, 342.0, 770.0, 1745.0, 163.0, 433.0, 279.0, 381.0, 224.0, 914.0, 434.0, 170.0, 80.0, 247.0, 398.0
61, 2015-03-07, Away, MIN, L, L, -5, O, 198, 0, 2001.0, 1947.0, 723.0, 1697.0, 198.0, 585.0, 357.0, 435.0, 211.0, 919.0, 411.0, 149.0, 86.0, 266.0, 342.0, 761.0, 1739.0, 154.0, 420.0, 271.0, 372.0, 215.0, 906.0, 417.0, 168.0, 79.0, 248.0, 396.0
62, 2015-03-11, Home, HOU, W, W, -2.5, U, 206, 0, 2016.0, 1966.0, 730.0, 1692.0, 199.0, 576.0, 357.0, 437.0, 205.0, 915.0, 409.0, 145.0, 84.0, 269.0, 343.0, 768.0, 1747.0, 150.0, 412.0, 280.0, 379.0, 214.0, 901.0, 422.0, 171.0, 78.0, 240.0, 393.0
63, 2015-03-13, Home, DET, W, W, -8, O, 195.5, 0, 2023.0, 1972.0, 737.0, 1696.0, 198.0, 573.0, 351.0, 425.0, 212.0, 940.0, 413.0, 134.0, 83.0, 275.0, 340.0, 772.0, 1762.0, 157.0, 431.0, 271.0, 372.0, 215.0, 888.0, 430.0, 175.0, 78.0, 230.0, 387.0
64, 2015-03-15, Away, TOR, W, W, 1.5, O, 204.5, 0, 2028.0, 1953.0, 744.0, 1689.0, 196.0, 562.0, 344.0, 414.0, 209.0, 939.0, 420.0, 128.0, 81.0, 271.0, 334.0, 766.0, 1761.0, 155.0, 429.0, 266.0, 360.0, 215.0, 874.0, 429.0, 169.0, 79.0, 223.0, 380.0
65, 2015-03-16, Away, WAS, L, L, 1, O, 198, 1, 2052.0, 1960.0, 756.0, 1686.0, 200.0, 563.0, 340.0, 411.0, 203.0, 931.0, 431.0, 126.0, 80.0, 271.0, 336.0, 764.0, 1752.0, 153.0, 428.0, 279.0, 376.0, 214.0, 869.0, 426.0, 166.0, 77.0, 222.0, 383.0
66, 2015-03-18, Away, MIA, L, L, -2.5, O, 202, 0, 2046.0, 1969.0, 757.0, 1688.0, 195.0, 560.0, 337.0, 411.0, 209.0, 935.0, 428.0, 120.0, 82.0, 269.0, 341.0, 765.0, 1752.0, 155.0, 425.0, 284.0, 388.0, 218.0, 871.0, 427.0, 163.0, 78.0, 216.0, 381.0
67, 2015-03-20, Away, ORL, L, L, -8.5, O, 200, 0, 2056.0, 1978.0, 763.0, 1689.0, 195.0, 555.0, 335.0, 415.0, 211.0, 941.0, 432.0, 118.0, 79.0, 276.0, 336.0, 777.0, 1754.0, 147.0, 398.0, 277.0, 384.0, 212.0, 860.0, 432.0, 167.0, 84.0, 216.0, 384.0
68, 2015-03-21, Away, MEM, L, L, 3, U, 192.5, 1, 2061.0, 1984.0, 762.0, 1682.0, 191.0, 549.0, 346.0, 428.0, 213.0, 939.0, 420.0, 115.0, 78.0, 272.0, 335.0, 780.0, 1764.0, 141.0, 387.0, 283.0, 386.0, 223.0, 868.0, 428.0, 164.0, 81.0, 210.0, 389.0
69, 2015-03-24, Home, GSW, L, L, 7, O, 204.5, 0, 2059.0, 1986.0, 762.0, 1669.0, 188.0, 540.0, 347.0, 425.0, 207.0, 939.0, 416.0, 110.0, 78.0, 273.0, 337.0, 780.0, 1771.0, 144.0, 384.0, 282.0, 388.0, 225.0, 863.0, 427.0, 162.0, 74.0, 203.0, 386.0
70, 2015-03-25, Away, UTA, W, W, 2, O, 180.5, 1, 2064.0, 2006.0, 765.0, 1685.0, 196.0, 551.0, 338.0, 410.0, 207.0, 929.0, 421.0, 111.0, 74.0, 269.0, 331.0, 791.0, 1769.0, 150.0, 397.0, 274.0, 373.0, 217.0, 868.0, 446.0, 158.0, 75.0, 206.0, 381.0
71, 2015-03-27, Away, PHO, W, W, -1, U, 201, 0, 2048.0, 2008.0, 759.0, 1676.0, 195.0, 547.0, 335.0, 407.0, 205.0, 917.0, 419.0, 108.0, 72.0, 269.0, 335.0, 792.0, 1761.0, 148.0, 390.0, 276.0, 379.0, 217.0, 869.0, 438.0, 158.0, 75.0, 199.0, 380.0
72, 2015-03-28, Home, DEN, W, L, -9, O, 206.5, 1, 2034.0, 1978.0, 758.0, 1676.0, 192.0, 541.0, 326.0, 401.0, 203.0, 913.0, 410.0, 101.0, 72.0, 260.0, 332.0, 781.0, 1743.0, 140.0, 374.0, 276.0, 375.0, 208.0, 862.0, 431.0, 152.0, 69.0, 197.0, 379.0
73, 2015-03-30, Home, PHO, W, W, -8.5, U, 199, 0, 2045.0, 1994.0, 766.0, 1685.0, 191.0, 530.0, 322.0, 396.0, 207.0, 919.0, 419.0, 101.0, 72.0, 265.0, 331.0, 793.0, 1753.0, 136.0, 363.0, 272.0, 363.0, 204.0, 861.0, 431.0, 157.0, 69.0, 197.0, 375.0
74, 2015-04-01, Home, LAC, L, L, -3, O, 209, 0, 2052.0, 1994.0, 775.0, 1685.0, 193.0, 527.0, 309.0, 383.0, 201.0, 914.0, 418.0, 102.0, 72.0, 269.0, 330.0, 797.0, 1747.0, 132.0, 363.0, 268.0, 362.0, 198.0, 851.0, 432.0, 159.0, 66.0, 199.0, 363.0
75, 2015-04-03, Away, LAL, W, W, -10.5, U, 203.5, 0, 2098.0, 2028.0, 794.0, 1702.0, 202.0, 530.0, 308.0, 386.0, 211.0, 920.0, 431.0, 101.0, 70.0, 264.0, 336.0, 806.0, 1750.0, 137.0, 366.0, 279.0, 369.0, 192.0, 843.0, 444.0, 154.0, 62.0, 197.0, 363.0
76, 2015-04-04, Home, NOP, W, W, -5.5, U, 193, 1, 2113.0, 2007.0, 804.0, 1708.0, 199.0, 523.0, 306.0, 381.0, 209.0, 927.0, 428.0, 104.0, 72.0, 257.0, 335.0, 795.0, 1743.0, 139.0, 371.0, 278.0, 373.0, 190.0, 842.0, 437.0, 145.0, 64.0, 202.0, 358.0
77, 2015-04-06, Away, BRK, L, L, 6, U, 203.5, 0, 2101.0, 2002.0, 797.0, 1707.0, 192.0, 513.0, 315.0, 389.0, 215.0, 933.0, 420.0, 99.0, 71.0, 254.0, 328.0, 797.0, 1743.0, 138.0, 366.0, 270.0, 369.0, 189.0, 840.0, 435.0, 145.0, 64.0, 198.0, 360.0
78, 2015-04-08, Home, MIN, W, W, -16.5, U, 207.5, 0, 2082.0, 1996.0, 797.0, 1705.0, 193.0, 513.0, 295.0, 367.0, 214.0, 940.0, 417.0, 96.0, 70.0, 257.0, 335.0, 793.0, 1740.0, 140.0, 366.0, 270.0, 370.0, 188.0, 839.0, 436.0, 146.0, 65.0, 193.0, 348.0
79, 2015-04-09, Away, GSW, L, L, 10.5, O, 210.5, 1, 2088.0, 1988.0, 798.0, 1707.0, 195.0, 522.0, 297.0, 370.0, 215.0, 950.0, 423.0, 99.0, 69.0, 255.0, 338.0, 786.0, 1739.0, 140.0, 365.0, 276.0, 376.0, 191.0, 841.0, 428.0, 150.0, 65.0, 192.0, 347.0
80, 2015-04-11, Home, UTA, L, L, -10, O, 183, 0, 2095.0, 2011.0, 810.0, 1718.0, 194.0, 514.0, 281.0, 349.0, 216.0, 930.0, 432.0, 102.0, 70.0, 249.0, 329.0, 797.0, 1733.0, 141.0, 360.0, 276.0, 367.0, 191.0, 834.0, 430.0, 150.0, 66.0, 196.0, 333.0
81, 2015-04-13, Away, OKC, L, L, 8, U, 217, 0, 2106.0, 2047.0, 817.0, 1723.0, 193.0, 522.0, 279.0, 350.0, 217.0, 913.0, 434.0, 106.0, 69.0, 245.0, 339.0, 800.0, 1724.0, 145.0, 361.0, 302.0, 401.0, 200.0, 841.0, 433.0, 149.0, 67.0, 199.0, 334.0
82, 2015-04-15, Away, DAL, L, L, 6.5, O, 208, 0, 2083.0, 2027.0, 812.0, 1718.0, 187.0, 518.0, 272.0, 342.0, 211.0, 912.0, 438.0, 104.0, 70.0, 247.0, 337.0, 793.0, 1735.0, 145.0, 375.0, 296.0, 397.0, 208.0, 854.0, 421.0, 150.0, 70.0, 201.0, 338.0
