14, 2014-11-24, Away, PHI, W, L, -13, O, 198.5, 1, 1347.0, 1230.0, 500.0, 1094.0, 131.0, 331.0, 216.0, 270.0, 152.0, 616.0, 308.0, 78.0, 68.0, 184.0, 263.0, 457.0, 1107.0, 70.0, 236.0, 246.0, 308.0, 151.0, 563.0, 217.0, 104.0, 46.0, 150.0, 265.0
15, 2014-11-26, Away, CHO, W, W, -5.5, O, 192, 0, 1355.0, 1245.0, 505.0, 1096.0, 127.0, 329.0, 218.0, 271.0, 157.0, 626.0, 315.0, 80.0, 64.0, 189.0, 263.0, 466.0, 1110.0, 68.0, 228.0, 245.0, 306.0, 144.0, 549.0, 226.0, 106.0, 47.0, 147.0, 257.0
16, 2014-11-28, Home, MEM, L, L, -3.5, O, 194, 0, 1366.0, 1239.0, 510.0, 1105.0, 130.0, 330.0, 216.0, 272.0, 157.0, 638.0, 316.0, 79.0, 63.0, 187.0, 255.0, 473.0, 1123.0, 69.0, 233.0, 224.0, 286.0, 140.0, 547.0, 241.0, 103.0, 50.0, 143.0, 253.0
17, 2014-11-30, Home, MIN, W, P, -14, U, 212.5, 0, 1375.0, 1256.0, 512.0, 1110.0, 131.0, 331.0, 220.0, 276.0, 155.0, 627.0, 318.0, 76.0, 67.0, 175.0, 254.0, 482.0, 1126.0, 69.0, 227.0, 223.0, 291.0, 141.0, 552.0, 247.0, 99.0, 47.0, 135.0, 251.0
18, 2014-12-02, Away, DEN, W, L, -3, U, 211.5, 0, 1381.0, 1267.0, 514.0, 1121.0, 135.0, 339.0, 218.0, 276.0, 161.0, 633.0, 324.0, 77.0, 72.0, 182.0, 251.0, 490.0, 1131.0, 62.0, 215.0, 225.0, 297.0, 139.0, 554.0, 253.0, 106.0, 48.0, 135.0, 255.0
19, 2014-12-04, Home, IND, W, L, -8.5, U, 193.5, 0, 1378.0, 1283.0, 517.0, 1130.0, 128.0, 331.0, 216.0, 274.0, 153.0, 617.0, 325.0, 81.0, 71.0, 177.0, 249.0, 498.0, 1122.0, 64.0, 212.0, 223.0, 300.0, 138.0, 561.0, 260.0, 108.0, 46.0, 142.0, 257.0
20, 2014-12-07, Away, NYK, W, L, -6.5, O, 195.5, 0, 1364.0, 1259.0, 514.0, 1133.0, 122.0, 327.0, 214.0, 272.0, 149.0, 622.0, 320.0, 88.0, 73.0, 173.0, 239.0, 494.0, 1132.0, 64.0, 218.0, 207.0, 278.0, 141.0, 575.0, 262.0, 105.0, 47.0, 152.0, 257.0
21, 2014-12-09, Away, DET, W, W, -7.5, U, 197.5, 0, 1351.0, 1258.0, 505.0, 1118.0, 116.0, 324.0, 225.0, 287.0, 149.0, 615.0, 314.0, 89.0, 64.0, 172.0, 235.0, 499.0, 1120.0, 64.0, 224.0, 196.0, 262.0, 127.0, 557.0, 268.0, 106.0, 44.0, 150.0, 258.0
22, 2014-12-10, Away, MIN, L, L, -10, U, 206.5, 1, 1347.0, 1244.0, 506.0, 1109.0, 117.0, 320.0, 218.0, 279.0, 144.0, 614.0, 314.0, 87.0, 67.0, 173.0, 226.0, 498.0, 1142.0, 62.0, 230.0, 186.0, 251.0, 138.0, 566.0, 275.0, 108.0, 43.0, 143.0, 250.0
23, 2014-12-12, Away, CHI, L, L, 2.5, O, 197, 0, 1299.0, 1221.0, 492.0, 1101.0, 111.0, 322.0, 204.0, 262.0, 143.0, 606.0, 304.0, 87.0, 68.0, 179.0, 230.0, 491.0, 1133.0, 55.0, 219.0, 184.0, 251.0, 143.0, 575.0, 276.0, 111.0, 44.0, 149.0, 245.0
24, 2014-12-13, Away, IND, W, W, -5, U, 192.5, 1, 1308.0, 1249.0, 502.0, 1111.0, 112.0, 320.0, 192.0, 246.0, 141.0, 596.0, 298.0, 84.0, 70.0, 175.0, 231.0, 500.0, 1132.0, 59.0, 215.0, 190.0, 262.0, 145.0, 579.0, 279.0, 109.0, 45.0, 147.0, 232.0
25, 2014-12-15, Home, SAS, W, W, -8.5, O, 194.5, 0, 1301.0, 1241.0, 504.0, 1125.0, 110.0, 318.0, 183.0, 235.0, 142.0, 599.0, 299.0, 86.0, 74.0, 169.0, 231.0, 496.0, 1135.0, 58.0, 211.0, 191.0, 259.0, 144.0, 587.0, 279.0, 106.0, 43.0, 149.0, 227.0
26, 2014-12-17, Home, MIL, W, L, -10, U, 202, 0, 1304.0, 1249.0, 506.0, 1135.0, 108.0, 320.0, 184.0, 235.0, 147.0, 599.0, 291.0, 86.0, 71.0, 163.0, 231.0, 504.0, 1130.0, 54.0, 200.0, 187.0, 253.0, 142.0, 581.0, 284.0, 102.0, 45.0, 150.0, 230.0
27, 2014-12-19, Away, SAS, W, W, 4.5, O, 197, 0, 1314.0, 1258.0, 510.0, 1136.0, 108.0, 324.0, 186.0, 249.0, 153.0, 596.0, 296.0, 83.0, 71.0, 161.0, 237.0, 504.0, 1112.0, 56.0, 196.0, 194.0, 263.0, 135.0, 567.0, 283.0, 98.0, 44.0, 155.0, 240.0
28, 2014-12-20, Away, NOP, W, W, 5.5, U, 205.5, 1, 1329.0, 1273.0, 513.0, 1157.0, 114.0, 332.0, 189.0, 249.0, 150.0, 602.0, 284.0, 89.0, 71.0, 160.0, 242.0, 507.0, 1137.0, 64.0, 208.0, 195.0, 265.0, 145.0, 598.0, 279.0, 95.0, 42.0, 161.0, 242.0
29, 2014-12-22, Away, HOU, L, L, 5, O, 198, 0, 1338.0, 1264.0, 522.0, 1155.0, 111.0, 330.0, 183.0, 244.0, 150.0, 597.0, 288.0, 96.0, 67.0, 165.0, 249.0, 496.0, 1128.0, 62.0, 208.0, 210.0, 278.0, 155.0, 599.0, 265.0, 99.0, 43.0, 171.0, 233.0
30, 2014-12-23, Away, OKC, W, W, 4.5, O, 201, 1, 1334.0, 1262.0, 517.0, 1134.0, 113.0, 329.0, 187.0, 244.0, 140.0, 587.0, 285.0, 99.0, 66.0, 180.0, 254.0, 492.0, 1131.0, 69.0, 231.0, 209.0, 272.0, 154.0, 595.0, 259.0, 106.0, 42.0, 178.0, 241.0
31, 2014-12-26, Home, PHI, W, W, -12.5, O, 198, 0, 1342.0, 1280.0, 516.0, 1139.0, 118.0, 327.0, 192.0, 243.0, 134.0, 579.0, 280.0, 97.0, 59.0, 176.0, 257.0, 499.0, 1142.0, 73.0, 241.0, 209.0, 267.0, 156.0, 605.0, 255.0, 102.0, 43.0, 175.0, 246.0
32, 2014-12-28, Home, NYK, W, W, -11.5, U, 203.5, 0, 1351.0, 1270.0, 515.0, 1141.0, 131.0, 348.0, 190.0, 240.0, 139.0, 590.0, 279.0, 100.0, 62.0, 183.0, 260.0, 494.0, 1142.0, 69.0, 235.0, 213.0, 281.0, 158.0, 606.0, 250.0, 107.0, 48.0, 179.0, 241.0
33, 2014-12-30, Home, TOR, W, W, -3.5, U, 209.5, 0, 1364.0, 1267.0, 520.0, 1139.0, 143.0, 363.0, 181.0, 229.0, 141.0, 590.0, 284.0, 99.0, 64.0, 182.0, 259.0, 489.0, 1144.0, 71.0, 244.0, 218.0, 288.0, 162.0, 604.0, 250.0, 108.0, 44.0, 173.0, 235.0
34, 2015-01-03, Home, ATL, L, L, -6, O, 206, 0, 1363.0, 1265.0, 522.0, 1149.0, 145.0, 371.0, 174.0, 218.0, 140.0, 597.0, 284.0, 96.0, 70.0, 187.0, 259.0, 488.0, 1164.0, 70.0, 247.0, 219.0, 289.0, 171.0, 616.0, 244.0, 112.0, 42.0, 170.0, 233.0
35, 2015-01-05, Home, LAL, W, L, -12.5, U, 209, 0, 1372.0, 1294.0, 523.0, 1158.0, 149.0, 383.0, 177.0, 222.0, 141.0, 594.0, 283.0, 98.0, 70.0, 192.0, 270.0, 497.0, 1151.0, 71.0, 242.0, 229.0, 304.0, 164.0, 615.0, 238.0, 114.0, 45.0, 178.0, 240.0
36, 2015-01-08, Home, MIA, W, W, -8.5, U, 196, 0, 1388.0, 1298.0, 525.0, 1161.0, 150.0, 374.0, 188.0, 234.0, 140.0, 601.0, 281.0, 98.0, 64.0, 181.0, 257.0, 502.0, 1158.0, 74.0, 244.0, 220.0, 291.0, 155.0, 608.0, 236.0, 106.0, 42.0, 170.0, 241.0
37, 2015-01-10, Home, ORL, W, L, -14, P, 195, 0, 1381.0, 1266.0, 522.0, 1168.0, 146.0, 377.0, 191.0, 238.0, 144.0, 614.0, 280.0, 100.0, 65.0, 178.0, 261.0, 487.0, 1147.0, 72.0, 243.0, 220.0, 293.0, 151.0, 603.0, 233.0, 107.0, 46.0, 172.0, 243.0
38, 2015-01-11, Away, LAL, W, W, -5.5, U, 205, 1, 1389.0, 1273.0, 518.0, 1154.0, 151.0, 386.0, 202.0, 252.0, 139.0, 611.0, 281.0, 97.0, 68.0, 186.0, 257.0, 490.0, 1151.0, 71.0, 249.0, 222.0, 297.0, 156.0, 603.0, 239.0, 109.0, 44.0, 175.0, 247.0
39, 2015-01-14, Home, LAC, L, L, -3.5, U, 209, 0, 1387.0, 1272.0, 518.0, 1151.0, 157.0, 399.0, 194.0, 247.0, 134.0, 608.0, 291.0, 94.0, 66.0, 186.0, 256.0, 488.0, 1154.0, 74.0, 260.0, 222.0, 294.0, 154.0, 606.0, 249.0, 106.0, 44.0, 173.0, 248.0
40, 2015-01-16, Away, SAS, L, L, 4.5, O, 198, 0, 1377.0, 1275.0, 512.0, 1151.0, 156.0, 402.0, 197.0, 238.0, 129.0, 604.0, 288.0, 95.0, 64.0, 184.0, 255.0, 488.0, 1165.0, 75.0, 264.0, 224.0, 291.0, 156.0, 618.0, 253.0, 107.0, 46.0, 167.0, 245.0
41, 2015-01-17, Away, MEM, L, L, 2.5, O, 197.5, 1, 1344.0, 1266.0, 502.0, 1115.0, 149.0, 386.0, 191.0, 235.0, 116.0, 578.0, 290.0, 89.0, 65.0, 186.0, 246.0, 485.0, 1150.0, 78.0, 273.0, 218.0, 282.0, 154.0, 607.0, 263.0, 111.0, 46.0, 163.0, 241.0
42, 2015-01-19, Home, SAC, W, L, -9.5, U, 205.5, 0, 1328.0, 1280.0, 490.0, 1118.0, 153.0, 397.0, 195.0, 235.0, 121.0, 573.0, 285.0, 85.0, 67.0, 180.0, 243.0, 494.0, 1142.0, 83.0, 273.0, 209.0, 278.0, 145.0, 609.0, 269.0, 108.0, 44.0, 161.0, 248.0
43, 2015-01-21, Away, PHO, L, W, 7.5, O, 211.5, 0, 1331.0, 1264.0, 491.0, 1130.0, 154.0, 406.0, 195.0, 243.0, 125.0, 573.0, 287.0, 92.0, 65.0, 171.0, 241.0, 487.0, 1131.0, 74.0, 249.0, 216.0, 288.0, 149.0, 620.0, 260.0, 102.0, 46.0, 166.0, 248.0
44, 2015-01-22, Home, BOS, L, L, -7, U, 203.5, 1, 1329.0, 1271.0, 492.0, 1126.0, 150.0, 407.0, 195.0, 247.0, 126.0, 571.0, 286.0, 94.0, 67.0, 171.0, 239.0, 488.0, 1122.0, 77.0, 257.0, 218.0, 297.0, 147.0, 617.0, 264.0, 105.0, 42.0, 168.0, 241.0
45, 2015-01-24, Home, WAS, W, W, 3.5, O, 195, 0, 1304.0, 1268.0, 483.0, 1127.0, 141.0, 392.0, 197.0, 252.0, 130.0, 568.0, 277.0, 92.0, 65.0, 162.0, 230.0, 491.0, 1128.0, 81.0, 262.0, 205.0, 271.0, 148.0, 622.0, 271.0, 100.0, 40.0, 166.0, 246.0
46, 2015-01-28, Away, CLE, L, L, 2.5, U, 203, 0, 1306.0, 1285.0, 480.0, 1133.0, 138.0, 387.0, 208.0, 260.0, 131.0, 564.0, 274.0, 92.0, 59.0, 163.0, 229.0, 500.0, 1117.0, 79.0, 250.0, 206.0, 270.0, 135.0, 614.0, 276.0, 102.0, 42.0, 167.0, 252.0
47, 2015-01-30, Away, ATL, L, L, 5, O, 203.5, 0, 1298.0, 1287.0, 477.0, 1118.0, 136.0, 382.0, 208.0, 259.0, 127.0, 552.0, 271.0, 92.0, 56.0, 157.0, 232.0, 494.0, 1103.0, 90.0, 265.0, 209.0, 273.0, 136.0, 611.0, 278.0, 95.0, 41.0, 165.0, 246.0
48, 2015-01-31, Away, MIL, L, L, -2, U, 197.5, 1, 1290.0, 1277.0, 474.0, 1112.0, 134.0, 379.0, 208.0, 258.0, 125.0, 554.0, 272.0, 93.0, 52.0, 156.0, 229.0, 491.0, 1103.0, 95.0, 271.0, 200.0, 264.0, 133.0, 607.0, 287.0, 98.0, 40.0, 164.0, 248.0
49, 2015-02-03, Home, UTA, W, L, -8.5, O, 194, 0, 1280.0, 1278.0, 474.0, 1118.0, 132.0, 384.0, 200.0, 252.0, 126.0, 553.0, 273.0, 97.0, 51.0, 163.0, 232.0, 491.0, 1097.0, 99.0, 278.0, 197.0, 258.0, 131.0, 608.0, 289.0, 105.0, 48.0, 171.0, 247.0
50, 2015-02-05, Home, PHO, W, W, -5, U, 211.5, 0, 1284.0, 1297.0, 470.0, 1099.0, 131.0, 380.0, 213.0, 271.0, 123.0, 548.0, 272.0, 100.0, 51.0, 170.0, 231.0, 501.0, 1105.0, 102.0, 277.0, 193.0, 254.0, 135.0, 607.0, 292.0, 107.0, 45.0, 172.0, 257.0
51, 2015-02-07, Away, DAL, L, L, 2.5, O, 207, 0, 1289.0, 1292.0, 474.0, 1113.0, 129.0, 385.0, 212.0, 268.0, 130.0, 562.0, 271.0, 101.0, 50.0, 164.0, 228.0, 498.0, 1101.0, 105.0, 279.0, 191.0, 251.0, 129.0, 600.0, 290.0, 108.0, 47.0, 172.0, 256.0
52, 2015-02-08, Away, HOU, W, W, 4.5, O, 206.5, 1, 1284.0, 1309.0, 470.0, 1116.0, 126.0, 386.0, 218.0, 275.0, 141.0, 577.0, 267.0, 107.0, 54.0, 175.0, 231.0, 505.0, 1125.0, 112.0, 293.0, 187.0, 248.0, 142.0, 610.0, 282.0, 117.0, 50.0, 174.0, 254.0
53, 2015-02-11, Home, LAL, W, W, -13.5, U, 196, 0, 1299.0, 1307.0, 475.0, 1105.0, 129.0, 389.0, 220.0, 278.0, 134.0, 568.0, 265.0, 110.0, 58.0, 174.0, 232.0, 499.0, 1119.0, 117.0, 305.0, 192.0, 263.0, 150.0, 606.0, 286.0, 115.0, 49.0, 178.0, 256.0
54, 2015-02-20, Away, UTA, L, L, -4.5, U, 191, 0, 1305.0, 1283.0, 473.0, 1117.0, 133.0, 400.0, 226.0, 281.0, 147.0, 588.0, 272.0, 109.0, 57.0, 168.0, 228.0, 491.0, 1118.0, 113.0, 292.0, 188.0, 257.0, 149.0, 605.0, 269.0, 107.0, 50.0, 176.0, 261.0
55, 2015-02-22, Home, MEM, L, L, -1.5, U, 193, 0, 1283.0, 1273.0, 463.0, 1096.0, 124.0, 386.0, 233.0, 288.0, 135.0, 585.0, 264.0, 107.0, 57.0, 174.0, 219.0, 489.0, 1124.0, 115.0, 302.0, 180.0, 250.0, 151.0, 603.0, 266.0, 114.0, 53.0, 170.0, 264.0
56, 2015-02-25, Home, SAS, W, W, -2.5, O, 195, 0, 1277.0, 1277.0, 461.0, 1090.0, 126.0, 383.0, 229.0, 278.0, 134.0, 596.0, 267.0, 95.0, 58.0, 176.0, 213.0, 497.0, 1137.0, 114.0, 299.0, 169.0, 233.0, 148.0, 594.0, 273.0, 119.0, 52.0, 155.0, 257.0
57, 2015-02-27, Home, OKC, W, L, -6, O, 206.5, 0, 1275.0, 1254.0, 465.0, 1088.0, 126.0, 377.0, 219.0, 265.0, 136.0, 597.0, 271.0, 96.0, 58.0, 175.0, 211.0, 487.0, 1130.0, 113.0, 293.0, 167.0, 223.0, 147.0, 581.0, 269.0, 116.0, 56.0, 155.0, 252.0
58, 2015-03-01, Away, SAC, W, W, -8, O, 206, 0, 1301.0, 1276.0, 471.0, 1088.0, 127.0, 375.0, 232.0, 277.0, 135.0, 595.0, 275.0, 95.0, 56.0, 174.0, 212.0, 493.0, 1137.0, 110.0, 288.0, 180.0, 238.0, 150.0, 581.0, 270.0, 113.0, 55.0, 150.0, 256.0
59, 2015-03-04, Away, LAC, W, W, 1, U, 205, 0, 1308.0, 1279.0, 477.0, 1084.0, 124.0, 368.0, 230.0, 277.0, 138.0, 594.0, 272.0, 92.0, 58.0, 179.0, 218.0, 492.0, 1141.0, 108.0, 285.0, 187.0, 247.0, 155.0, 573.0, 270.0, 113.0, 54.0, 150.0, 255.0
60, 2015-03-05, Home, DAL, W, W, -3, U, 198, 1, 1312.0, 1273.0, 476.0, 1091.0, 122.0, 369.0, 238.0, 289.0, 137.0, 616.0, 273.0, 90.0, 57.0, 186.0, 219.0, 495.0, 1152.0, 104.0, 279.0, 179.0, 247.0, 150.0, 578.0, 279.0, 116.0, 57.0, 151.0, 266.0
61, 2015-03-07, Away, MIN, L, L, -5, O, 198, 0, 1307.0, 1243.0, 471.0, 1086.0, 118.0, 361.0, 247.0, 299.0, 136.0, 626.0, 268.0, 90.0, 59.0, 185.0, 214.0, 488.0, 1156.0, 95.0, 272.0, 172.0, 233.0, 149.0, 577.0, 270.0, 114.0, 56.0, 151.0, 265.0
62, 2015-03-11, Home, HOU, W, W, -2.5, U, 206, 0, 1332.0, 1269.0, 481.0, 1085.0, 123.0, 357.0, 247.0, 298.0, 134.0, 618.0, 267.0, 82.0, 59.0, 179.0, 222.0, 497.0, 1159.0, 91.0, 258.0, 184.0, 250.0, 150.0, 572.0, 274.0, 109.0, 51.0, 140.0, 261.0
63, 2015-03-13, Home, DET, W, W, -8, O, 195.5, 0, 1334.0, 1267.0, 487.0, 1101.0, 126.0, 367.0, 234.0, 278.0, 138.0, 633.0, 274.0, 79.0, 55.0, 184.0, 220.0, 496.0, 1165.0, 96.0, 276.0, 179.0, 247.0, 148.0, 571.0, 277.0, 113.0, 52.0, 141.0, 254.0
64, 2015-03-15, Away, TOR, W, W, 1.5, O, 204.5, 0, 1344.0, 1279.0, 493.0, 1091.0, 129.0, 357.0, 229.0, 272.0, 132.0, 619.0, 281.0, 74.0, 50.0, 180.0, 218.0, 503.0, 1168.0, 97.0, 278.0, 176.0, 242.0, 148.0, 565.0, 280.0, 107.0, 52.0, 131.0, 247.0
65, 2015-03-16, Away, WAS, L, L, 1, O, 198, 1, 1356.0, 1265.0, 501.0, 1088.0, 132.0, 354.0, 222.0, 264.0, 122.0, 598.0, 284.0, 69.0, 51.0, 168.0, 212.0, 497.0, 1141.0, 88.0, 260.0, 183.0, 249.0, 137.0, 552.0, 279.0, 101.0, 48.0, 131.0, 249.0
66, 2015-03-18, Away, MIA, L, L, -2.5, O, 202, 0, 1344.0, 1272.0, 497.0, 1101.0, 131.0, 353.0, 219.0, 261.0, 132.0, 607.0, 283.0, 63.0, 49.0, 167.0, 212.0, 507.0, 1141.0, 82.0, 237.0, 176.0, 241.0, 128.0, 555.0, 280.0, 99.0, 51.0, 126.0, 242.0
67, 2015-03-20, Away, ORL, L, L, -8.5, O, 200, 0, 1346.0, 1294.0, 503.0, 1096.0, 131.0, 349.0, 209.0, 259.0, 130.0, 600.0, 278.0, 61.0, 46.0, 172.0, 216.0, 519.0, 1135.0, 82.0, 231.0, 174.0, 244.0, 122.0, 542.0, 284.0, 102.0, 53.0, 124.0, 237.0
68, 2015-03-21, Away, MEM, L, L, 3, U, 192.5, 1, 1374.0, 1313.0, 515.0, 1104.0, 134.0, 351.0, 210.0, 261.0, 138.0, 607.0, 279.0, 60.0, 43.0, 172.0, 222.0, 525.0, 1146.0, 77.0, 218.0, 186.0, 251.0, 127.0, 544.0, 288.0, 100.0, 47.0, 123.0, 238.0
69, 2015-03-24, Home, GSW, L, L, 7, O, 204.5, 0, 1368.0, 1312.0, 515.0, 1098.0, 127.0, 340.0, 211.0, 260.0, 135.0, 605.0, 270.0, 62.0, 42.0, 174.0, 224.0, 520.0, 1146.0, 85.0, 227.0, 187.0, 254.0, 130.0, 545.0, 289.0, 97.0, 44.0, 127.0, 239.0
70, 2015-03-25, Away, UTA, W, W, 2, O, 180.5, 1, 1365.0, 1339.0, 511.0, 1105.0, 129.0, 348.0, 214.0, 264.0, 135.0, 595.0, 268.0, 62.0, 40.0, 171.0, 222.0, 533.0, 1144.0, 89.0, 232.0, 184.0, 251.0, 126.0, 554.0, 306.0, 93.0, 44.0, 127.0, 241.0
71, 2015-03-27, Away, PHO, W, W, -1, U, 201, 0, 1342.0, 1316.0, 506.0, 1097.0, 126.0, 349.0, 204.0, 253.0, 134.0, 597.0, 267.0, 59.0, 41.0, 176.0, 226.0, 523.0, 1130.0, 89.0, 234.0, 181.0, 252.0, 124.0, 550.0, 294.0, 99.0, 42.0, 125.0, 238.0
72, 2015-03-28, Home, DEN, W, L, -9, O, 206.5, 1, 1319.0, 1298.0, 501.0, 1103.0, 123.0, 351.0, 194.0, 251.0, 138.0, 608.0, 263.0, 58.0, 42.0, 172.0, 224.0, 516.0, 1131.0, 92.0, 242.0, 174.0, 241.0, 128.0, 565.0, 284.0, 96.0, 41.0, 126.0, 239.0
73, 2015-03-30, Home, PHO, W, W, -8.5, U, 199, 0, 1341.0, 1319.0, 515.0, 1101.0, 123.0, 337.0, 188.0, 240.0, 136.0, 592.0, 273.0, 63.0, 43.0, 173.0, 221.0, 522.0, 1127.0, 90.0, 235.0, 185.0, 245.0, 130.0, 553.0, 283.0, 102.0, 38.0, 128.0, 233.0
74, 2015-04-01, Home, LAC, L, L, -3, O, 209, 0, 1356.0, 1330.0, 525.0, 1105.0, 128.0, 342.0, 178.0, 229.0, 137.0, 583.0, 279.0, 62.0, 43.0, 171.0, 216.0, 527.0, 1126.0, 91.0, 235.0, 185.0, 247.0, 132.0, 550.0, 284.0, 98.0, 37.0, 127.0, 228.0
75, 2015-04-03, Away, LAL, W, W, -10.5, U, 203.5, 0, 1365.0, 1335.0, 527.0, 1106.0, 127.0, 340.0, 184.0, 237.0, 141.0, 590.0, 286.0, 63.0, 43.0, 169.0, 212.0, 527.0, 1127.0, 102.0, 256.0, 179.0, 240.0, 129.0, 545.0, 288.0, 97.0, 37.0, 127.0, 234.0
76, 2015-04-04, Home, NOP, W, W, -5.5, U, 193, 1, 1367.0, 1312.0, 528.0, 1102.0, 127.0, 333.0, 184.0, 234.0, 131.0, 583.0, 282.0, 65.0, 47.0, 158.0, 208.0, 520.0, 1118.0, 96.0, 239.0, 176.0, 234.0, 123.0, 548.0, 280.0, 89.0, 38.0, 127.0, 228.0
77, 2015-04-06, Away, BRK, L, L, 6, U, 203.5, 0, 1348.0, 1303.0, 518.0, 1106.0, 122.0, 328.0, 190.0, 240.0, 142.0, 591.0, 271.0, 67.0, 48.0, 158.0, 205.0, 518.0, 1112.0, 96.0, 230.0, 171.0, 232.0, 121.0, 547.0, 275.0, 92.0, 41.0, 130.0, 232.0
78, 2015-04-08, Home, MIN, W, W, -16.5, U, 207.5, 0, 1331.0, 1312.0, 512.0, 1107.0, 120.0, 325.0, 187.0, 233.0, 146.0, 604.0, 261.0, 65.0, 46.0, 160.0, 211.0, 522.0, 1125.0, 97.0, 226.0, 171.0, 232.0, 124.0, 551.0, 280.0, 93.0, 43.0, 121.0, 221.0
79, 2015-04-09, Away, GSW, L, L, 10.5, O, 210.5, 1, 1350.0, 1298.0, 518.0, 1103.0, 124.0, 330.0, 190.0, 236.0, 144.0, 609.0, 267.0, 71.0, 45.0, 165.0, 215.0, 513.0, 1128.0, 93.0, 225.0, 179.0, 235.0, 128.0, 543.0, 271.0, 100.0, 41.0, 126.0, 221.0
80, 2015-04-11, Home, UTA, L, L, -10, O, 183, 0, 1351.0, 1306.0, 523.0, 1120.0, 121.0, 328.0, 184.0, 223.0, 142.0, 605.0, 273.0, 74.0, 48.0, 159.0, 212.0, 515.0, 1131.0, 98.0, 241.0, 178.0, 230.0, 129.0, 552.0, 277.0, 99.0, 39.0, 131.0, 215.0
81, 2015-04-13, Away, OKC, L, L, 8, U, 217, 0, 1352.0, 1306.0, 526.0, 1127.0, 120.0, 334.0, 180.0, 221.0, 140.0, 600.0, 282.0, 81.0, 50.0, 158.0, 218.0, 508.0, 1116.0, 99.0, 246.0, 191.0, 248.0, 126.0, 550.0, 275.0, 99.0, 42.0, 140.0, 210.0
82, 2015-04-15, Away, DAL, L, L, 6.5, O, 208, 0, 1356.0, 1310.0, 531.0, 1134.0, 122.0, 335.0, 172.0, 215.0, 138.0, 591.0, 289.0, 76.0, 51.0, 153.0, 222.0, 510.0, 1123.0, 92.0, 249.0, 198.0, 259.0, 133.0, 563.0, 268.0, 97.0, 47.0, 138.0, 213.0
