7, 2014-11-11, Home, SAS, L, L, -8.5, O, 198, 1, 0, 105.17, 94.83, 38.33, 78.17, 9.67, 24.33, 18.83, 23.17, 8.0, 42.83, 23.33, 10.0, 6.17, 22.33, 23.5, 34.0, 84.17, 7.17, 25.0, 19.67, 25.83, 13.17, 43.0, 18.33, 10.67, 2.0, 20.67, 20.33, 92.17, 94.83, 33.33, 78.33, 6.0, 21.17, 19.5, 25.33, 10.67, 43.67, 20.0, 7.0, 4.5, 15.17, 19.67, 36.33, 81.33, 6.83, 22.33, 15.33, 20.0, 8.83, 39.67, 20.67, 8.17, 6.0, 12.83, 21.0
8, 2014-11-13, Home, BRK, W, L, -10, U, 211, 1, 0, 106.0, 100.83, 39.17, 77.33, 9.83, 23.17, 17.83, 21.17, 7.0, 41.83, 23.67, 8.83, 5.5, 21.83, 20.83, 37.67, 86.67, 8.33, 26.17, 17.17, 22.5, 12.0, 40.67, 20.83, 10.33, 1.67, 17.67, 19.17, 104.5, 96.67, 39.17, 80.67, 8.83, 21.5, 17.33, 21.67, 9.5, 42.67, 19.67, 7.5, 4.33, 13.83, 22.67, 36.0, 82.33, 6.67, 19.17, 18.0, 24.0, 11.67, 42.33, 20.67, 6.5, 2.67, 14.33, 20.5
9, 2014-11-15, Home, CHO, W, W, -11, U, 201, 1, 0, 102.67, 100.0, 38.33, 78.5, 9.83, 25.0, 16.17, 20.0, 7.33, 42.17, 23.67, 8.33, 6.5, 20.17, 19.17, 37.33, 86.83, 8.17, 26.5, 17.17, 21.67, 10.33, 41.33, 20.5, 9.67, 1.5, 16.0, 18.33, 100.67, 102.0, 38.17, 84.0, 5.67, 17.67, 18.67, 23.67, 10.33, 42.83, 21.5, 5.17, 3.83, 12.33, 19.67, 38.33, 85.33, 7.33, 24.0, 18.0, 21.33, 9.67, 42.0, 23.67, 6.0, 4.17, 12.17, 24.0
10, 2014-11-16, Away, LAL, W, W, -8, O, 213, 0, 1, 105.5, 99.5, 39.83, 79.5, 10.67, 26.17, 15.17, 18.83, 8.0, 43.83, 25.0, 7.67, 5.83, 19.67, 20.67, 36.5, 85.5, 8.17, 24.83, 18.33, 24.0, 9.17, 38.83, 19.5, 9.0, 1.5, 14.83, 17.33, 100.17, 106.67, 37.0, 84.0, 5.33, 17.0, 20.83, 28.0, 13.33, 41.0, 19.83, 7.67, 4.83, 13.33, 20.67, 40.17, 82.17, 7.0, 18.0, 19.33, 25.0, 10.67, 43.33, 24.83, 6.83, 4.5, 13.33, 23.0
11, 2014-11-21, Home, UTA, W, W, -12.5, U, 207.5, 0, 0, 108.0, 101.33, 40.33, 81.5, 10.5, 26.67, 16.83, 21.17, 9.17, 45.83, 25.5, 7.17, 6.17, 18.5, 21.33, 36.67, 88.33, 7.5, 24.33, 20.5, 26.67, 11.67, 41.83, 18.0, 8.5, 1.83, 13.67, 19.5, 95.5, 97.5, 35.33, 76.33, 7.0, 20.17, 17.83, 24.83, 9.17, 40.33, 22.5, 7.17, 5.17, 12.5, 18.5, 37.67, 84.83, 7.0, 18.33, 15.17, 20.0, 12.67, 43.0, 17.5, 7.17, 3.5, 10.83, 20.0
12, 2014-11-23, Away, OKC, W, L, -8, U, 197, 0, 0, 108.5, 101.5, 40.67, 80.67, 10.0, 25.83, 17.17, 21.5, 7.67, 43.5, 26.5, 7.0, 5.67, 16.33, 21.17, 37.5, 87.67, 6.83, 20.17, 19.67, 26.33, 11.33, 41.67, 20.17, 8.17, 2.67, 13.17, 19.33, 89.33, 93.0, 33.67, 82.33, 7.83, 24.17, 14.17, 19.83, 11.17, 41.17, 19.33, 6.33, 6.67, 12.17, 22.83, 34.0, 80.33, 8.67, 27.83, 16.33, 22.67, 12.83, 46.5, 20.17, 5.67, 4.83, 12.83, 19.0
13, 2014-11-25, Away, MIA, W, W, -7.5, O, 202.5, 0, 0, 107.83, 98.0, 40.67, 84.67, 9.33, 26.0, 17.17, 22.0, 9.33, 46.17, 28.17, 6.67, 5.83, 13.5, 19.83, 37.17, 89.5, 5.33, 18.0, 18.33, 25.33, 12.0, 44.67, 19.5, 7.17, 4.33, 11.5, 20.0, 94.67, 97.17, 32.67, 70.5, 9.83, 24.67, 19.5, 23.67, 6.17, 35.33, 18.67, 7.83, 4.0, 14.83, 19.17, 36.83, 75.5, 8.0, 22.83, 15.5, 22.5, 7.67, 37.17, 22.33, 9.33, 2.33, 13.17, 20.5
14, 2014-11-26, Away, ORL, W, W, -8, O, 203, 0, 1, 110.17, 95.33, 41.5, 85.5, 10.33, 27.33, 16.83, 22.5, 10.0, 47.33, 27.83, 6.83, 6.67, 12.17, 21.17, 35.0, 88.17, 5.33, 17.67, 20.0, 27.33, 12.67, 45.33, 17.5, 6.83, 4.83, 11.67, 20.5, 93.5, 101.67, 35.83, 80.5, 6.67, 19.33, 15.17, 20.83, 10.5, 42.33, 18.67, 6.0, 2.5, 13.0, 18.5, 40.0, 81.83, 8.5, 19.5, 13.17, 18.5, 8.33, 40.33, 23.5, 7.17, 7.0, 11.17, 20.5
15, 2014-11-28, Away, CHO, W, L, -8.5, O, 201, 0, 0, 110.83, 94.83, 42.0, 84.67, 10.5, 26.0, 16.33, 22.17, 9.0, 47.67, 27.83, 6.83, 6.0, 13.0, 21.67, 34.5, 87.83, 5.83, 18.33, 20.0, 28.0, 13.5, 46.17, 17.83, 7.33, 4.67, 12.0, 19.83, 91.33, 102.0, 36.67, 84.17, 6.0, 18.67, 12.0, 17.67, 8.17, 39.0, 21.67, 4.83, 4.33, 7.5, 20.0, 39.0, 81.67, 9.0, 23.5, 15.0, 20.17, 8.5, 45.5, 21.17, 3.67, 4.33, 9.67, 17.33
16, 2014-11-30, Away, DET, W, W, -8.5, U, 202, 0, 0, 109.83, 97.17, 41.5, 86.67, 9.83, 26.0, 17.0, 22.5, 9.83, 46.83, 27.5, 6.83, 6.83, 12.67, 21.83, 35.5, 88.33, 5.67, 18.67, 20.5, 27.17, 13.17, 46.67, 20.0, 7.17, 5.67, 12.17, 20.0, 90.0, 100.0, 33.5, 81.5, 7.5, 23.33, 15.5, 22.17, 12.0, 40.33, 19.33, 7.17, 3.67, 14.67, 18.17, 38.5, 79.83, 9.5, 24.0, 13.5, 17.0, 9.5, 43.17, 24.5, 8.83, 3.67, 14.5, 20.67
17, 2014-12-02, Home, ORL, W, L, -14.5, U, 201.5, 0, 0, 104.5, 93.5, 40.0, 85.5, 9.0, 24.83, 15.5, 21.33, 9.5, 46.5, 26.17, 7.0, 7.33, 12.67, 20.67, 34.5, 87.0, 7.0, 19.83, 17.5, 24.0, 12.33, 46.0, 21.33, 7.5, 5.83, 13.17, 18.83, 90.5, 100.67, 34.17, 78.83, 5.0, 17.0, 17.17, 23.17, 10.17, 42.0, 15.83, 6.67, 3.17, 15.5, 18.17, 40.0, 84.5, 8.0, 21.67, 12.67, 17.67, 10.83, 44.17, 24.33, 7.33, 5.5, 13.33, 20.5
18, 2014-12-04, Home, NOP, W, W, -9.5, U, 206.5, 0, 0, 104.0, 95.0, 39.5, 85.5, 9.33, 25.5, 15.67, 21.17, 10.67, 48.0, 25.67, 6.67, 7.33, 13.0, 20.17, 35.17, 87.83, 7.0, 19.83, 17.67, 23.17, 11.33, 45.17, 20.17, 7.33, 5.5, 11.83, 19.0, 95.83, 99.5, 35.17, 84.67, 5.0, 18.0, 20.5, 27.83, 14.17, 42.83, 18.5, 8.33, 5.33, 11.33, 20.17, 37.17, 77.67, 6.33, 17.5, 18.83, 23.17, 9.67, 42.33, 19.67, 7.5, 7.33, 14.33, 22.5
19, 2014-12-06, Away, CHI, W, W, -2.5, O, 204, 0, 0, 107.5, 94.83, 41.83, 86.67, 9.83, 25.0, 14.0, 20.0, 11.5, 48.67, 26.5, 7.33, 7.33, 13.0, 18.5, 36.0, 87.67, 7.0, 19.5, 15.83, 20.83, 10.83, 43.5, 21.83, 8.17, 4.17, 12.83, 17.67, 108.0, 103.67, 37.67, 82.67, 8.0, 22.67, 24.67, 31.0, 10.33, 45.83, 23.67, 6.33, 5.33, 14.83, 20.17, 39.5, 90.17, 6.0, 17.67, 18.67, 23.33, 10.5, 41.67, 21.17, 7.33, 4.0, 11.5, 24.83
20, 2014-12-08, Away, MIN, W, W, -14.5, U, 213, 0, 0, 107.17, 95.67, 41.33, 89.0, 9.67, 25.33, 14.83, 20.33, 13.17, 47.83, 27.5, 8.67, 6.83, 13.0, 18.0, 36.5, 87.33, 6.5, 19.17, 16.17, 20.83, 11.67, 45.17, 23.17, 8.0, 4.0, 15.0, 17.83, 100.67, 112.5, 38.17, 85.83, 4.33, 13.67, 20.0, 26.67, 9.33, 38.67, 24.5, 9.83, 3.33, 13.67, 23.17, 40.83, 82.83, 9.83, 27.0, 21.0, 27.33, 10.67, 45.5, 25.17, 7.5, 5.5, 17.0, 22.33
21, 2014-12-10, Home, HOU, W, W, -9, U, 204.5, 0, 0, 105.67, 94.0, 41.0, 90.0, 8.5, 24.67, 15.17, 19.5, 14.33, 48.5, 26.5, 10.0, 6.83, 13.33, 17.83, 35.83, 87.5, 5.83, 17.67, 16.5, 21.67, 12.67, 45.67, 23.33, 8.67, 4.5, 15.83, 16.5, 103.83, 99.5, 38.33, 85.83, 11.67, 32.83, 15.5, 21.33, 13.83, 46.0, 21.0, 8.5, 5.67, 15.67, 25.5, 36.67, 82.0, 5.33, 18.5, 20.83, 27.5, 11.0, 41.17, 21.17, 8.67, 6.17, 14.33, 19.0
22, 2014-12-13, Away, DAL, W, W, 1, U, 217, 0, 0, 105.5, 92.67, 40.67, 87.0, 8.67, 24.17, 15.5, 20.17, 12.67, 48.0, 25.33, 10.33, 6.33, 13.83, 16.17, 35.67, 88.0, 6.33, 20.33, 15.0, 20.33, 13.33, 45.67, 21.33, 9.5, 3.5, 16.17, 17.0, 114.5, 112.5, 43.33, 89.0, 11.0, 28.0, 16.83, 21.5, 11.67, 40.67, 21.33, 7.5, 5.5, 12.67, 20.17, 42.17, 85.5, 7.67, 18.33, 20.5, 25.5, 11.5, 42.33, 23.67, 7.17, 3.17, 13.67, 21.0
23, 2014-12-14, Away, NOP, W, L, -6.5, O, 205.5, 0, 1, 105.67, 93.5, 40.67, 87.67, 8.83, 26.0, 15.5, 20.17, 12.67, 47.33, 24.83, 10.67, 6.17, 13.33, 17.0, 36.17, 87.67, 5.33, 20.67, 15.83, 21.33, 13.67, 47.17, 19.5, 9.5, 2.67, 16.5, 17.5, 103.17, 106.33, 40.33, 83.17, 7.0, 19.5, 15.5, 21.33, 10.83, 44.83, 22.67, 5.17, 4.5, 12.0, 16.0, 41.83, 86.33, 9.67, 22.5, 13.0, 18.17, 8.83, 37.83, 23.5, 6.83, 6.5, 8.33, 16.67
24, 2014-12-16, Away, MEM, L, L, 3.5, U, 204, 0, 0, 110.67, 97.67, 41.67, 88.33, 9.33, 25.5, 18.0, 23.0, 11.83, 46.83, 24.33, 10.5, 6.83, 14.0, 17.67, 37.5, 90.0, 5.67, 22.33, 17.0, 23.17, 14.33, 47.83, 20.0, 10.0, 3.17, 16.83, 19.17, 107.83, 104.33, 40.67, 82.0, 6.5, 15.17, 20.0, 26.33, 8.67, 40.67, 23.83, 7.67, 5.33, 13.5, 18.5, 39.83, 87.0, 10.67, 25.67, 14.0, 19.83, 13.33, 43.83, 20.83, 8.67, 6.67, 15.0, 22.5
25, 2014-12-18, Home, OKC, W, W, -2.5, O, 211.5, 0, 0, 108.33, 101.0, 40.33, 87.5, 9.17, 27.0, 18.5, 22.17, 11.33, 45.67, 22.17, 10.17, 7.33, 14.83, 19.5, 38.33, 90.5, 6.0, 22.17, 18.33, 24.17, 14.33, 48.0, 20.17, 10.17, 3.17, 16.0, 19.33, 106.67, 93.5, 40.5, 85.17, 5.5, 21.67, 20.17, 25.17, 14.0, 50.17, 21.0, 8.5, 7.33, 15.17, 22.83, 34.17, 84.33, 5.5, 21.33, 19.67, 26.17, 11.33, 39.5, 21.17, 7.83, 3.67, 13.67, 20.83
26, 2014-12-22, Home, SAC, W, W, -11, O, 212, 1, 0, 108.67, 102.17, 41.67, 88.33, 9.17, 27.17, 16.17, 19.67, 10.5, 45.5, 23.0, 9.33, 7.5, 14.5, 18.5, 39.17, 91.0, 6.67, 22.83, 17.17, 23.67, 12.83, 46.83, 19.0, 10.0, 3.33, 14.83, 18.0, 100.17, 103.17, 36.0, 79.5, 7.33, 19.5, 20.83, 29.33, 11.5, 45.67, 20.5, 5.83, 4.0, 17.5, 22.5, 37.0, 86.5, 9.17, 26.33, 20.0, 26.67, 11.83, 40.83, 20.5, 9.33, 5.17, 12.33, 23.83
27, 2014-12-23, Away, LAL, L, L, -10, O, 216.5, 0, 1, 113.0, 105.83, 42.83, 88.33, 9.83, 27.67, 17.5, 21.33, 9.67, 44.5, 25.0, 8.33, 7.5, 13.67, 18.67, 41.0, 91.33, 7.67, 23.83, 16.17, 22.33, 11.33, 45.17, 20.5, 8.83, 3.5, 13.83, 19.17, 100.83, 103.5, 36.5, 88.83, 8.67, 23.83, 19.17, 24.67, 12.17, 44.5, 22.0, 8.5, 4.5, 10.83, 21.5, 37.83, 83.0, 7.33, 19.5, 20.5, 28.33, 11.17, 46.67, 20.83, 6.5, 4.67, 13.83, 20.5
28, 2014-12-25, Away, LAC, L, L, 2, U, 218.5, 0, 0, 113.0, 109.5, 42.67, 88.83, 10.5, 28.17, 17.17, 20.83, 10.5, 43.83, 24.83, 8.17, 7.0, 14.33, 19.0, 42.5, 91.17, 8.17, 22.33, 16.33, 22.67, 11.5, 44.83, 22.67, 9.17, 4.83, 14.0, 18.83, 108.17, 105.67, 38.83, 83.67, 9.0, 23.17, 21.5, 30.33, 12.83, 43.17, 25.67, 10.0, 4.17, 11.5, 20.17, 39.83, 81.17, 9.33, 24.17, 16.67, 24.5, 10.17, 41.0, 29.0, 6.67, 2.33, 15.5, 23.17
29, 2014-12-27, Home, MIN, W, L, -18.5, U, 216, 1, 0, 109.83, 109.83, 42.17, 88.33, 9.83, 27.5, 15.67, 20.0, 10.33, 43.67, 25.33, 8.83, 6.5, 14.83, 18.5, 42.17, 90.83, 8.83, 23.5, 16.67, 22.83, 10.5, 44.33, 23.33, 9.0, 5.5, 13.67, 18.33, 98.17, 109.0, 38.67, 88.67, 4.0, 11.5, 16.83, 24.67, 13.17, 41.83, 23.67, 7.83, 5.33, 12.83, 19.67, 41.67, 85.83, 7.33, 19.83, 18.33, 23.83, 12.5, 45.0, 24.5, 7.83, 6.17, 13.67, 20.83
30, 2014-12-30, Home, PHI, W, W, -17.5, O, 209, 0, 0, 106.83, 105.67, 41.67, 88.67, 9.83, 28.17, 13.67, 17.67, 10.5, 43.17, 27.0, 10.5, 6.0, 14.33, 18.83, 40.0, 86.83, 8.83, 22.17, 16.83, 24.67, 10.67, 44.83, 24.5, 8.33, 5.33, 15.5, 16.83, 88.17, 98.5, 32.17, 79.67, 5.83, 22.67, 18.0, 25.17, 11.0, 43.83, 16.67, 9.83, 8.33, 19.17, 19.67, 36.83, 86.67, 8.83, 27.33, 16.0, 22.0, 13.83, 47.0, 21.17, 11.17, 6.33, 16.83, 21.0
31, 2015-01-02, Home, TOR, W, W, -4.5, O, 216.5, 0, 0, 111.5, 102.5, 42.83, 86.5, 10.33, 27.67, 15.5, 20.17, 9.33, 42.0, 30.33, 12.17, 6.0, 14.33, 19.0, 38.5, 85.83, 9.0, 23.17, 16.5, 25.33, 12.0, 44.83, 23.17, 8.67, 5.0, 18.0, 16.83, 111.83, 106.5, 42.0, 91.17, 9.67, 28.17, 18.17, 24.83, 13.5, 43.83, 20.83, 7.0, 3.33, 8.33, 21.83, 38.83, 85.5, 7.83, 21.5, 21.0, 25.83, 12.17, 44.17, 23.33, 4.5, 7.0, 12.5, 20.33
32, 2015-01-05, Home, OKC, W, W, -3.5, U, 216.5, 0, 0, 113.5, 101.83, 43.0, 86.17, 10.33, 27.17, 17.17, 21.83, 10.0, 43.0, 30.83, 12.0, 6.17, 14.33, 19.5, 38.33, 85.83, 8.83, 23.17, 16.33, 24.67, 12.5, 43.83, 24.17, 9.0, 4.5, 18.0, 17.0, 112.67, 107.33, 42.33, 90.33, 7.83, 21.5, 20.17, 27.17, 13.5, 49.67, 21.17, 7.5, 5.17, 12.67, 24.17, 38.17, 86.83, 10.5, 26.17, 20.5, 24.83, 9.33, 41.83, 22.83, 6.67, 3.17, 14.17, 22.67
33, 2015-01-07, Home, IND, W, W, -11.5, O, 202, 0, 0, 111.67, 99.0, 41.67, 85.67, 11.33, 27.67, 17.0, 23.17, 10.0, 44.5, 29.33, 11.83, 5.83, 14.33, 20.0, 36.17, 87.17, 8.33, 25.0, 18.33, 26.83, 14.33, 47.17, 22.17, 9.83, 4.5, 17.67, 18.33, 98.67, 92.0, 36.33, 82.17, 7.83, 18.33, 18.17, 22.83, 9.83, 43.0, 23.17, 6.67, 4.17, 12.0, 20.83, 32.5, 79.83, 5.67, 19.83, 21.33, 25.33, 9.33, 39.67, 18.33, 6.5, 5.83, 11.5, 20.33
34, 2015-01-09, Home, CLE, W, W, -13, U, 210.5, 0, 0, 113.67, 96.83, 42.67, 86.83, 11.33, 28.0, 17.0, 23.67, 9.83, 44.5, 31.0, 12.33, 6.0, 13.0, 20.83, 34.67, 85.83, 7.33, 25.0, 20.17, 27.83, 13.0, 47.0, 21.5, 8.67, 3.17, 17.83, 19.0, 91.17, 100.17, 33.5, 84.83, 9.0, 26.83, 15.17, 20.83, 12.5, 42.5, 20.5, 7.67, 3.33, 12.5, 18.0, 38.83, 83.17, 9.67, 27.5, 12.83, 18.67, 11.0, 46.17, 25.83, 8.17, 6.0, 13.83, 21.17
35, 2015-01-13, Away, UTA, W, W, -8, O, 202, 0, 0, 118.0, 95.83, 44.17, 87.83, 12.0, 28.33, 17.67, 22.83, 10.0, 44.5, 32.83, 12.0, 6.67, 12.5, 20.67, 34.83, 85.67, 7.0, 23.5, 19.17, 26.5, 13.5, 46.17, 20.67, 8.33, 2.67, 18.0, 18.0, 94.5, 94.17, 34.5, 77.33, 7.0, 21.33, 18.5, 24.33, 12.33, 44.67, 20.0, 8.83, 8.33, 16.33, 18.17, 34.17, 82.17, 7.5, 21.67, 18.33, 21.33, 11.0, 38.83, 21.17, 9.67, 4.0, 12.83, 19.0
36, 2015-01-14, Home, MIA, W, P, -15, U, 201, 1, 1, 119.0, 97.17, 45.0, 88.33, 12.33, 27.83, 16.67, 21.5, 9.5, 42.5, 32.83, 10.83, 6.5, 11.33, 19.83, 35.67, 86.33, 6.83, 23.83, 19.0, 24.5, 13.17, 45.67, 18.17, 7.83, 3.0, 16.5, 18.0, 87.83, 94.83, 33.33, 74.67, 4.17, 16.33, 17.0, 23.33, 9.67, 41.83, 21.17, 6.67, 7.17, 14.17, 18.5, 35.5, 85.0, 8.5, 24.83, 15.33, 20.33, 12.0, 41.33, 19.67, 7.5, 3.67, 11.5, 19.67
37, 2015-01-16, Away, OKC, L, L, -1, O, 217, 1, 0, 115.33, 97.67, 43.67, 88.17, 12.5, 28.0, 15.5, 20.17, 9.83, 41.5, 31.33, 8.5, 5.5, 11.17, 20.0, 35.17, 83.83, 6.83, 23.5, 20.5, 25.17, 12.0, 44.5, 18.67, 6.83, 3.33, 14.83, 18.5, 103.33, 110.5, 36.83, 90.17, 8.5, 27.0, 21.17, 27.0, 13.17, 47.0, 21.33, 8.5, 6.67, 14.67, 22.33, 39.83, 85.67, 12.0, 25.33, 18.83, 25.17, 9.67, 44.83, 22.67, 9.0, 4.33, 14.67, 21.0
38, 2015-01-17, Away, HOU, W, W, 2, O, 214.5, 0, 1, 113.5, 101.33, 42.5, 88.17, 12.0, 27.33, 16.5, 21.5, 9.67, 41.17, 29.5, 8.83, 4.5, 12.0, 19.33, 37.0, 85.67, 6.83, 23.0, 20.5, 25.0, 12.83, 47.33, 19.33, 7.0, 3.5, 14.67, 19.33, 110.0, 98.5, 39.5, 82.5, 13.67, 34.33, 17.33, 23.17, 11.17, 40.0, 24.67, 11.83, 3.67, 17.0, 20.17, 36.33, 81.17, 8.5, 24.67, 17.33, 22.17, 10.5, 39.83, 20.5, 10.83, 4.17, 18.5, 18.83
39, 2015-01-19, Home, DEN, W, W, -13.5, U, 218, 0, 0, 115.83, 103.83, 44.0, 88.67, 11.0, 26.33, 16.83, 21.67, 10.0, 40.33, 30.33, 9.33, 5.67, 12.33, 19.17, 38.17, 84.0, 7.17, 22.17, 20.33, 25.0, 11.17, 44.0, 19.83, 7.0, 3.0, 15.67, 19.17, 104.83, 102.67, 39.83, 83.33, 7.0, 21.33, 18.17, 25.33, 10.33, 44.83, 24.0, 7.5, 5.0, 14.17, 22.67, 38.67, 87.0, 8.17, 24.33, 17.17, 21.33, 10.83, 42.67, 21.83, 7.33, 4.0, 12.83, 20.67
40, 2015-01-21, Home, HOU, W, W, -8, O, 219, 0, 0, 116.67, 100.0, 43.83, 87.0, 11.17, 26.17, 17.83, 22.83, 9.5, 42.67, 30.33, 9.17, 6.17, 12.67, 17.67, 37.0, 85.0, 7.33, 21.83, 18.67, 24.33, 11.67, 43.67, 18.67, 7.83, 3.17, 15.5, 19.17, 108.5, 105.17, 38.5, 82.0, 12.17, 31.67, 19.33, 25.0, 9.67, 38.67, 24.17, 11.83, 3.0, 17.0, 19.83, 39.33, 83.5, 7.5, 23.67, 19.0, 24.0, 10.5, 42.67, 23.0, 11.17, 5.17, 18.0, 19.17
41, 2015-01-23, Home, SAC, W, W, -15.5, O, 217.5, 0, 0, 119.0, 103.17, 44.83, 89.0, 11.67, 26.0, 17.67, 23.0, 10.67, 43.0, 28.83, 9.83, 6.33, 13.17, 18.17, 37.33, 85.17, 8.33, 23.33, 20.17, 25.67, 12.17, 43.83, 20.33, 8.0, 3.5, 16.33, 20.5, 98.67, 100.83, 37.67, 82.67, 4.67, 16.5, 18.67, 24.17, 11.33, 48.0, 19.17, 5.67, 2.67, 15.17, 20.5, 37.83, 85.17, 8.33, 26.17, 16.83, 23.83, 9.0, 39.17, 22.33, 8.83, 5.17, 10.83, 20.83
42, 2015-01-25, Home, BOS, W, L, -18, O, 213, 0, 0, 120.67, 102.5, 44.67, 89.5, 12.33, 28.5, 19.0, 24.5, 11.67, 45.5, 28.83, 10.33, 6.83, 14.5, 19.17, 36.5, 85.33, 7.83, 22.67, 21.67, 27.33, 12.17, 43.67, 21.17, 8.83, 2.83, 17.0, 20.33, 97.5, 102.33, 37.0, 83.67, 8.67, 23.67, 14.83, 19.33, 11.83, 43.33, 23.67, 6.67, 4.0, 13.83, 19.83, 37.33, 82.83, 8.83, 23.17, 18.83, 23.33, 11.67, 42.17, 22.33, 9.0, 6.17, 11.67, 15.83
43, 2015-01-27, Home, CHI, L, L, -11, O, 213.5, 0, 0, 122.33, 106.17, 45.33, 90.83, 11.5, 27.5, 20.17, 25.5, 11.5, 47.33, 28.83, 11.0, 6.5, 14.5, 19.0, 38.33, 89.33, 8.5, 24.33, 21.0, 27.33, 12.5, 44.83, 21.83, 8.83, 2.67, 16.5, 20.67, 100.33, 98.83, 36.67, 81.67, 8.67, 21.0, 18.33, 22.5, 10.5, 42.5, 20.17, 7.0, 7.17, 11.33, 16.83, 38.0, 84.33, 6.17, 18.67, 16.67, 20.17, 11.83, 43.67, 22.0, 7.0, 6.83, 11.33, 18.17
44, 2015-01-30, Away, UTA, L, L, -10, O, 205.5, 0, 0, 121.67, 103.83, 46.33, 94.33, 11.5, 29.0, 17.5, 22.83, 11.83, 48.17, 30.0, 10.83, 6.5, 14.33, 19.17, 36.83, 89.5, 8.17, 25.5, 22.0, 28.0, 13.0, 46.0, 20.5, 8.5, 3.33, 17.67, 20.17, 91.5, 93.33, 34.5, 80.17, 8.67, 23.33, 13.83, 19.17, 12.0, 43.67, 21.67, 7.5, 6.33, 14.83, 18.0, 35.5, 79.67, 6.67, 19.0, 15.67, 20.67, 10.67, 39.5, 20.17, 9.83, 5.5, 12.33, 17.17
45, 2015-01-31, Home, PHO, W, W, -10.5, U, 225, 1, 1, 116.5, 104.5, 44.17, 93.5, 11.33, 29.83, 16.83, 21.5, 11.67, 46.83, 28.17, 10.33, 5.0, 14.17, 18.83, 37.67, 90.5, 8.5, 25.83, 20.67, 27.0, 14.17, 48.67, 20.33, 8.5, 4.0, 16.67, 19.5, 108.17, 106.17, 40.83, 87.83, 9.83, 28.17, 16.67, 22.0, 9.5, 42.83, 21.67, 8.83, 4.83, 12.17, 21.33, 38.83, 84.67, 8.83, 22.5, 19.67, 28.17, 11.67, 46.67, 21.67, 6.5, 4.0, 14.33, 18.83
46, 2015-02-03, Away, SAC, W, W, -10, U, 218, 0, 0, 113.83, 105.83, 43.5, 94.5, 11.17, 30.67, 15.67, 20.0, 12.0, 45.33, 27.67, 10.5, 5.33, 14.5, 19.83, 38.17, 91.17, 8.83, 26.17, 20.67, 26.67, 15.33, 50.83, 21.17, 8.67, 4.33, 17.33, 19.17, 97.67, 106.83, 34.33, 79.83, 4.67, 16.17, 24.33, 29.67, 10.17, 44.17, 17.0, 8.17, 3.0, 16.5, 20.33, 38.5, 84.17, 11.0, 31.0, 18.83, 24.0, 9.67, 41.17, 24.67, 11.17, 5.17, 15.17, 22.83
47, 2015-02-04, Home, DAL, W, W, -8, O, 217, 0, 1, 113.0, 103.0, 43.0, 93.33, 10.67, 29.67, 16.33, 21.33, 11.67, 45.83, 28.83, 10.5, 4.67, 13.67, 19.83, 37.83, 89.83, 7.83, 23.5, 19.5, 25.5, 13.5, 48.83, 20.17, 8.33, 4.5, 17.17, 19.0, 98.5, 96.0, 37.83, 80.17, 10.0, 26.0, 12.83, 18.5, 9.83, 41.17, 22.17, 8.83, 5.67, 14.17, 17.67, 35.67, 82.33, 8.67, 23.17, 16.0, 20.0, 12.5, 43.33, 21.33, 9.0, 3.0, 14.0, 20.67
48, 2015-02-06, Away, ATL, L, L, -2, O, 213, 0, 0, 113.33, 105.17, 43.0, 92.0, 11.0, 29.33, 16.33, 21.83, 11.33, 45.83, 28.33, 9.17, 4.17, 13.0, 19.83, 39.0, 92.5, 8.83, 25.67, 18.33, 24.5, 14.0, 48.67, 21.0, 7.67, 4.17, 15.33, 19.33, 104.33, 99.5, 39.17, 82.17, 10.17, 26.5, 15.83, 21.33, 8.83, 39.67, 24.67, 7.17, 3.83, 11.0, 18.0, 37.17, 81.5, 8.83, 24.0, 16.33, 20.33, 10.17, 42.5, 24.17, 6.0, 4.33, 12.83, 20.5
49, 2015-02-07, Away, NYK, W, L, -15, U, 203.5, 1, 1, 113.67, 107.33, 43.83, 94.33, 11.67, 31.0, 14.33, 20.17, 13.0, 46.5, 28.67, 8.83, 4.83, 13.17, 20.5, 38.5, 89.5, 9.67, 25.5, 20.67, 26.17, 12.5, 47.0, 21.83, 9.0, 4.33, 15.17, 19.0, 88.33, 91.83, 35.67, 84.5, 7.0, 19.0, 10.0, 14.83, 11.17, 42.33, 22.33, 6.17, 4.33, 10.33, 20.67, 34.5, 77.83, 4.83, 16.33, 18.0, 24.17, 9.83, 44.83, 17.5, 5.33, 6.17, 12.67, 17.0
50, 2015-02-09, Away, PHI, W, L, -15.5, U, 205.5, 0, 0, 112.83, 103.83, 42.0, 89.0, 12.17, 29.67, 16.67, 22.17, 12.5, 46.5, 27.0, 8.67, 5.33, 13.33, 21.17, 37.33, 87.67, 9.67, 23.67, 19.5, 25.17, 11.83, 44.17, 22.5, 9.17, 3.5, 13.83, 19.33, 93.67, 94.67, 32.33, 76.0, 10.83, 27.67, 18.17, 26.17, 8.5, 42.5, 23.0, 9.67, 6.17, 16.83, 21.17, 34.0, 81.17, 9.17, 25.0, 17.5, 23.0, 9.0, 43.0, 23.83, 8.67, 4.5, 14.5, 20.67
51, 2015-02-11, Away, MIN, W, L, -9.5, U, 217.5, 0, 0, 111.0, 99.5, 41.5, 88.83, 12.0, 30.0, 16.0, 21.17, 11.67, 46.33, 27.83, 9.83, 5.83, 13.5, 20.33, 35.83, 85.17, 9.33, 23.5, 18.5, 22.83, 10.67, 43.67, 22.5, 9.0, 3.17, 16.5, 19.17, 98.83, 102.33, 36.83, 81.0, 5.0, 13.67, 20.17, 24.5, 12.5, 41.17, 21.83, 7.67, 2.67, 14.67, 20.0, 39.5, 80.83, 8.17, 23.83, 15.17, 20.5, 11.5, 40.5, 20.67, 10.5, 5.67, 14.83, 20.83
52, 2015-02-20, Home, SAS, W, W, -7.5, U, 212.5, 1, 0, 109.0, 100.17, 41.5, 89.33, 11.17, 29.17, 14.83, 19.67, 11.83, 47.17, 27.67, 9.17, 5.5, 13.5, 20.0, 35.83, 84.33, 8.67, 21.5, 19.83, 24.5, 10.0, 43.33, 21.83, 8.5, 2.67, 15.17, 18.67, 100.67, 95.67, 39.5, 86.83, 9.67, 28.17, 12.0, 15.0, 11.17, 43.5, 27.33, 8.5, 4.83, 12.33, 18.17, 36.83, 80.67, 7.33, 18.5, 14.67, 21.5, 8.67, 42.17, 22.5, 7.0, 4.17, 12.67, 15.33
53, 2015-02-22, Away, IND, L, L, -4, U, 204, 0, 0, 107.17, 100.67, 40.67, 88.17, 12.33, 30.83, 13.5, 18.33, 10.67, 45.67, 27.0, 8.67, 5.5, 13.67, 19.17, 36.5, 84.67, 8.5, 22.0, 19.17, 23.83, 10.67, 45.0, 23.17, 8.33, 2.67, 14.83, 18.5, 104.17, 98.83, 39.33, 81.0, 8.67, 20.67, 16.83, 20.33, 8.67, 41.5, 24.83, 7.0, 2.83, 11.83, 19.33, 37.33, 83.33, 8.67, 23.0, 15.5, 21.0, 10.17, 39.0, 20.5, 7.0, 5.0, 12.0, 18.5
54, 2015-02-24, Away, WAS, W, W, -6.5, O, 203.5, 0, 0, 102.17, 99.0, 38.83, 88.67, 10.67, 28.83, 13.83, 17.83, 11.17, 45.5, 25.33, 9.33, 5.5, 13.0, 19.67, 36.17, 81.83, 8.17, 20.17, 18.5, 23.0, 9.5, 45.67, 22.5, 7.5, 3.17, 16.0, 19.17, 94.67, 96.5, 37.67, 84.0, 5.5, 18.17, 13.83, 18.83, 12.67, 46.17, 25.17, 6.0, 4.33, 15.17, 20.67, 34.33, 81.83, 8.67, 26.0, 19.17, 25.33, 11.5, 41.83, 19.5, 9.17, 5.83, 12.5, 18.67
55, 2015-02-26, Away, CLE, L, L, 3, U, 216.5, 0, 0, 101.83, 96.17, 38.5, 86.5, 10.67, 27.17, 14.17, 18.17, 8.67, 41.83, 24.67, 10.17, 4.5, 12.17, 18.5, 36.83, 82.17, 6.5, 18.67, 16.0, 20.33, 10.33, 46.83, 21.67, 6.0, 3.17, 18.17, 19.33, 110.17, 96.0, 41.0, 81.83, 12.67, 32.0, 15.5, 21.33, 7.83, 43.5, 25.83, 7.67, 4.17, 14.0, 18.83, 37.5, 90.5, 6.33, 21.5, 14.67, 19.67, 14.33, 44.67, 21.0, 8.5, 4.0, 11.67, 20.0
56, 2015-02-27, Away, TOR, W, W, -2, U, 212.5, 0, 1, 100.67, 99.17, 38.83, 88.33, 10.5, 27.83, 12.5, 17.33, 9.0, 41.17, 26.5, 10.5, 4.67, 12.17, 19.33, 37.0, 80.5, 6.67, 20.33, 18.5, 23.33, 9.17, 48.0, 20.33, 6.5, 3.33, 18.67, 19.17, 92.0, 92.0, 34.0, 81.83, 7.67, 22.67, 16.33, 21.33, 10.0, 42.17, 17.33, 12.33, 5.33, 14.83, 17.83, 35.33, 84.5, 7.33, 26.17, 14.0, 19.67, 13.83, 49.0, 22.17, 9.83, 6.67, 18.5, 16.5
57, 2015-03-01, Away, BOS, W, L, -8.5, U, 217.5, 0, 0, 104.67, 100.0, 40.17, 88.67, 11.5, 27.67, 12.83, 17.33, 9.5, 42.33, 27.33, 9.83, 4.67, 11.83, 20.67, 36.67, 80.17, 6.17, 20.0, 20.5, 25.67, 8.83, 46.33, 19.33, 6.0, 3.17, 17.33, 18.83, 106.17, 102.83, 38.83, 93.17, 11.0, 30.17, 17.5, 23.0, 13.17, 46.5, 25.17, 9.5, 3.17, 12.17, 22.0, 38.5, 84.33, 7.17, 23.83, 18.67, 25.17, 10.0, 47.67, 22.33, 7.17, 5.33, 16.5, 20.83
58, 2015-03-02, Away, BRK, L, L, -5.5, O, 209, 0, 1, 106.67, 101.67, 40.17, 89.5, 12.33, 28.83, 14.0, 18.67, 10.33, 43.33, 26.17, 9.33, 5.0, 11.0, 20.67, 37.83, 84.0, 6.67, 22.83, 19.33, 24.0, 10.5, 48.0, 19.83, 5.5, 3.33, 16.67, 19.33, 101.33, 96.67, 39.5, 86.0, 6.33, 19.17, 16.0, 20.33, 12.17, 46.33, 19.0, 6.67, 5.0, 13.83, 19.83, 36.67, 84.0, 7.67, 25.67, 15.67, 21.67, 11.17, 43.5, 23.17, 9.17, 5.0, 13.33, 21.0
59, 2015-03-04, Home, MIL, W, L, -13, U, 202, 1, 0, 106.33, 103.5, 40.33, 90.5, 11.33, 28.33, 14.33, 18.67, 12.0, 45.0, 25.67, 9.5, 5.33, 11.5, 21.0, 38.67, 85.33, 7.33, 23.17, 18.83, 23.33, 10.67, 47.0, 19.0, 5.67, 2.83, 16.17, 18.0, 87.33, 93.5, 34.0, 81.67, 5.33, 17.5, 14.0, 18.67, 10.17, 41.83, 20.67, 10.5, 5.5, 17.33, 21.5, 33.5, 80.83, 8.67, 25.83, 17.83, 22.83, 12.67, 47.0, 21.83, 9.67, 5.67, 18.83, 19.67
60, 2015-03-06, Home, DAL, W, W, -11.5, U, 208.5, 1, 0, 107.0, 101.67, 40.83, 87.83, 12.17, 29.67, 13.17, 19.17, 10.5, 43.17, 27.5, 10.67, 5.83, 12.67, 20.83, 37.83, 85.17, 6.83, 22.33, 19.17, 23.67, 12.17, 47.17, 18.5, 7.0, 2.33, 17.5, 17.33, 91.5, 94.67, 35.67, 81.0, 5.83, 21.33, 14.33, 17.17, 8.33, 41.5, 18.0, 7.83, 4.17, 13.17, 16.0, 36.5, 82.0, 9.17, 24.33, 12.5, 16.67, 10.0, 44.33, 20.67, 7.17, 3.5, 14.33, 18.67
61, 2015-03-08, Home, LAC, W, L, -9, U, 213, 0, 0, 105.33, 98.67, 39.67, 86.33, 12.0, 29.67, 14.0, 19.5, 11.33, 46.83, 27.67, 9.5, 7.5, 14.83, 21.5, 36.17, 86.5, 7.0, 22.67, 19.33, 24.5, 11.17, 45.33, 17.5, 8.83, 1.83, 15.0, 17.33, 98.0, 94.67, 38.33, 87.17, 9.83, 29.33, 11.5, 20.0, 9.5, 47.5, 20.5, 5.83, 7.17, 11.17, 22.0, 33.17, 85.33, 7.83, 24.0, 20.5, 27.5, 11.0, 48.0, 21.67, 5.67, 4.33, 11.67, 20.0
62, 2015-03-09, Away, PHO, W, W, -5.5, U, 213.5, 0, 1, 106.5, 96.67, 39.83, 84.33, 11.83, 28.5, 15.0, 20.17, 10.17, 45.67, 26.17, 10.0, 7.0, 14.67, 20.0, 36.83, 87.5, 6.83, 22.17, 16.17, 21.0, 11.33, 43.33, 19.17, 8.5, 2.0, 15.33, 17.83, 96.83, 103.0, 35.33, 85.5, 6.83, 24.17, 19.33, 26.5, 11.0, 44.17, 18.67, 7.83, 4.0, 15.67, 22.0, 38.17, 89.0, 6.67, 19.83, 20.0, 24.0, 12.33, 49.33, 19.67, 8.33, 3.5, 15.33, 24.67
63, 2015-03-11, Home, DET, W, L, -14, U, 205, 1, 0, 104.0, 95.17, 38.67, 83.67, 11.83, 29.0, 14.83, 20.17, 10.17, 45.83, 23.83, 10.0, 7.5, 15.67, 19.83, 36.5, 87.5, 6.83, 20.33, 15.33, 20.17, 11.0, 42.5, 18.83, 9.33, 1.67, 15.17, 18.17, 95.67, 102.0, 37.17, 90.67, 5.83, 24.83, 15.5, 21.83, 14.17, 46.67, 21.0, 8.17, 5.83, 14.0, 21.33, 38.33, 87.0, 5.0, 18.0, 20.33, 24.17, 12.0, 47.83, 24.17, 7.83, 5.83, 12.5, 19.83
64, 2015-03-13, Away, DEN, L, L, 2.5, O, 207, 0, 0, 103.83, 94.67, 39.33, 81.83, 11.0, 26.67, 14.17, 19.5, 9.33, 43.67, 25.5, 10.17, 7.17, 16.83, 18.67, 36.83, 85.67, 6.17, 17.17, 14.83, 19.33, 10.67, 40.67, 18.33, 9.67, 2.0, 16.0, 18.0, 106.33, 99.0, 40.67, 87.83, 9.33, 26.0, 15.67, 20.17, 10.67, 44.67, 24.33, 8.83, 5.33, 13.67, 23.17, 35.5, 81.5, 7.67, 22.33, 20.33, 27.33, 8.33, 40.83, 21.17, 7.67, 5.83, 14.67, 20.5
65, 2015-03-14, Home, NYK, W, W, -19.5, O, 200, 0, 1, 103.0, 95.33, 38.83, 82.17, 10.5, 24.83, 14.83, 20.17, 8.0, 41.17, 26.0, 9.17, 7.67, 15.67, 19.5, 36.33, 84.5, 5.83, 16.5, 16.83, 22.83, 11.0, 43.0, 18.83, 9.17, 2.33, 16.0, 19.67, 85.83, 101.33, 31.0, 77.83, 5.33, 16.17, 18.5, 25.17, 8.83, 40.0, 18.33, 5.17, 6.83, 13.33, 22.83, 35.83, 81.5, 7.67, 19.67, 22.0, 28.33, 10.0, 45.0, 19.67, 7.0, 4.33, 11.0, 22.17
66, 2015-03-16, Home, LAL, W, L, -18, O, 209, 1, 0, 106.83, 95.5, 40.17, 85.0, 11.33, 24.83, 15.17, 18.83, 8.67, 42.5, 26.67, 8.67, 7.33, 14.5, 18.17, 37.0, 87.17, 6.5, 18.33, 15.0, 21.33, 11.67, 43.67, 20.17, 8.33, 3.83, 14.67, 19.17, 91.67, 95.67, 36.5, 84.0, 4.83, 15.5, 13.83, 18.83, 11.83, 47.33, 21.67, 7.0, 4.0, 14.0, 23.5, 34.33, 78.5, 5.83, 21.5, 21.17, 28.33, 8.17, 39.83, 21.17, 8.17, 6.33, 10.0, 17.17
67, 2015-03-18, Home, ATL, W, W, -6.5, O, 207.5, 0, 0, 107.5, 98.17, 40.5, 85.5, 10.67, 25.5, 15.83, 19.5, 8.33, 40.17, 26.67, 10.5, 6.67, 13.17, 18.17, 38.17, 86.83, 6.83, 17.5, 15.0, 20.5, 12.83, 45.5, 21.33, 7.67, 4.5, 15.83, 19.0, 102.17, 98.0, 38.0, 81.5, 10.83, 26.67, 15.33, 19.83, 7.67, 36.33, 25.33, 9.67, 5.83, 13.67, 18.0, 36.67, 84.0, 9.67, 25.33, 15.0, 19.67, 13.83, 47.17, 22.67, 8.67, 4.83, 18.33, 18.17
68, 2015-03-20, Home, NOP, W, W, -14, O, 201.5, 1, 0, 108.83, 97.67, 41.17, 86.17, 11.33, 26.83, 15.17, 19.0, 8.83, 41.33, 29.33, 9.67, 7.33, 14.0, 19.5, 36.67, 87.5, 6.83, 17.0, 17.5, 23.17, 13.83, 46.33, 21.17, 8.67, 4.67, 15.33, 18.67, 98.0, 93.17, 38.83, 84.5, 8.0, 20.67, 12.33, 17.0, 9.83, 44.83, 26.33, 6.33, 7.5, 14.17, 19.17, 35.17, 83.67, 5.33, 20.0, 17.5, 24.17, 10.5, 43.83, 20.17, 8.17, 6.83, 12.17, 17.83
69, 2015-03-21, Home, UTA, W, W, -9, O, 191.5, 0, 1, 111.17, 100.33, 42.67, 87.0, 10.0, 24.83, 15.83, 19.67, 9.33, 40.33, 31.33, 9.33, 7.0, 12.67, 19.17, 37.33, 87.5, 8.0, 18.83, 17.67, 23.0, 14.33, 47.17, 22.67, 7.5, 5.0, 15.67, 18.33, 90.33, 80.83, 33.17, 75.5, 8.5, 22.67, 15.5, 24.0, 11.33, 45.83, 19.17, 7.33, 6.83, 12.33, 18.5, 30.67, 76.67, 5.67, 18.17, 13.83, 20.17, 8.83, 39.83, 16.5, 6.5, 3.33, 12.5, 19.67
70, 2015-03-23, Home, WAS, W, W, -11, U, 207.5, 1, 0, 111.33, 99.17, 41.67, 86.0, 10.17, 24.5, 17.83, 21.83, 8.83, 39.5, 30.67, 10.33, 6.5, 11.5, 20.17, 35.67, 83.33, 9.0, 20.5, 18.83, 24.5, 12.5, 44.83, 22.83, 7.33, 4.5, 16.0, 18.83, 99.67, 97.83, 38.17, 79.83, 6.67, 17.0, 16.67, 23.0, 9.17, 41.17, 23.67, 6.83, 3.83, 13.0, 20.17, 36.83, 82.17, 6.83, 21.33, 17.33, 23.67, 10.83, 40.17, 23.17, 6.83, 3.67, 14.33, 20.33
71, 2015-03-24, Away, POR, W, W, -7, O, 204.5, 0, 1, 112.0, 92.83, 41.67, 86.5, 11.0, 26.83, 17.67, 21.67, 10.5, 44.0, 29.67, 11.0, 5.83, 12.0, 18.33, 33.33, 83.17, 8.17, 19.5, 18.0, 22.67, 11.17, 42.5, 21.5, 7.5, 4.33, 15.67, 17.67, 103.67, 102.83, 39.83, 82.0, 9.17, 25.0, 14.83, 18.83, 9.5, 43.5, 20.67, 3.83, 2.83, 12.5, 16.17, 40.83, 86.83, 7.0, 15.83, 14.17, 19.17, 10.5, 41.83, 22.0, 6.83, 3.0, 8.67, 18.17
72, 2015-03-27, Away, MEM, W, W, -3.5, U, 198.5, 0, 0, 111.5, 95.17, 42.5, 85.33, 9.83, 25.5, 16.67, 20.67, 10.17, 44.67, 30.17, 9.5, 5.67, 12.67, 18.67, 33.5, 82.5, 9.17, 21.0, 19.0, 23.17, 9.83, 39.83, 21.17, 8.0, 3.0, 14.83, 17.33, 98.0, 94.33, 37.33, 81.67, 7.0, 15.33, 16.33, 21.33, 11.0, 42.17, 20.33, 8.0, 3.17, 13.0, 19.67, 35.17, 79.33, 8.67, 24.5, 15.33, 20.67, 8.67, 41.0, 20.17, 6.67, 4.5, 15.5, 20.33
73, 2015-03-28, Away, MIL, W, W, -4.5, U, 208, 0, 1, 111.33, 91.67, 42.33, 86.33, 11.33, 26.17, 15.33, 19.67, 11.33, 45.67, 30.17, 9.33, 5.33, 12.67, 18.0, 32.67, 81.0, 8.67, 20.67, 17.67, 22.17, 9.5, 39.0, 20.33, 7.67, 2.5, 15.0, 17.17, 100.67, 105.17, 38.83, 87.5, 5.83, 16.33, 17.17, 23.17, 15.0, 49.17, 24.17, 8.0, 7.0, 16.33, 25.0, 36.33, 82.67, 10.33, 25.0, 22.17, 29.17, 9.67, 41.33, 23.67, 9.33, 4.67, 14.33, 20.67
74, 2015-03-31, Away, LAC, W, W, 3, U, 219, 0, 0, 110.33, 91.67, 42.0, 86.0, 11.0, 25.33, 15.33, 18.67, 10.83, 45.83, 28.17, 9.17, 5.5, 13.33, 18.0, 33.0, 81.0, 7.67, 19.5, 18.0, 22.5, 9.5, 38.67, 20.33, 7.67, 2.67, 15.0, 17.17, 114.17, 98.0, 43.5, 84.83, 12.0, 28.67, 15.17, 23.67, 9.83, 45.33, 28.67, 7.5, 5.5, 13.0, 20.5, 36.17, 83.5, 7.5, 23.83, 18.17, 23.33, 8.33, 39.17, 21.0, 7.83, 1.83, 13.33, 21.17
75, 2015-04-02, Home, PHO, W, L, -12.5, O, 210, 0, 0, 110.0, 93.33, 41.0, 85.5, 11.5, 25.67, 16.5, 20.5, 10.5, 46.0, 28.0, 8.67, 4.67, 13.17, 18.17, 33.5, 81.83, 6.83, 19.5, 19.5, 24.33, 9.67, 38.5, 19.83, 7.67, 3.5, 13.5, 18.33, 96.33, 101.17, 38.33, 85.17, 5.67, 19.83, 14.0, 19.83, 10.67, 45.0, 18.83, 8.33, 4.17, 15.67, 18.0, 39.67, 87.5, 8.67, 25.5, 13.17, 18.5, 10.33, 44.67, 22.17, 7.17, 3.67, 15.17, 19.17
76, 2015-04-04, Away, DAL, W, W, -6.5, O, 215.5, 0, 0, 110.17, 95.83, 41.83, 88.0, 11.83, 27.0, 14.67, 19.0, 11.83, 48.17, 28.67, 7.83, 5.0, 13.67, 18.67, 35.17, 84.67, 6.0, 19.0, 19.5, 25.17, 9.83, 40.5, 20.83, 7.83, 3.67, 12.83, 17.83, 100.67, 104.83, 40.5, 88.33, 5.67, 19.17, 14.0, 20.0, 10.33, 42.0, 22.5, 7.17, 2.67, 12.83, 23.17, 38.17, 81.83, 9.67, 25.67, 18.83, 25.67, 11.17, 47.67, 22.67, 8.17, 4.17, 15.33, 22.0
77, 2015-04-05, Away, SAS, L, L, 4.5, U, 211.5, 0, 1, 112.83, 101.5, 42.5, 88.0, 12.0, 27.5, 15.83, 20.83, 11.5, 47.0, 29.5, 8.33, 4.67, 14.17, 22.5, 36.33, 84.5, 6.0, 19.83, 22.83, 29.83, 10.67, 41.5, 20.67, 8.0, 3.67, 13.67, 19.17, 108.0, 86.83, 41.5, 83.33, 10.17, 24.17, 14.83, 18.0, 11.17, 46.5, 25.83, 9.0, 5.17, 13.17, 14.83, 35.67, 85.5, 5.33, 16.5, 10.17, 12.17, 10.5, 39.17, 17.5, 7.5, 3.33, 14.33, 17.83
78, 2015-04-07, Away, NOP, L, L, -4.5, U, 206.5, 0, 0, 107.83, 101.33, 40.67, 89.33, 11.5, 27.83, 15.0, 20.67, 12.17, 45.83, 27.5, 8.33, 4.17, 13.67, 21.67, 37.17, 83.0, 4.67, 17.67, 22.33, 29.17, 9.67, 43.5, 21.33, 7.83, 4.0, 14.0, 19.0, 101.5, 92.83, 39.5, 80.67, 8.33, 18.17, 14.17, 21.17, 10.83, 40.67, 23.83, 6.67, 7.33, 11.0, 18.17, 36.17, 80.0, 5.33, 16.33, 15.17, 20.5, 11.67, 40.5, 20.0, 4.83, 3.83, 12.33, 17.5
79, 2015-04-09, Home, POR, W, W, -10.5, O, 210.5, 1, 0, 106.67, 104.5, 41.17, 90.17, 10.33, 26.33, 14.0, 19.5, 11.67, 47.0, 27.0, 6.83, 5.33, 13.17, 22.33, 37.5, 84.17, 5.33, 18.67, 24.17, 31.67, 9.67, 44.33, 22.33, 7.67, 5.0, 12.83, 18.17, 108.17, 96.0, 41.5, 86.5, 10.67, 25.5, 14.5, 16.83, 11.5, 49.5, 21.83, 5.5, 3.67, 11.17, 16.0, 37.83, 86.0, 6.5, 16.5, 13.83, 18.83, 8.67, 39.5, 20.0, 7.0, 3.83, 9.17, 14.67
80, 2015-04-11, Home, MIN, W, L, -20, U, 214.5, 1, 0, 108.0, 106.17, 42.17, 91.5, 10.33, 26.5, 13.33, 18.67, 12.0, 46.83, 27.0, 6.67, 4.83, 11.67, 20.5, 39.67, 86.0, 6.17, 20.17, 20.67, 27.67, 9.0, 44.17, 23.0, 6.33, 5.0, 11.83, 16.83, 94.5, 108.67, 34.5, 78.17, 4.0, 14.33, 21.5, 27.0, 8.0, 34.33, 19.83, 7.5, 4.0, 13.0, 18.17, 41.0, 83.0, 9.83, 27.33, 16.83, 23.17, 13.5, 47.0, 25.17, 7.83, 3.5, 14.0, 21.0
81, 2015-04-13, Home, MEM, W, L, -8, O, 196.5, 0, 0, 108.0, 105.33, 42.83, 92.83, 10.83, 28.17, 11.5, 16.5, 12.5, 48.0, 27.0, 7.33, 5.5, 12.17, 20.33, 39.5, 85.5, 7.0, 20.5, 19.33, 26.5, 8.67, 44.0, 24.33, 7.17, 4.33, 12.5, 16.5, 94.17, 87.17, 37.5, 80.83, 4.67, 16.67, 14.5, 20.0, 10.5, 43.67, 22.5, 6.5, 4.83, 13.0, 19.33, 33.5, 81.17, 6.67, 21.0, 13.5, 19.67, 10.33, 41.5, 18.67, 7.0, 3.0, 13.17, 19.67
82, 2015-04-15, Home, DEN, W, L, -11.5, O, 215.5, 0, 0, 108.67, 105.5, 42.17, 89.67, 11.33, 27.83, 13.0, 18.17, 11.0, 46.17, 27.17, 7.83, 5.83, 13.5, 20.67, 39.33, 86.83, 7.0, 19.83, 19.83, 26.33, 10.17, 43.5, 24.17, 8.0, 4.5, 13.17, 17.5, 112.0, 116.0, 42.0, 94.67, 10.17, 28.5, 17.83, 23.83, 16.5, 47.33, 23.83, 9.0, 2.0, 14.33, 25.5, 41.5, 84.0, 9.17, 25.33, 23.83, 32.83, 11.0, 43.17, 27.33, 9.17, 5.17, 15.67, 20.33
