16, 2013-11-27, Away, ORL, L, L, 4, U, 209, 1, 0, 102.93, 109.29, 39.36, 88.86, 6.93, 21.71, 17.29, 24.64, 12.14, 46.57, 22.71, 8.21, 5.0, 17.64, 20.07, 40.5, 89.57, 11.0, 28.07, 17.29, 23.21, 11.71, 46.14, 27.36, 9.43, 7.93, 15.93, 20.29, 99.64, 101.0, 37.86, 81.93, 8.07, 20.86, 15.86, 21.21, 9.93, 43.29, 21.5, 7.57, 4.43, 16.71, 21.07, 38.07, 85.36, 6.93, 19.64, 17.93, 22.43, 10.21, 41.14, 23.0, 8.14, 6.43, 13.5, 18.64
17, 2013-11-29, Home, NOP, L, L, 3.5, O, 209.5, 0, 0, 101.86, 109.5, 38.64, 88.21, 7.0, 21.64, 17.57, 24.86, 12.14, 46.14, 22.43, 8.21, 4.86, 17.36, 19.93, 40.64, 88.71, 10.64, 27.57, 17.57, 23.5, 11.14, 46.07, 27.29, 9.14, 7.93, 15.93, 20.29, 100.71, 100.0, 38.36, 85.43, 5.86, 14.64, 18.14, 23.5, 12.86, 42.64, 22.07, 9.5, 7.93, 13.36, 22.07, 37.07, 77.86, 8.0, 21.36, 17.86, 24.64, 8.93, 41.07, 21.29, 7.79, 6.07, 16.21, 20.5
18, 2013-12-01, Away, DET, L, L, 8, O, 206.5, 0, 0, 101.71, 110.71, 38.64, 88.64, 7.07, 22.29, 17.36, 25.07, 12.71, 46.86, 22.71, 8.07, 4.71, 17.57, 20.0, 41.29, 88.71, 11.0, 28.0, 17.14, 23.14, 10.64, 45.29, 27.43, 9.5, 8.21, 15.5, 20.79, 96.5, 99.43, 37.86, 84.43, 5.29, 19.07, 15.5, 23.71, 13.64, 42.5, 19.79, 10.14, 4.36, 13.29, 19.64, 37.36, 78.0, 8.21, 21.29, 16.5, 21.14, 9.57, 41.36, 23.0, 8.43, 4.57, 17.0, 19.79
19, 2013-12-03, Home, ORL, W, L, -3.5, O, 206, 1, 0, 102.43, 111.07, 39.14, 88.64, 7.21, 22.14, 16.93, 23.79, 12.14, 46.07, 22.93, 8.5, 5.0, 17.29, 20.64, 41.29, 88.5, 10.64, 27.29, 17.86, 24.5, 10.86, 45.5, 27.29, 9.07, 8.21, 15.57, 20.5, 97.07, 100.57, 36.79, 80.07, 7.07, 19.79, 16.43, 21.21, 9.07, 41.57, 21.21, 7.5, 4.14, 16.36, 19.57, 38.43, 83.29, 7.14, 19.5, 16.57, 20.36, 8.93, 40.29, 23.5, 8.5, 5.43, 13.86, 18.36
20, 2013-12-06, Away, CHA, L, L, 7, U, 198.5, 0, 0, 104.14, 111.71, 39.64, 89.57, 7.57, 22.93, 17.29, 24.29, 12.79, 46.5, 22.5, 8.86, 5.07, 17.5, 21.5, 41.57, 88.21, 9.79, 26.79, 18.79, 25.64, 10.71, 45.07, 27.0, 9.29, 8.07, 16.07, 21.0, 88.29, 90.71, 32.36, 79.86, 4.57, 15.0, 19.0, 26.21, 11.43, 43.93, 17.71, 5.93, 4.5, 13.5, 19.5, 32.79, 77.64, 7.79, 19.79, 17.36, 22.86, 8.57, 42.21, 19.79, 6.64, 5.57, 14.07, 21.86
21, 2013-12-07, Home, DEN, L, L, 6.5, U, 208, 1, 1, 103.71, 113.57, 39.43, 90.14, 7.5, 23.36, 17.36, 24.57, 12.71, 46.71, 22.21, 8.79, 4.79, 17.36, 21.64, 42.43, 88.29, 9.43, 26.43, 19.29, 26.43, 10.29, 45.43, 27.5, 9.29, 8.29, 15.79, 21.21, 106.0, 100.5, 39.64, 85.5, 7.71, 21.36, 19.0, 26.71, 13.14, 46.14, 22.57, 7.36, 5.79, 13.07, 22.36, 37.36, 86.64, 6.14, 19.43, 19.64, 25.5, 13.36, 44.5, 19.57, 6.0, 5.57, 13.14, 20.79
22, 2013-12-09, Home, LAC, L, L, 9.5, U, 208.5, 0, 0, 101.36, 111.86, 38.93, 89.36, 6.93, 22.57, 16.57, 23.93, 12.86, 46.29, 21.86, 8.36, 4.86, 16.93, 21.79, 41.64, 86.93, 9.0, 25.79, 19.57, 26.79, 10.71, 45.57, 27.0, 9.14, 7.86, 15.29, 20.93, 101.86, 97.5, 37.57, 81.5, 7.43, 23.0, 19.29, 27.29, 9.93, 43.29, 23.64, 7.57, 4.36, 13.93, 21.21, 36.36, 84.29, 6.07, 19.21, 18.71, 25.0, 12.0, 44.36, 23.64, 6.57, 3.43, 14.0, 23.93
23, 2013-12-11, Away, MIN, L, W, 12.5, U, 210.5, 1, 0, 101.21, 110.79, 38.86, 90.07, 6.79, 22.71, 16.71, 24.14, 13.07, 47.0, 22.36, 8.57, 4.21, 17.0, 22.79, 41.0, 86.43, 8.43, 25.71, 20.36, 28.07, 10.57, 45.5, 26.36, 9.21, 8.0, 15.29, 21.43, 105.14, 102.79, 38.07, 89.21, 8.07, 24.86, 20.93, 26.0, 14.07, 45.5, 22.64, 9.14, 2.86, 13.29, 17.29, 41.07, 84.36, 7.57, 19.71, 13.07, 18.0, 9.57, 43.21, 22.79, 7.93, 5.57, 16.57, 21.79
24, 2013-12-13, Away, TOR, L, L, 7, O, 202, 0, 0, 99.5, 110.0, 38.57, 88.0, 6.64, 22.36, 15.71, 22.71, 12.36, 46.07, 21.86, 8.21, 4.14, 17.93, 22.93, 40.57, 86.43, 7.86, 24.21, 21.0, 28.36, 10.86, 45.14, 25.57, 9.29, 7.07, 14.86, 20.57, 100.43, 101.43, 35.93, 83.64, 7.64, 22.57, 20.93, 26.14, 11.43, 41.29, 18.21, 7.71, 4.79, 13.79, 22.5, 37.93, 81.86, 8.36, 22.29, 17.21, 22.71, 10.79, 43.29, 22.93, 7.14, 4.86, 16.29, 23.07
25, 2013-12-14, Home, POR, L, L, 10.5, O, 211.5, 0, 1, 99.29, 109.64, 38.36, 87.86, 6.93, 22.64, 15.64, 22.57, 12.57, 46.29, 21.71, 8.29, 4.21, 18.0, 22.86, 40.57, 86.5, 7.86, 24.36, 20.64, 27.86, 11.14, 45.43, 25.5, 9.43, 7.07, 14.86, 20.29, 108.5, 101.07, 39.36, 86.43, 9.57, 23.57, 20.21, 23.86, 13.21, 45.93, 22.71, 6.07, 4.86, 13.64, 18.79, 38.21, 86.07, 5.79, 16.36, 18.86, 23.07, 12.0, 43.21, 18.36, 8.0, 4.07, 12.79, 21.43
26, 2013-12-16, Away, BRK, L, L, 8.5, O, 206.5, 0, 0, 99.79, 109.93, 38.64, 88.14, 7.14, 22.36, 15.36, 22.21, 12.5, 45.93, 22.43, 8.36, 4.43, 17.79, 22.43, 40.57, 87.0, 8.43, 25.0, 20.36, 27.36, 11.5, 45.64, 26.29, 9.29, 6.43, 15.21, 19.64, 94.29, 101.57, 33.64, 76.71, 6.79, 18.79, 20.21, 25.79, 10.0, 39.93, 18.36, 6.0, 3.71, 13.14, 20.93, 36.79, 79.71, 9.21, 22.0, 18.79, 25.36, 10.64, 41.21, 20.93, 6.57, 4.29, 12.07, 21.57
27, 2013-12-20, Home, BRK, W, W, 5.5, O, 211.5, 0, 0, 99.79, 112.29, 38.57, 87.5, 7.29, 23.0, 15.36, 22.07, 11.79, 44.93, 22.21, 8.5, 4.14, 18.29, 22.57, 41.5, 87.0, 9.29, 25.43, 20.0, 27.36, 11.07, 44.86, 26.93, 9.43, 5.79, 15.21, 19.64, 97.71, 101.86, 35.29, 76.71, 8.07, 20.5, 19.07, 25.07, 9.21, 39.71, 20.5, 6.21, 3.57, 13.86, 20.86, 36.64, 81.21, 9.71, 23.36, 18.86, 25.29, 10.71, 41.43, 21.21, 7.36, 4.07, 12.5, 21.64
28, 2013-12-21, Away, MIL, L, L, 2.5, O, 203, 1, 1, 101.43, 113.14, 39.79, 89.21, 7.43, 23.64, 14.43, 20.93, 12.0, 44.86, 23.36, 8.71, 4.0, 18.07, 22.43, 41.93, 86.93, 9.36, 25.71, 19.93, 27.5, 10.79, 44.5, 27.79, 9.64, 5.5, 15.64, 19.29, 92.36, 99.93, 34.36, 82.14, 6.43, 19.07, 17.21, 22.43, 11.29, 42.29, 20.14, 6.29, 6.14, 14.64, 20.29, 37.0, 84.14, 8.0, 23.43, 17.93, 24.14, 13.07, 45.57, 22.29, 8.36, 5.5, 13.79, 21.36
29, 2013-12-28, Away, PHO, L, L, 10.5, P, 216, 1, 0, 100.79, 113.79, 39.29, 90.21, 7.64, 23.86, 14.57, 20.43, 12.5, 44.43, 22.71, 8.57, 3.79, 17.43, 22.14, 42.07, 86.14, 9.29, 25.43, 20.36, 27.57, 10.71, 45.29, 27.0, 9.64, 5.86, 15.43, 19.07, 106.86, 103.64, 38.64, 83.14, 10.07, 25.71, 19.5, 25.43, 12.0, 43.36, 18.79, 7.93, 5.07, 14.29, 22.14, 38.29, 84.29, 6.43, 19.5, 20.64, 26.36, 12.86, 43.29, 20.0, 7.14, 3.86, 14.0, 21.14
30, 2013-12-29, Away, LAL, W, W, 7, U, 218.5, 0, 1, 101.0, 114.43, 39.43, 89.71, 8.14, 24.14, 14.0, 19.71, 11.93, 44.07, 23.29, 8.36, 3.57, 17.86, 21.93, 42.71, 87.5, 9.57, 26.5, 19.43, 26.5, 11.21, 45.79, 27.29, 9.93, 5.86, 15.43, 19.07, 98.43, 104.64, 35.93, 80.79, 8.14, 24.57, 18.43, 25.07, 9.36, 40.79, 19.79, 7.43, 5.64, 15.36, 18.64, 40.36, 90.14, 7.57, 22.71, 16.36, 21.14, 14.64, 49.21, 24.93, 9.57, 4.21, 13.5, 19.79
31, 2014-01-01, Away, DEN, W, W, 9, O, 213.5, 0, 0, 102.21, 114.36, 39.5, 90.43, 8.07, 24.29, 15.14, 20.86, 12.5, 44.71, 23.43, 8.71, 3.71, 17.5, 22.57, 41.86, 87.64, 10.14, 27.79, 20.5, 27.43, 12.0, 46.5, 27.14, 9.5, 6.0, 15.64, 19.36, 94.0, 98.86, 34.86, 82.43, 6.36, 20.71, 17.93, 23.86, 13.0, 45.36, 20.0, 7.36, 5.79, 14.29, 20.57, 38.07, 84.86, 7.36, 21.86, 15.36, 21.86, 12.14, 43.36, 21.57, 7.79, 6.57, 12.79, 19.07
32, 2014-01-02, Away, SAC, W, W, 8.5, U, 220, 0, 1, 102.86, 113.0, 39.57, 90.43, 7.86, 23.71, 15.86, 21.36, 12.21, 45.0, 23.07, 9.0, 3.79, 17.43, 23.0, 40.79, 87.5, 9.93, 28.14, 21.5, 28.93, 12.36, 47.07, 26.64, 9.07, 5.93, 15.79, 19.86, 104.43, 107.79, 38.07, 82.64, 6.43, 18.21, 21.86, 28.29, 11.79, 43.71, 20.07, 8.14, 4.07, 15.36, 21.71, 40.57, 84.64, 9.43, 24.14, 17.21, 23.5, 10.36, 41.64, 24.64, 9.21, 5.79, 14.29, 23.29
33, 2014-01-04, Away, POR, W, W, 12.5, U, 223.5, 0, 0, 103.79, 112.21, 39.86, 90.57, 7.71, 23.43, 16.36, 22.21, 12.71, 45.43, 23.14, 8.79, 4.07, 16.86, 23.29, 40.36, 87.07, 9.71, 27.79, 21.79, 28.79, 12.36, 46.64, 25.79, 8.5, 5.93, 15.71, 20.36, 114.5, 106.36, 42.21, 90.36, 12.14, 30.29, 17.93, 21.5, 13.5, 47.79, 26.57, 5.5, 4.71, 13.36, 18.0, 42.43, 91.0, 5.71, 15.14, 15.79, 20.79, 11.64, 43.57, 20.64, 8.29, 3.86, 10.57, 18.5
34, 2014-01-06, Home, MIN, L, L, 7, P, 221, 0, 0, 102.0, 110.36, 39.43, 90.0, 7.21, 22.36, 15.93, 21.57, 11.71, 44.5, 23.0, 8.93, 4.0, 16.21, 23.14, 39.57, 87.43, 9.5, 27.5, 21.71, 28.64, 13.14, 48.43, 25.64, 8.07, 6.36, 15.71, 19.86, 108.14, 104.29, 38.86, 88.5, 7.79, 22.21, 22.64, 29.29, 14.57, 46.21, 23.86, 9.14, 2.36, 13.21, 17.07, 41.14, 84.86, 7.43, 23.07, 14.57, 18.86, 10.5, 42.21, 23.07, 7.71, 5.07, 16.21, 23.43
35, 2014-01-07, Away, CLE, L, L, 5.5, U, 207.5, 0, 1, 102.5, 111.86, 39.5, 89.14, 7.36, 21.71, 16.14, 21.79, 11.21, 43.79, 23.36, 9.29, 4.14, 16.71, 23.29, 39.86, 88.07, 10.36, 27.86, 21.79, 28.5, 13.29, 48.79, 25.57, 8.36, 6.29, 16.0, 19.79, 98.79, 102.43, 37.29, 87.43, 7.64, 20.57, 16.57, 21.5, 12.14, 44.71, 19.36, 6.07, 4.14, 13.5, 19.43, 38.5, 85.36, 9.43, 26.64, 16.0, 20.71, 10.86, 44.64, 24.57, 7.07, 6.43, 14.21, 19.79
36, 2014-01-10, Home, DET, L, L, 2, O, 216.5, 0, 0, 102.57, 112.43, 39.07, 89.0, 7.43, 21.93, 17.0, 22.71, 11.0, 43.79, 23.5, 9.64, 4.29, 16.5, 22.86, 40.5, 88.5, 10.79, 28.29, 20.64, 27.36, 12.86, 49.21, 26.14, 8.14, 6.64, 16.5, 20.5, 98.36, 105.64, 38.5, 88.29, 5.71, 18.79, 15.64, 24.43, 14.93, 45.29, 20.43, 7.36, 5.36, 14.14, 20.29, 39.29, 84.5, 7.71, 20.86, 19.36, 24.64, 11.43, 45.21, 24.86, 7.64, 4.57, 13.36, 20.93
37, 2014-01-11, Home, NYK, L, L, 5, U, 206.5, 0, 1, 104.07, 113.86, 39.64, 89.21, 7.79, 22.14, 17.0, 22.79, 10.93, 43.21, 23.29, 10.0, 4.5, 16.5, 22.36, 40.86, 89.36, 11.21, 28.5, 20.93, 27.64, 14.0, 50.14, 26.43, 8.29, 7.36, 16.93, 20.29, 97.14, 98.93, 36.86, 83.21, 8.64, 22.93, 14.79, 19.93, 10.57, 40.36, 21.36, 8.93, 3.64, 11.0, 21.64, 36.14, 77.07, 9.14, 23.93, 17.5, 23.64, 9.86, 43.57, 20.5, 5.43, 3.5, 15.29, 19.86
38, 2014-01-15, Home, CHA, W, W, -2, U, 207.5, 1, 0, 103.57, 113.57, 39.43, 89.5, 7.5, 22.07, 17.21, 23.29, 11.21, 43.29, 23.29, 10.0, 4.14, 15.71, 22.0, 41.0, 88.36, 11.14, 28.36, 20.43, 27.21, 13.5, 49.71, 26.64, 8.43, 7.36, 16.93, 20.64, 98.5, 104.43, 36.93, 83.07, 6.79, 16.36, 17.86, 23.36, 7.86, 40.5, 19.93, 5.93, 4.5, 10.93, 17.64, 40.64, 87.29, 9.57, 23.86, 13.57, 18.07, 11.21, 47.21, 24.14, 7.0, 6.0, 12.07, 20.21
39, 2014-01-17, Home, MIA, L, L, 10.5, U, 212.5, 0, 0, 103.21, 112.43, 39.57, 89.0, 7.29, 21.5, 16.79, 23.21, 10.86, 43.86, 23.57, 9.93, 4.0, 16.21, 22.29, 40.71, 88.79, 10.79, 28.0, 20.21, 27.36, 13.36, 49.36, 26.71, 8.57, 7.43, 16.79, 20.71, 104.71, 103.0, 39.86, 79.64, 7.86, 22.14, 17.14, 22.79, 7.64, 37.36, 22.64, 8.79, 2.57, 13.43, 18.36, 39.21, 79.79, 9.0, 23.14, 15.57, 20.86, 9.29, 41.36, 23.07, 7.57, 3.57, 15.57, 20.64
40, 2014-01-18, Away, CHI, L, L, 8.5, U, 197, 1, 1, 101.86, 109.71, 39.0, 88.79, 6.79, 21.86, 17.07, 24.0, 11.57, 44.71, 22.86, 10.07, 3.93, 16.86, 22.5, 39.71, 87.86, 9.86, 27.0, 20.43, 27.36, 13.14, 48.79, 25.93, 8.86, 7.71, 16.71, 21.36, 94.07, 92.5, 33.93, 78.5, 6.43, 18.29, 19.79, 25.93, 11.5, 44.14, 22.64, 7.86, 5.79, 15.14, 18.5, 35.93, 81.71, 5.79, 17.5, 14.86, 19.21, 10.21, 41.43, 19.71, 8.0, 6.29, 14.64, 22.57
41, 2014-01-20, Away, WAS, L, W, 10, U, 208.5, 0, 0, 100.71, 107.79, 38.79, 89.29, 6.36, 21.07, 16.79, 23.43, 12.14, 44.93, 22.57, 9.71, 4.29, 16.71, 22.21, 39.21, 88.14, 8.79, 25.93, 20.57, 26.93, 13.64, 49.5, 25.36, 8.86, 8.29, 16.43, 21.0, 96.71, 97.79, 37.5, 82.07, 6.79, 18.43, 14.93, 21.07, 10.64, 41.79, 22.93, 8.0, 4.64, 13.93, 21.64, 36.36, 79.43, 7.07, 19.64, 18.0, 24.57, 10.36, 41.5, 22.43, 7.93, 3.64, 14.0, 18.86
42, 2014-01-22, Away, NYK, W, W, 8.5, O, 205.5, 0, 0, 99.14, 106.86, 37.79, 88.43, 6.0, 20.29, 17.57, 24.57, 11.86, 44.57, 21.07, 9.71, 4.36, 16.43, 22.5, 38.86, 88.07, 8.07, 24.86, 21.07, 27.29, 14.0, 50.71, 24.57, 8.5, 8.79, 16.43, 21.71, 94.79, 101.29, 35.5, 81.14, 7.29, 20.64, 16.5, 22.36, 11.29, 43.07, 20.0, 6.79, 3.71, 13.29, 23.21, 36.0, 78.93, 9.14, 25.86, 20.14, 26.36, 9.71, 42.5, 21.29, 6.57, 3.5, 12.0, 20.43
43, 2014-01-24, Home, TOR, L, L, 6.5, U, 204, 0, 0, 99.43, 106.14, 38.07, 88.07, 5.93, 19.64, 17.36, 24.71, 11.86, 45.29, 21.29, 9.86, 4.57, 16.21, 22.64, 38.43, 88.07, 8.64, 25.43, 20.64, 27.21, 13.93, 50.43, 24.64, 8.36, 9.0, 16.43, 22.0, 97.64, 91.14, 35.29, 80.36, 9.36, 24.07, 17.71, 23.57, 11.36, 43.29, 22.93, 7.36, 4.36, 12.86, 22.71, 33.71, 78.71, 5.57, 16.5, 18.14, 24.07, 10.36, 41.93, 19.57, 6.71, 4.21, 14.29, 20.93
44, 2014-01-25, Home, OKC, L, L, 9, U, 208, 1, 1, 99.0, 105.36, 38.14, 87.64, 5.57, 19.0, 17.14, 24.29, 11.5, 44.79, 21.57, 9.57, 4.5, 15.5, 22.21, 38.14, 87.29, 8.57, 24.5, 20.5, 27.14, 13.79, 50.14, 24.93, 8.0, 8.64, 16.14, 22.07, 103.86, 98.5, 38.57, 82.57, 7.5, 21.21, 19.21, 24.5, 12.21, 44.5, 19.64, 8.36, 5.71, 14.64, 22.21, 36.21, 80.79, 9.14, 24.29, 16.93, 23.93, 10.5, 39.71, 22.0, 7.5, 3.5, 14.86, 21.0
45, 2014-01-27, Home, PHO, L, L, 5, O, 213.5, 1, 0, 97.57, 105.29, 37.79, 87.29, 5.43, 19.21, 16.57, 23.86, 11.64, 44.43, 21.43, 9.71, 4.36, 15.86, 22.07, 38.79, 86.71, 8.0, 23.36, 19.71, 26.5, 13.14, 49.36, 25.14, 8.43, 8.64, 16.14, 22.14, 105.07, 100.86, 39.14, 88.07, 9.0, 25.71, 17.79, 23.64, 12.86, 43.79, 19.57, 8.57, 4.0, 12.21, 21.86, 38.36, 84.07, 6.29, 18.29, 17.86, 24.5, 12.71, 47.43, 20.86, 5.71, 4.86, 15.71, 21.14
46, 2014-01-29, Away, BOS, W, W, 4, U, 203.5, 1, 0, 97.5, 106.86, 37.57, 86.93, 5.36, 19.0, 17.0, 23.71, 11.64, 43.29, 21.43, 9.79, 4.21, 16.14, 22.21, 39.29, 85.93, 8.29, 23.0, 20.0, 26.5, 13.0, 48.93, 25.29, 8.71, 8.93, 16.5, 21.93, 94.57, 104.36, 35.79, 86.64, 6.14, 21.21, 16.86, 21.93, 13.14, 43.79, 21.64, 8.07, 4.29, 13.86, 22.79, 38.14, 81.86, 8.57, 21.79, 19.5, 26.79, 11.57, 45.14, 24.5, 7.07, 4.64, 14.14, 19.57
47, 2014-01-31, Home, ATL, L, L, 5, O, 213, 0, 0, 96.21, 106.14, 37.21, 86.64, 5.5, 19.14, 16.29, 23.29, 11.21, 42.79, 21.64, 9.5, 3.64, 16.0, 21.71, 39.07, 86.21, 8.29, 22.71, 19.71, 26.0, 13.14, 49.5, 25.71, 9.0, 8.93, 16.14, 21.5, 99.14, 100.79, 36.0, 81.0, 9.29, 27.0, 17.86, 21.36, 9.57, 38.64, 24.07, 9.36, 4.14, 14.71, 17.93, 38.71, 81.86, 8.57, 22.07, 14.79, 19.57, 11.14, 42.5, 24.71, 8.57, 5.29, 15.93, 20.29
48, 2014-02-01, Away, DET, L, L, 10, U, 215, 0, 1, 96.07, 108.0, 36.64, 86.57, 5.64, 19.71, 17.14, 24.21, 11.71, 43.0, 21.71, 9.36, 3.71, 16.36, 21.71, 39.71, 85.5, 8.64, 22.29, 19.93, 26.29, 12.43, 48.57, 26.43, 9.57, 8.57, 16.14, 21.64, 98.0, 104.79, 37.07, 84.64, 5.0, 18.36, 18.86, 28.5, 14.29, 45.21, 20.86, 8.5, 4.79, 15.07, 21.0, 38.86, 81.93, 8.64, 22.71, 18.43, 24.93, 11.43, 43.43, 24.86, 8.71, 4.86, 15.57, 22.0
49, 2014-02-03, Away, BRK, L, W, 9, P, 210, 0, 0, 96.14, 107.07, 36.64, 87.21, 5.43, 19.93, 17.43, 24.71, 12.36, 43.29, 21.07, 9.57, 3.43, 16.14, 22.14, 39.36, 84.93, 8.0, 22.21, 20.36, 27.5, 13.07, 48.93, 26.07, 9.5, 8.71, 16.36, 22.07, 98.43, 95.43, 36.07, 77.93, 9.29, 25.36, 17.0, 21.5, 8.36, 36.93, 21.14, 9.5, 4.43, 13.64, 22.36, 33.43, 75.71, 7.86, 22.07, 20.71, 25.71, 10.64, 40.93, 19.71, 6.64, 4.14, 16.07, 20.14
50, 2014-02-05, Home, BOS, L, L, 3.5, O, 205.5, 0, 0, 96.79, 106.86, 36.86, 86.14, 5.71, 20.0, 17.36, 24.79, 12.36, 43.29, 21.0, 9.21, 3.21, 17.21, 22.86, 38.5, 83.71, 7.79, 22.0, 22.07, 29.0, 12.43, 46.93, 25.79, 10.21, 8.5, 16.0, 21.86, 94.29, 99.79, 36.0, 86.5, 5.86, 20.64, 16.43, 20.93, 13.57, 46.0, 21.57, 8.21, 4.43, 14.14, 21.71, 37.0, 81.86, 7.79, 20.71, 18.0, 25.21, 11.14, 43.71, 23.5, 7.21, 4.07, 13.71, 19.07
51, 2014-02-07, Home, LAL, L, L, -4, U, 220, 0, 0, 97.07, 106.86, 36.93, 86.07, 5.64, 19.79, 17.57, 24.79, 12.36, 43.64, 21.29, 8.86, 3.36, 17.14, 23.21, 38.57, 83.0, 7.57, 21.21, 22.14, 29.0, 11.5, 45.93, 26.0, 10.0, 8.07, 15.64, 21.86, 104.07, 110.93, 37.79, 84.43, 9.5, 24.21, 19.0, 23.5, 8.29, 41.07, 24.29, 6.07, 4.21, 14.0, 21.07, 42.21, 91.21, 7.29, 21.86, 19.21, 27.64, 14.57, 51.36, 25.36, 9.43, 4.43, 11.29, 20.14
52, 2014-02-09, Away, LAC, L, L, 15.5, U, 219.5, 0, 0, 97.5, 107.57, 37.0, 86.71, 6.36, 20.71, 17.14, 24.5, 12.57, 44.5, 21.36, 8.93, 3.36, 17.64, 23.07, 39.0, 83.5, 7.71, 21.21, 21.86, 28.79, 11.29, 46.0, 26.57, 10.21, 8.57, 15.71, 21.5, 109.57, 104.5, 38.36, 79.21, 8.71, 23.07, 24.14, 33.0, 10.86, 41.64, 24.21, 6.93, 3.57, 13.0, 21.21, 38.64, 84.86, 7.36, 22.43, 19.86, 26.71, 13.86, 43.43, 23.93, 6.71, 3.57, 12.36, 24.57
53, 2014-02-10, Away, GSW, L, L, 15, U, 213.5, 0, 1, 96.29, 109.79, 36.14, 88.36, 6.14, 21.64, 17.86, 24.86, 13.5, 44.07, 20.86, 9.57, 3.43, 17.14, 22.64, 40.07, 83.57, 8.0, 21.79, 21.64, 28.14, 11.5, 47.21, 27.14, 10.36, 8.79, 16.36, 21.5, 101.79, 101.21, 38.07, 86.5, 8.79, 24.5, 16.86, 22.14, 11.43, 43.29, 21.21, 7.5, 4.64, 13.0, 21.43, 37.43, 82.21, 7.07, 18.57, 19.29, 25.43, 11.57, 46.0, 19.43, 7.79, 3.86, 15.29, 20.21
54, 2014-02-12, Away, UTA, L, W, 7.5, O, 201, 1, 0, 95.86, 111.36, 36.29, 88.79, 6.14, 21.43, 17.14, 23.43, 12.64, 43.57, 20.79, 9.5, 3.29, 16.71, 22.86, 40.43, 84.14, 8.29, 22.21, 22.21, 28.86, 11.57, 48.79, 26.71, 10.07, 8.71, 16.43, 21.14, 95.79, 99.0, 35.86, 79.71, 7.36, 20.5, 16.71, 23.57, 10.0, 42.57, 20.0, 6.29, 3.57, 12.57, 20.86, 37.0, 82.43, 6.43, 19.14, 18.57, 24.86, 11.14, 43.29, 21.14, 7.14, 3.79, 10.14, 20.64
55, 2014-02-18, Home, CLE, L, L, 4, U, 211.5, 0, 0, 97.43, 111.5, 36.5, 87.57, 6.57, 21.43, 17.86, 24.21, 12.0, 43.43, 20.86, 9.5, 3.29, 16.64, 23.14, 40.21, 84.5, 8.07, 21.93, 23.0, 29.71, 11.57, 48.29, 25.86, 10.07, 8.5, 16.14, 21.43, 98.14, 102.57, 36.14, 85.79, 6.79, 20.29, 19.07, 26.14, 14.5, 43.21, 22.21, 8.0, 2.86, 12.21, 21.71, 37.93, 79.86, 8.79, 24.29, 17.93, 23.5, 9.57, 42.14, 24.57, 6.36, 6.29, 13.36, 21.64
56, 2014-02-21, Home, DAL, L, W, 13.5, O, 211.5, 0, 0, 96.43, 112.0, 36.07, 87.5, 6.64, 21.71, 17.64, 23.93, 12.71, 43.43, 21.0, 9.36, 3.21, 16.93, 23.07, 40.43, 84.71, 8.14, 21.93, 23.0, 29.57, 12.36, 48.86, 26.07, 10.21, 7.79, 16.43, 20.93, 104.07, 102.07, 37.93, 81.14, 7.21, 20.14, 21.0, 25.57, 10.43, 40.57, 21.79, 6.36, 3.5, 12.0, 20.29, 37.43, 80.0, 8.36, 23.57, 18.86, 24.64, 9.79, 39.57, 24.0, 6.93, 3.79, 13.29, 22.43
57, 2014-02-24, Home, MIL, L, L, 3, O, 210.5, 0, 0, 96.57, 113.29, 36.07, 87.93, 6.36, 22.5, 18.07, 24.5, 12.5, 42.0, 20.57, 9.86, 2.93, 17.0, 22.86, 41.21, 84.36, 7.71, 21.21, 23.14, 29.64, 12.36, 49.5, 27.14, 10.36, 7.43, 17.14, 20.93, 95.29, 105.79, 35.43, 83.0, 7.36, 20.36, 17.07, 23.07, 12.29, 40.86, 21.43, 5.64, 4.43, 13.57, 20.86, 39.71, 80.93, 9.29, 20.86, 17.07, 23.0, 10.36, 41.93, 24.07, 7.64, 5.29, 13.43, 21.5
58, 2014-02-26, Home, ORL, L, L, 4, U, 215, 1, 0, 97.64, 115.14, 36.43, 87.86, 6.5, 22.79, 18.29, 25.0, 12.57, 41.0, 20.93, 10.43, 3.14, 17.5, 23.14, 41.79, 84.36, 8.0, 21.21, 23.57, 30.14, 12.86, 49.07, 27.43, 10.57, 7.43, 17.71, 20.86, 97.0, 101.5, 37.29, 84.5, 6.57, 17.29, 15.86, 20.5, 10.14, 41.29, 21.93, 8.36, 4.07, 11.86, 18.93, 37.86, 82.0, 8.71, 21.57, 17.07, 23.36, 10.14, 44.29, 22.43, 6.43, 5.0, 13.71, 18.43
59, 2014-03-01, Home, WAS, L, L, 11.5, O, 214.5, 0, 0, 97.57, 115.0, 36.29, 87.64, 6.57, 22.43, 18.43, 25.07, 11.86, 40.86, 20.5, 9.79, 3.29, 17.0, 22.86, 41.71, 85.64, 8.36, 21.0, 23.21, 29.5, 12.93, 49.86, 27.43, 10.29, 7.57, 17.0, 20.86, 105.0, 101.5, 41.14, 87.5, 7.71, 20.5, 15.0, 21.0, 10.43, 40.79, 24.07, 9.0, 4.64, 12.14, 21.0, 36.86, 79.64, 6.14, 18.93, 21.64, 26.64, 10.29, 44.5, 21.21, 6.5, 4.21, 17.5, 20.64
60, 2014-03-02, Away, ORL, L, L, 10.5, U, 211.5, 1, 1, 96.86, 114.86, 36.14, 87.43, 6.36, 22.57, 18.21, 25.5, 11.5, 41.07, 20.43, 9.79, 3.43, 17.07, 22.64, 41.86, 86.29, 8.57, 21.43, 22.57, 29.0, 12.86, 50.0, 28.0, 10.36, 7.14, 16.79, 20.86, 99.07, 101.57, 38.36, 85.64, 6.5, 17.07, 15.86, 20.07, 10.64, 42.36, 22.29, 8.0, 4.36, 11.93, 19.57, 37.79, 81.14, 8.07, 20.64, 17.93, 24.14, 9.29, 42.21, 21.57, 6.57, 5.14, 13.43, 18.29
61, 2014-03-04, Away, OKC, L, L, 21, U, 219, 0, 0, 95.86, 114.71, 35.79, 87.43, 6.21, 22.79, 18.07, 25.0, 11.93, 41.43, 19.71, 9.71, 3.57, 17.71, 22.5, 42.07, 86.0, 8.14, 21.0, 22.43, 28.79, 12.36, 49.14, 27.79, 10.64, 7.07, 16.5, 20.79, 103.93, 100.64, 38.86, 80.36, 8.64, 23.29, 17.57, 21.79, 10.5, 41.07, 21.86, 8.79, 5.71, 15.64, 21.21, 37.43, 79.86, 7.71, 21.79, 18.07, 23.21, 9.07, 36.93, 23.07, 8.86, 3.0, 14.71, 18.5
62, 2014-03-08, Home, UTA, L, L, 7, U, 206.5, 1, 0, 95.36, 114.71, 35.79, 87.93, 6.5, 23.36, 17.29, 24.21, 11.93, 40.86, 19.79, 9.93, 3.29, 17.57, 22.71, 41.93, 85.07, 8.07, 21.29, 22.79, 29.43, 12.36, 49.93, 27.43, 10.43, 7.5, 16.79, 20.79, 94.43, 100.14, 35.57, 79.07, 7.43, 21.29, 15.86, 21.86, 10.43, 41.36, 19.79, 6.43, 4.86, 13.43, 19.79, 38.07, 81.71, 7.21, 18.86, 16.79, 21.57, 10.36, 41.21, 22.07, 7.21, 4.57, 10.93, 19.21
63, 2014-03-10, Away, NYK, L, W, 15.5, O, 215.5, 0, 0, 95.07, 114.07, 35.64, 87.0, 6.5, 23.43, 17.29, 24.0, 11.36, 40.07, 20.14, 10.0, 3.5, 17.5, 22.21, 41.64, 84.21, 8.29, 21.14, 22.5, 28.57, 11.64, 48.79, 27.57, 10.21, 7.21, 17.0, 21.07, 100.86, 105.43, 38.29, 86.21, 9.93, 26.71, 14.36, 19.0, 11.57, 41.64, 21.07, 6.71, 4.57, 13.07, 21.79, 38.71, 82.14, 9.21, 23.29, 18.79, 24.29, 10.21, 43.14, 21.64, 6.43, 4.14, 12.21, 18.29
64, 2014-03-12, Home, SAC, L, L, 9.5, U, 216, 1, 0, 95.64, 115.14, 36.07, 87.93, 6.36, 23.43, 17.14, 23.79, 11.79, 40.36, 20.57, 10.36, 3.36, 17.0, 22.0, 42.5, 84.86, 8.5, 21.64, 21.64, 28.21, 12.0, 49.14, 27.21, 9.86, 7.21, 17.0, 21.07, 99.57, 103.79, 36.14, 80.29, 5.07, 16.57, 22.21, 29.79, 12.36, 44.43, 17.36, 7.07, 4.0, 16.57, 21.5, 37.79, 81.64, 9.21, 22.07, 19.0, 25.43, 8.86, 38.5, 24.21, 8.36, 4.79, 12.86, 24.71
65, 2014-03-14, Home, IND, L, W, 16, U, 205, 0, 0, 94.93, 115.21, 35.43, 87.21, 6.43, 23.57, 17.64, 24.36, 11.64, 39.71, 20.07, 10.36, 3.29, 17.36, 22.5, 42.0, 84.14, 8.43, 21.57, 22.79, 29.43, 12.0, 49.14, 26.79, 10.07, 6.71, 17.57, 21.5, 98.07, 96.57, 36.71, 80.0, 6.21, 17.79, 18.43, 23.07, 10.29, 44.29, 19.57, 6.64, 5.43, 14.79, 21.07, 36.36, 84.0, 8.14, 21.79, 15.71, 22.21, 11.43, 41.71, 21.86, 6.71, 4.79, 12.57, 22.29
66, 2014-03-15, Home, MEM, L, L, 13.5, U, 201, 1, 1, 94.64, 114.43, 35.29, 87.43, 5.93, 23.14, 18.14, 24.43, 11.43, 38.57, 20.21, 10.71, 3.29, 16.5, 22.64, 41.57, 82.57, 8.5, 21.79, 22.79, 29.57, 11.79, 49.36, 26.29, 9.57, 6.93, 18.07, 21.79, 98.93, 95.21, 39.07, 80.43, 5.43, 13.5, 15.36, 20.79, 10.14, 40.5, 22.36, 7.86, 5.43, 12.86, 18.64, 35.14, 79.86, 7.71, 20.21, 17.21, 21.43, 10.36, 38.5, 19.14, 6.64, 5.0, 13.14, 19.14
67, 2014-03-17, Away, IND, L, W, 19, U, 203.5, 0, 0, 94.57, 113.0, 35.57, 86.21, 6.14, 22.79, 17.29, 24.0, 11.0, 38.43, 20.21, 10.5, 3.21, 16.86, 23.21, 40.71, 81.21, 8.14, 20.86, 23.43, 30.64, 11.5, 48.07, 25.86, 9.64, 6.57, 18.07, 22.07, 99.57, 99.21, 37.21, 80.5, 6.57, 18.14, 18.57, 23.57, 10.21, 44.43, 20.43, 6.79, 5.64, 14.86, 21.29, 37.36, 84.57, 8.43, 22.07, 16.07, 22.29, 10.79, 41.29, 22.64, 7.57, 4.64, 12.36, 22.21
68, 2014-03-19, Home, CHI, L, W, 13, O, 195, 0, 0, 95.29, 111.29, 35.71, 85.57, 6.64, 23.21, 17.21, 24.21, 11.29, 38.93, 20.64, 10.0, 3.5, 16.93, 24.07, 39.86, 80.71, 7.71, 20.07, 23.86, 31.21, 11.71, 47.5, 25.07, 9.64, 6.07, 17.86, 21.86, 97.0, 91.93, 35.5, 80.29, 6.93, 18.93, 19.07, 24.29, 11.14, 45.07, 22.93, 6.79, 4.57, 12.5, 18.93, 34.07, 81.21, 7.43, 20.79, 16.36, 22.0, 10.86, 41.43, 18.71, 6.93, 5.57, 12.86, 21.21
69, 2014-03-21, Home, NYK, L, W, 12, U, 210, 0, 0, 94.86, 111.07, 35.71, 85.64, 6.86, 23.57, 16.57, 23.93, 11.43, 38.79, 20.93, 10.29, 3.57, 16.57, 23.86, 39.79, 80.43, 8.07, 20.0, 23.43, 30.86, 11.93, 48.0, 25.57, 9.21, 6.14, 18.07, 21.86, 104.71, 103.64, 38.93, 84.43, 10.07, 26.14, 16.79, 21.93, 11.07, 42.21, 19.64, 6.79, 4.93, 12.43, 22.64, 38.07, 82.93, 8.36, 22.5, 19.14, 25.07, 11.29, 42.36, 20.93, 6.29, 3.21, 12.29, 19.0
70, 2014-03-22, Away, CHI, L, W, 16, U, 193, 1, 1, 95.36, 109.57, 35.93, 85.93, 7.21, 24.93, 16.29, 23.5, 11.5, 39.43, 21.14, 10.43, 3.5, 16.07, 23.71, 39.36, 80.07, 8.14, 20.79, 22.71, 30.29, 11.07, 47.0, 25.64, 9.14, 6.14, 17.43, 21.57, 95.93, 92.14, 35.0, 79.93, 6.71, 18.07, 19.21, 24.79, 11.0, 44.14, 22.43, 7.21, 5.07, 12.79, 19.43, 34.0, 80.14, 7.21, 20.57, 16.93, 22.57, 10.5, 42.0, 19.79, 7.21, 5.57, 13.29, 21.0
71, 2014-03-24, Away, SAS, L, L, 20, U, 210, 0, 0, 93.14, 107.21, 35.07, 85.43, 6.93, 24.57, 16.07, 22.79, 11.86, 40.43, 20.36, 9.57, 3.93, 15.71, 23.86, 38.14, 79.57, 7.86, 20.14, 23.07, 30.71, 11.29, 46.71, 24.5, 8.93, 6.29, 16.86, 21.29, 109.57, 96.93, 40.57, 85.14, 9.64, 23.64, 18.79, 22.64, 9.64, 46.14, 27.43, 7.36, 5.79, 13.64, 18.07, 37.29, 85.79, 5.57, 17.57, 16.79, 21.86, 10.21, 42.5, 21.21, 7.64, 4.93, 12.57, 20.0
72, 2014-03-27, Away, HOU, L, L, 19.5, O, 214, 0, 0, 91.79, 106.0, 34.57, 85.43, 7.14, 25.21, 15.5, 22.43, 11.93, 41.07, 19.93, 9.36, 3.79, 15.43, 23.36, 37.86, 79.21, 7.93, 20.64, 22.36, 29.79, 10.29, 46.71, 24.43, 9.07, 6.14, 16.43, 21.0, 109.79, 101.93, 38.93, 79.71, 10.14, 27.21, 21.79, 29.5, 10.5, 43.07, 23.29, 7.43, 5.79, 15.79, 20.93, 38.43, 86.36, 7.36, 21.57, 17.71, 22.21, 12.0, 40.29, 22.79, 9.0, 5.29, 13.5, 23.64
73, 2014-03-29, Home, DET, W, W, 6, O, 210.5, 1, 0, 92.36, 107.36, 34.79, 85.64, 7.79, 26.21, 15.0, 22.0, 12.29, 40.86, 20.43, 9.57, 3.71, 16.36, 23.93, 38.21, 78.93, 7.93, 21.21, 23.0, 31.07, 10.79, 46.86, 24.71, 9.57, 5.86, 17.14, 21.07, 99.57, 105.07, 38.93, 87.86, 6.43, 19.36, 15.29, 22.71, 13.5, 46.5, 22.14, 7.43, 4.5, 13.07, 19.71, 39.5, 85.71, 8.14, 24.5, 17.93, 25.07, 11.5, 45.14, 23.71, 7.21, 4.93, 11.57, 19.71
74, 2014-03-31, Away, ATL, L, W, 12, U, 210, 0, 0, 93.79, 105.64, 35.5, 86.21, 8.29, 26.14, 14.5, 21.07, 12.57, 41.29, 20.93, 9.79, 3.93, 15.79, 24.0, 37.36, 78.64, 7.5, 20.86, 23.43, 31.36, 11.0, 46.86, 23.79, 9.29, 5.86, 17.29, 20.71, 97.14, 102.43, 35.14, 81.5, 9.21, 28.5, 17.64, 22.36, 8.21, 37.79, 22.79, 7.5, 3.07, 14.14, 20.29, 37.71, 80.5, 8.0, 21.93, 19.0, 24.14, 10.36, 44.71, 22.86, 8.71, 3.79, 14.86, 21.71
75, 2014-04-02, Home, CHA, L, L, 8.5, O, 205.5, 0, 0, 94.79, 106.43, 35.79, 85.57, 8.71, 26.57, 14.5, 21.21, 12.07, 40.93, 21.57, 10.07, 4.0, 15.86, 24.36, 37.43, 78.71, 7.93, 22.14, 23.64, 31.57, 11.14, 47.0, 24.36, 9.14, 5.43, 17.5, 20.5, 101.71, 97.71, 39.14, 84.93, 7.29, 21.5, 16.14, 20.07, 11.0, 43.36, 22.14, 5.79, 5.86, 10.5, 18.14, 37.21, 82.86, 8.71, 22.5, 14.57, 20.36, 9.93, 41.36, 20.93, 5.36, 3.93, 12.29, 19.5
76, 2014-04-04, Away, BOS, W, W, 9, O, 208.5, 0, 0, 94.86, 106.29, 36.0, 84.79, 8.29, 25.71, 14.57, 21.21, 11.64, 40.5, 21.64, 9.5, 4.14, 15.43, 24.07, 37.36, 78.93, 8.29, 22.29, 23.29, 31.0, 11.14, 46.29, 24.43, 8.36, 5.0, 16.57, 20.14, 95.64, 102.86, 35.79, 84.5, 7.86, 23.71, 16.21, 20.36, 13.14, 41.36, 22.36, 7.36, 3.14, 13.64, 21.07, 38.93, 79.86, 6.43, 19.71, 18.57, 22.71, 9.64, 41.07, 22.29, 7.71, 4.79, 13.79, 18.5
77, 2014-04-05, Home, BRK, L, W, 11, U, 207, 1, 1, 96.21, 106.14, 36.21, 84.86, 8.36, 25.5, 15.43, 22.43, 11.93, 40.57, 21.57, 9.43, 4.07, 15.0, 24.07, 37.43, 79.43, 8.21, 23.0, 23.07, 30.5, 11.57, 46.79, 24.29, 8.0, 5.07, 16.79, 20.36, 104.5, 101.43, 37.79, 77.14, 11.0, 27.07, 17.93, 24.14, 8.0, 36.86, 21.07, 8.64, 3.36, 13.21, 21.86, 37.71, 81.71, 8.36, 24.79, 17.64, 23.64, 11.93, 42.79, 21.64, 6.29, 3.86, 13.64, 19.71
78, 2014-04-09, Away, TOR, L, W, 13.5, O, 207.5, 0, 0, 95.57, 104.86, 35.71, 84.5, 8.64, 25.71, 15.5, 22.57, 11.57, 40.43, 21.64, 9.21, 4.14, 14.64, 24.14, 37.21, 79.36, 7.71, 22.21, 22.71, 29.71, 11.43, 47.21, 24.93, 7.71, 4.86, 16.71, 20.07, 103.0, 100.43, 37.0, 81.5, 8.86, 23.79, 20.14, 24.93, 10.07, 40.07, 20.57, 7.64, 3.43, 12.93, 22.86, 36.07, 77.71, 6.71, 19.79, 21.57, 27.29, 8.86, 39.29, 20.64, 7.07, 3.79, 13.71, 21.71
79, 2014-04-11, Away, MEM, L, L, 14.5, O, 201.5, 0, 0, 96.71, 105.57, 36.5, 84.57, 8.64, 25.57, 15.07, 22.07, 11.43, 40.29, 21.64, 8.86, 4.21, 13.79, 23.71, 37.71, 79.93, 8.07, 22.71, 22.07, 28.79, 11.29, 46.29, 25.21, 7.0, 5.29, 15.71, 19.43, 94.64, 93.43, 38.07, 81.86, 4.0, 12.57, 14.5, 20.43, 11.86, 41.29, 21.29, 7.86, 3.93, 12.93, 19.07, 35.71, 77.57, 7.36, 19.57, 14.64, 19.14, 9.71, 39.07, 21.21, 7.93, 3.64, 14.43, 18.5
80, 2014-04-12, Away, CHA, L, W, 12, O, 206, 1, 1, 96.79, 106.71, 36.79, 84.43, 8.5, 25.0, 14.71, 22.0, 11.36, 40.43, 21.0, 8.93, 4.29, 14.14, 24.14, 38.07, 80.93, 7.79, 22.14, 22.79, 29.5, 11.71, 46.71, 25.29, 7.07, 5.0, 15.36, 19.14, 102.07, 96.86, 38.93, 85.93, 7.93, 21.57, 16.29, 20.5, 11.07, 45.71, 24.43, 5.64, 5.14, 11.0, 18.14, 36.93, 83.79, 8.14, 21.57, 14.86, 20.07, 9.5, 41.0, 21.93, 6.21, 4.64, 11.93, 19.21
81, 2014-04-14, Home, BOS, W, W, 2.5, O, 212.5, 0, 0, 98.79, 107.29, 37.5, 85.14, 8.43, 25.14, 15.36, 22.5, 11.14, 40.29, 21.14, 8.64, 4.14, 13.21, 24.57, 38.14, 81.07, 8.0, 22.43, 23.0, 30.14, 11.86, 46.71, 25.0, 6.36, 5.36, 14.79, 19.0, 100.14, 105.79, 37.71, 84.14, 9.71, 26.0, 15.0, 18.36, 11.71, 40.21, 23.5, 7.0, 3.36, 14.43, 20.79, 39.86, 80.57, 7.0, 19.36, 19.07, 23.79, 9.29, 39.64, 24.93, 7.71, 4.07, 13.21, 17.79
82, 2014-04-16, Away, MIA, W, W, 5.5, U, 207, 0, 0, 100.43, 107.93, 38.07, 85.0, 8.0, 24.36, 16.29, 23.79, 11.0, 40.07, 21.43, 9.14, 4.29, 12.93, 23.71, 38.79, 81.43, 8.21, 22.86, 22.14, 29.29, 11.57, 45.86, 25.93, 6.29, 5.36, 14.93, 19.43, 96.14, 92.21, 36.0, 74.57, 8.14, 23.79, 16.0, 21.57, 8.36, 38.71, 20.29, 8.21, 4.36, 13.29, 17.86, 35.21, 77.71, 8.5, 23.86, 13.29, 18.14, 9.71, 38.43, 20.71, 8.14, 3.29, 13.43, 19.57
