2, 2014-10-31, Home, CLE, L, L, -4, O, 193, 0, 104.0, 80.0, 36.0, 71.0, 7.0, 24.0, 25.0, 30.0, 10.0, 47.0, 21.0, 9.0, 4.0, 15.0, 18.0, 31.0, 85.0, 3.0, 17.0, 15.0, 17.0, 14.0, 38.0, 19.0, 9.0, 5.0, 11.0, 22.0
3, 2014-11-01, Away, MIN, W, L, -2, O, 190.5, 1, 108.0, 114.0, 41.0, 90.0, 13.0, 31.0, 13.0, 17.0, 11.0, 42.0, 25.0, 4.0, 14.0, 19.0, 28.0, 41.0, 104.0, 3.0, 15.0, 29.0, 33.0, 20.0, 52.0, 18.0, 8.0, 4.0, 9.0, 18.0
4, 2014-11-04, Home, ORL, W, L, -10, U, 189, 0, 106.0, 105.0, 33.0, 69.0, 9.0, 23.0, 31.0, 40.0, 5.0, 38.0, 15.0, 3.0, 8.0, 14.0, 24.0, 38.0, 85.0, 4.0, 12.0, 25.0, 31.0, 13.0, 42.0, 26.0, 9.0, 4.0, 10.0, 29.0
5, 2014-11-05, Away, MIL, W, W, -5, U, 193, 1, 98.0, 90.0, 35.0, 75.0, 7.0, 15.0, 21.0, 27.0, 10.0, 44.0, 23.0, 6.0, 9.0, 12.0, 18.0, 38.0, 88.0, 6.0, 14.0, 8.0, 14.0, 14.0, 48.0, 21.0, 6.0, 6.0, 11.0, 22.0
6, 2014-11-07, Away, PHI, W, L, -10, O, 189.5, 0, 95.0, 86.0, 34.0, 73.0, 5.0, 16.0, 22.0, 30.0, 7.0, 42.0, 24.0, 8.0, 3.0, 16.0, 18.0, 33.0, 89.0, 3.0, 15.0, 17.0, 20.0, 18.0, 50.0, 19.0, 10.0, 3.0, 14.0, 28.0
7, 2014-11-08, Home, BOS, L, L, -9.5, O, 194, 1, 118.0, 115.0, 40.0, 78.0, 12.0, 24.0, 26.0, 34.0, 12.0, 40.0, 25.0, 4.0, 6.0, 17.0, 21.0, 43.0, 91.0, 12.0, 30.0, 17.0, 25.0, 17.0, 42.0, 29.0, 7.0, 2.0, 12.0, 29.0
8, 2014-11-10, Home, DET, W, W, -9.5, O, 191, 0, 101.0, 106.0, 42.0, 92.0, 8.0, 18.0, 9.0, 15.0, 11.0, 38.0, 26.0, 5.0, 2.0, 8.0, 16.0, 42.0, 81.0, 7.0, 19.0, 15.0, 20.0, 7.0, 45.0, 25.0, 6.0, 3.0, 12.0, 17.0
9, 2014-11-13, Away, TOR, W, W, 2.5, U, 196, 0, 102.0, 91.0, 39.0, 88.0, 7.0, 20.0, 17.0, 20.0, 9.0, 49.0, 22.0, 6.0, 8.0, 10.0, 19.0, 34.0, 80.0, 7.0, 14.0, 16.0, 25.0, 9.0, 46.0, 19.0, 5.0, 6.0, 15.0, 21.0
10, 2014-11-15, Home, IND, L, L, -9, O, 180.5, 0, 100.0, 93.0, 37.0, 77.0, 4.0, 15.0, 22.0, 32.0, 13.0, 48.0, 26.0, 7.0, 7.0, 19.0, 18.0, 35.0, 89.0, 8.0, 25.0, 15.0, 21.0, 13.0, 38.0, 17.0, 11.0, 7.0, 14.0, 28.0
11, 2014-11-17, Away, LAC, W, W, 7, U, 199, 0, 90.0, 99.0, 35.0, 83.0, 4.0, 17.0, 16.0, 23.0, 10.0, 34.0, 18.0, 6.0, 7.0, 13.0, 19.0, 37.0, 77.0, 7.0, 18.0, 18.0, 25.0, 10.0, 46.0, 18.0, 5.0, 6.0, 14.0, 22.0
12, 2014-11-20, Away, SAC, L, L, 3, U, 195.5, 0, 105.0, 89.0, 39.0, 80.0, 10.0, 26.0, 17.0, 25.0, 9.0, 45.0, 28.0, 7.0, 2.0, 8.0, 24.0, 36.0, 81.0, 7.0, 23.0, 10.0, 22.0, 9.0, 40.0, 20.0, 2.0, 5.0, 12.0, 21.0
13, 2014-11-21, Away, POR, L, L, 8, U, 195, 1, 88.0, 103.0, 36.0, 84.0, 5.0, 19.0, 11.0, 16.0, 13.0, 42.0, 23.0, 6.0, 4.0, 14.0, 26.0, 38.0, 74.0, 4.0, 6.0, 23.0, 27.0, 7.0, 40.0, 26.0, 5.0, 4.0, 13.0, 21.0
14, 2014-11-24, Away, UTA, W, L, -3.5, U, 193, 0, 87.0, 105.0, 30.0, 83.0, 8.0, 22.0, 19.0, 28.0, 11.0, 48.0, 14.0, 9.0, 2.0, 14.0, 18.0, 39.0, 79.0, 9.0, 16.0, 18.0, 22.0, 6.0, 46.0, 26.0, 8.0, 5.0, 17.0, 19.0
15, 2014-11-25, Away, DEN, L, L, 4.5, O, 204, 1, 97.0, 95.0, 36.0, 72.0, 9.0, 20.0, 16.0, 23.0, 7.0, 35.0, 20.0, 9.0, 3.0, 16.0, 14.0, 42.0, 86.0, 3.0, 9.0, 8.0, 10.0, 11.0, 41.0, 22.0, 9.0, 6.0, 13.0, 20.0
16, 2014-11-28, Away, BOS, W, W, -3.5, O, 204.5, 0, 109.0, 114.0, 35.0, 82.0, 7.0, 21.0, 32.0, 37.0, 11.0, 37.0, 20.0, 9.0, 4.0, 12.0, 22.0, 43.0, 85.0, 8.0, 16.0, 20.0, 27.0, 14.0, 45.0, 22.0, 5.0, 7.0, 14.0, 25.0
17, 2014-11-30, Away, BRK, W, W, -2.5, U, 193.5, 0, 109.0, 102.0, 37.0, 90.0, 5.0, 17.0, 30.0, 37.0, 18.0, 52.0, 18.0, 5.0, 13.0, 13.0, 21.0, 37.0, 92.0, 6.0, 22.0, 22.0, 29.0, 12.0, 42.0, 20.0, 7.0, 2.0, 13.0, 30.0
18, 2014-12-02, Home, DAL, L, L, -1, O, 203, 0, 102.0, 84.0, 34.0, 69.0, 7.0, 24.0, 27.0, 34.0, 7.0, 50.0, 19.0, 6.0, 5.0, 19.0, 24.0, 32.0, 86.0, 2.0, 14.0, 18.0, 24.0, 7.0, 34.0, 16.0, 9.0, 0.0, 10.0, 25.0
19, 2014-12-03, Away, CHO, W, W, -3.5, O, 190.5, 1, 129.0, 132.0, 47.0, 103.0, 8.0, 26.0, 27.0, 34.0, 15.0, 52.0, 38.0, 5.0, 6.0, 18.0, 22.0, 47.0, 102.0, 15.0, 30.0, 23.0, 27.0, 12.0, 46.0, 30.0, 9.0, 6.0, 14.0, 28.0
20, 2014-12-06, Home, GSW, L, L, 2.5, O, 204, 0, 102.0, 95.0, 37.0, 80.0, 12.0, 28.0, 16.0, 21.0, 4.0, 49.0, 27.0, 4.0, 1.0, 11.0, 18.0, 36.0, 90.0, 2.0, 15.0, 21.0, 23.0, 7.0, 42.0, 17.0, 5.0, 3.0, 5.0, 21.0
21, 2014-12-10, Home, BRK, W, W, -11, U, 192.5, 0, 102.0, 112.0, 36.0, 83.0, 7.0, 21.0, 23.0, 27.0, 17.0, 50.0, 24.0, 6.0, 3.0, 22.0, 23.0, 40.0, 89.0, 12.0, 30.0, 20.0, 25.0, 15.0, 40.0, 27.0, 14.0, 6.0, 11.0, 21.0
22, 2014-12-12, Home, POR, W, W, -2.5, O, 197, 0, 105.0, 80.0, 37.0, 79.0, 8.0, 22.0, 23.0, 32.0, 15.0, 57.0, 21.0, 6.0, 11.0, 15.0, 18.0, 29.0, 88.0, 3.0, 14.0, 19.0, 24.0, 15.0, 44.0, 16.0, 9.0, 5.0, 11.0, 25.0
23, 2014-12-14, Away, MIA, W, W, -7, U, 194, 0, 115.0, 106.0, 44.0, 88.0, 5.0, 15.0, 22.0, 28.0, 14.0, 47.0, 18.0, 5.0, 3.0, 7.0, 11.0, 43.0, 88.0, 12.0, 24.0, 8.0, 11.0, 11.0, 37.0, 20.0, 3.0, 5.0, 10.0, 17.0
24, 2014-12-15, Away, ATL, L, L, 2.5, U, 196, 1, 93.0, 75.0, 33.0, 71.0, 9.0, 18.0, 18.0, 21.0, 8.0, 44.0, 21.0, 4.0, 8.0, 19.0, 18.0, 28.0, 80.0, 4.0, 22.0, 15.0, 18.0, 13.0, 40.0, 12.0, 13.0, 5.0, 13.0, 22.0
25, 2014-12-18, Home, NYK, W, L, -12.5, O, 189, 0, 86.0, 93.0, 35.0, 93.0, 6.0, 29.0, 10.0, 14.0, 15.0, 57.0, 18.0, 3.0, 6.0, 14.0, 17.0, 36.0, 83.0, 7.0, 21.0, 14.0, 17.0, 5.0, 40.0, 26.0, 10.0, 7.0, 9.0, 17.0
26, 2014-12-19, Away, MEM, W, W, 6, O, 191.5, 1, 103.0, 97.0, 34.0, 75.0, 12.0, 23.0, 23.0, 30.0, 11.0, 32.0, 23.0, 9.0, 8.0, 11.0, 17.0, 38.0, 82.0, 6.0, 9.0, 15.0, 19.0, 14.0, 41.0, 19.0, 7.0, 6.0, 16.0, 24.0
27, 2014-12-22, Home, TOR, W, W, -4, O, 200.5, 0, 103.0, 97.0, 32.0, 73.0, 10.0, 26.0, 29.0, 33.0, 8.0, 51.0, 17.0, 2.0, 3.0, 9.0, 18.0, 37.0, 94.0, 2.0, 13.0, 21.0, 24.0, 14.0, 45.0, 12.0, 4.0, 6.0, 4.0, 25.0
28, 2014-12-23, Away, WAS, W, W, 2.5, U, 197.5, 1, 129.0, 120.0, 40.0, 74.0, 6.0, 12.0, 43.0, 47.0, 12.0, 41.0, 20.0, 4.0, 13.0, 15.0, 20.0, 44.0, 100.0, 9.0, 30.0, 23.0, 32.0, 18.0, 37.0, 15.0, 10.0, 3.0, 7.0, 30.0
29, 2014-12-25, Home, LAL, W, W, -11.5, U, 208, 0, 99.0, 91.0, 39.0, 85.0, 5.0, 17.0, 16.0, 24.0, 8.0, 52.0, 20.0, 5.0, 7.0, 10.0, 14.0, 38.0, 89.0, 5.0, 9.0, 10.0, 16.0, 7.0, 41.0, 21.0, 7.0, 5.0, 8.0, 17.0
30, 2014-12-27, Home, NOP, W, L, -10, O, 201, 0, 113.0, 93.0, 42.0, 86.0, 10.0, 24.0, 19.0, 25.0, 20.0, 57.0, 27.0, 1.0, 7.0, 13.0, 12.0, 36.0, 92.0, 5.0, 16.0, 16.0, 21.0, 16.0, 39.0, 18.0, 9.0, 8.0, 4.0, 21.0
31, 2014-12-29, Away, IND, W, L, -4.5, U, 193.5, 0, 107.0, 100.0, 41.0, 89.0, 6.0, 20.0, 19.0, 22.0, 15.0, 45.0, 19.0, 8.0, 6.0, 13.0, 17.0, 41.0, 88.0, 4.0, 14.0, 14.0, 16.0, 10.0, 37.0, 18.0, 9.0, 8.0, 15.0, 19.0
32, 2014-12-30, Home, BRK, L, L, -10, U, 196.5, 1, 92.0, 90.0, 29.0, 84.0, 5.0, 13.0, 29.0, 33.0, 14.0, 46.0, 17.0, 8.0, 7.0, 10.0, 16.0, 36.0, 83.0, 5.0, 13.0, 13.0, 21.0, 7.0, 44.0, 18.0, 5.0, 8.0, 13.0, 25.0
33, 2015-01-01, Home, DEN, W, L, -10.5, O, 204.5, 0, 82.0, 96.0, 33.0, 86.0, 8.0, 25.0, 8.0, 15.0, 13.0, 48.0, 22.0, 5.0, 11.0, 12.0, 18.0, 36.0, 83.0, 6.0, 14.0, 18.0, 21.0, 10.0, 46.0, 21.0, 9.0, 5.0, 10.0, 17.0
34, 2015-01-03, Home, BOS, W, L, -10, O, 202, 0, 106.0, 101.0, 38.0, 91.0, 8.0, 15.0, 22.0, 25.0, 13.0, 46.0, 22.0, 7.0, 18.0, 7.0, 19.0, 37.0, 92.0, 5.0, 14.0, 22.0, 27.0, 17.0, 57.0, 19.0, 4.0, 7.0, 12.0, 27.0
35, 2015-01-05, Home, HOU, W, W, -3, O, 199, 0, 109.0, 104.0, 37.0, 100.0, 6.0, 28.0, 29.0, 40.0, 24.0, 59.0, 19.0, 10.0, 9.0, 16.0, 14.0, 45.0, 100.0, 5.0, 17.0, 9.0, 11.0, 10.0, 45.0, 26.0, 9.0, 6.0, 20.0, 28.0
36, 2015-01-07, Home, UTA, L, L, -11, U, 192.5, 0, 114.0, 105.0, 41.0, 85.0, 5.0, 17.0, 27.0, 30.0, 17.0, 47.0, 27.0, 10.0, 12.0, 17.0, 13.0, 47.0, 102.0, 8.0, 25.0, 3.0, 5.0, 16.0, 41.0, 25.0, 9.0, 8.0, 16.0, 27.0
37, 2015-01-09, Away, WAS, L, L, 1, U, 195.5, 0, 77.0, 97.0, 28.0, 84.0, 6.0, 20.0, 15.0, 20.0, 16.0, 43.0, 17.0, 5.0, 5.0, 15.0, 20.0, 37.0, 78.0, 5.0, 16.0, 18.0, 24.0, 14.0, 48.0, 21.0, 8.0, 8.0, 15.0, 20.0
38, 2015-01-10, Home, MIL, W, W, -6, U, 194, 1, 86.0, 102.0, 32.0, 83.0, 10.0, 26.0, 12.0, 19.0, 11.0, 46.0, 16.0, 9.0, 8.0, 16.0, 15.0, 41.0, 86.0, 8.0, 15.0, 12.0, 19.0, 12.0, 48.0, 27.0, 9.0, 7.0, 13.0, 18.0
39, 2015-01-12, Home, ORL, L, L, -11.5, O, 190.5, 0, 95.0, 87.0, 35.0, 88.0, 4.0, 17.0, 21.0, 24.0, 22.0, 51.0, 24.0, 5.0, 5.0, 12.0, 18.0, 36.0, 81.0, 3.0, 11.0, 12.0, 16.0, 12.0, 37.0, 19.0, 9.0, 10.0, 11.0, 24.0
40, 2015-01-14, Home, WAS, L, L, -5.5, O, 196, 0, 114.0, 121.0, 41.0, 84.0, 8.0, 27.0, 24.0, 33.0, 11.0, 43.0, 25.0, 6.0, 5.0, 14.0, 20.0, 48.0, 81.0, 7.0, 18.0, 18.0, 29.0, 2.0, 34.0, 28.0, 10.0, 3.0, 10.0, 25.0
41, 2015-01-16, Away, BOS, W, W, -5, O, 201, 0, 99.0, 105.0, 34.0, 79.0, 13.0, 27.0, 18.0, 24.0, 8.0, 33.0, 18.0, 10.0, 5.0, 12.0, 21.0, 40.0, 78.0, 5.0, 15.0, 20.0, 25.0, 10.0, 43.0, 29.0, 4.0, 4.0, 15.0, 24.0
42, 2015-01-17, Home, ATL, L, L, 3.5, O, 201, 1, 119.0, 103.0, 48.0, 89.0, 13.0, 25.0, 10.0, 12.0, 8.0, 36.0, 28.0, 12.0, 6.0, 7.0, 14.0, 42.0, 85.0, 5.0, 16.0, 14.0, 16.0, 11.0, 45.0, 29.0, 5.0, 4.0, 13.0, 16.0
43, 2015-01-19, Away, CLE, L, L, 4.5, U, 206.5, 0, 99.0, 107.0, 37.0, 80.0, 9.0, 26.0, 16.0, 20.0, 7.0, 43.0, 25.0, 5.0, 5.0, 13.0, 21.0, 40.0, 84.0, 11.0, 26.0, 16.0, 21.0, 9.0, 40.0, 31.0, 10.0, 7.0, 9.0, 19.0
44, 2015-01-22, Home, SAS, W, W, 5.5, U, 196, 0, 94.0, 108.0, 30.0, 80.0, 8.0, 16.0, 26.0, 32.0, 11.0, 40.0, 12.0, 5.0, 9.0, 8.0, 16.0, 41.0, 90.0, 8.0, 18.0, 18.0, 25.0, 20.0, 54.0, 20.0, 5.0, 4.0, 12.0, 19.0
45, 2015-01-23, Away, DAL, W, W, 6, U, 203, 1, 104.0, 81.0, 36.0, 76.0, 6.0, 19.0, 26.0, 32.0, 8.0, 46.0, 19.0, 7.0, 8.0, 10.0, 16.0, 30.0, 81.0, 6.0, 21.0, 15.0, 18.0, 9.0, 39.0, 17.0, 4.0, 5.0, 12.0, 24.0
46, 2015-01-25, Home, MIA, L, L, -7.5, U, 184, 0, 102.0, 98.0, 38.0, 78.0, 9.0, 16.0, 17.0, 20.0, 15.0, 47.0, 22.0, 8.0, 5.0, 21.0, 18.0, 37.0, 82.0, 6.0, 18.0, 18.0, 18.0, 9.0, 30.0, 16.0, 12.0, 8.0, 12.0, 16.0
47, 2015-01-27, Away, GSW, W, W, 11, O, 213.5, 0, 84.0, 96.0, 31.0, 87.0, 7.0, 24.0, 15.0, 19.0, 14.0, 43.0, 15.0, 5.0, 10.0, 9.0, 16.0, 38.0, 84.0, 1.0, 13.0, 19.0, 23.0, 13.0, 54.0, 19.0, 6.0, 13.0, 10.0, 15.0
48, 2015-01-29, Away, LAL, L, L, -9.5, O, 195.5, 0, 113.0, 111.0, 42.0, 98.0, 8.0, 29.0, 21.0, 23.0, 19.0, 61.0, 19.0, 6.0, 6.0, 21.0, 18.0, 48.0, 113.0, 9.0, 33.0, 6.0, 12.0, 15.0, 48.0, 31.0, 9.0, 2.0, 13.0, 15.0
49, 2015-01-30, Away, PHO, L, W, 7, U, 212.5, 1, 118.0, 123.0, 43.0, 104.0, 6.0, 25.0, 26.0, 32.0, 17.0, 49.0, 26.0, 9.0, 6.0, 11.0, 21.0, 50.0, 106.0, 3.0, 9.0, 20.0, 25.0, 18.0, 54.0, 26.0, 5.0, 8.0, 13.0, 27.0
50, 2015-02-04, Away, HOU, L, L, 3, U, 205, 0, 93.0, 99.0, 36.0, 87.0, 4.0, 18.0, 17.0, 27.0, 12.0, 49.0, 20.0, 6.0, 3.0, 11.0, 18.0, 39.0, 90.0, 6.0, 22.0, 15.0, 17.0, 11.0, 50.0, 16.0, 7.0, 5.0, 13.0, 21.0
51, 2015-02-07, Away, NOP, W, W, -2, U, 193.5, 0, 90.0, 101.0, 31.0, 89.0, 8.0, 25.0, 20.0, 26.0, 18.0, 60.0, 16.0, 3.0, 5.0, 12.0, 17.0, 38.0, 92.0, 8.0, 27.0, 17.0, 23.0, 11.0, 47.0, 18.0, 6.0, 8.0, 6.0, 19.0
52, 2015-02-08, Away, ORL, W, L, -6.5, U, 197.5, 1, 107.0, 72.0, 43.0, 84.0, 10.0, 22.0, 11.0, 13.0, 8.0, 45.0, 18.0, 6.0, 4.0, 11.0, 7.0, 32.0, 86.0, 4.0, 17.0, 4.0, 7.0, 12.0, 38.0, 16.0, 8.0, 6.0, 11.0, 13.0
53, 2015-02-10, Home, SAC, W, W, -11, U, 196.5, 0, 98.0, 97.0, 37.0, 77.0, 8.0, 22.0, 16.0, 18.0, 7.0, 35.0, 27.0, 11.0, 1.0, 15.0, 11.0, 39.0, 83.0, 9.0, 25.0, 10.0, 13.0, 13.0, 45.0, 21.0, 9.0, 4.0, 16.0, 21.0
54, 2015-02-12, Home, CLE, W, W, 2, O, 197.5, 0, 104.0, 86.0, 42.0, 80.0, 7.0, 20.0, 13.0, 15.0, 5.0, 33.0, 26.0, 8.0, 3.0, 7.0, 21.0, 35.0, 75.0, 2.0, 12.0, 14.0, 27.0, 13.0, 45.0, 23.0, 3.0, 3.0, 13.0, 15.0
55, 2015-02-20, Away, DET, L, L, -6, U, 193.5, 0, 113.0, 98.0, 42.0, 92.0, 9.0, 23.0, 20.0, 26.0, 13.0, 47.0, 29.0, 10.0, 3.0, 8.0, 23.0, 37.0, 85.0, 8.0, 31.0, 16.0, 22.0, 10.0, 43.0, 20.0, 5.0, 3.0, 16.0, 23.0
56, 2015-02-21, Home, PHO, W, L, -8, O, 204.5, 1, 91.0, 100.0, 33.0, 78.0, 5.0, 16.0, 20.0, 22.0, 13.0, 43.0, 16.0, 2.0, 7.0, 20.0, 23.0, 38.0, 84.0, 6.0, 22.0, 18.0, 33.0, 11.0, 42.0, 19.0, 12.0, 1.0, 10.0, 23.0
57, 2015-02-23, Home, MIL, W, W, -7, U, 192.5, 0, 112.0, 107.0, 43.0, 89.0, 12.0, 24.0, 14.0, 16.0, 14.0, 47.0, 27.0, 5.0, 3.0, 17.0, 14.0, 47.0, 88.0, 10.0, 25.0, 3.0, 8.0, 8.0, 36.0, 25.0, 10.0, 2.0, 13.0, 15.0
58, 2015-02-25, Home, CHO, L, L, -7, U, 187.5, 0, 87.0, 71.0, 27.0, 76.0, 8.0, 26.0, 25.0, 32.0, 18.0, 62.0, 20.0, 4.0, 7.0, 18.0, 16.0, 30.0, 89.0, 4.0, 18.0, 7.0, 13.0, 12.0, 41.0, 16.0, 9.0, 4.0, 10.0, 21.0
59, 2015-02-27, Home, MIN, W, W, -5, U, 193.5, 0, 86.0, 98.0, 34.0, 77.0, 3.0, 17.0, 15.0, 23.0, 9.0, 43.0, 24.0, 6.0, 11.0, 12.0, 17.0, 39.0, 84.0, 4.0, 14.0, 16.0, 21.0, 12.0, 45.0, 16.0, 8.0, 3.0, 9.0, 18.0
60, 2015-03-01, Home, LAC, L, L, 2, U, 197.5, 0, 96.0, 89.0, 37.0, 96.0, 9.0, 31.0, 13.0, 16.0, 22.0, 53.0, 24.0, 5.0, 5.0, 9.0, 24.0, 33.0, 77.0, 2.0, 14.0, 21.0, 31.0, 10.0, 45.0, 17.0, 7.0, 2.0, 11.0, 18.0
61, 2015-03-03, Home, WAS, W, W, 1.5, O, 187, 0, 86.0, 96.0, 27.0, 87.0, 10.0, 26.0, 22.0, 30.0, 17.0, 51.0, 18.0, 2.0, 1.0, 11.0, 17.0, 38.0, 87.0, 7.0, 27.0, 13.0, 24.0, 13.0, 55.0, 15.0, 6.0, 12.0, 8.0, 23.0
62, 2015-03-05, Home, OKC, W, W, 1, O, 199, 0, 97.0, 92.0, 33.0, 78.0, 9.0, 29.0, 22.0, 30.0, 10.0, 47.0, 20.0, 5.0, 7.0, 16.0, 16.0, 35.0, 84.0, 8.0, 22.0, 14.0, 19.0, 10.0, 39.0, 23.0, 10.0, 11.0, 11.0, 23.0
63, 2015-03-06, Away, IND, L, L, 6, U, 186.5, 1, 108.0, 105.0, 40.0, 87.0, 7.0, 25.0, 21.0, 26.0, 12.0, 48.0, 26.0, 4.0, 3.0, 10.0, 15.0, 41.0, 88.0, 8.0, 20.0, 15.0, 19.0, 8.0, 41.0, 20.0, 8.0, 4.0, 9.0, 18.0
64, 2015-03-08, Away, SAS, L, L, 10, O, 190.5, 0, 84.0, 98.0, 31.0, 86.0, 5.0, 23.0, 17.0, 19.0, 14.0, 44.0, 20.0, 5.0, 3.0, 11.0, 25.0, 34.0, 80.0, 6.0, 20.0, 24.0, 33.0, 15.0, 51.0, 23.0, 7.0, 4.0, 11.0, 22.0
65, 2015-03-09, Home, MEM, L, L, 5.5, O, 183, 1, 105.0, 116.0, 37.0, 73.0, 5.0, 15.0, 26.0, 29.0, 7.0, 44.0, 20.0, 6.0, 6.0, 20.0, 24.0, 44.0, 90.0, 9.0, 22.0, 19.0, 24.0, 8.0, 35.0, 14.0, 15.0, 4.0, 7.0, 22.0
66, 2015-03-11, Away, PHI, W, W, -6.5, O, 189, 0, 91.0, 101.0, 35.0, 80.0, 10.0, 22.0, 11.0, 14.0, 9.0, 44.0, 18.0, 7.0, 2.0, 15.0, 13.0, 42.0, 84.0, 5.0, 14.0, 12.0, 17.0, 7.0, 40.0, 25.0, 13.0, 5.0, 11.0, 12.0
67, 2015-03-13, Away, CHO, L, L, -1, O, 188.5, 0, 104.0, 95.0, 40.0, 87.0, 10.0, 24.0, 14.0, 20.0, 8.0, 58.0, 24.0, 6.0, 2.0, 18.0, 16.0, 36.0, 104.0, 11.0, 41.0, 12.0, 25.0, 17.0, 55.0, 16.0, 12.0, 5.0, 10.0, 15.0
68, 2015-03-15, Away, OKC, L, L, 7, O, 204, 0, 91.0, 101.0, 31.0, 82.0, 15.0, 32.0, 14.0, 19.0, 4.0, 36.0, 18.0, 4.0, 6.0, 10.0, 25.0, 33.0, 89.0, 7.0, 19.0, 28.0, 33.0, 17.0, 55.0, 15.0, 4.0, 7.0, 12.0, 17.0
69, 2015-03-18, Home, IND, W, W, -1, U, 189.5, 0, 100.0, 109.0, 37.0, 83.0, 9.0, 29.0, 17.0, 24.0, 9.0, 33.0, 20.0, 5.0, 3.0, 11.0, 24.0, 40.0, 87.0, 8.0, 21.0, 21.0, 30.0, 17.0, 52.0, 16.0, 4.0, 4.0, 16.0, 23.0
70, 2015-03-20, Home, TOR, W, W, -1.5, O, 198, 0, 103.0, 86.0, 34.0, 82.0, 10.0, 24.0, 25.0, 28.0, 9.0, 52.0, 22.0, 6.0, 4.0, 12.0, 23.0, 32.0, 81.0, 6.0, 19.0, 16.0, 21.0, 5.0, 38.0, 16.0, 3.0, 8.0, 9.0, 23.0
71, 2015-03-21, Away, DET, L, L, -3, O, 192.5, 1, 108.0, 92.0, 42.0, 79.0, 9.0, 28.0, 15.0, 17.0, 13.0, 47.0, 32.0, 4.0, 7.0, 12.0, 21.0, 30.0, 79.0, 10.0, 25.0, 22.0, 26.0, 12.0, 36.0, 20.0, 6.0, 4.0, 6.0, 19.0
72, 2015-03-23, Home, CHO, W, W, -7, U, 191.5, 0, 91.0, 107.0, 33.0, 77.0, 6.0, 21.0, 19.0, 24.0, 8.0, 45.0, 22.0, 2.0, 1.0, 11.0, 11.0, 44.0, 90.0, 11.0, 26.0, 8.0, 10.0, 6.0, 44.0, 28.0, 9.0, 6.0, 4.0, 20.0
73, 2015-03-25, Away, TOR, W, W, -3, O, 197, 0, 98.0, 86.0, 37.0, 82.0, 3.0, 16.0, 21.0, 29.0, 6.0, 46.0, 21.0, 5.0, 7.0, 6.0, 20.0, 28.0, 81.0, 8.0, 20.0, 22.0, 28.0, 11.0, 51.0, 11.0, 2.0, 8.0, 10.0, 25.0
74, 2015-03-28, Home, NYK, W, W, -17.5, O, 190.5, 0, 116.0, 103.0, 45.0, 74.0, 12.0, 23.0, 14.0, 17.0, 2.0, 31.0, 26.0, 4.0, 6.0, 8.0, 16.0, 39.0, 83.0, 9.0, 21.0, 16.0, 19.0, 10.0, 35.0, 16.0, 6.0, 1.0, 7.0, 16.0
75, 2015-04-01, Away, MIL, L, L, -5, U, 191.5, 0, 111.0, 80.0, 43.0, 84.0, 6.0, 17.0, 19.0, 22.0, 12.0, 51.0, 28.0, 8.0, 5.0, 12.0, 16.0, 30.0, 79.0, 4.0, 17.0, 16.0, 19.0, 9.0, 35.0, 22.0, 7.0, 7.0, 13.0, 18.0
76, 2015-04-03, Home, DET, W, L, -9.5, U, 196.5, 0, 91.0, 95.0, 31.0, 74.0, 5.0, 26.0, 24.0, 37.0, 12.0, 40.0, 18.0, 11.0, 3.0, 20.0, 21.0, 37.0, 89.0, 8.0, 21.0, 13.0, 18.0, 20.0, 48.0, 15.0, 11.0, 5.0, 18.0, 28.0
77, 2015-04-05, Away, CLE, L, W, 8, U, 194, 0, 88.0, 82.0, 33.0, 85.0, 4.0, 17.0, 18.0, 21.0, 19.0, 44.0, 18.0, 9.0, 5.0, 10.0, 15.0, 32.0, 74.0, 6.0, 19.0, 12.0, 15.0, 11.0, 42.0, 14.0, 9.0, 12.0, 18.0, 20.0
78, 2015-04-08, Away, ORL, L, L, -7.5, O, 191, 0, 94.0, 99.0, 34.0, 76.0, 11.0, 27.0, 15.0, 21.0, 9.0, 45.0, 28.0, 7.0, 2.0, 16.0, 22.0, 35.0, 83.0, 16.0, 37.0, 13.0, 22.0, 10.0, 40.0, 24.0, 9.0, 4.0, 10.0, 17.0
79, 2015-04-09, Away, MIA, W, W, 2, U, 192.5, 1, 103.0, 105.0, 34.0, 79.0, 12.0, 26.0, 23.0, 31.0, 12.0, 41.0, 25.0, 9.0, 4.0, 15.0, 16.0, 38.0, 82.0, 8.0, 23.0, 21.0, 24.0, 13.0, 44.0, 21.0, 8.0, 3.0, 15.0, 19.0
80, 2015-04-11, Home, PHI, W, L, -15.5, O, 195, 0, 89.0, 78.0, 35.0, 91.0, 6.0, 23.0, 13.0, 17.0, 15.0, 51.0, 17.0, 10.0, 2.0, 11.0, 11.0, 34.0, 88.0, 5.0, 18.0, 5.0, 7.0, 13.0, 46.0, 14.0, 2.0, 7.0, 14.0, 17.0
81, 2015-04-13, Away, BRK, W, W, -2, O, 198.5, 0, 114.0, 107.0, 40.0, 90.0, 9.0, 26.0, 25.0, 36.0, 13.0, 48.0, 20.0, 8.0, 5.0, 10.0, 20.0, 37.0, 89.0, 13.0, 41.0, 20.0, 25.0, 14.0, 47.0, 19.0, 5.0, 3.0, 15.0, 29.0
82, 2015-04-15, Home, ATL, W, W, -5.5, U, 198, 0, 113.0, 86.0, 44.0, 88.0, 12.0, 30.0, 13.0, 17.0, 9.0, 46.0, 26.0, 7.0, 8.0, 7.0, 18.0, 32.0, 87.0, 3.0, 12.0, 19.0, 22.0, 12.0, 42.0, 12.0, 2.0, 3.0, 10.0, 14.0
