18, 2014-12-02, Home, DAL, L, L, -1, O, 203, 0, 1719.0, 1671.0, 619.0, 1356.0, 127.0, 352.0, 354.0, 468.0, 174.0, 731.0, 367.0, 109.0, 101.0, 239.0, 348.0, 639.0, 1452.0, 99.0, 285.0, 294.0, 392.0, 201.0, 735.0, 363.0, 121.0, 75.0, 214.0, 397.0
19, 2014-12-03, Away, CHO, W, W, -3.5, O, 190.5, 1, 1744.0, 1723.0, 630.0, 1388.0, 128.0, 354.0, 356.0, 472.0, 179.0, 736.0, 384.0, 105.0, 103.0, 242.0, 352.0, 655.0, 1469.0, 111.0, 298.0, 302.0, 402.0, 199.0, 743.0, 374.0, 121.0, 76.0, 217.0, 403.0
20, 2014-12-06, Home, GSW, L, L, 2.5, O, 204, 0, 1738.0, 1704.0, 626.0, 1378.0, 127.0, 351.0, 359.0, 476.0, 172.0, 743.0, 386.0, 105.0, 90.0, 234.0, 342.0, 650.0, 1455.0, 110.0, 298.0, 294.0, 392.0, 186.0, 733.0, 373.0, 118.0, 75.0, 213.0, 406.0
21, 2014-12-10, Home, BRK, W, W, -11, U, 192.5, 0, 1734.0, 1711.0, 629.0, 1392.0, 125.0, 349.0, 351.0, 463.0, 184.0, 755.0, 395.0, 108.0, 85.0, 242.0, 341.0, 652.0, 1459.0, 118.0, 316.0, 289.0, 386.0, 188.0, 731.0, 374.0, 123.0, 77.0, 214.0, 398.0
22, 2014-12-12, Home, POR, W, W, -2.5, O, 197, 0, 1741.0, 1701.0, 631.0, 1396.0, 126.0, 356.0, 353.0, 468.0, 189.0, 768.0, 393.0, 108.0, 87.0, 245.0, 341.0, 643.0, 1459.0, 115.0, 316.0, 300.0, 396.0, 189.0, 727.0, 369.0, 126.0, 76.0, 214.0, 401.0
23, 2014-12-14, Away, MIA, W, W, -7, U, 194, 0, 1761.0, 1721.0, 641.0, 1411.0, 126.0, 355.0, 353.0, 466.0, 196.0, 773.0, 387.0, 105.0, 87.0, 236.0, 334.0, 653.0, 1458.0, 124.0, 325.0, 291.0, 387.0, 182.0, 714.0, 370.0, 119.0, 78.0, 210.0, 390.0
24, 2014-12-15, Away, ATL, L, L, 2.5, U, 196, 1, 1736.0, 1681.0, 634.0, 1404.0, 123.0, 349.0, 345.0, 453.0, 192.0, 777.0, 383.0, 105.0, 89.0, 238.0, 331.0, 638.0, 1447.0, 116.0, 317.0, 289.0, 380.0, 178.0, 712.0, 353.0, 125.0, 81.0, 211.0, 383.0
25, 2014-12-18, Home, NYK, W, L, -12.5, O, 189, 0, 1721.0, 1668.0, 627.0, 1405.0, 121.0, 360.0, 346.0, 452.0, 196.0, 796.0, 375.0, 103.0, 93.0, 244.0, 332.0, 632.0, 1449.0, 116.0, 319.0, 288.0, 377.0, 176.0, 707.0, 354.0, 129.0, 85.0, 208.0, 383.0
26, 2014-12-19, Away, MEM, W, W, 6, O, 191.5, 1, 1722.0, 1674.0, 622.0, 1392.0, 126.0, 363.0, 352.0, 462.0, 198.0, 779.0, 376.0, 106.0, 93.0, 245.0, 330.0, 636.0, 1451.0, 115.0, 314.0, 287.0, 371.0, 181.0, 702.0, 354.0, 131.0, 85.0, 209.0, 386.0
27, 2014-12-22, Home, TOR, W, W, -4, O, 200.5, 0, 1725.0, 1678.0, 617.0, 1388.0, 132.0, 374.0, 359.0, 463.0, 193.0, 782.0, 367.0, 101.0, 89.0, 235.0, 330.0, 638.0, 1456.0, 109.0, 302.0, 293.0, 374.0, 182.0, 709.0, 349.0, 124.0, 84.0, 199.0, 383.0
28, 2014-12-23, Away, WAS, W, W, 2.5, U, 197.5, 1, 1764.0, 1699.0, 622.0, 1379.0, 134.0, 369.0, 386.0, 487.0, 195.0, 789.0, 369.0, 99.0, 95.0, 237.0, 331.0, 645.0, 1479.0, 111.0, 314.0, 298.0, 381.0, 190.0, 700.0, 346.0, 129.0, 81.0, 192.0, 391.0
29, 2014-12-25, Home, LAL, W, W, -11.5, U, 208, 0, 1758.0, 1701.0, 622.0, 1384.0, 129.0, 360.0, 385.0, 486.0, 194.0, 796.0, 361.0, 97.0, 100.0, 239.0, 321.0, 647.0, 1487.0, 109.0, 300.0, 298.0, 375.0, 188.0, 701.0, 347.0, 134.0, 81.0, 188.0, 387.0
30, 2014-12-27, Home, NOP, W, L, -10, O, 201, 0, 1783.0, 1691.0, 628.0, 1386.0, 134.0, 365.0, 393.0, 495.0, 201.0, 811.0, 365.0, 92.0, 103.0, 238.0, 307.0, 645.0, 1505.0, 110.0, 310.0, 291.0, 369.0, 197.0, 700.0, 339.0, 138.0, 85.0, 179.0, 387.0
31, 2014-12-29, Away, IND, W, L, -4.5, U, 193.5, 0, 1803.0, 1686.0, 639.0, 1392.0, 132.0, 363.0, 393.0, 489.0, 205.0, 808.0, 370.0, 91.0, 107.0, 237.0, 306.0, 647.0, 1514.0, 105.0, 308.0, 287.0, 363.0, 201.0, 691.0, 331.0, 139.0, 88.0, 177.0, 387.0
32, 2014-12-30, Home, BRK, L, L, -10, U, 196.5, 1, 1798.0, 1681.0, 632.0, 1404.0, 128.0, 356.0, 406.0, 499.0, 212.0, 819.0, 367.0, 90.0, 111.0, 231.0, 308.0, 641.0, 1511.0, 107.0, 312.0, 292.0, 374.0, 197.0, 694.0, 327.0, 135.0, 90.0, 177.0, 392.0
33, 2015-01-01, Home, DEN, W, L, -10.5, O, 204.5, 0, 1771.0, 1663.0, 630.0, 1408.0, 129.0, 360.0, 382.0, 477.0, 214.0, 830.0, 369.0, 86.0, 118.0, 231.0, 304.0, 634.0, 1509.0, 105.0, 310.0, 290.0, 368.0, 193.0, 695.0, 326.0, 139.0, 88.0, 173.0, 384.0
34, 2015-01-03, Home, BOS, W, L, -10, O, 202, 0, 1768.0, 1662.0, 631.0, 1409.0, 132.0, 358.0, 374.0, 465.0, 209.0, 824.0, 373.0, 88.0, 123.0, 225.0, 302.0, 634.0, 1509.0, 104.0, 302.0, 290.0, 366.0, 198.0, 710.0, 325.0, 136.0, 93.0, 172.0, 381.0
35, 2015-01-05, Home, HOU, W, W, -3, O, 199, 0, 1775.0, 1682.0, 634.0, 1440.0, 131.0, 362.0, 376.0, 471.0, 226.0, 833.0, 373.0, 92.0, 127.0, 222.0, 292.0, 647.0, 1523.0, 107.0, 305.0, 281.0, 353.0, 201.0, 721.0, 335.0, 136.0, 99.0, 182.0, 384.0
36, 2015-01-07, Home, UTA, L, L, -11, U, 192.5, 0, 1760.0, 1655.0, 628.0, 1422.0, 128.0, 353.0, 376.0, 467.0, 228.0, 828.0, 362.0, 97.0, 133.0, 221.0, 283.0, 647.0, 1523.0, 100.0, 300.0, 261.0, 331.0, 205.0, 716.0, 330.0, 136.0, 101.0, 184.0, 383.0
37, 2015-01-09, Away, WAS, L, L, 1, U, 195.5, 0, 1735.0, 1657.0, 619.0, 1426.0, 122.0, 345.0, 375.0, 466.0, 240.0, 822.0, 352.0, 98.0, 137.0, 225.0, 285.0, 648.0, 1511.0, 103.0, 301.0, 258.0, 332.0, 212.0, 722.0, 334.0, 139.0, 106.0, 194.0, 382.0
38, 2015-01-10, Home, MIL, W, W, -6, U, 194, 1, 1719.0, 1647.0, 615.0, 1426.0, 125.0, 350.0, 364.0, 458.0, 234.0, 818.0, 344.0, 101.0, 142.0, 219.0, 277.0, 649.0, 1508.0, 99.0, 286.0, 250.0, 326.0, 209.0, 730.0, 334.0, 134.0, 107.0, 196.0, 379.0
39, 2015-01-12, Home, ORL, L, L, -11.5, O, 190.5, 0, 1709.0, 1654.0, 613.0, 1435.0, 121.0, 345.0, 362.0, 450.0, 241.0, 812.0, 347.0, 100.0, 136.0, 216.0, 277.0, 656.0, 1501.0, 99.0, 283.0, 243.0, 318.0, 206.0, 723.0, 337.0, 134.0, 112.0, 196.0, 378.0
40, 2015-01-14, Home, WAS, L, L, -5.5, O, 196, 0, 1708.0, 1669.0, 610.0, 1431.0, 124.0, 357.0, 364.0, 455.0, 238.0, 808.0, 354.0, 101.0, 138.0, 223.0, 286.0, 661.0, 1494.0, 94.0, 277.0, 253.0, 336.0, 197.0, 720.0, 345.0, 141.0, 110.0, 196.0, 386.0
41, 2015-01-16, Away, BOS, W, W, -5, O, 201, 0, 1714.0, 1699.0, 611.0, 1439.0, 128.0, 366.0, 364.0, 458.0, 238.0, 797.0, 351.0, 107.0, 135.0, 216.0, 289.0, 673.0, 1492.0, 95.0, 270.0, 258.0, 343.0, 194.0, 723.0, 362.0, 132.0, 109.0, 198.0, 388.0
42, 2015-01-17, Home, ATL, L, L, 3.5, O, 201, 1, 1747.0, 1709.0, 624.0, 1435.0, 135.0, 362.0, 364.0, 456.0, 231.0, 776.0, 361.0, 116.0, 135.0, 209.0, 286.0, 679.0, 1494.0, 93.0, 265.0, 258.0, 342.0, 200.0, 728.0, 365.0, 127.0, 106.0, 202.0, 387.0
43, 2015-01-19, Away, CLE, L, L, 4.5, U, 206.5, 0, 1743.0, 1719.0, 627.0, 1440.0, 132.0, 365.0, 357.0, 446.0, 227.0, 787.0, 363.0, 112.0, 132.0, 211.0, 290.0, 681.0, 1496.0, 98.0, 282.0, 259.0, 344.0, 195.0, 727.0, 377.0, 130.0, 107.0, 195.0, 382.0
44, 2015-01-22, Home, SAS, W, W, 5.5, U, 196, 0, 1734.0, 1730.0, 625.0, 1447.0, 130.0, 355.0, 354.0, 445.0, 230.0, 776.0, 358.0, 115.0, 138.0, 210.0, 288.0, 685.0, 1492.0, 104.0, 287.0, 256.0, 345.0, 201.0, 736.0, 385.0, 131.0, 105.0, 203.0, 376.0
45, 2015-01-23, Away, DAL, W, W, 6, U, 203, 1, 1709.0, 1691.0, 621.0, 1449.0, 130.0, 362.0, 337.0, 430.0, 226.0, 781.0, 357.0, 118.0, 133.0, 205.0, 284.0, 671.0, 1473.0, 101.0, 278.0, 248.0, 331.0, 192.0, 738.0, 387.0, 125.0, 107.0, 208.0, 370.0
46, 2015-01-25, Home, MIA, L, L, -7.5, U, 184, 0, 1712.0, 1698.0, 620.0, 1442.0, 134.0, 361.0, 338.0, 426.0, 233.0, 776.0, 359.0, 121.0, 131.0, 216.0, 288.0, 670.0, 1466.0, 102.0, 287.0, 256.0, 333.0, 194.0, 727.0, 382.0, 130.0, 110.0, 212.0, 369.0
47, 2015-01-27, Away, GSW, W, W, 11, O, 213.5, 0, 1683.0, 1701.0, 609.0, 1443.0, 131.0, 361.0, 334.0, 420.0, 227.0, 762.0, 347.0, 125.0, 134.0, 212.0, 292.0, 672.0, 1458.0, 98.0, 284.0, 259.0, 335.0, 191.0, 742.0, 383.0, 127.0, 115.0, 218.0, 363.0
48, 2015-01-29, Away, LAL, L, L, -9.5, O, 195.5, 0, 1689.0, 1712.0, 610.0, 1452.0, 133.0, 370.0, 336.0, 421.0, 231.0, 778.0, 347.0, 123.0, 134.0, 220.0, 293.0, 679.0, 1483.0, 103.0, 303.0, 251.0, 331.0, 196.0, 753.0, 396.0, 127.0, 109.0, 216.0, 359.0
49, 2015-01-30, Away, PHO, L, W, 7, U, 212.5, 1, 1715.0, 1745.0, 624.0, 1472.0, 134.0, 382.0, 333.0, 420.0, 234.0, 781.0, 356.0, 124.0, 133.0, 221.0, 298.0, 693.0, 1506.0, 101.0, 299.0, 258.0, 335.0, 207.0, 763.0, 404.0, 127.0, 109.0, 216.0, 361.0
50, 2015-02-04, Away, HOU, L, L, 3, U, 205, 0, 1726.0, 1748.0, 627.0, 1473.0, 130.0, 375.0, 342.0, 432.0, 233.0, 782.0, 354.0, 125.0, 125.0, 220.0, 298.0, 696.0, 1513.0, 101.0, 307.0, 255.0, 331.0, 208.0, 767.0, 399.0, 125.0, 109.0, 219.0, 365.0
51, 2015-02-07, Away, NOP, W, W, -2, U, 193.5, 0, 1710.0, 1748.0, 620.0, 1471.0, 130.0, 385.0, 340.0, 433.0, 238.0, 796.0, 348.0, 121.0, 112.0, 225.0, 296.0, 697.0, 1513.0, 104.0, 320.0, 250.0, 327.0, 202.0, 757.0, 398.0, 127.0, 110.0, 213.0, 357.0
52, 2015-02-08, Away, ORL, W, L, -6.5, U, 197.5, 1, 1708.0, 1716.0, 626.0, 1455.0, 134.0, 379.0, 322.0, 406.0, 222.0, 782.0, 347.0, 117.0, 107.0, 220.0, 289.0, 684.0, 1499.0, 103.0, 320.0, 245.0, 323.0, 204.0, 750.0, 388.0, 126.0, 110.0, 204.0, 342.0
53, 2015-02-10, Home, SAC, W, W, -11, U, 196.5, 0, 1692.0, 1708.0, 622.0, 1447.0, 137.0, 384.0, 311.0, 394.0, 212.0, 770.0, 347.0, 118.0, 96.0, 218.0, 287.0, 676.0, 1480.0, 104.0, 320.0, 252.0, 331.0, 201.0, 754.0, 384.0, 126.0, 106.0, 204.0, 336.0
54, 2015-02-12, Home, CLE, W, W, 2, O, 197.5, 0, 1719.0, 1697.0, 636.0, 1443.0, 138.0, 384.0, 309.0, 389.0, 201.0, 760.0, 356.0, 121.0, 94.0, 210.0, 288.0, 674.0, 1477.0, 101.0, 316.0, 248.0, 334.0, 200.0, 751.0, 386.0, 121.0, 101.0, 202.0, 331.0
55, 2015-02-20, Away, DET, L, L, -6, U, 193.5, 0, 1746.0, 1693.0, 646.0, 1452.0, 137.0, 381.0, 317.0, 396.0, 203.0, 761.0, 369.0, 122.0, 89.0, 202.0, 296.0, 670.0, 1476.0, 101.0, 332.0, 252.0, 337.0, 198.0, 746.0, 379.0, 117.0, 97.0, 205.0, 336.0
56, 2015-02-21, Home, PHO, W, L, -8, O, 204.5, 1, 1742.0, 1706.0, 644.0, 1442.0, 138.0, 380.0, 316.0, 394.0, 194.0, 753.0, 361.0, 119.0, 91.0, 210.0, 301.0, 672.0, 1479.0, 104.0, 343.0, 258.0, 354.0, 197.0, 751.0, 379.0, 120.0, 88.0, 204.0, 335.0
57, 2015-02-23, Home, MIL, W, W, -7, U, 192.5, 0, 1740.0, 1692.0, 646.0, 1447.0, 142.0, 377.0, 306.0, 377.0, 197.0, 757.0, 363.0, 118.0, 89.0, 213.0, 295.0, 671.0, 1486.0, 107.0, 350.0, 243.0, 333.0, 203.0, 753.0, 376.0, 120.0, 87.0, 207.0, 325.0
58, 2015-02-25, Home, CHO, L, L, -7, U, 187.5, 0, 1728.0, 1658.0, 639.0, 1444.0, 137.0, 376.0, 313.0, 385.0, 207.0, 786.0, 365.0, 112.0, 91.0, 219.0, 290.0, 661.0, 1497.0, 106.0, 353.0, 230.0, 321.0, 205.0, 751.0, 363.0, 125.0, 87.0, 202.0, 322.0
59, 2015-02-27, Home, MIN, W, W, -5, U, 193.5, 0, 1695.0, 1653.0, 625.0, 1432.0, 127.0, 368.0, 318.0, 396.0, 208.0, 793.0, 361.0, 106.0, 96.0, 224.0, 293.0, 658.0, 1496.0, 105.0, 351.0, 232.0, 326.0, 206.0, 751.0, 350.0, 128.0, 86.0, 198.0, 324.0
60, 2015-03-01, Home, LAC, L, L, 2, U, 197.5, 0, 1692.0, 1635.0, 625.0, 1448.0, 127.0, 373.0, 315.0, 392.0, 223.0, 803.0, 360.0, 106.0, 96.0, 220.0, 296.0, 651.0, 1489.0, 96.0, 339.0, 237.0, 336.0, 207.0, 756.0, 336.0, 125.0, 81.0, 200.0, 323.0
61, 2015-03-03, Home, WAS, W, W, 1.5, O, 187, 0, 1684.0, 1623.0, 622.0, 1455.0, 129.0, 383.0, 311.0, 390.0, 229.0, 814.0, 366.0, 103.0, 88.0, 223.0, 297.0, 648.0, 1486.0, 95.0, 348.0, 232.0, 335.0, 200.0, 757.0, 331.0, 126.0, 89.0, 196.0, 327.0
62, 2015-03-05, Home, OKC, W, W, 1, O, 199, 0, 1677.0, 1634.0, 619.0, 1457.0, 132.0, 393.0, 307.0, 388.0, 231.0, 815.0, 367.0, 101.0, 87.0, 229.0, 297.0, 653.0, 1489.0, 97.0, 349.0, 231.0, 336.0, 201.0, 757.0, 337.0, 132.0, 95.0, 195.0, 326.0
63, 2015-03-06, Away, IND, L, L, 6, U, 186.5, 1, 1683.0, 1641.0, 621.0, 1466.0, 130.0, 402.0, 311.0, 394.0, 228.0, 816.0, 371.0, 97.0, 85.0, 218.0, 294.0, 657.0, 1495.0, 99.0, 351.0, 228.0, 337.0, 200.0, 768.0, 341.0, 128.0, 91.0, 192.0, 328.0
64, 2015-03-08, Away, SAS, L, L, 10, O, 190.5, 0, 1683.0, 1643.0, 621.0, 1465.0, 128.0, 401.0, 313.0, 394.0, 228.0, 817.0, 376.0, 97.0, 78.0, 220.0, 303.0, 653.0, 1491.0, 104.0, 358.0, 233.0, 347.0, 202.0, 765.0, 345.0, 129.0, 82.0, 193.0, 335.0
65, 2015-03-09, Home, MEM, L, L, 5.5, O, 183, 1, 1675.0, 1648.0, 616.0, 1440.0, 125.0, 387.0, 318.0, 400.0, 216.0, 800.0, 377.0, 97.0, 78.0, 219.0, 309.0, 649.0, 1468.0, 104.0, 347.0, 246.0, 359.0, 195.0, 752.0, 328.0, 135.0, 84.0, 187.0, 342.0
66, 2015-03-11, Away, PHI, W, W, -6.5, O, 189, 0, 1648.0, 1626.0, 608.0, 1416.0, 129.0, 384.0, 303.0, 382.0, 208.0, 795.0, 369.0, 95.0, 74.0, 223.0, 301.0, 641.0, 1446.0, 106.0, 352.0, 238.0, 351.0, 184.0, 738.0, 327.0, 143.0, 81.0, 185.0, 327.0
67, 2015-03-13, Away, CHO, L, L, -1, O, 188.5, 0, 1659.0, 1622.0, 612.0, 1416.0, 135.0, 390.0, 300.0, 375.0, 204.0, 804.0, 373.0, 95.0, 73.0, 230.0, 299.0, 638.0, 1460.0, 111.0, 371.0, 235.0, 359.0, 190.0, 743.0, 327.0, 148.0, 81.0, 182.0, 321.0
68, 2015-03-15, Away, OKC, L, L, 7, O, 204, 0, 1660.0, 1622.0, 612.0, 1409.0, 142.0, 397.0, 294.0, 368.0, 190.0, 780.0, 375.0, 96.0, 74.0, 228.0, 307.0, 633.0, 1457.0, 110.0, 363.0, 246.0, 369.0, 196.0, 751.0, 324.0, 146.0, 80.0, 188.0, 319.0
69, 2015-03-18, Home, IND, W, W, -1, U, 189.5, 0, 1653.0, 1659.0, 606.0, 1408.0, 141.0, 404.0, 300.0, 379.0, 191.0, 768.0, 377.0, 95.0, 73.0, 228.0, 324.0, 641.0, 1458.0, 114.0, 367.0, 263.0, 392.0, 201.0, 765.0, 324.0, 142.0, 78.0, 193.0, 329.0
70, 2015-03-20, Home, TOR, W, W, -1.5, O, 198, 0, 1658.0, 1648.0, 603.0, 1413.0, 143.0, 406.0, 309.0, 389.0, 193.0, 785.0, 372.0, 90.0, 76.0, 225.0, 336.0, 634.0, 1456.0, 111.0, 361.0, 269.0, 400.0, 193.0, 758.0, 319.0, 136.0, 82.0, 186.0, 331.0
71, 2015-03-21, Away, DET, L, L, -3, O, 192.5, 1, 1662.0, 1654.0, 603.0, 1412.0, 145.0, 414.0, 311.0, 391.0, 201.0, 799.0, 378.0, 86.0, 80.0, 230.0, 336.0, 629.0, 1460.0, 119.0, 374.0, 277.0, 399.0, 192.0, 749.0, 316.0, 139.0, 83.0, 179.0, 335.0
72, 2015-03-23, Home, CHO, W, W, -7, U, 191.5, 0, 1640.0, 1663.0, 594.0, 1397.0, 142.0, 412.0, 310.0, 389.0, 196.0, 797.0, 371.0, 78.0, 78.0, 233.0, 324.0, 636.0, 1465.0, 122.0, 369.0, 269.0, 387.0, 188.0, 750.0, 324.0, 143.0, 86.0, 167.0, 332.0
73, 2015-03-25, Away, TOR, W, W, -3, O, 197, 0, 1647.0, 1649.0, 598.0, 1401.0, 140.0, 412.0, 311.0, 396.0, 189.0, 800.0, 376.0, 81.0, 78.0, 219.0, 321.0, 626.0, 1462.0, 124.0, 367.0, 273.0, 382.0, 188.0, 759.0, 316.0, 133.0, 93.0, 167.0, 334.0
74, 2015-03-28, Home, NYK, W, W, -17.5, O, 190.5, 0, 1651.0, 1645.0, 600.0, 1386.0, 140.0, 411.0, 311.0, 397.0, 177.0, 784.0, 375.0, 80.0, 81.0, 210.0, 323.0, 618.0, 1457.0, 123.0, 363.0, 286.0, 393.0, 190.0, 758.0, 307.0, 129.0, 92.0, 161.0, 335.0
75, 2015-04-01, Away, MIL, L, L, -5, U, 191.5, 0, 1675.0, 1654.0, 616.0, 1394.0, 138.0, 402.0, 305.0, 387.0, 171.0, 773.0, 383.0, 84.0, 79.0, 204.0, 323.0, 618.0, 1447.0, 123.0, 362.0, 295.0, 399.0, 187.0, 752.0, 313.0, 127.0, 95.0, 164.0, 332.0
76, 2015-04-03, Home, DET, W, L, -9.5, U, 196.5, 0, 1680.0, 1651.0, 613.0, 1391.0, 140.0, 411.0, 314.0, 401.0, 174.0, 770.0, 377.0, 89.0, 71.0, 212.0, 327.0, 616.0, 1452.0, 127.0, 369.0, 292.0, 396.0, 195.0, 755.0, 312.0, 130.0, 97.0, 173.0, 342.0
77, 2015-04-05, Away, CLE, L, W, 8, U, 194, 0, 1672.0, 1644.0, 609.0, 1380.0, 135.0, 397.0, 319.0, 406.0, 171.0, 761.0, 371.0, 93.0, 71.0, 213.0, 318.0, 615.0, 1449.0, 131.0, 374.0, 283.0, 380.0, 196.0, 752.0, 309.0, 132.0, 107.0, 180.0, 344.0
78, 2015-04-08, Away, ORL, L, L, -7.5, O, 191, 0, 1680.0, 1647.0, 616.0, 1369.0, 136.0, 398.0, 312.0, 397.0, 163.0, 755.0, 381.0, 98.0, 72.0, 218.0, 323.0, 612.0, 1445.0, 140.0, 384.0, 283.0, 378.0, 193.0, 737.0, 318.0, 135.0, 99.0, 182.0, 338.0
79, 2015-04-09, Away, MIA, W, W, 2, U, 192.5, 1, 1686.0, 1660.0, 617.0, 1370.0, 139.0, 395.0, 313.0, 398.0, 165.0, 749.0, 386.0, 102.0, 69.0, 217.0, 323.0, 615.0, 1443.0, 140.0, 385.0, 290.0, 383.0, 196.0, 742.0, 316.0, 133.0, 91.0, 186.0, 334.0
80, 2015-04-11, Home, PHI, W, L, -15.5, O, 195, 0, 1667.0, 1633.0, 612.0, 1374.0, 138.0, 393.0, 305.0, 389.0, 168.0, 752.0, 377.0, 108.0, 68.0, 218.0, 319.0, 608.0, 1443.0, 137.0, 383.0, 280.0, 371.0, 201.0, 747.0, 310.0, 127.0, 94.0, 191.0, 333.0
81, 2015-04-13, Away, BRK, W, W, -2, O, 198.5, 0, 1697.0, 1642.0, 621.0, 1378.0, 142.0, 396.0, 313.0, 406.0, 167.0, 756.0, 377.0, 111.0, 70.0, 217.0, 314.0, 611.0, 1452.0, 144.0, 404.0, 276.0, 363.0, 200.0, 743.0, 306.0, 125.0, 93.0, 195.0, 340.0
82, 2015-04-15, Home, ATL, W, W, -5.5, U, 198, 0, 1705.0, 1612.0, 628.0, 1393.0, 149.0, 411.0, 300.0, 394.0, 169.0, 758.0, 383.0, 112.0, 72.0, 204.0, 308.0, 599.0, 1449.0, 138.0, 394.0, 276.0, 361.0, 204.0, 750.0, 304.0, 112.0, 92.0, 198.0, 332.0
