12, 2012-11-19, Home, HOU, W, W, -6.5, U, 196.5, 0, 1075.0, 1072.0, 404.0, 927.0, 67.0, 196.0, 200.0, 269.0, 154.0, 507.0, 231.0, 84.0, 84.0, 163.0, 232.0, 404.0, 936.0, 69.0, 187.0, 195.0, 257.0, 130.0, 476.0, 238.0, 101.0, 66.0, 147.0, 226.0
13, 2012-11-23, Home, SAC, W, L, -9, O, 194.5, 0, 1064.0, 1069.0, 403.0, 930.0, 70.0, 203.0, 188.0, 250.0, 148.0, 501.0, 237.0, 78.0, 87.0, 163.0, 230.0, 402.0, 937.0, 65.0, 186.0, 200.0, 262.0, 137.0, 485.0, 236.0, 97.0, 70.0, 145.0, 216.0
14, 2012-11-24, Away, SAC, L, L, -1, O, 196, 1, 1082.0, 1083.0, 404.0, 928.0, 63.0, 190.0, 211.0, 271.0, 149.0, 500.0, 245.0, 78.0, 87.0, 160.0, 231.0, 405.0, 936.0, 70.0, 189.0, 203.0, 264.0, 131.0, 474.0, 234.0, 95.0, 69.0, 146.0, 223.0
15, 2012-11-26, Home, DEN, W, L, -3, O, 197.5, 0, 1079.0, 1081.0, 398.0, 930.0, 69.0, 202.0, 214.0, 279.0, 157.0, 506.0, 251.0, 78.0, 84.0, 161.0, 235.0, 403.0, 936.0, 69.0, 192.0, 206.0, 273.0, 138.0, 478.0, 224.0, 95.0, 65.0, 142.0, 225.0
16, 2012-11-28, Away, NOH, W, W, -3, U, 190, 0, 1090.0, 1081.0, 394.0, 918.0, 72.0, 209.0, 230.0, 300.0, 159.0, 495.0, 250.0, 79.0, 82.0, 159.0, 243.0, 405.0, 918.0, 69.0, 192.0, 202.0, 280.0, 137.0, 465.0, 225.0, 92.0, 60.0, 148.0, 234.0
17, 2012-11-30, Away, OKC, L, L, 9.5, U, 201, 0, 1091.0, 1079.0, 388.0, 898.0, 73.0, 203.0, 242.0, 320.0, 156.0, 497.0, 253.0, 78.0, 79.0, 163.0, 238.0, 411.0, 917.0, 70.0, 190.0, 187.0, 255.0, 134.0, 455.0, 229.0, 86.0, 58.0, 149.0, 247.0
18, 2012-12-01, Away, HOU, L, L, 6.5, O, 206.5, 1, 1101.0, 1081.0, 394.0, 903.0, 76.0, 203.0, 237.0, 310.0, 163.0, 492.0, 258.0, 82.0, 75.0, 164.0, 238.0, 410.0, 900.0, 68.0, 182.0, 193.0, 263.0, 137.0, 449.0, 224.0, 86.0, 60.0, 159.0, 249.0
19, 2012-12-03, Home, LAC, L, W, 2, O, 197, 0, 1123.0, 1124.0, 404.0, 919.0, 85.0, 209.0, 230.0, 297.0, 165.0, 478.0, 261.0, 87.0, 74.0, 160.0, 242.0, 424.0, 896.0, 75.0, 188.0, 201.0, 272.0, 137.0, 450.0, 235.0, 83.0, 63.0, 165.0, 241.0
20, 2012-12-05, Home, ORL, W, L, -8, U, 196.5, 0, 1087.0, 1096.0, 400.0, 900.0, 80.0, 203.0, 207.0, 269.0, 163.0, 473.0, 256.0, 83.0, 68.0, 159.0, 242.0, 415.0, 877.0, 71.0, 185.0, 195.0, 266.0, 130.0, 434.0, 223.0, 79.0, 61.0, 158.0, 224.0
21, 2012-12-07, Home, TOR, W, W, -6.5, O, 198, 0, 1081.0, 1079.0, 399.0, 895.0, 74.0, 198.0, 209.0, 268.0, 153.0, 463.0, 255.0, 93.0, 66.0, 159.0, 239.0, 413.0, 882.0, 68.0, 190.0, 185.0, 254.0, 139.0, 447.0, 214.0, 77.0, 64.0, 168.0, 227.0
22, 2012-12-09, Away, LAL, W, W, 7, O, 209, 0, 1119.0, 1079.0, 408.0, 905.0, 80.0, 199.0, 223.0, 285.0, 158.0, 474.0, 263.0, 95.0, 68.0, 159.0, 250.0, 406.0, 877.0, 65.0, 196.0, 202.0, 275.0, 140.0, 445.0, 207.0, 77.0, 64.0, 173.0, 236.0
23, 2012-12-12, Home, SAS, W, W, 4, U, 209.5, 0, 1153.0, 1113.0, 422.0, 906.0, 84.0, 208.0, 225.0, 285.0, 148.0, 454.0, 271.0, 97.0, 69.0, 151.0, 259.0, 415.0, 877.0, 75.0, 208.0, 208.0, 281.0, 141.0, 440.0, 218.0, 72.0, 65.0, 172.0, 237.0
24, 2012-12-14, Away, PHO, L, L, -1.5, U, 202, 0, 1150.0, 1118.0, 426.0, 898.0, 83.0, 206.0, 215.0, 277.0, 141.0, 439.0, 268.0, 100.0, 64.0, 151.0, 252.0, 422.0, 878.0, 76.0, 206.0, 198.0, 268.0, 139.0, 439.0, 218.0, 77.0, 66.0, 170.0, 230.0
25, 2012-12-15, Home, MEM, L, L, -2, U, 188.5, 1, 1130.0, 1115.0, 423.0, 897.0, 83.0, 202.0, 201.0, 265.0, 139.0, 443.0, 260.0, 104.0, 66.0, 155.0, 247.0, 420.0, 881.0, 72.0, 202.0, 203.0, 274.0, 145.0, 451.0, 220.0, 81.0, 72.0, 169.0, 223.0
26, 2012-12-18, Away, BRK, W, W, 4.5, U, 193.5, 0, 1119.0, 1106.0, 422.0, 892.0, 77.0, 194.0, 198.0, 259.0, 129.0, 440.0, 257.0, 100.0, 66.0, 153.0, 241.0, 418.0, 892.0, 70.0, 197.0, 200.0, 266.0, 149.0, 462.0, 217.0, 82.0, 74.0, 167.0, 219.0
27, 2012-12-19, Away, IND, L, L, 3.5, O, 186, 1, 1106.0, 1093.0, 423.0, 897.0, 74.0, 192.0, 186.0, 241.0, 134.0, 457.0, 261.0, 96.0, 68.0, 156.0, 235.0, 411.0, 896.0, 72.0, 200.0, 199.0, 256.0, 148.0, 462.0, 211.0, 84.0, 72.0, 163.0, 212.0
28, 2012-12-22, Away, MIA, L, L, 7.5, U, 199, 0, 1094.0, 1113.0, 424.0, 920.0, 70.0, 196.0, 176.0, 228.0, 144.0, 466.0, 256.0, 89.0, 70.0, 155.0, 233.0, 421.0, 903.0, 76.0, 195.0, 195.0, 253.0, 142.0, 461.0, 217.0, 87.0, 79.0, 159.0, 211.0
29, 2012-12-23, Away, ORL, W, W, 1, O, 187.5, 1, 1089.0, 1112.0, 416.0, 901.0, 70.0, 189.0, 187.0, 242.0, 134.0, 464.0, 250.0, 90.0, 64.0, 156.0, 230.0, 420.0, 901.0, 83.0, 210.0, 189.0, 242.0, 132.0, 453.0, 219.0, 88.0, 70.0, 154.0, 211.0
30, 2012-12-26, Home, GSW, L, L, -4.5, U, 203, 0, 1070.0, 1081.0, 404.0, 890.0, 66.0, 187.0, 196.0, 256.0, 135.0, 462.0, 246.0, 88.0, 61.0, 153.0, 225.0, 412.0, 894.0, 81.0, 208.0, 176.0, 231.0, 134.0, 460.0, 218.0, 83.0, 66.0, 157.0, 216.0
31, 2012-12-28, Home, LAC, L, W, 3, O, 191.5, 0, 1049.0, 1070.0, 394.0, 899.0, 61.0, 184.0, 200.0, 263.0, 135.0, 465.0, 238.0, 87.0, 58.0, 150.0, 216.0, 403.0, 887.0, 86.0, 205.0, 178.0, 227.0, 130.0, 467.0, 218.0, 84.0, 69.0, 157.0, 220.0
32, 2012-12-30, Away, LAC, L, L, 10.5, O, 197, 0, 1076.0, 1105.0, 396.0, 893.0, 69.0, 189.0, 215.0, 276.0, 136.0, 463.0, 241.0, 81.0, 61.0, 155.0, 232.0, 407.0, 887.0, 92.0, 213.0, 199.0, 251.0, 128.0, 456.0, 223.0, 89.0, 62.0, 153.0, 229.0
33, 2013-01-02, Home, MIN, W, W, -3, U, 196, 0, 1041.0, 1113.0, 384.0, 882.0, 61.0, 179.0, 212.0, 275.0, 131.0, 450.0, 239.0, 80.0, 59.0, 160.0, 230.0, 413.0, 883.0, 93.0, 207.0, 194.0, 249.0, 125.0, 456.0, 235.0, 94.0, 65.0, 150.0, 227.0
34, 2013-01-04, Away, PHO, W, W, 1.5, U, 198.5, 0, 1030.0, 1087.0, 382.0, 886.0, 59.0, 173.0, 207.0, 267.0, 130.0, 459.0, 238.0, 78.0, 64.0, 163.0, 234.0, 402.0, 882.0, 80.0, 196.0, 203.0, 261.0, 124.0, 458.0, 223.0, 95.0, 70.0, 147.0, 224.0
35, 2013-01-05, Away, DEN, L, L, 10, U, 201.5, 1, 1018.0, 1071.0, 381.0, 891.0, 52.0, 163.0, 204.0, 261.0, 132.0, 457.0, 238.0, 82.0, 61.0, 159.0, 234.0, 399.0, 870.0, 76.0, 192.0, 197.0, 254.0, 118.0, 450.0, 228.0, 91.0, 70.0, 155.0, 227.0
36, 2013-01-07, Home, DAL, W, W, -5, U, 198.5, 0, 1025.0, 1082.0, 376.0, 887.0, 58.0, 177.0, 215.0, 275.0, 131.0, 451.0, 239.0, 87.0, 59.0, 163.0, 245.0, 400.0, 863.0, 74.0, 190.0, 208.0, 271.0, 119.0, 455.0, 225.0, 89.0, 68.0, 162.0, 233.0
37, 2013-01-09, Away, CHA, W, W, -4.5, O, 199, 0, 1039.0, 1077.0, 376.0, 891.0, 63.0, 179.0, 224.0, 287.0, 134.0, 463.0, 239.0, 87.0, 63.0, 158.0, 247.0, 397.0, 859.0, 76.0, 198.0, 207.0, 267.0, 107.0, 453.0, 229.0, 85.0, 69.0, 160.0, 243.0
38, 2013-01-11, Away, ATL, L, L, 4.5, O, 193, 0, 1059.0, 1089.0, 383.0, 890.0, 68.0, 181.0, 225.0, 292.0, 126.0, 456.0, 246.0, 90.0, 66.0, 159.0, 245.0, 406.0, 870.0, 73.0, 189.0, 204.0, 267.0, 108.0, 454.0, 239.0, 84.0, 73.0, 162.0, 244.0
39, 2013-01-12, Away, DET, W, W, 2.5, U, 192.5, 1, 1070.0, 1088.0, 387.0, 880.0, 74.0, 186.0, 222.0, 286.0, 117.0, 443.0, 256.0, 95.0, 64.0, 160.0, 244.0, 405.0, 862.0, 73.0, 192.0, 205.0, 272.0, 106.0, 450.0, 242.0, 87.0, 70.0, 160.0, 236.0
40, 2013-01-14, Home, MIA, W, W, 2.5, O, 198, 0, 1071.0, 1070.0, 393.0, 878.0, 72.0, 180.0, 213.0, 278.0, 115.0, 437.0, 259.0, 97.0, 65.0, 157.0, 248.0, 401.0, 854.0, 68.0, 184.0, 200.0, 271.0, 107.0, 443.0, 240.0, 84.0, 71.0, 161.0, 239.0
41, 2013-01-19, Home, CLE, W, W, -8.5, O, 199, 0, 1078.0, 1074.0, 393.0, 871.0, 73.0, 180.0, 219.0, 281.0, 115.0, 441.0, 263.0, 100.0, 64.0, 160.0, 251.0, 402.0, 850.0, 68.0, 187.0, 202.0, 272.0, 100.0, 421.0, 240.0, 88.0, 72.0, 156.0, 241.0
42, 2013-01-23, Home, WAS, W, L, -7, U, 194.5, 0, 1104.0, 1078.0, 406.0, 878.0, 75.0, 179.0, 217.0, 276.0, 121.0, 443.0, 276.0, 102.0, 67.0, 154.0, 258.0, 403.0, 851.0, 65.0, 190.0, 207.0, 282.0, 103.0, 418.0, 241.0, 81.0, 72.0, 155.0, 241.0
43, 2013-01-25, Away, LAL, L, L, 5, U, 204.5, 0, 1082.0, 1050.0, 410.0, 892.0, 69.0, 176.0, 193.0, 255.0, 121.0, 458.0, 280.0, 103.0, 67.0, 151.0, 244.0, 396.0, 860.0, 65.0, 185.0, 193.0, 267.0, 104.0, 434.0, 241.0, 79.0, 79.0, 155.0, 231.0
44, 2013-01-26, Home, IND, W, W, -2, O, 183.5, 1, 1070.0, 1045.0, 411.0, 893.0, 67.0, 177.0, 181.0, 237.0, 120.0, 450.0, 267.0, 108.0, 65.0, 145.0, 234.0, 400.0, 862.0, 66.0, 188.0, 179.0, 251.0, 107.0, 438.0, 242.0, 76.0, 72.0, 161.0, 219.0
45, 2013-01-28, Home, HOU, L, L, -3.5, U, 208.5, 0, 1078.0, 1071.0, 412.0, 889.0, 66.0, 175.0, 188.0, 244.0, 114.0, 429.0, 270.0, 118.0, 59.0, 147.0, 226.0, 415.0, 860.0, 71.0, 192.0, 170.0, 239.0, 108.0, 439.0, 246.0, 79.0, 65.0, 171.0, 225.0
46, 2013-01-30, Home, NOH, W, L, -8, O, 188.5, 0, 1071.0, 1116.0, 404.0, 881.0, 70.0, 184.0, 193.0, 254.0, 119.0, 430.0, 262.0, 109.0, 65.0, 152.0, 229.0, 428.0, 874.0, 83.0, 211.0, 177.0, 246.0, 111.0, 443.0, 250.0, 86.0, 59.0, 156.0, 225.0
47, 2013-02-01, Home, POR, W, W, -5, U, 195, 0, 1084.0, 1105.0, 410.0, 871.0, 65.0, 171.0, 199.0, 265.0, 112.0, 429.0, 266.0, 99.0, 64.0, 146.0, 225.0, 426.0, 876.0, 87.0, 222.0, 166.0, 235.0, 108.0, 438.0, 252.0, 84.0, 59.0, 149.0, 235.0
48, 2013-02-02, Away, POR, L, L, 4, O, 191.5, 1, 1070.0, 1088.0, 414.0, 874.0, 59.0, 167.0, 183.0, 246.0, 111.0, 429.0, 265.0, 99.0, 63.0, 149.0, 224.0, 420.0, 874.0, 88.0, 223.0, 160.0, 231.0, 114.0, 432.0, 247.0, 85.0, 62.0, 154.0, 231.0
49, 2013-02-04, Home, SAC, W, L, -8.5, U, 198, 0, 1057.0, 1091.0, 409.0, 882.0, 57.0, 164.0, 182.0, 241.0, 111.0, 425.0, 259.0, 100.0, 54.0, 137.0, 224.0, 416.0, 861.0, 94.0, 233.0, 165.0, 237.0, 111.0, 442.0, 246.0, 80.0, 61.0, 155.0, 228.0
50, 2013-02-06, Home, MIL, W, W, -5.5, U, 199.5, 0, 1060.0, 1079.0, 411.0, 878.0, 56.0, 156.0, 182.0, 240.0, 109.0, 431.0, 255.0, 99.0, 58.0, 141.0, 221.0, 411.0, 876.0, 88.0, 234.0, 169.0, 239.0, 122.0, 448.0, 235.0, 81.0, 60.0, 155.0, 231.0
51, 2013-02-08, Home, CHI, L, L, -4.5, U, 184, 0, 1070.0, 1078.0, 414.0, 888.0, 56.0, 156.0, 186.0, 248.0, 117.0, 449.0, 257.0, 96.0, 67.0, 144.0, 222.0, 406.0, 893.0, 88.0, 237.0, 178.0, 247.0, 124.0, 453.0, 229.0, 84.0, 63.0, 154.0, 230.0
52, 2013-02-09, Away, SAC, L, L, 1, O, 195, 1, 1055.0, 1074.0, 415.0, 890.0, 52.0, 154.0, 173.0, 237.0, 117.0, 446.0, 253.0, 91.0, 75.0, 142.0, 224.0, 403.0, 900.0, 84.0, 226.0, 184.0, 249.0, 134.0, 471.0, 229.0, 82.0, 61.0, 149.0, 222.0
53, 2013-02-12, Home, OKC, W, W, 5.5, O, 201, 0, 1055.0, 1096.0, 410.0, 882.0, 50.0, 153.0, 185.0, 246.0, 113.0, 439.0, 246.0, 92.0, 77.0, 152.0, 227.0, 413.0, 902.0, 86.0, 224.0, 184.0, 254.0, 138.0, 475.0, 236.0, 90.0, 61.0, 156.0, 228.0
54, 2013-02-13, Away, MIN, W, W, 2, U, 193, 1, 1072.0, 1102.0, 414.0, 884.0, 54.0, 160.0, 190.0, 249.0, 120.0, 426.0, 247.0, 98.0, 73.0, 155.0, 230.0, 420.0, 884.0, 84.0, 221.0, 178.0, 251.0, 133.0, 450.0, 231.0, 92.0, 67.0, 161.0, 225.0
55, 2013-02-19, Home, GSW, W, W, -3.5, O, 203.5, 0, 1085.0, 1093.0, 418.0, 890.0, 53.0, 157.0, 196.0, 258.0, 124.0, 449.0, 251.0, 91.0, 78.0, 159.0, 238.0, 406.0, 889.0, 80.0, 222.0, 201.0, 276.0, 135.0, 454.0, 223.0, 93.0, 67.0, 153.0, 230.0
56, 2013-02-23, Away, LAC, L, L, 9.5, O, 198, 0, 1086.0, 1084.0, 413.0, 885.0, 60.0, 168.0, 200.0, 265.0, 123.0, 456.0, 246.0, 82.0, 80.0, 156.0, 243.0, 401.0, 890.0, 78.0, 218.0, 204.0, 282.0, 131.0, 454.0, 219.0, 89.0, 65.0, 145.0, 228.0
57, 2013-02-25, Home, BOS, L, L, -7.5, O, 190, 0, 1100.0, 1066.0, 416.0, 888.0, 56.0, 165.0, 212.0, 274.0, 121.0, 456.0, 252.0, 88.0, 77.0, 157.0, 245.0, 394.0, 879.0, 70.0, 204.0, 208.0, 288.0, 131.0, 456.0, 214.0, 86.0, 63.0, 160.0, 234.0
58, 2013-02-27, Home, ATL, L, L, -4.5, U, 197.5, 0, 1103.0, 1077.0, 421.0, 908.0, 60.0, 170.0, 201.0, 252.0, 129.0, 460.0, 251.0, 88.0, 78.0, 157.0, 240.0, 398.0, 887.0, 72.0, 209.0, 209.0, 280.0, 129.0, 450.0, 211.0, 89.0, 61.0, 160.0, 226.0
59, 2013-03-01, Home, CHA, W, W, -9, U, 194, 0, 1108.0, 1102.0, 423.0, 910.0, 60.0, 170.0, 202.0, 258.0, 135.0, 460.0, 249.0, 86.0, 76.0, 157.0, 242.0, 407.0, 886.0, 70.0, 206.0, 218.0, 290.0, 125.0, 448.0, 219.0, 91.0, 58.0, 154.0, 224.0
60, 2013-03-04, Away, MIL, L, W, 4.5, O, 199.5, 0, 1107.0, 1065.0, 422.0, 898.0, 57.0, 167.0, 206.0, 265.0, 145.0, 485.0, 248.0, 85.0, 82.0, 175.0, 240.0, 397.0, 892.0, 65.0, 206.0, 206.0, 274.0, 123.0, 423.0, 210.0, 99.0, 58.0, 150.0, 227.0
61, 2013-03-06, Away, CLE, L, L, 1.5, O, 201.5, 0, 1117.0, 1083.0, 424.0, 925.0, 54.0, 168.0, 215.0, 278.0, 163.0, 503.0, 241.0, 91.0, 76.0, 176.0, 238.0, 407.0, 900.0, 72.0, 210.0, 197.0, 262.0, 120.0, 426.0, 226.0, 101.0, 64.0, 154.0, 229.0
62, 2013-03-08, Away, CHI, L, W, 4, U, 185.5, 0, 1118.0, 1101.0, 423.0, 931.0, 58.0, 177.0, 214.0, 271.0, 154.0, 491.0, 244.0, 89.0, 75.0, 172.0, 238.0, 415.0, 908.0, 73.0, 207.0, 198.0, 262.0, 127.0, 438.0, 234.0, 95.0, 67.0, 149.0, 226.0
63, 2013-03-09, Away, NYK, L, L, 5.5, O, 191.5, 1, 1117.0, 1097.0, 423.0, 934.0, 56.0, 171.0, 215.0, 272.0, 158.0, 500.0, 241.0, 91.0, 76.0, 174.0, 238.0, 409.0, 910.0, 72.0, 212.0, 207.0, 274.0, 133.0, 447.0, 228.0, 97.0, 66.0, 151.0, 226.0
64, 2013-03-11, Home, DET, W, W, -11, U, 195, 0, 1092.0, 1090.0, 413.0, 930.0, 60.0, 182.0, 206.0, 267.0, 158.0, 501.0, 231.0, 87.0, 71.0, 175.0, 234.0, 403.0, 900.0, 77.0, 225.0, 207.0, 269.0, 125.0, 442.0, 222.0, 97.0, 63.0, 147.0, 221.0
65, 2013-03-13, Away, OKC, L, L, 13.5, U, 204.5, 0, 1086.0, 1086.0, 413.0, 924.0, 59.0, 179.0, 201.0, 260.0, 153.0, 510.0, 232.0, 78.0, 77.0, 169.0, 227.0, 399.0, 912.0, 79.0, 230.0, 209.0, 264.0, 124.0, 446.0, 221.0, 91.0, 55.0, 134.0, 220.0
66, 2013-03-16, Home, MEM, W, W, -3, U, 184, 0, 1076.0, 1103.0, 403.0, 917.0, 62.0, 183.0, 208.0, 268.0, 153.0, 492.0, 233.0, 84.0, 74.0, 173.0, 230.0, 407.0, 896.0, 81.0, 224.0, 208.0, 259.0, 121.0, 445.0, 223.0, 92.0, 59.0, 148.0, 228.0
67, 2013-03-18, Home, NYK, L, L, -10.5, U, 188.5, 0, 1051.0, 1086.0, 395.0, 910.0, 57.0, 178.0, 204.0, 266.0, 152.0, 495.0, 228.0, 83.0, 70.0, 167.0, 228.0, 401.0, 890.0, 80.0, 219.0, 204.0, 257.0, 119.0, 445.0, 220.0, 91.0, 62.0, 146.0, 228.0
68, 2013-03-20, Away, HOU, L, W, 7.5, U, 209.5, 0, 1040.0, 1069.0, 389.0, 902.0, 65.0, 182.0, 197.0, 262.0, 159.0, 502.0, 220.0, 85.0, 69.0, 168.0, 230.0, 393.0, 881.0, 80.0, 222.0, 203.0, 258.0, 117.0, 433.0, 216.0, 91.0, 65.0, 138.0, 225.0
69, 2013-03-22, Away, SAS, L, W, 11.5, O, 198.5, 0, 1026.0, 1059.0, 386.0, 893.0, 62.0, 182.0, 192.0, 258.0, 149.0, 494.0, 216.0, 88.0, 68.0, 169.0, 233.0, 386.0, 871.0, 76.0, 218.0, 211.0, 270.0, 118.0, 440.0, 212.0, 93.0, 64.0, 141.0, 224.0
70, 2013-03-24, Away, DAL, L, W, 6, O, 199.5, 0, 1032.0, 1061.0, 390.0, 906.0, 66.0, 184.0, 186.0, 247.0, 145.0, 495.0, 222.0, 94.0, 72.0, 172.0, 237.0, 387.0, 877.0, 79.0, 221.0, 208.0, 268.0, 118.0, 448.0, 212.0, 93.0, 69.0, 149.0, 221.0
71, 2013-03-25, Home, PHI, W, W, -7.5, O, 191, 1, 1042.0, 1106.0, 394.0, 910.0, 68.0, 185.0, 186.0, 245.0, 137.0, 471.0, 222.0, 96.0, 67.0, 168.0, 241.0, 397.0, 866.0, 83.0, 221.0, 229.0, 289.0, 117.0, 458.0, 219.0, 91.0, 70.0, 156.0, 219.0
72, 2013-03-27, Home, PHO, W, W, -13.5, U, 194.5, 0, 1041.0, 1088.0, 395.0, 895.0, 71.0, 186.0, 180.0, 235.0, 128.0, 458.0, 226.0, 89.0, 75.0, 162.0, 247.0, 384.0, 854.0, 77.0, 211.0, 243.0, 304.0, 119.0, 454.0, 199.0, 84.0, 65.0, 152.0, 214.0
73, 2013-03-29, Away, POR, W, W, 1.5, O, 197, 0, 1043.0, 1072.0, 401.0, 893.0, 68.0, 182.0, 173.0, 229.0, 132.0, 466.0, 230.0, 92.0, 70.0, 163.0, 241.0, 381.0, 840.0, 76.0, 211.0, 234.0, 294.0, 111.0, 441.0, 203.0, 85.0, 57.0, 158.0, 214.0
74, 2013-03-30, Home, BRK, W, W, -4.5, O, 192, 1, 1060.0, 1078.0, 407.0, 898.0, 70.0, 191.0, 176.0, 229.0, 128.0, 462.0, 237.0, 98.0, 63.0, 159.0, 242.0, 384.0, 826.0, 78.0, 207.0, 232.0, 296.0, 96.0, 426.0, 206.0, 80.0, 59.0, 163.0, 216.0
75, 2013-04-01, Home, POR, W, L, -10.5, O, 199.5, 0, 1092.0, 1072.0, 422.0, 901.0, 72.0, 182.0, 176.0, 232.0, 127.0, 457.0, 251.0, 108.0, 67.0, 150.0, 237.0, 388.0, 832.0, 73.0, 198.0, 223.0, 285.0, 103.0, 430.0, 210.0, 74.0, 67.0, 168.0, 216.0
76, 2013-04-03, Home, DEN, L, L, -3, O, 205, 0, 1101.0, 1084.0, 425.0, 903.0, 75.0, 188.0, 176.0, 235.0, 126.0, 442.0, 251.0, 110.0, 61.0, 145.0, 240.0, 393.0, 819.0, 79.0, 201.0, 219.0, 284.0, 100.0, 430.0, 221.0, 71.0, 64.0, 177.0, 218.0
77, 2013-04-05, Home, NOH, W, W, -8, U, 192.5, 0, 1110.0, 1087.0, 436.0, 907.0, 76.0, 193.0, 162.0, 220.0, 121.0, 440.0, 255.0, 104.0, 59.0, 136.0, 236.0, 397.0, 823.0, 79.0, 203.0, 214.0, 283.0, 97.0, 424.0, 223.0, 69.0, 65.0, 167.0, 210.0
78, 2013-04-07, Away, GSW, W, W, 5.5, U, 200, 0, 1115.0, 1086.0, 444.0, 913.0, 82.0, 203.0, 145.0, 200.0, 123.0, 437.0, 265.0, 107.0, 63.0, 147.0, 240.0, 396.0, 823.0, 77.0, 203.0, 217.0, 281.0, 99.0, 422.0, 222.0, 72.0, 64.0, 172.0, 208.0
79, 2013-04-09, Home, OKC, L, L, 3, U, 198.5, 0, 1129.0, 1086.0, 455.0, 925.0, 84.0, 209.0, 135.0, 183.0, 117.0, 433.0, 277.0, 107.0, 64.0, 143.0, 231.0, 399.0, 828.0, 76.0, 197.0, 212.0, 274.0, 99.0, 429.0, 225.0, 68.0, 61.0, 176.0, 202.0
80, 2013-04-12, Home, MIN, W, L, -9.5, O, 196.5, 0, 1116.0, 1076.0, 450.0, 925.0, 86.0, 217.0, 130.0, 177.0, 118.0, 440.0, 280.0, 104.0, 67.0, 146.0, 228.0, 397.0, 833.0, 79.0, 195.0, 203.0, 260.0, 100.0, 431.0, 228.0, 70.0, 64.0, 170.0, 198.0
81, 2013-04-15, Away, MIN, W, W, -4.5, U, 195.5, 0, 1126.0, 1072.0, 451.0, 901.0, 86.0, 213.0, 138.0, 182.0, 113.0, 428.0, 280.0, 101.0, 62.0, 148.0, 220.0, 394.0, 827.0, 79.0, 197.0, 205.0, 257.0, 101.0, 416.0, 226.0, 72.0, 57.0, 163.0, 199.0
82, 2013-04-17, Away, MEM, L, L, 4.5, U, 178.5, 0, 1114.0, 1039.0, 445.0, 896.0, 82.0, 206.0, 142.0, 184.0, 104.0, 431.0, 278.0, 102.0, 61.0, 140.0, 214.0, 388.0, 832.0, 72.0, 196.0, 191.0, 242.0, 97.0, 420.0, 224.0, 71.0, 53.0, 156.0, 199.0
