8, 2012-11-12, Away, TOR, W, W, -3, O, 192.5, 0, 666.0, 666.0, 258.0, 589.0, 37.0, 124.0, 113.0, 153.0, 89.0, 313.0, 142.0, 56.0, 55.0, 105.0, 159.0, 246.0, 584.0, 42.0, 119.0, 132.0, 176.0, 79.0, 304.0, 145.0, 65.0, 44.0, 96.0, 139.0
9, 2012-11-14, Away, BOS, L, P, 5, P, 191, 0, 693.0, 705.0, 266.0, 593.0, 45.0, 136.0, 116.0, 154.0, 80.0, 298.0, 148.0, 56.0, 58.0, 109.0, 160.0, 265.0, 607.0, 39.0, 121.0, 136.0, 180.0, 91.0, 316.0, 156.0, 70.0, 44.0, 97.0, 138.0
10, 2012-11-16, Away, PHI, L, L, 1, O, 186.5, 0, 700.0, 715.0, 264.0, 590.0, 42.0, 123.0, 130.0, 170.0, 82.0, 302.0, 147.0, 52.0, 58.0, 107.0, 158.0, 264.0, 598.0, 38.0, 117.0, 149.0, 195.0, 83.0, 307.0, 157.0, 71.0, 44.0, 94.0, 139.0
11, 2012-11-17, Away, WAS, W, W, -3.5, U, 188.5, 1, 693.0, 704.0, 262.0, 594.0, 44.0, 132.0, 125.0, 166.0, 83.0, 310.0, 153.0, 49.0, 57.0, 102.0, 151.0, 262.0, 611.0, 41.0, 122.0, 139.0, 182.0, 87.0, 317.0, 148.0, 68.0, 45.0, 86.0, 140.0
12, 2012-11-19, Home, HOU, W, W, -6.5, U, 196.5, 0, 682.0, 677.0, 253.0, 586.0, 41.0, 126.0, 135.0, 180.0, 98.0, 328.0, 151.0, 48.0, 55.0, 105.0, 142.0, 255.0, 605.0, 41.0, 124.0, 126.0, 169.0, 89.0, 310.0, 145.0, 69.0, 41.0, 90.0, 143.0
13, 2012-11-23, Home, SAC, W, L, -9, O, 194.5, 0, 689.0, 682.0, 253.0, 595.0, 45.0, 130.0, 138.0, 185.0, 103.0, 346.0, 160.0, 40.0, 59.0, 107.0, 135.0, 260.0, 617.0, 44.0, 122.0, 118.0, 154.0, 89.0, 311.0, 152.0, 63.0, 47.0, 86.0, 151.0
14, 2012-11-24, Away, SAC, L, L, -1, O, 196, 1, 709.0, 680.0, 257.0, 591.0, 44.0, 122.0, 151.0, 196.0, 106.0, 344.0, 168.0, 42.0, 53.0, 101.0, 136.0, 260.0, 605.0, 48.0, 122.0, 112.0, 145.0, 82.0, 289.0, 147.0, 57.0, 38.0, 88.0, 157.0
15, 2012-11-26, Home, DEN, W, L, -3, O, 197.5, 0, 712.0, 707.0, 251.0, 592.0, 53.0, 133.0, 157.0, 202.0, 113.0, 330.0, 169.0, 50.0, 50.0, 100.0, 144.0, 268.0, 592.0, 50.0, 122.0, 121.0, 160.0, 86.0, 289.0, 151.0, 53.0, 36.0, 92.0, 152.0
16, 2012-11-28, Away, NOH, W, W, -3, U, 190, 0, 677.0, 677.0, 241.0, 577.0, 47.0, 129.0, 148.0, 193.0, 115.0, 315.0, 158.0, 49.0, 45.0, 94.0, 148.0, 257.0, 557.0, 47.0, 112.0, 116.0, 162.0, 79.0, 275.0, 142.0, 46.0, 36.0, 92.0, 147.0
17, 2012-11-30, Away, OKC, L, L, 9.5, U, 201, 0, 680.0, 663.0, 239.0, 558.0, 46.0, 125.0, 156.0, 203.0, 103.0, 306.0, 164.0, 57.0, 43.0, 98.0, 154.0, 252.0, 558.0, 48.0, 123.0, 111.0, 154.0, 87.0, 280.0, 133.0, 42.0, 33.0, 102.0, 157.0
18, 2012-12-01, Away, HOU, L, L, 6.5, O, 206.5, 1, 681.0, 670.0, 241.0, 569.0, 46.0, 126.0, 153.0, 197.0, 114.0, 306.0, 165.0, 58.0, 45.0, 105.0, 160.0, 251.0, 546.0, 42.0, 114.0, 126.0, 177.0, 92.0, 284.0, 134.0, 48.0, 40.0, 113.0, 157.0
19, 2012-12-03, Home, LAC, L, W, 2, O, 197, 0, 714.0, 718.0, 258.0, 581.0, 55.0, 137.0, 143.0, 181.0, 100.0, 284.0, 172.0, 59.0, 45.0, 102.0, 169.0, 266.0, 544.0, 48.0, 120.0, 138.0, 191.0, 86.0, 278.0, 142.0, 47.0, 41.0, 114.0, 154.0
20, 2012-12-05, Home, ORL, W, L, -8, U, 196.5, 0, 716.0, 732.0, 263.0, 563.0, 55.0, 136.0, 135.0, 173.0, 95.0, 270.0, 167.0, 61.0, 39.0, 105.0, 172.0, 278.0, 547.0, 45.0, 120.0, 131.0, 184.0, 84.0, 265.0, 143.0, 52.0, 35.0, 110.0, 146.0
21, 2012-12-07, Home, TOR, W, W, -6.5, O, 198, 0, 699.0, 711.0, 259.0, 557.0, 53.0, 131.0, 128.0, 167.0, 86.0, 265.0, 157.0, 67.0, 37.0, 106.0, 166.0, 272.0, 544.0, 36.0, 118.0, 131.0, 185.0, 91.0, 280.0, 137.0, 53.0, 39.0, 116.0, 143.0
22, 2012-12-09, Away, LAL, W, W, 7, O, 209, 0, 733.0, 702.0, 272.0, 569.0, 55.0, 129.0, 134.0, 172.0, 84.0, 278.0, 165.0, 66.0, 41.0, 100.0, 166.0, 265.0, 552.0, 37.0, 126.0, 135.0, 184.0, 89.0, 284.0, 131.0, 50.0, 44.0, 117.0, 151.0
23, 2012-12-12, Home, SAS, W, W, 4, U, 209.5, 0, 745.0, 709.0, 281.0, 574.0, 53.0, 125.0, 130.0, 165.0, 87.0, 287.0, 172.0, 66.0, 42.0, 97.0, 158.0, 265.0, 564.0, 47.0, 140.0, 132.0, 170.0, 93.0, 285.0, 138.0, 49.0, 46.0, 114.0, 146.0
24, 2012-12-14, Away, PHO, L, L, -1.5, U, 202, 0, 748.0, 721.0, 291.0, 595.0, 55.0, 133.0, 111.0, 142.0, 88.0, 288.0, 175.0, 62.0, 44.0, 95.0, 149.0, 271.0, 578.0, 50.0, 138.0, 129.0, 167.0, 94.0, 295.0, 141.0, 54.0, 55.0, 107.0, 134.0
25, 2012-12-15, Home, MEM, L, L, -2, U, 188.5, 1, 738.0, 714.0, 286.0, 585.0, 51.0, 121.0, 115.0, 151.0, 82.0, 295.0, 170.0, 64.0, 44.0, 92.0, 145.0, 270.0, 586.0, 52.0, 142.0, 122.0, 156.0, 90.0, 291.0, 143.0, 52.0, 50.0, 98.0, 131.0
26, 2012-12-18, Away, BRK, W, W, 4.5, U, 193.5, 0, 708.0, 689.0, 269.0, 565.0, 45.0, 118.0, 125.0, 164.0, 77.0, 292.0, 165.0, 63.0, 42.0, 93.0, 143.0, 262.0, 588.0, 45.0, 131.0, 120.0, 154.0, 98.0, 301.0, 133.0, 52.0, 47.0, 94.0, 130.0
27, 2012-12-19, Away, IND, L, L, 3.5, O, 186, 1, 696.0, 674.0, 264.0, 574.0, 41.0, 118.0, 127.0, 165.0, 86.0, 299.0, 163.0, 62.0, 45.0, 91.0, 141.0, 253.0, 576.0, 48.0, 127.0, 120.0, 152.0, 97.0, 303.0, 130.0, 51.0, 47.0, 97.0, 135.0
28, 2012-12-22, Away, MIA, L, L, 7.5, U, 199, 0, 693.0, 697.0, 264.0, 583.0, 42.0, 123.0, 123.0, 163.0, 94.0, 309.0, 165.0, 53.0, 47.0, 94.0, 148.0, 260.0, 579.0, 56.0, 128.0, 121.0, 153.0, 90.0, 294.0, 136.0, 52.0, 48.0, 93.0, 141.0
29, 2012-12-23, Away, ORL, W, W, 1, O, 187.5, 1, 651.0, 703.0, 249.0, 565.0, 36.0, 116.0, 117.0, 154.0, 90.0, 296.0, 152.0, 53.0, 41.0, 102.0, 140.0, 265.0, 570.0, 60.0, 128.0, 113.0, 144.0, 84.0, 292.0, 146.0, 59.0, 46.0, 94.0, 132.0
30, 2012-12-26, Home, GSW, L, L, -4.5, U, 203, 0, 631.0, 686.0, 240.0, 565.0, 37.0, 116.0, 114.0, 152.0, 87.0, 292.0, 147.0, 50.0, 37.0, 104.0, 135.0, 263.0, 561.0, 54.0, 120.0, 106.0, 141.0, 79.0, 298.0, 142.0, 58.0, 42.0, 99.0, 133.0
31, 2012-12-28, Home, LAC, L, W, 3, O, 191.5, 0, 615.0, 684.0, 231.0, 564.0, 33.0, 114.0, 120.0, 159.0, 89.0, 296.0, 137.0, 48.0, 33.0, 104.0, 136.0, 259.0, 556.0, 55.0, 119.0, 111.0, 143.0, 75.0, 293.0, 143.0, 59.0, 38.0, 97.0, 136.0
32, 2012-12-30, Away, LAC, L, L, 10.5, O, 197, 0, 645.0, 701.0, 232.0, 553.0, 39.0, 118.0, 142.0, 178.0, 83.0, 285.0, 138.0, 44.0, 32.0, 106.0, 151.0, 259.0, 550.0, 56.0, 129.0, 127.0, 162.0, 74.0, 285.0, 140.0, 61.0, 29.0, 100.0, 149.0
33, 2013-01-02, Home, MIN, W, W, -3, U, 196, 0, 655.0, 709.0, 234.0, 559.0, 39.0, 114.0, 148.0, 188.0, 86.0, 288.0, 147.0, 46.0, 34.0, 107.0, 155.0, 260.0, 543.0, 60.0, 136.0, 129.0, 167.0, 65.0, 278.0, 149.0, 62.0, 35.0, 100.0, 159.0
34, 2013-01-04, Away, PHO, W, W, 1.5, U, 198.5, 0, 669.0, 703.0, 240.0, 563.0, 38.0, 106.0, 151.0, 191.0, 83.0, 289.0, 149.0, 48.0, 38.0, 104.0, 157.0, 256.0, 550.0, 55.0, 136.0, 136.0, 175.0, 69.0, 281.0, 150.0, 60.0, 44.0, 98.0, 158.0
35, 2013-01-05, Away, DEN, L, L, 10, U, 201.5, 1, 672.0, 679.0, 248.0, 566.0, 37.0, 100.0, 139.0, 175.0, 76.0, 279.0, 157.0, 55.0, 35.0, 99.0, 150.0, 249.0, 545.0, 50.0, 135.0, 131.0, 168.0, 70.0, 284.0, 152.0, 58.0, 46.0, 103.0, 150.0
36, 2013-01-07, Home, DAL, W, W, -5, U, 198.5, 0, 674.0, 684.0, 246.0, 571.0, 39.0, 109.0, 143.0, 184.0, 79.0, 282.0, 159.0, 61.0, 39.0, 99.0, 160.0, 250.0, 548.0, 43.0, 122.0, 141.0, 185.0, 77.0, 293.0, 149.0, 53.0, 48.0, 106.0, 153.0
37, 2013-01-09, Away, CHA, W, W, -4.5, O, 199, 0, 677.0, 685.0, 241.0, 566.0, 42.0, 110.0, 153.0, 195.0, 76.0, 293.0, 158.0, 62.0, 44.0, 98.0, 165.0, 247.0, 553.0, 40.0, 121.0, 151.0, 190.0, 71.0, 294.0, 144.0, 54.0, 50.0, 97.0, 157.0
38, 2013-01-11, Away, ATL, L, L, 4.5, O, 193, 0, 706.0, 693.0, 253.0, 565.0, 48.0, 115.0, 152.0, 194.0, 77.0, 290.0, 171.0, 65.0, 53.0, 100.0, 170.0, 256.0, 559.0, 35.0, 111.0, 146.0, 192.0, 75.0, 290.0, 151.0, 51.0, 51.0, 102.0, 159.0
39, 2013-01-12, Away, DET, W, W, 2.5, U, 192.5, 1, 687.0, 680.0, 255.0, 570.0, 47.0, 120.0, 130.0, 173.0, 75.0, 289.0, 180.0, 67.0, 50.0, 99.0, 160.0, 258.0, 554.0, 37.0, 107.0, 127.0, 174.0, 68.0, 288.0, 155.0, 50.0, 56.0, 100.0, 148.0
40, 2013-01-14, Home, MIA, W, W, 2.5, O, 198, 0, 681.0, 660.0, 258.0, 561.0, 47.0, 117.0, 118.0, 157.0, 74.0, 283.0, 172.0, 70.0, 47.0, 99.0, 158.0, 253.0, 541.0, 35.0, 105.0, 119.0, 166.0, 66.0, 279.0, 151.0, 49.0, 52.0, 105.0, 144.0
41, 2013-01-19, Home, CLE, W, W, -8.5, O, 199, 0, 679.0, 673.0, 251.0, 550.0, 51.0, 123.0, 126.0, 166.0, 72.0, 274.0, 172.0, 72.0, 37.0, 101.0, 152.0, 263.0, 529.0, 42.0, 111.0, 105.0, 152.0, 55.0, 261.0, 159.0, 51.0, 44.0, 108.0, 150.0
42, 2013-01-23, Home, WAS, W, L, -7, U, 194.5, 0, 701.0, 691.0, 256.0, 551.0, 56.0, 130.0, 133.0, 174.0, 78.0, 282.0, 175.0, 68.0, 39.0, 99.0, 160.0, 263.0, 537.0, 44.0, 117.0, 121.0, 171.0, 60.0, 261.0, 156.0, 49.0, 40.0, 97.0, 150.0
43, 2013-01-25, Away, LAL, L, L, 5, U, 204.5, 0, 702.0, 669.0, 266.0, 558.0, 50.0, 117.0, 120.0, 158.0, 73.0, 292.0, 179.0, 60.0, 40.0, 94.0, 150.0, 255.0, 547.0, 47.0, 124.0, 112.0, 158.0, 59.0, 264.0, 156.0, 51.0, 40.0, 93.0, 147.0
44, 2013-01-26, Home, IND, W, W, -2, O, 183.5, 1, 686.0, 677.0, 269.0, 561.0, 43.0, 112.0, 105.0, 138.0, 72.0, 275.0, 175.0, 67.0, 36.0, 94.0, 142.0, 263.0, 546.0, 50.0, 126.0, 101.0, 151.0, 65.0, 263.0, 162.0, 53.0, 38.0, 101.0, 135.0
45, 2013-01-28, Home, HOU, L, L, -3.5, U, 208.5, 0, 688.0, 685.0, 269.0, 562.0, 36.0, 100.0, 114.0, 143.0, 71.0, 262.0, 173.0, 76.0, 31.0, 92.0, 138.0, 265.0, 540.0, 53.0, 139.0, 102.0, 147.0, 69.0, 266.0, 157.0, 55.0, 36.0, 107.0, 139.0
46, 2013-01-30, Home, NOH, W, L, -8, O, 188.5, 0, 673.0, 707.0, 265.0, 567.0, 33.0, 98.0, 110.0, 143.0, 78.0, 266.0, 163.0, 69.0, 36.0, 91.0, 135.0, 272.0, 557.0, 60.0, 154.0, 103.0, 142.0, 75.0, 277.0, 160.0, 57.0, 35.0, 99.0, 139.0
47, 2013-02-01, Home, POR, W, W, -5, U, 195, 0, 687.0, 719.0, 263.0, 564.0, 32.0, 100.0, 129.0, 171.0, 76.0, 274.0, 166.0, 63.0, 38.0, 88.0, 137.0, 275.0, 570.0, 62.0, 160.0, 107.0, 149.0, 78.0, 288.0, 161.0, 53.0, 36.0, 94.0, 149.0
48, 2013-02-02, Away, POR, L, L, 4, O, 191.5, 1, 669.0, 699.0, 262.0, 569.0, 28.0, 97.0, 117.0, 160.0, 72.0, 281.0, 160.0, 61.0, 43.0, 87.0, 138.0, 265.0, 577.0, 60.0, 157.0, 109.0, 149.0, 85.0, 305.0, 151.0, 51.0, 40.0, 95.0, 147.0
49, 2013-02-04, Home, SAC, W, L, -8.5, U, 198, 0, 659.0, 706.0, 256.0, 569.0, 30.0, 100.0, 117.0, 159.0, 67.0, 272.0, 154.0, 63.0, 40.0, 83.0, 136.0, 269.0, 569.0, 64.0, 154.0, 104.0, 147.0, 83.0, 314.0, 156.0, 50.0, 40.0, 102.0, 146.0
50, 2013-02-06, Home, MIL, W, W, -5.5, U, 199.5, 0, 665.0, 709.0, 256.0, 556.0, 34.0, 100.0, 119.0, 158.0, 63.0, 262.0, 155.0, 63.0, 41.0, 89.0, 137.0, 273.0, 570.0, 60.0, 156.0, 103.0, 146.0, 86.0, 302.0, 149.0, 52.0, 37.0, 100.0, 148.0
51, 2013-02-08, Home, CHI, L, L, -4.5, U, 184, 0, 681.0, 693.0, 261.0, 556.0, 36.0, 96.0, 123.0, 168.0, 71.0, 282.0, 162.0, 58.0, 49.0, 98.0, 146.0, 259.0, 572.0, 57.0, 154.0, 118.0, 162.0, 83.0, 294.0, 138.0, 57.0, 43.0, 98.0, 155.0
52, 2013-02-09, Away, SAC, L, L, 1, O, 195, 1, 656.0, 676.0, 254.0, 551.0, 37.0, 102.0, 111.0, 159.0, 75.0, 291.0, 155.0, 45.0, 53.0, 96.0, 150.0, 251.0, 569.0, 55.0, 145.0, 119.0, 162.0, 81.0, 293.0, 142.0, 54.0, 40.0, 86.0, 147.0
53, 2013-02-12, Home, OKC, W, W, 5.5, O, 201, 0, 685.0, 671.0, 262.0, 552.0, 36.0, 99.0, 125.0, 166.0, 72.0, 291.0, 159.0, 51.0, 51.0, 99.0, 158.0, 248.0, 565.0, 47.0, 130.0, 128.0, 179.0, 87.0, 293.0, 142.0, 53.0, 42.0, 97.0, 153.0
54, 2013-02-13, Away, MIN, W, W, 2, U, 193, 1, 690.0, 666.0, 270.0, 571.0, 39.0, 106.0, 111.0, 142.0, 81.0, 289.0, 160.0, 59.0, 49.0, 103.0, 155.0, 249.0, 555.0, 44.0, 123.0, 124.0, 174.0, 84.0, 276.0, 135.0, 59.0, 48.0, 105.0, 137.0
55, 2013-02-19, Home, GSW, W, W, -3.5, O, 203.5, 0, 701.0, 682.0, 273.0, 577.0, 37.0, 102.0, 118.0, 150.0, 85.0, 295.0, 161.0, 59.0, 51.0, 104.0, 156.0, 249.0, 561.0, 42.0, 125.0, 142.0, 196.0, 86.0, 285.0, 138.0, 61.0, 43.0, 100.0, 134.0
56, 2013-02-23, Away, LAC, L, L, 9.5, O, 198, 0, 717.0, 678.0, 273.0, 565.0, 39.0, 104.0, 132.0, 167.0, 83.0, 293.0, 160.0, 58.0, 57.0, 111.0, 157.0, 250.0, 569.0, 37.0, 124.0, 141.0, 192.0, 89.0, 278.0, 130.0, 64.0, 40.0, 97.0, 139.0
57, 2013-02-25, Home, BOS, L, L, -7.5, O, 190, 0, 713.0, 694.0, 270.0, 577.0, 33.0, 107.0, 140.0, 177.0, 90.0, 291.0, 160.0, 58.0, 55.0, 107.0, 159.0, 255.0, 560.0, 42.0, 124.0, 142.0, 191.0, 84.0, 285.0, 139.0, 62.0, 38.0, 104.0, 142.0
58, 2013-02-27, Home, ATL, L, L, -4.5, U, 197.5, 0, 720.0, 718.0, 270.0, 584.0, 36.0, 114.0, 144.0, 175.0, 88.0, 285.0, 160.0, 55.0, 49.0, 101.0, 155.0, 267.0, 564.0, 46.0, 132.0, 138.0, 182.0, 83.0, 285.0, 143.0, 58.0, 34.0, 100.0, 145.0
59, 2013-03-01, Home, CHA, W, W, -9, U, 194, 0, 722.0, 727.0, 270.0, 589.0, 36.0, 113.0, 146.0, 181.0, 90.0, 295.0, 156.0, 56.0, 44.0, 102.0, 156.0, 269.0, 563.0, 46.0, 137.0, 143.0, 190.0, 76.0, 282.0, 141.0, 60.0, 37.0, 100.0, 149.0
60, 2013-03-04, Away, MIL, L, W, 4.5, O, 199.5, 0, 711.0, 675.0, 268.0, 585.0, 37.0, 114.0, 138.0, 178.0, 99.0, 318.0, 156.0, 56.0, 45.0, 106.0, 149.0, 253.0, 559.0, 43.0, 136.0, 126.0, 167.0, 68.0, 262.0, 130.0, 59.0, 37.0, 96.0, 145.0
61, 2013-03-06, Away, CLE, L, L, 1.5, O, 201.5, 0, 710.0, 690.0, 266.0, 597.0, 34.0, 108.0, 144.0, 187.0, 106.0, 339.0, 149.0, 56.0, 44.0, 110.0, 145.0, 260.0, 586.0, 48.0, 145.0, 122.0, 157.0, 73.0, 278.0, 144.0, 61.0, 34.0, 93.0, 152.0
62, 2013-03-08, Away, CHI, L, W, 4, U, 185.5, 0, 714.0, 701.0, 266.0, 597.0, 41.0, 116.0, 141.0, 181.0, 101.0, 324.0, 155.0, 56.0, 46.0, 111.0, 146.0, 268.0, 591.0, 50.0, 139.0, 115.0, 148.0, 75.0, 278.0, 149.0, 59.0, 43.0, 94.0, 151.0
63, 2013-03-09, Away, NYK, L, L, 5.5, O, 191.5, 1, 687.0, 689.0, 264.0, 600.0, 33.0, 105.0, 126.0, 166.0, 110.0, 335.0, 150.0, 54.0, 49.0, 114.0, 145.0, 259.0, 589.0, 49.0, 139.0, 122.0, 154.0, 83.0, 286.0, 151.0, 62.0, 41.0, 92.0, 145.0
64, 2013-03-11, Home, DET, W, W, -11, U, 195, 0, 677.0, 695.0, 259.0, 594.0, 40.0, 116.0, 119.0, 159.0, 109.0, 336.0, 138.0, 50.0, 45.0, 117.0, 147.0, 257.0, 586.0, 54.0, 151.0, 127.0, 160.0, 81.0, 279.0, 150.0, 64.0, 42.0, 84.0, 140.0
65, 2013-03-13, Away, OKC, L, L, 13.5, U, 204.5, 0, 673.0, 675.0, 262.0, 587.0, 38.0, 115.0, 111.0, 150.0, 105.0, 339.0, 141.0, 49.0, 48.0, 115.0, 142.0, 250.0, 580.0, 51.0, 144.0, 124.0, 158.0, 79.0, 272.0, 145.0, 61.0, 42.0, 79.0, 131.0
66, 2013-03-16, Home, MEM, W, W, -3, U, 184, 0, 669.0, 683.0, 253.0, 584.0, 39.0, 115.0, 124.0, 160.0, 103.0, 327.0, 145.0, 57.0, 49.0, 120.0, 144.0, 249.0, 571.0, 53.0, 143.0, 132.0, 165.0, 82.0, 282.0, 142.0, 62.0, 44.0, 94.0, 138.0
67, 2013-03-18, Home, NYK, L, L, -10.5, U, 188.5, 0, 661.0, 699.0, 246.0, 577.0, 39.0, 115.0, 130.0, 168.0, 90.0, 303.0, 140.0, 56.0, 45.0, 103.0, 145.0, 254.0, 567.0, 52.0, 137.0, 139.0, 175.0, 85.0, 300.0, 140.0, 56.0, 44.0, 93.0, 140.0
68, 2013-03-20, Away, HOU, L, W, 7.5, U, 209.5, 0, 636.0, 680.0, 235.0, 554.0, 44.0, 121.0, 122.0, 161.0, 86.0, 290.0, 139.0, 52.0, 48.0, 99.0, 151.0, 241.0, 541.0, 50.0, 136.0, 148.0, 187.0, 81.0, 292.0, 129.0, 52.0, 39.0, 88.0, 138.0
69, 2013-03-22, Away, SAS, L, W, 11.5, O, 198.5, 0, 628.0, 676.0, 233.0, 546.0, 40.0, 119.0, 122.0, 162.0, 83.0, 288.0, 132.0, 54.0, 42.0, 98.0, 150.0, 238.0, 527.0, 49.0, 143.0, 151.0, 190.0, 74.0, 287.0, 121.0, 56.0, 31.0, 92.0, 143.0
70, 2013-03-24, Away, DAL, L, W, 6, O, 199.5, 0, 637.0, 691.0, 237.0, 561.0, 46.0, 126.0, 117.0, 156.0, 77.0, 290.0, 137.0, 59.0, 40.0, 100.0, 155.0, 247.0, 530.0, 53.0, 146.0, 144.0, 184.0, 61.0, 283.0, 125.0, 56.0, 40.0, 98.0, 144.0
71, 2013-03-25, Home, PHI, W, W, -7.5, O, 191, 1, 661.0, 691.0, 249.0, 565.0, 45.0, 117.0, 118.0, 156.0, 78.0, 288.0, 147.0, 65.0, 41.0, 99.0, 156.0, 247.0, 525.0, 49.0, 132.0, 148.0, 187.0, 60.0, 278.0, 127.0, 53.0, 44.0, 105.0, 143.0
72, 2013-03-27, Home, PHO, W, W, -13.5, U, 194.5, 0, 665.0, 692.0, 248.0, 568.0, 46.0, 115.0, 123.0, 162.0, 81.0, 287.0, 143.0, 67.0, 42.0, 103.0, 165.0, 245.0, 528.0, 46.0, 126.0, 156.0, 197.0, 68.0, 286.0, 122.0, 54.0, 44.0, 111.0, 146.0
73, 2013-03-29, Away, POR, W, W, 1.5, O, 197, 0, 681.0, 670.0, 264.0, 573.0, 47.0, 115.0, 106.0, 142.0, 80.0, 298.0, 152.0, 64.0, 42.0, 101.0, 157.0, 242.0, 535.0, 45.0, 126.0, 141.0, 183.0, 65.0, 274.0, 129.0, 52.0, 41.0, 104.0, 137.0
74, 2013-03-30, Home, BRK, W, W, -4.5, O, 192, 1, 696.0, 681.0, 276.0, 588.0, 46.0, 118.0, 98.0, 129.0, 86.0, 302.0, 159.0, 69.0, 42.0, 106.0, 159.0, 242.0, 525.0, 47.0, 127.0, 150.0, 193.0, 60.0, 267.0, 137.0, 51.0, 38.0, 109.0, 133.0
75, 2013-04-01, Home, POR, W, L, -10.5, O, 199.5, 0, 729.0, 698.0, 292.0, 593.0, 47.0, 116.0, 98.0, 129.0, 77.0, 291.0, 169.0, 73.0, 43.0, 99.0, 154.0, 252.0, 537.0, 47.0, 127.0, 147.0, 187.0, 67.0, 276.0, 144.0, 47.0, 44.0, 114.0, 131.0
76, 2013-04-03, Home, DEN, L, L, -3, O, 205, 0, 748.0, 700.0, 301.0, 597.0, 51.0, 121.0, 95.0, 127.0, 82.0, 287.0, 176.0, 71.0, 41.0, 91.0, 149.0, 257.0, 528.0, 54.0, 127.0, 132.0, 172.0, 61.0, 262.0, 154.0, 39.0, 42.0, 115.0, 125.0
77, 2013-04-05, Home, NOH, W, W, -8, U, 192.5, 0, 747.0, 709.0, 299.0, 585.0, 49.0, 124.0, 100.0, 133.0, 79.0, 272.0, 178.0, 67.0, 36.0, 84.0, 143.0, 259.0, 517.0, 53.0, 125.0, 138.0, 180.0, 61.0, 258.0, 153.0, 38.0, 40.0, 112.0, 127.0
78, 2013-04-07, Away, GSW, W, W, 5.5, U, 200, 0, 734.0, 679.0, 296.0, 580.0, 53.0, 133.0, 89.0, 123.0, 76.0, 269.0, 183.0, 67.0, 41.0, 82.0, 144.0, 253.0, 524.0, 46.0, 119.0, 127.0, 167.0, 67.0, 264.0, 143.0, 37.0, 38.0, 109.0, 129.0
79, 2013-04-09, Home, OKC, L, L, 3, U, 198.5, 0, 724.0, 678.0, 295.0, 584.0, 57.0, 144.0, 77.0, 109.0, 75.0, 265.0, 190.0, 70.0, 37.0, 80.0, 135.0, 256.0, 515.0, 49.0, 122.0, 117.0, 157.0, 61.0, 267.0, 155.0, 36.0, 35.0, 112.0, 126.0
80, 2013-04-12, Home, MIN, W, L, -9.5, O, 196.5, 0, 701.0, 680.0, 282.0, 578.0, 58.0, 154.0, 79.0, 110.0, 69.0, 262.0, 182.0, 66.0, 39.0, 81.0, 137.0, 254.0, 520.0, 52.0, 127.0, 120.0, 156.0, 63.0, 277.0, 146.0, 41.0, 38.0, 104.0, 127.0
81, 2013-04-15, Away, MIN, W, W, -4.5, U, 195.5, 0, 703.0, 685.0, 281.0, 564.0, 62.0, 148.0, 79.0, 109.0, 62.0, 256.0, 180.0, 62.0, 39.0, 89.0, 133.0, 257.0, 531.0, 54.0, 136.0, 117.0, 145.0, 66.0, 273.0, 145.0, 48.0, 38.0, 98.0, 127.0
82, 2013-04-17, Away, MEM, L, L, 4.5, U, 178.5, 0, 683.0, 658.0, 272.0, 560.0, 55.0, 141.0, 84.0, 108.0, 55.0, 262.0, 174.0, 59.0, 35.0, 89.0, 133.0, 247.0, 525.0, 48.0, 130.0, 116.0, 144.0, 54.0, 268.0, 141.0, 50.0, 30.0, 93.0, 126.0
