15, 2013-12-01, Home, GSW, L, W, 4.5, O, 200.5, 0, 1343.0, 1398.0, 504.0, 1178.0, 98.0, 304.0, 237.0, 307.0, 151.0, 577.0, 292.0, 109.0, 47.0, 175.0, 333.0, 516.0, 1109.0, 118.0, 313.0, 248.0, 345.0, 138.0, 603.0, 319.0, 84.0, 86.0, 209.0, 293.0
16, 2013-12-03, Home, OKC, L, W, 8.5, U, 201.5, 0, 1366.0, 1425.0, 511.0, 1173.0, 99.0, 302.0, 245.0, 312.0, 151.0, 575.0, 301.0, 112.0, 41.0, 185.0, 332.0, 524.0, 1112.0, 128.0, 323.0, 249.0, 350.0, 140.0, 594.0, 322.0, 94.0, 80.0, 209.0, 297.0
17, 2013-12-06, Home, LAL, L, L, -4, O, 202.5, 0, 1360.0, 1412.0, 510.0, 1183.0, 103.0, 314.0, 237.0, 299.0, 154.0, 581.0, 304.0, 114.0, 41.0, 184.0, 323.0, 525.0, 1125.0, 123.0, 319.0, 239.0, 336.0, 140.0, 602.0, 317.0, 95.0, 80.0, 209.0, 288.0
18, 2013-12-07, Away, UTA, W, W, 3, O, 193.5, 1, 1373.0, 1420.0, 517.0, 1182.0, 107.0, 310.0, 232.0, 297.0, 156.0, 584.0, 313.0, 115.0, 44.0, 185.0, 324.0, 527.0, 1135.0, 124.0, 324.0, 242.0, 342.0, 145.0, 594.0, 313.0, 97.0, 80.0, 203.0, 286.0
19, 2013-12-09, Home, DAL, W, W, 4, O, 207.5, 0, 1385.0, 1417.0, 521.0, 1196.0, 100.0, 294.0, 243.0, 314.0, 159.0, 594.0, 317.0, 116.0, 47.0, 177.0, 324.0, 524.0, 1143.0, 124.0, 321.0, 245.0, 346.0, 148.0, 608.0, 307.0, 91.0, 82.0, 205.0, 303.0
20, 2013-12-11, Home, UTA, L, L, -6.5, O, 200, 0, 1406.0, 1410.0, 523.0, 1191.0, 103.0, 297.0, 257.0, 333.0, 162.0, 614.0, 320.0, 115.0, 50.0, 187.0, 323.0, 522.0, 1158.0, 119.0, 325.0, 247.0, 348.0, 146.0, 600.0, 301.0, 101.0, 81.0, 204.0, 310.0
21, 2013-12-13, Away, PHO, L, L, 6, O, 208.5, 0, 1422.0, 1436.0, 522.0, 1191.0, 104.0, 298.0, 274.0, 352.0, 167.0, 621.0, 316.0, 110.0, 52.0, 189.0, 323.0, 534.0, 1165.0, 123.0, 328.0, 245.0, 341.0, 139.0, 587.0, 311.0, 102.0, 87.0, 198.0, 320.0
22, 2013-12-15, Home, HOU, W, W, 6.5, U, 214, 0, 1422.0, 1466.0, 519.0, 1184.0, 102.0, 293.0, 282.0, 358.0, 172.0, 614.0, 302.0, 113.0, 53.0, 198.0, 322.0, 544.0, 1166.0, 132.0, 339.0, 246.0, 343.0, 145.0, 578.0, 317.0, 111.0, 89.0, 199.0, 317.0
23, 2013-12-17, Away, CHA, L, L, 1.5, U, 197, 0, 1438.0, 1460.0, 524.0, 1185.0, 95.0, 281.0, 295.0, 371.0, 168.0, 614.0, 297.0, 117.0, 54.0, 196.0, 328.0, 537.0, 1156.0, 133.0, 343.0, 253.0, 357.0, 143.0, 574.0, 306.0, 107.0, 88.0, 204.0, 323.0
24, 2013-12-18, Away, ATL, L, L, 6, O, 205.5, 1, 1439.0, 1458.0, 521.0, 1178.0, 92.0, 273.0, 305.0, 382.0, 166.0, 621.0, 294.0, 117.0, 56.0, 203.0, 331.0, 532.0, 1162.0, 137.0, 347.0, 257.0, 363.0, 141.0, 567.0, 302.0, 112.0, 90.0, 203.0, 329.0
25, 2013-12-20, Away, MIA, L, L, 10, O, 208, 0, 1439.0, 1478.0, 522.0, 1179.0, 90.0, 266.0, 305.0, 379.0, 158.0, 606.0, 298.0, 115.0, 54.0, 196.0, 327.0, 542.0, 1164.0, 142.0, 343.0, 252.0, 353.0, 144.0, 580.0, 317.0, 110.0, 93.0, 203.0, 327.0
26, 2013-12-21, Away, ORL, W, W, 3, O, 203.5, 1, 1429.0, 1494.0, 528.0, 1173.0, 90.0, 271.0, 283.0, 365.0, 156.0, 596.0, 304.0, 118.0, 53.0, 206.0, 320.0, 555.0, 1162.0, 137.0, 333.0, 247.0, 345.0, 138.0, 582.0, 337.0, 119.0, 90.0, 203.0, 317.0
27, 2013-12-23, Home, NOP, L, L, -1, O, 209.5, 0, 1432.0, 1491.0, 530.0, 1164.0, 97.0, 277.0, 275.0, 358.0, 157.0, 594.0, 295.0, 118.0, 53.0, 211.0, 310.0, 561.0, 1176.0, 134.0, 328.0, 235.0, 323.0, 144.0, 585.0, 332.0, 122.0, 91.0, 203.0, 315.0
28, 2013-12-27, Home, MIA, W, W, 5.5, O, 208, 0, 1446.0, 1504.0, 526.0, 1154.0, 96.0, 270.0, 298.0, 385.0, 166.0, 595.0, 286.0, 121.0, 56.0, 220.0, 315.0, 562.0, 1172.0, 134.0, 319.0, 246.0, 335.0, 150.0, 586.0, 340.0, 127.0, 84.0, 209.0, 324.0
29, 2013-12-29, Away, SAS, L, W, 12, O, 208.5, 0, 1456.0, 1503.0, 525.0, 1146.0, 95.0, 267.0, 311.0, 400.0, 164.0, 602.0, 285.0, 122.0, 55.0, 227.0, 303.0, 563.0, 1175.0, 139.0, 331.0, 238.0, 319.0, 141.0, 575.0, 343.0, 132.0, 80.0, 213.0, 331.0
30, 2013-12-31, Away, HOU, W, W, 10, O, 215, 0, 1447.0, 1500.0, 526.0, 1161.0, 93.0, 262.0, 302.0, 392.0, 169.0, 614.0, 283.0, 114.0, 60.0, 210.0, 296.0, 565.0, 1187.0, 132.0, 330.0, 238.0, 316.0, 141.0, 587.0, 350.0, 124.0, 79.0, 199.0, 323.0
31, 2014-01-02, Home, PHI, L, L, -8.5, U, 220, 0, 1462.0, 1509.0, 533.0, 1157.0, 90.0, 255.0, 306.0, 396.0, 165.0, 612.0, 281.0, 114.0, 57.0, 215.0, 304.0, 568.0, 1185.0, 132.0, 338.0, 241.0, 329.0, 145.0, 583.0, 345.0, 129.0, 81.0, 200.0, 326.0
32, 2014-01-04, Home, CHA, L, L, -5, O, 199, 0, 1466.0, 1516.0, 531.0, 1154.0, 87.0, 256.0, 317.0, 411.0, 163.0, 612.0, 270.0, 108.0, 60.0, 222.0, 312.0, 569.0, 1189.0, 125.0, 325.0, 253.0, 342.0, 148.0, 594.0, 344.0, 131.0, 85.0, 200.0, 337.0
33, 2014-01-07, Home, POR, W, W, 5, O, 215, 0, 1457.0, 1527.0, 534.0, 1152.0, 90.0, 258.0, 299.0, 392.0, 167.0, 615.0, 261.0, 105.0, 58.0, 226.0, 309.0, 578.0, 1183.0, 126.0, 321.0, 245.0, 335.0, 142.0, 582.0, 346.0, 131.0, 80.0, 195.0, 324.0
34, 2014-01-10, Home, ORL, W, W, -7, U, 206, 0, 1468.0, 1549.0, 536.0, 1156.0, 88.0, 248.0, 308.0, 408.0, 168.0, 612.0, 258.0, 104.0, 57.0, 213.0, 311.0, 580.0, 1178.0, 131.0, 321.0, 258.0, 351.0, 147.0, 594.0, 348.0, 120.0, 82.0, 195.0, 336.0
35, 2014-01-12, Home, CLE, W, W, -3, U, 206, 0, 1470.0, 1510.0, 542.0, 1158.0, 87.0, 249.0, 299.0, 394.0, 166.0, 626.0, 268.0, 109.0, 56.0, 215.0, 313.0, 558.0, 1167.0, 126.0, 325.0, 268.0, 365.0, 146.0, 592.0, 328.0, 122.0, 76.0, 202.0, 328.0
36, 2014-01-14, Away, IND, L, L, 10.5, O, 195.5, 0, 1487.0, 1474.0, 546.0, 1152.0, 96.0, 260.0, 299.0, 395.0, 161.0, 633.0, 277.0, 104.0, 60.0, 215.0, 314.0, 548.0, 1164.0, 121.0, 322.0, 257.0, 359.0, 136.0, 581.0, 331.0, 117.0, 70.0, 200.0, 331.0
37, 2014-01-15, Away, MIN, W, W, 9.5, O, 218, 1, 1473.0, 1499.0, 546.0, 1163.0, 97.0, 260.0, 284.0, 382.0, 169.0, 630.0, 273.0, 104.0, 59.0, 215.0, 310.0, 562.0, 1171.0, 120.0, 311.0, 255.0, 346.0, 136.0, 585.0, 340.0, 118.0, 70.0, 196.0, 322.0
38, 2014-01-17, Away, MEM, L, W, 5.5, U, 198, 0, 1497.0, 1512.0, 561.0, 1165.0, 98.0, 257.0, 277.0, 373.0, 169.0, 633.0, 274.0, 102.0, 59.0, 219.0, 309.0, 566.0, 1181.0, 120.0, 314.0, 260.0, 351.0, 140.0, 578.0, 337.0, 120.0, 68.0, 193.0, 319.0
39, 2014-01-19, Away, OKC, L, L, 8.5, U, 213.5, 0, 1480.0, 1479.0, 554.0, 1162.0, 97.0, 253.0, 275.0, 371.0, 172.0, 643.0, 266.0, 100.0, 60.0, 220.0, 305.0, 555.0, 1178.0, 111.0, 306.0, 258.0, 351.0, 135.0, 571.0, 317.0, 121.0, 75.0, 187.0, 321.0
40, 2014-01-21, Away, NOP, W, W, -1.5, O, 205.5, 0, 1470.0, 1465.0, 544.0, 1165.0, 95.0, 248.0, 287.0, 375.0, 179.0, 655.0, 258.0, 93.0, 65.0, 220.0, 311.0, 543.0, 1181.0, 110.0, 304.0, 269.0, 367.0, 145.0, 577.0, 308.0, 119.0, 76.0, 186.0, 329.0
41, 2014-01-22, Away, HOU, L, L, 9.5, P, 217, 1, 1479.0, 1462.0, 547.0, 1168.0, 92.0, 246.0, 293.0, 383.0, 182.0, 657.0, 266.0, 92.0, 71.0, 217.0, 313.0, 537.0, 1168.0, 107.0, 295.0, 281.0, 382.0, 143.0, 570.0, 309.0, 119.0, 77.0, 183.0, 333.0
42, 2014-01-24, Home, IND, L, W, 11.5, O, 198, 0, 1477.0, 1468.0, 550.0, 1180.0, 97.0, 259.0, 280.0, 371.0, 177.0, 656.0, 270.0, 88.0, 71.0, 208.0, 317.0, 539.0, 1175.0, 107.0, 309.0, 283.0, 395.0, 142.0, 580.0, 310.0, 114.0, 84.0, 177.0, 328.0
43, 2014-01-26, Home, DEN, L, L, 3.5, O, 216.5, 0, 1480.0, 1481.0, 548.0, 1198.0, 104.0, 271.0, 280.0, 375.0, 186.0, 658.0, 261.0, 86.0, 69.0, 204.0, 328.0, 542.0, 1184.0, 104.0, 301.0, 293.0, 407.0, 152.0, 594.0, 312.0, 115.0, 88.0, 173.0, 329.0
44, 2014-01-27, Away, UTA, L, P, 7, P, 205, 1, 1493.0, 1494.0, 549.0, 1188.0, 101.0, 273.0, 294.0, 389.0, 179.0, 648.0, 264.0, 93.0, 64.0, 213.0, 341.0, 540.0, 1171.0, 106.0, 302.0, 308.0, 428.0, 148.0, 587.0, 311.0, 121.0, 89.0, 180.0, 337.0
45, 2014-01-29, Home, MEM, L, L, 5, U, 194, 0, 1482.0, 1494.0, 544.0, 1193.0, 99.0, 273.0, 295.0, 392.0, 190.0, 664.0, 257.0, 87.0, 67.0, 210.0, 351.0, 533.0, 1170.0, 106.0, 294.0, 322.0, 448.0, 153.0, 598.0, 315.0, 117.0, 85.0, 172.0, 337.0
46, 2014-01-31, Away, DAL, L, W, 9, U, 214.5, 0, 1467.0, 1480.0, 547.0, 1189.0, 97.0, 271.0, 276.0, 363.0, 187.0, 647.0, 263.0, 88.0, 62.0, 203.0, 336.0, 532.0, 1155.0, 105.0, 289.0, 311.0, 433.0, 149.0, 582.0, 316.0, 116.0, 78.0, 172.0, 321.0
47, 2014-02-01, Away, SAS, L, W, 10.5, U, 205, 1, 1467.0, 1474.0, 543.0, 1172.0, 98.0, 275.0, 283.0, 367.0, 180.0, 634.0, 266.0, 84.0, 63.0, 203.0, 339.0, 525.0, 1152.0, 98.0, 293.0, 326.0, 446.0, 155.0, 581.0, 315.0, 121.0, 76.0, 165.0, 320.0
48, 2014-02-03, Home, CHI, W, W, -1.5, U, 193.5, 0, 1437.0, 1450.0, 537.0, 1170.0, 96.0, 274.0, 267.0, 342.0, 176.0, 629.0, 261.0, 83.0, 64.0, 204.0, 340.0, 522.0, 1137.0, 94.0, 288.0, 312.0, 436.0, 148.0, 572.0, 314.0, 122.0, 77.0, 162.0, 302.0
49, 2014-02-05, Home, TOR, W, W, -1, O, 200, 0, 1433.0, 1437.0, 532.0, 1159.0, 95.0, 268.0, 274.0, 357.0, 175.0, 628.0, 256.0, 83.0, 64.0, 212.0, 344.0, 518.0, 1137.0, 90.0, 281.0, 311.0, 441.0, 145.0, 565.0, 316.0, 124.0, 77.0, 163.0, 307.0
50, 2014-02-07, Away, BOS, L, L, -1.5, U, 198, 0, 1418.0, 1458.0, 522.0, 1159.0, 84.0, 250.0, 290.0, 378.0, 178.0, 619.0, 250.0, 87.0, 60.0, 207.0, 344.0, 523.0, 1141.0, 93.0, 285.0, 319.0, 442.0, 155.0, 577.0, 318.0, 125.0, 80.0, 166.0, 319.0
51, 2014-02-09, Away, WAS, L, L, 5, U, 205, 0, 1415.0, 1441.0, 514.0, 1154.0, 85.0, 252.0, 302.0, 385.0, 178.0, 626.0, 254.0, 82.0, 60.0, 202.0, 338.0, 518.0, 1147.0, 96.0, 291.0, 309.0, 432.0, 159.0, 583.0, 318.0, 126.0, 81.0, 166.0, 323.0
52, 2014-02-11, Away, CLE, L, L, -1.5, O, 204.5, 0, 1388.0, 1426.0, 498.0, 1154.0, 82.0, 251.0, 310.0, 394.0, 186.0, 630.0, 252.0, 85.0, 59.0, 201.0, 335.0, 513.0, 1138.0, 96.0, 292.0, 304.0, 425.0, 160.0, 586.0, 315.0, 124.0, 85.0, 168.0, 318.0
53, 2014-02-12, Away, NYK, W, W, 6, O, 202, 1, 1397.0, 1444.0, 499.0, 1147.0, 85.0, 266.0, 314.0, 404.0, 185.0, 623.0, 253.0, 85.0, 63.0, 201.0, 337.0, 518.0, 1146.0, 102.0, 296.0, 306.0, 430.0, 171.0, 594.0, 327.0, 124.0, 73.0, 170.0, 322.0
54, 2014-02-19, Home, GSW, L, L, 5, U, 207, 0, 1410.0, 1437.0, 506.0, 1155.0, 90.0, 272.0, 308.0, 395.0, 182.0, 621.0, 252.0, 85.0, 58.0, 196.0, 333.0, 520.0, 1150.0, 102.0, 299.0, 295.0, 414.0, 167.0, 594.0, 331.0, 118.0, 72.0, 172.0, 319.0
55, 2014-02-22, Home, BOS, W, L, -8, O, 197.5, 0, 1388.0, 1441.0, 497.0, 1152.0, 87.0, 268.0, 307.0, 392.0, 182.0, 624.0, 240.0, 82.0, 51.0, 205.0, 327.0, 526.0, 1167.0, 100.0, 307.0, 289.0, 400.0, 164.0, 594.0, 339.0, 124.0, 68.0, 165.0, 314.0
56, 2014-02-23, Away, DEN, W, W, 5.5, U, 209, 1, 1395.0, 1420.0, 501.0, 1139.0, 80.0, 247.0, 313.0, 390.0, 174.0, 620.0, 239.0, 83.0, 48.0, 209.0, 328.0, 517.0, 1164.0, 98.0, 297.0, 288.0, 396.0, 165.0, 581.0, 327.0, 124.0, 62.0, 169.0, 312.0
57, 2014-02-25, Home, HOU, L, L, 4.5, O, 212, 0, 1393.0, 1399.0, 499.0, 1116.0, 73.0, 228.0, 322.0, 397.0, 165.0, 612.0, 243.0, 92.0, 56.0, 212.0, 317.0, 509.0, 1157.0, 105.0, 305.0, 276.0, 384.0, 161.0, 572.0, 325.0, 125.0, 60.0, 176.0, 316.0
58, 2014-02-28, Away, LAL, L, L, 2.5, O, 217, 0, 1379.0, 1403.0, 493.0, 1125.0, 74.0, 230.0, 319.0, 394.0, 168.0, 608.0, 237.0, 95.0, 56.0, 208.0, 313.0, 508.0, 1148.0, 106.0, 302.0, 281.0, 386.0, 162.0, 580.0, 322.0, 119.0, 61.0, 184.0, 317.0
59, 2014-03-01, Home, MIN, L, L, 4.5, U, 217, 1, 1402.0, 1423.0, 503.0, 1128.0, 74.0, 223.0, 322.0, 400.0, 163.0, 597.0, 251.0, 103.0, 54.0, 209.0, 293.0, 524.0, 1148.0, 118.0, 309.0, 257.0, 349.0, 145.0, 557.0, 337.0, 118.0, 69.0, 193.0, 319.0
60, 2014-03-03, Home, NOP, W, W, -4.5, U, 204.5, 0, 1410.0, 1432.0, 502.0, 1131.0, 76.0, 224.0, 330.0, 413.0, 161.0, 610.0, 253.0, 102.0, 59.0, 213.0, 309.0, 520.0, 1154.0, 119.0, 316.0, 273.0, 371.0, 147.0, 566.0, 336.0, 114.0, 69.0, 191.0, 327.0
61, 2014-03-05, Away, MIL, W, W, -3.5, O, 205.5, 0, 1403.0, 1414.0, 496.0, 1124.0, 70.0, 210.0, 341.0, 431.0, 167.0, 618.0, 244.0, 102.0, 56.0, 217.0, 308.0, 514.0, 1149.0, 123.0, 317.0, 263.0, 363.0, 142.0, 559.0, 331.0, 112.0, 72.0, 196.0, 344.0
62, 2014-03-07, Away, TOR, L, L, 6.5, U, 205, 0, 1426.0, 1421.0, 505.0, 1124.0, 69.0, 210.0, 347.0, 438.0, 171.0, 621.0, 250.0, 101.0, 55.0, 217.0, 305.0, 514.0, 1156.0, 123.0, 312.0, 270.0, 366.0, 146.0, 554.0, 333.0, 111.0, 67.0, 191.0, 349.0
63, 2014-03-09, Away, BRK, L, L, 6.5, U, 203.5, 0, 1414.0, 1450.0, 499.0, 1127.0, 72.0, 221.0, 344.0, 441.0, 170.0, 607.0, 246.0, 103.0, 54.0, 212.0, 302.0, 526.0, 1151.0, 129.0, 313.0, 269.0, 360.0, 144.0, 561.0, 337.0, 109.0, 71.0, 189.0, 354.0
64, 2014-03-11, Away, DET, L, L, 2.5, U, 214.5, 0, 1394.0, 1453.0, 503.0, 1127.0, 73.0, 232.0, 315.0, 411.0, 175.0, 619.0, 242.0, 96.0, 54.0, 226.0, 297.0, 531.0, 1144.0, 131.0, 313.0, 260.0, 352.0, 129.0, 544.0, 337.0, 116.0, 66.0, 182.0, 343.0
65, 2014-03-12, Away, PHI, W, W, -9.5, U, 216, 1, 1394.0, 1453.0, 506.0, 1124.0, 71.0, 232.0, 311.0, 417.0, 173.0, 622.0, 243.0, 99.0, 56.0, 232.0, 301.0, 529.0, 1143.0, 129.0, 309.0, 266.0, 356.0, 124.0, 539.0, 339.0, 117.0, 67.0, 180.0, 346.0
66, 2014-03-15, Away, CHI, L, W, 8, U, 190, 0, 1425.0, 1458.0, 511.0, 1116.0, 76.0, 239.0, 327.0, 439.0, 168.0, 621.0, 247.0, 102.0, 54.0, 235.0, 307.0, 528.0, 1148.0, 129.0, 311.0, 273.0, 362.0, 125.0, 539.0, 339.0, 115.0, 63.0, 186.0, 359.0
67, 2014-03-16, Away, MIN, L, W, 9.5, U, 209, 1, 1413.0, 1443.0, 508.0, 1127.0, 70.0, 227.0, 327.0, 443.0, 178.0, 640.0, 241.0, 104.0, 54.0, 237.0, 311.0, 518.0, 1140.0, 123.0, 310.0, 284.0, 372.0, 117.0, 534.0, 330.0, 113.0, 70.0, 185.0, 358.0
68, 2014-03-18, Home, WAS, W, W, 1.5, O, 201, 0, 1409.0, 1446.0, 509.0, 1127.0, 66.0, 223.0, 325.0, 443.0, 178.0, 646.0, 242.0, 102.0, 57.0, 238.0, 318.0, 511.0, 1128.0, 120.0, 303.0, 304.0, 396.0, 111.0, 524.0, 326.0, 115.0, 72.0, 176.0, 354.0
69, 2014-03-21, Home, SAS, L, L, 8, U, 207.5, 0, 1434.0, 1456.0, 516.0, 1135.0, 66.0, 224.0, 336.0, 455.0, 179.0, 654.0, 247.0, 106.0, 56.0, 237.0, 328.0, 512.0, 1133.0, 128.0, 312.0, 304.0, 402.0, 116.0, 530.0, 328.0, 112.0, 71.0, 184.0, 363.0
70, 2014-03-23, Home, MIL, W, W, -7, O, 207, 0, 1408.0, 1457.0, 510.0, 1142.0, 65.0, 229.0, 323.0, 445.0, 183.0, 664.0, 246.0, 103.0, 62.0, 235.0, 323.0, 514.0, 1139.0, 127.0, 316.0, 302.0, 393.0, 114.0, 540.0, 329.0, 111.0, 75.0, 179.0, 361.0
71, 2014-03-26, Home, NYK, L, L, 2.5, O, 200, 0, 1423.0, 1469.0, 517.0, 1150.0, 67.0, 236.0, 322.0, 445.0, 186.0, 663.0, 247.0, 96.0, 55.0, 224.0, 325.0, 523.0, 1136.0, 116.0, 302.0, 307.0, 402.0, 115.0, 540.0, 331.0, 103.0, 74.0, 172.0, 364.0
72, 2014-03-28, Away, OKC, L, P, 13, U, 208, 0, 1419.0, 1447.0, 514.0, 1129.0, 68.0, 235.0, 323.0, 449.0, 182.0, 658.0, 249.0, 90.0, 56.0, 222.0, 316.0, 522.0, 1137.0, 120.0, 306.0, 283.0, 373.0, 115.0, 529.0, 331.0, 101.0, 72.0, 167.0, 368.0
73, 2014-03-29, Away, DAL, L, W, 11.5, U, 205.5, 1, 1378.0, 1415.0, 498.0, 1121.0, 72.0, 238.0, 310.0, 433.0, 184.0, 663.0, 237.0, 85.0, 54.0, 227.0, 322.0, 507.0, 1126.0, 110.0, 302.0, 291.0, 382.0, 116.0, 536.0, 322.0, 104.0, 69.0, 164.0, 365.0
74, 2014-03-31, Away, NOP, W, W, 4.5, O, 196.5, 0, 1381.0, 1410.0, 503.0, 1120.0, 68.0, 226.0, 307.0, 431.0, 187.0, 663.0, 232.0, 91.0, 49.0, 226.0, 323.0, 504.0, 1115.0, 112.0, 304.0, 290.0, 379.0, 111.0, 531.0, 327.0, 103.0, 72.0, 166.0, 360.0
75, 2014-04-02, Home, LAL, W, L, -8, U, 218.5, 0, 1387.0, 1418.0, 509.0, 1132.0, 70.0, 230.0, 299.0, 421.0, 186.0, 663.0, 241.0, 94.0, 49.0, 226.0, 317.0, 508.0, 1113.0, 111.0, 298.0, 291.0, 377.0, 107.0, 531.0, 333.0, 106.0, 77.0, 170.0, 351.0
76, 2014-04-04, Away, GSW, L, L, 8.5, U, 198.5, 0, 1378.0, 1418.0, 508.0, 1135.0, 71.0, 231.0, 291.0, 416.0, 182.0, 664.0, 236.0, 95.0, 50.0, 225.0, 312.0, 509.0, 1127.0, 117.0, 309.0, 283.0, 368.0, 110.0, 546.0, 334.0, 110.0, 81.0, 172.0, 348.0
77, 2014-04-06, Home, DAL, L, W, 7, U, 200.5, 0, 1360.0, 1421.0, 503.0, 1141.0, 67.0, 222.0, 287.0, 404.0, 183.0, 669.0, 234.0, 90.0, 50.0, 224.0, 303.0, 517.0, 1147.0, 117.0, 318.0, 270.0, 352.0, 119.0, 566.0, 338.0, 107.0, 80.0, 172.0, 341.0
78, 2014-04-08, Home, OKC, L, L, 9.5, U, 200, 0, 1362.0, 1410.0, 503.0, 1136.0, 67.0, 217.0, 289.0, 403.0, 169.0, 656.0, 244.0, 93.0, 49.0, 213.0, 302.0, 512.0, 1159.0, 118.0, 324.0, 268.0, 350.0, 134.0, 584.0, 336.0, 100.0, 84.0, 172.0, 333.0
79, 2014-04-09, Away, POR, L, W, 13.5, U, 199.5, 1, 1365.0, 1418.0, 503.0, 1134.0, 67.0, 216.0, 292.0, 401.0, 169.0, 650.0, 239.0, 92.0, 46.0, 206.0, 301.0, 512.0, 1152.0, 123.0, 328.0, 271.0, 358.0, 134.0, 576.0, 333.0, 96.0, 81.0, 167.0, 332.0
80, 2014-04-12, Away, LAC, L, L, 11, O, 205.5, 0, 1349.0, 1420.0, 508.0, 1151.0, 65.0, 209.0, 268.0, 373.0, 171.0, 647.0, 237.0, 90.0, 47.0, 196.0, 295.0, 517.0, 1143.0, 122.0, 328.0, 264.0, 352.0, 128.0, 581.0, 339.0, 93.0, 81.0, 165.0, 320.0
81, 2014-04-13, Home, MIN, W, W, 2, O, 207.5, 1, 1363.0, 1443.0, 512.0, 1148.0, 67.0, 204.0, 272.0, 369.0, 164.0, 630.0, 246.0, 89.0, 45.0, 190.0, 299.0, 527.0, 1146.0, 125.0, 327.0, 264.0, 355.0, 131.0, 584.0, 349.0, 93.0, 81.0, 165.0, 320.0
82, 2014-04-16, Home, PHO, L, L, 2, U, 207, 0, 1367.0, 1442.0, 512.0, 1145.0, 67.0, 202.0, 276.0, 377.0, 161.0, 629.0, 254.0, 90.0, 47.0, 189.0, 297.0, 528.0, 1156.0, 126.0, 332.0, 260.0, 347.0, 134.0, 590.0, 352.0, 90.0, 81.0, 166.0, 323.0
