6, 2013-11-11, Home, CLE, W, W, -8.5, U, 188, 0, 91.6, 93.0, 34.4, 79.4, 4.2, 15.8, 18.6, 22.6, 12.6, 45.6, 22.4, 8.0, 4.6, 18.2, 20.2, 34.2, 83.0, 9.0, 20.8, 15.6, 21.4, 12.4, 42.6, 21.8, 10.4, 6.4, 15.8, 21.6
7, 2013-11-15, Away, TOR, W, W, 1.5, U, 181.5, 0, 91.8, 87.8, 34.2, 79.4, 3.6, 13.8, 19.8, 23.2, 13.2, 45.6, 22.6, 7.6, 5.2, 16.8, 19.0, 33.0, 83.6, 7.8, 19.6, 14.0, 19.6, 13.6, 42.2, 19.2, 9.8, 7.2, 15.8, 21.8
8, 2013-11-16, Home, IND, W, W, -1.5, O, 178.5, 1, 94.6, 87.6, 35.2, 80.2, 4.4, 13.8, 19.8, 23.2, 12.8, 45.6, 22.8, 7.8, 5.6, 16.2, 20.0, 32.6, 82.8, 7.0, 19.0, 15.4, 21.2, 13.2, 42.4, 19.0, 9.0, 6.8, 16.0, 21.2
9, 2013-11-18, Home, CHA, W, L, -12.5, U, 181, 0, 95.8, 85.0, 34.8, 77.4, 6.0, 14.8, 20.2, 24.2, 11.2, 43.8, 22.2, 7.4, 5.8, 15.2, 22.0, 31.0, 82.6, 5.6, 17.8, 17.4, 23.2, 13.6, 42.0, 17.4, 8.4, 7.2, 14.8, 21.4
10, 2013-11-21, Away, DEN, L, L, -1, U, 199, 0, 97.0, 81.8, 35.0, 77.8, 6.2, 14.2, 20.8, 25.0, 10.8, 46.6, 22.6, 7.2, 6.4, 15.0, 21.6, 30.4, 83.6, 5.6, 17.4, 15.4, 22.2, 12.6, 40.4, 18.2, 7.8, 7.4, 13.8, 21.2
11, 2013-11-22, Away, POR, L, W, 4, O, 189.5, 1, 95.0, 86.6, 35.0, 83.0, 6.2, 14.6, 18.8, 22.8, 13.0, 48.6, 21.8, 5.6, 5.8, 14.4, 20.4, 33.0, 83.4, 6.0, 17.6, 14.6, 21.6, 11.8, 42.0, 19.2, 6.4, 8.6, 13.4, 20.4
12, 2013-11-24, Away, LAC, L, L, 6.5, O, 193.5, 0, 94.8, 90.0, 34.6, 83.0, 6.4, 14.2, 19.2, 23.4, 13.6, 50.8, 19.2, 5.4, 4.6, 15.0, 19.6, 34.0, 86.0, 7.4, 20.0, 14.6, 20.6, 11.6, 42.2, 20.8, 7.2, 7.0, 12.2, 19.6
13, 2013-11-25, Away, UTA, L, L, -4.5, U, 181, 1, 92.0, 98.2, 33.8, 83.2, 5.8, 13.4, 18.6, 24.2, 13.6, 49.0, 19.8, 4.6, 3.8, 14.8, 19.0, 37.8, 86.0, 8.0, 20.0, 14.6, 20.0, 10.6, 42.4, 23.4, 7.2, 6.8, 10.8, 20.0
14, 2013-11-27, Away, DET, W, W, 3.5, U, 185, 0, 86.6, 97.2, 32.0, 83.2, 3.8, 12.2, 18.8, 25.0, 14.6, 50.4, 17.0, 4.2, 3.0, 15.8, 19.4, 37.6, 86.0, 8.6, 20.2, 13.4, 18.2, 10.6, 44.0, 24.6, 7.8, 6.0, 12.0, 21.2
15, 2013-11-30, Away, CLE, L, L, -5, O, 182.5, 0, 89.2, 96.8, 35.0, 84.0, 3.8, 13.2, 15.4, 21.2, 14.4, 47.6, 18.4, 5.4, 1.6, 15.8, 18.8, 37.8, 83.2, 7.6, 19.4, 13.6, 18.8, 10.6, 42.8, 22.0, 8.8, 5.2, 13.2, 20.4
16, 2013-12-02, Home, NOP, L, L, -7, O, 191, 0, 90.4, 96.8, 35.2, 80.8, 4.4, 14.2, 15.6, 21.4, 11.8, 43.2, 20.2, 5.6, 1.8, 14.2, 19.6, 37.6, 82.0, 7.2, 18.2, 14.4, 18.2, 10.0, 41.4, 21.4, 8.6, 4.6, 12.2, 20.6
17, 2013-12-05, Home, MIA, W, W, 4.5, O, 187.5, 0, 97.0, 103.4, 38.4, 84.4, 5.0, 16.0, 15.2, 22.4, 11.6, 43.8, 24.8, 4.8, 3.0, 14.6, 20.8, 40.4, 87.0, 7.0, 17.6, 15.6, 20.6, 12.4, 44.4, 22.2, 8.2, 5.0, 12.0, 23.8
18, 2013-12-07, Home, DET, L, L, -2, U, 188, 0, 102.0, 96.6, 39.4, 83.0, 6.2, 17.4, 17.0, 24.2, 12.0, 45.8, 24.8, 5.0, 3.2, 14.8, 21.2, 37.2, 86.0, 6.6, 17.8, 15.6, 21.6, 12.4, 41.0, 19.0, 8.4, 5.0, 12.0, 24.2
19, 2013-12-10, Home, MIL, L, L, -6, U, 180, 0, 100.4, 97.2, 39.2, 85.2, 6.6, 18.4, 15.4, 21.6, 11.4, 44.8, 26.0, 5.8, 4.2, 13.8, 18.2, 37.4, 85.0, 7.6, 18.2, 14.8, 20.8, 12.6, 42.2, 17.6, 8.4, 6.0, 12.6, 23.2
20, 2013-12-11, Away, NYK, L, L, 3.5, U, 181, 1, 95.4, 97.0, 37.0, 86.0, 6.0, 18.0, 15.4, 22.0, 12.4, 45.2, 25.4, 5.4, 5.6, 14.2, 19.8, 36.6, 84.6, 7.6, 18.0, 16.2, 21.0, 12.6, 42.4, 18.0, 7.6, 7.4, 12.6, 22.6
21, 2013-12-13, Away, MIL, W, L, -4, O, 177, 0, 92.4, 94.2, 34.0, 84.0, 6.0, 19.2, 18.4, 24.8, 13.8, 47.6, 21.6, 6.2, 6.2, 16.8, 19.2, 35.4, 84.2, 7.2, 18.8, 16.2, 21.0, 12.6, 42.0, 17.4, 9.8, 7.4, 13.2, 23.2
22, 2013-12-14, Home, TOR, L, L, -3.5, U, 187.5, 1, 85.0, 86.0, 31.2, 80.0, 5.8, 19.4, 16.8, 21.8, 14.0, 45.4, 20.0, 7.0, 6.0, 16.6, 19.0, 32.0, 76.4, 5.8, 16.2, 16.2, 20.6, 10.8, 38.8, 16.0, 9.2, 8.0, 13.8, 20.2
23, 2013-12-16, Home, ORL, L, L, -7, U, 185.5, 0, 79.0, 88.4, 30.0, 82.4, 5.0, 19.2, 14.0, 17.8, 13.4, 43.8, 19.0, 7.4, 7.4, 16.6, 19.0, 33.6, 77.6, 5.6, 14.8, 15.6, 19.4, 11.0, 42.0, 18.0, 8.4, 9.2, 14.2, 18.6
24, 2013-12-18, Away, HOU, L, L, 8, O, 191, 0, 80.4, 86.6, 29.6, 80.6, 5.4, 19.2, 15.8, 20.0, 12.6, 44.0, 19.4, 6.6, 7.0, 15.0, 20.8, 33.4, 78.2, 4.2, 13.4, 15.6, 19.6, 10.2, 42.6, 19.2, 7.6, 8.0, 12.8, 18.6
25, 2013-12-19, Away, OKC, L, W, 13.5, O, 191, 1, 84.4, 92.8, 31.0, 79.8, 5.8, 18.6, 16.6, 21.8, 11.8, 42.2, 20.4, 6.8, 5.8, 14.8, 20.0, 36.2, 79.6, 5.4, 15.6, 15.0, 18.8, 9.6, 42.2, 21.0, 7.8, 6.8, 12.4, 19.8
26, 2013-12-21, Home, CLE, W, W, -3, U, 187, 0, 87.8, 97.6, 32.0, 80.8, 6.2, 20.2, 17.6, 23.8, 10.8, 40.6, 22.0, 6.6, 5.6, 13.6, 19.4, 38.6, 81.2, 6.2, 14.8, 14.2, 17.8, 9.2, 43.0, 22.8, 7.0, 6.8, 13.0, 21.0
27, 2013-12-25, Away, BRK, W, W, 4, U, 189.5, 0, 89.6, 96.4, 32.6, 78.4, 6.8, 18.4, 17.6, 24.8, 9.2, 41.6, 22.2, 5.8, 5.4, 14.8, 17.8, 39.2, 84.4, 6.2, 16.4, 11.8, 14.6, 8.8, 42.6, 23.4, 7.0, 6.0, 12.0, 21.2
28, 2013-12-28, Home, DAL, L, L, 2.5, U, 191, 0, 93.2, 92.2, 33.6, 76.0, 6.6, 18.2, 19.4, 26.4, 9.4, 42.4, 22.4, 6.8, 4.2, 14.8, 18.2, 36.2, 82.0, 6.2, 16.8, 13.6, 17.2, 10.0, 41.8, 20.4, 7.4, 4.8, 13.0, 21.6
29, 2013-12-30, Away, MEM, W, W, 5, O, 177.5, 0, 93.4, 96.6, 34.4, 74.6, 6.2, 18.0, 18.4, 25.0, 9.4, 40.2, 23.0, 7.8, 3.8, 16.8, 17.6, 37.8, 81.0, 7.8, 19.6, 13.2, 16.2, 9.6, 38.8, 21.4, 8.2, 5.6, 14.0, 21.6
30, 2013-12-31, Home, TOR, L, L, -1, U, 187, 1, 93.6, 93.0, 32.4, 71.8, 6.4, 18.6, 22.4, 28.8, 9.4, 41.0, 21.0, 8.8, 5.4, 17.4, 18.0, 36.0, 80.2, 6.2, 16.2, 14.8, 18.6, 10.2, 38.8, 20.6, 9.2, 5.8, 15.4, 22.6
31, 2014-01-02, Home, BOS, W, W, -5, U, 182.5, 0, 90.4, 88.6, 32.6, 72.8, 5.2, 14.6, 20.0, 25.2, 9.0, 42.0, 20.4, 8.2, 5.0, 17.2, 19.0, 33.2, 77.2, 5.2, 16.0, 17.0, 22.0, 10.0, 39.0, 18.6, 7.8, 5.6, 15.2, 21.6
32, 2014-01-04, Home, ATL, W, W, -5, U, 189.5, 0, 89.2, 88.2, 32.2, 75.8, 3.6, 14.6, 21.2, 26.0, 9.6, 40.4, 20.2, 8.8, 5.2, 15.6, 20.0, 32.4, 75.4, 4.8, 14.8, 18.6, 24.8, 10.4, 41.4, 17.4, 8.0, 6.4, 17.2, 22.8
33, 2014-01-07, Home, PHO, W, W, 1.5, U, 190, 0, 88.4, 89.4, 31.6, 77.2, 3.8, 14.6, 21.4, 26.8, 11.4, 41.8, 20.0, 9.2, 7.0, 15.2, 18.6, 33.8, 78.4, 5.4, 17.0, 16.4, 21.4, 11.2, 42.2, 19.4, 8.4, 7.0, 17.0, 23.0
34, 2014-01-10, Away, MIL, W, W, -4, U, 177.5, 0, 90.2, 85.8, 32.4, 78.8, 4.4, 14.0, 21.0, 27.6, 12.8, 45.0, 20.8, 8.6, 7.4, 15.0, 18.8, 32.2, 79.2, 4.0, 16.4, 17.4, 23.0, 11.6, 42.6, 16.6, 8.2, 7.2, 16.2, 23.2
35, 2014-01-11, Home, CHA, W, W, -4, O, 177, 1, 87.4, 82.0, 31.6, 78.2, 4.4, 14.2, 19.8, 27.0, 12.6, 46.4, 21.2, 7.0, 6.4, 13.2, 18.4, 30.8, 81.2, 5.4, 19.6, 15.0, 19.8, 12.4, 44.8, 15.8, 6.8, 6.8, 14.6, 23.6
36, 2014-01-13, Home, WAS, L, L, -2.5, O, 180.5, 0, 92.2, 84.4, 33.2, 78.0, 5.2, 15.2, 20.6, 28.0, 13.2, 46.6, 23.0, 7.2, 7.2, 12.2, 18.0, 32.4, 83.2, 5.4, 19.0, 14.2, 17.6, 12.2, 42.8, 16.2, 6.8, 7.0, 13.4, 23.8
37, 2014-01-15, Away, ORL, W, L, -6, O, 181.5, 0, 91.0, 88.4, 33.0, 77.0, 6.6, 16.4, 18.4, 26.2, 13.6, 46.8, 22.8, 7.4, 6.6, 13.0, 18.4, 33.8, 82.0, 6.4, 20.2, 14.4, 18.6, 11.2, 41.2, 18.2, 7.2, 6.4, 12.0, 22.0
38, 2014-01-17, Away, WAS, L, W, 5, O, 186.5, 0, 98.4, 96.6, 36.0, 83.4, 7.8, 19.6, 18.6, 26.0, 13.2, 48.2, 25.2, 6.8, 5.4, 13.8, 19.8, 38.0, 85.6, 6.0, 19.8, 14.6, 19.0, 9.4, 43.0, 18.8, 7.2, 5.8, 12.6, 23.6
39, 2014-01-18, Home, PHI, W, W, -8.5, U, 197, 1, 98.6, 98.4, 35.8, 82.2, 8.4, 21.6, 18.6, 24.6, 11.8, 45.0, 24.8, 7.2, 5.4, 14.0, 19.2, 39.4, 85.0, 6.0, 17.4, 13.6, 17.8, 9.2, 42.0, 21.8, 7.6, 5.8, 13.4, 22.8
40, 2014-01-20, Home, LAL, W, L, -8.5, O, 198, 0, 103.0, 99.6, 39.0, 86.2, 8.4, 22.4, 16.6, 20.8, 12.4, 46.6, 26.6, 8.2, 6.4, 15.0, 18.4, 40.6, 86.8, 5.0, 17.0, 13.4, 17.8, 9.2, 40.8, 22.2, 8.2, 6.0, 14.4, 21.0
41, 2014-01-22, Away, CLE, W, W, 4.5, U, 186, 0, 102.8, 100.2, 39.2, 90.4, 8.6, 23.8, 15.8, 20.4, 13.8, 48.4, 26.6, 9.6, 5.8, 16.0, 18.2, 40.2, 87.6, 5.8, 19.8, 14.0, 19.0, 9.8, 43.4, 23.0, 9.4, 6.4, 16.8, 20.4
42, 2014-01-24, Home, LAC, L, L, 2, O, 189.5, 0, 104.8, 97.2, 39.8, 88.6, 8.8, 23.8, 16.4, 20.2, 12.4, 48.6, 26.4, 9.0, 6.8, 14.6, 17.8, 39.0, 90.2, 6.0, 20.0, 13.2, 17.0, 12.0, 43.6, 22.6, 9.0, 5.8, 16.2, 20.6
43, 2014-01-25, Away, CHA, W, W, -1.5, U, 182, 1, 98.2, 94.6, 38.2, 84.6, 7.6, 21.0, 14.2, 17.8, 12.8, 46.0, 25.6, 8.2, 6.0, 12.8, 16.8, 36.6, 84.6, 7.4, 19.0, 14.0, 19.0, 12.4, 41.2, 23.0, 8.0, 5.2, 14.0, 18.4
44, 2014-01-27, Home, MIN, L, L, 4.5, U, 197, 0, 97.4, 92.8, 37.4, 84.8, 8.0, 20.8, 14.6, 19.0, 12.2, 47.4, 25.6, 8.8, 6.0, 12.4, 17.0, 36.0, 86.4, 7.4, 20.6, 13.4, 18.4, 13.0, 43.0, 22.4, 6.8, 5.2, 13.8, 18.6
45, 2014-01-29, Away, SAS, W, W, 7.5, U, 187.5, 0, 94.0, 96.2, 35.8, 85.4, 8.4, 21.6, 14.0, 18.2, 12.2, 45.4, 24.2, 8.6, 4.8, 11.8, 19.0, 36.0, 81.6, 8.0, 20.2, 16.2, 21.2, 10.8, 42.6, 23.0, 6.6, 5.8, 13.2, 17.4
46, 2014-02-01, Away, NOP, L, L, 1, U, 182.5, 0, 92.8, 93.4, 35.4, 81.6, 7.8, 19.8, 14.2, 18.0, 11.2, 42.2, 23.2, 7.8, 5.4, 10.2, 19.0, 35.6, 79.2, 7.4, 17.8, 14.8, 19.2, 10.2, 39.4, 21.8, 5.4, 4.4, 12.8, 18.0
47, 2014-02-03, Away, SAC, L, L, 1.5, U, 193.5, 0, 89.0, 93.6, 33.4, 81.6, 6.4, 18.8, 15.8, 21.0, 13.0, 42.0, 22.4, 7.6, 5.2, 11.6, 18.6, 36.6, 77.6, 6.6, 15.8, 13.8, 17.6, 8.4, 37.6, 21.6, 5.6, 6.8, 13.4, 19.4
48, 2014-02-04, Away, PHO, W, W, 7.5, O, 192.5, 1, 84.0, 91.0, 29.8, 78.6, 6.0, 19.0, 18.4, 25.6, 10.6, 38.8, 20.4, 8.8, 5.2, 12.8, 20.0, 35.6, 76.2, 4.4, 13.2, 15.4, 19.2, 8.4, 40.2, 20.0, 6.2, 7.0, 16.4, 21.2
49, 2014-02-06, Away, GSW, L, L, 6, O, 185.5, 0, 86.4, 92.0, 30.6, 78.8, 5.0, 18.0, 20.2, 27.4, 11.4, 39.4, 18.2, 8.4, 5.4, 13.8, 21.4, 34.4, 74.6, 4.8, 15.0, 18.4, 23.0, 8.4, 40.6, 17.6, 7.2, 6.4, 17.6, 22.2
50, 2014-02-09, Away, LAL, W, W, -3, U, 193, 0, 86.6, 93.4, 30.6, 77.2, 4.2, 16.0, 21.2, 28.2, 12.0, 40.0, 18.2, 8.2, 5.2, 14.2, 19.6, 35.6, 76.6, 6.0, 16.0, 16.2, 20.8, 9.8, 40.4, 18.4, 7.0, 6.0, 17.2, 23.0
51, 2014-02-11, Home, ATL, W, W, -1.5, U, 187.5, 0, 85.8, 93.4, 30.0, 76.6, 4.8, 18.0, 21.0, 27.0, 10.8, 40.8, 18.2, 9.0, 4.8, 15.6, 19.2, 36.2, 78.8, 6.2, 17.2, 14.8, 19.8, 10.0, 42.8, 20.4, 7.4, 6.6, 17.0, 21.4
52, 2014-02-13, Home, BRK, W, W, -3.5, U, 185, 0, 90.0, 92.8, 33.2, 79.6, 5.8, 18.8, 17.8, 23.0, 11.0, 43.8, 20.2, 9.4, 4.4, 15.0, 17.6, 35.6, 78.8, 7.4, 20.0, 14.2, 19.6, 9.0, 42.0, 20.2, 7.6, 5.0, 16.6, 19.6
53, 2014-02-19, Away, TOR, W, W, 3, O, 182.5, 0, 94.4, 88.2, 35.8, 78.0, 5.8, 17.6, 17.0, 20.4, 11.2, 46.8, 22.0, 8.6, 5.6, 15.2, 17.4, 33.6, 78.4, 8.0, 21.8, 13.0, 18.4, 7.8, 36.8, 19.0, 7.8, 5.4, 15.2, 18.6
54, 2014-02-21, Home, DEN, W, W, -7.5, O, 189, 0, 93.0, 88.2, 36.0, 76.8, 6.0, 16.4, 15.0, 18.2, 11.2, 45.6, 24.4, 7.6, 6.0, 14.8, 17.6, 34.4, 79.0, 7.0, 19.6, 12.4, 17.2, 8.0, 34.0, 19.8, 7.6, 5.2, 13.0, 18.8
55, 2014-02-23, Away, MIA, L, L, 5, U, 184.5, 0, 99.0, 85.6, 38.0, 78.2, 7.2, 17.0, 15.8, 19.6, 10.6, 46.6, 26.0, 7.6, 6.8, 14.2, 18.8, 33.4, 79.8, 6.2, 18.2, 12.6, 18.6, 8.0, 34.2, 17.4, 7.2, 5.6, 13.4, 19.8
56, 2014-02-25, Away, ATL, W, W, -2.5, O, 189, 0, 96.4, 87.0, 37.0, 78.4, 7.0, 16.8, 15.4, 19.6, 12.0, 48.2, 25.4, 5.4, 6.4, 13.8, 18.6, 33.6, 81.0, 6.8, 19.0, 13.0, 19.2, 9.6, 33.8, 16.6, 7.4, 6.0, 11.2, 20.6
57, 2014-02-26, Home, GSW, W, W, 3.5, U, 186.5, 1, 97.8, 90.6, 35.8, 79.0, 7.0, 17.6, 19.2, 22.8, 11.6, 46.4, 24.2, 6.4, 5.8, 13.4, 19.8, 34.2, 81.8, 7.6, 21.0, 14.6, 20.6, 10.8, 36.6, 16.6, 7.0, 5.2, 12.4, 21.8
58, 2014-02-28, Away, DAL, W, W, 4.5, U, 193.5, 0, 100.0, 92.0, 36.2, 81.6, 7.2, 17.6, 20.4, 24.6, 13.0, 48.6, 23.8, 6.6, 6.0, 13.6, 20.0, 35.0, 85.2, 7.6, 21.8, 14.4, 19.4, 11.8, 39.4, 17.6, 6.6, 5.6, 12.6, 23.0
59, 2014-03-02, Home, NYK, W, W, -6.5, O, 186, 0, 101.2, 91.8, 36.2, 81.4, 7.6, 19.0, 21.2, 26.2, 13.2, 50.2, 22.6, 7.0, 4.8, 14.4, 19.0, 34.8, 85.6, 9.2, 24.6, 13.0, 18.2, 12.0, 40.2, 17.8, 7.6, 5.8, 13.2, 22.2
60, 2014-03-03, Away, BRK, L, L, 3.5, U, 187, 1, 99.6, 92.0, 35.6, 81.4, 7.2, 20.0, 21.2, 27.4, 13.8, 49.2, 23.0, 7.2, 4.4, 12.6, 17.0, 34.8, 84.0, 8.8, 25.2, 13.6, 17.4, 12.0, 41.0, 18.8, 6.6, 5.2, 12.8, 22.2
61, 2014-03-05, Away, DET, W, W, -4, O, 192.5, 0, 99.8, 92.6, 35.8, 78.2, 6.8, 18.4, 21.4, 28.6, 12.6, 47.6, 21.8, 8.0, 3.8, 15.2, 18.6, 34.2, 81.0, 8.4, 25.6, 15.8, 20.2, 10.2, 38.4, 18.2, 8.8, 4.4, 13.6, 22.0
62, 2014-03-07, Home, MEM, L, L, -1, U, 178.5, 0, 99.4, 90.8, 37.0, 76.6, 6.2, 17.4, 19.2, 26.2, 11.2, 46.6, 22.2, 6.8, 4.2, 15.4, 18.8, 34.4, 81.6, 6.0, 21.2, 16.0, 20.4, 9.6, 36.4, 19.0, 8.4, 5.2, 11.8, 20.0
63, 2014-03-09, Home, MIA, W, W, 4.5, U, 186.5, 0, 94.2, 91.2, 35.8, 75.0, 5.6, 17.2, 17.0, 23.0, 9.2, 43.0, 20.6, 6.0, 2.8, 14.8, 17.8, 35.4, 80.4, 6.0, 18.6, 14.4, 19.6, 10.0, 37.2, 19.4, 9.0, 5.0, 11.2, 17.8
64, 2014-03-11, Home, SAS, L, L, 5, O, 191, 0, 93.2, 90.6, 36.2, 78.8, 5.2, 17.2, 15.6, 20.8, 10.0, 43.2, 21.8, 7.0, 3.8, 13.2, 17.6, 34.6, 78.2, 5.2, 16.4, 16.2, 20.6, 8.6, 38.2, 20.0, 8.2, 5.8, 12.0, 18.0
65, 2014-03-13, Home, HOU, W, W, 3.5, O, 193.5, 0, 90.6, 93.4, 34.8, 77.0, 5.2, 16.4, 15.8, 19.8, 9.2, 42.0, 20.2, 6.0, 3.8, 15.4, 18.6, 35.6, 78.2, 6.6, 17.0, 15.6, 20.0, 7.2, 37.0, 21.6, 9.4, 5.4, 11.8, 18.6
66, 2014-03-15, Home, SAC, W, L, -8, U, 190, 0, 96.8, 91.6, 37.4, 81.2, 7.2, 18.6, 14.8, 17.8, 9.4, 41.2, 24.8, 6.4, 4.4, 11.8, 18.8, 34.4, 79.4, 6.2, 17.2, 16.6, 21.2, 9.8, 41.2, 21.0, 6.2, 5.8, 12.8, 19.2
67, 2014-03-17, Home, OKC, L, L, 2.5, U, 193.5, 0, 94.6, 90.2, 35.0, 80.8, 7.4, 18.8, 17.2, 21.0, 9.2, 40.6, 23.8, 6.6, 5.2, 11.4, 20.8, 32.8, 79.0, 6.2, 17.8, 18.4, 25.2, 12.0, 45.8, 18.4, 6.4, 5.8, 14.6, 21.2
68, 2014-03-19, Away, PHI, W, L, -13, O, 195, 0, 96.2, 92.6, 34.6, 82.6, 8.0, 20.6, 19.0, 24.4, 10.6, 42.2, 24.8, 7.2, 5.6, 9.8, 20.0, 32.0, 78.4, 7.8, 21.2, 20.8, 27.2, 11.0, 46.0, 18.6, 5.2, 5.8, 14.2, 23.4
69, 2014-03-21, Away, IND, L, L, 6.5, U, 179.5, 0, 97.6, 93.8, 34.2, 81.2, 8.2, 19.8, 21.0, 26.4, 10.8, 43.2, 24.2, 5.8, 5.8, 10.4, 20.2, 33.4, 79.8, 8.6, 22.0, 18.4, 26.6, 11.6, 45.2, 19.0, 6.2, 5.2, 13.0, 23.4
70, 2014-03-22, Home, PHI, W, L, -16, U, 193, 1, 94.2, 91.2, 33.4, 81.6, 7.6, 18.4, 19.8, 25.6, 10.8, 42.6, 23.2, 7.4, 6.8, 10.2, 21.8, 32.2, 79.8, 6.6, 20.0, 20.2, 28.6, 13.2, 47.8, 19.4, 5.8, 6.4, 14.0, 21.8
71, 2014-03-24, Home, IND, W, W, -1.5, U, 176, 0, 90.2, 90.0, 31.0, 78.4, 5.8, 16.4, 22.4, 29.2, 11.0, 43.6, 20.8, 7.0, 7.8, 11.8, 21.0, 32.6, 81.4, 5.8, 18.8, 19.0, 26.2, 13.2, 47.6, 18.4, 5.8, 6.6, 12.8, 22.2
72, 2014-03-28, Home, POR, L, L, -4.5, U, 186.5, 0, 89.2, 88.0, 31.8, 79.6, 5.4, 15.4, 20.2, 25.8, 11.4, 44.8, 21.0, 7.2, 7.6, 11.6, 19.8, 31.8, 79.0, 6.2, 18.0, 18.2, 23.0, 10.6, 45.0, 18.2, 5.6, 6.2, 12.6, 22.0
73, 2014-03-30, Away, BOS, W, P, -5, O, 180.5, 0, 87.0, 86.8, 32.6, 79.6, 5.0, 14.4, 16.8, 21.0, 11.2, 44.8, 21.4, 6.8, 7.0, 13.0, 20.0, 32.6, 80.0, 5.6, 17.4, 16.0, 20.6, 11.4, 45.2, 18.0, 6.6, 6.4, 12.2, 19.4
74, 2014-03-31, Home, BOS, W, W, -9.5, U, 185, 1, 88.0, 88.4, 32.8, 77.0, 5.0, 14.6, 17.4, 21.8, 8.8, 40.6, 21.8, 7.6, 6.4, 13.0, 18.8, 33.2, 81.2, 5.4, 18.4, 16.6, 20.0, 12.0, 45.4, 18.2, 5.8, 5.4, 13.0, 19.8
75, 2014-04-02, Away, ATL, W, W, -2, O, 184, 0, 91.0, 86.2, 34.8, 77.6, 4.6, 15.6, 16.8, 20.2, 9.0, 41.4, 24.0, 7.0, 5.0, 13.0, 17.0, 32.6, 80.8, 6.4, 21.2, 14.6, 18.0, 11.8, 42.6, 16.2, 7.0, 4.4, 13.0, 19.2
76, 2014-04-04, Home, MIL, W, W, -11.5, O, 185, 0, 93.8, 88.4, 36.6, 79.2, 6.0, 17.8, 14.6, 17.0, 8.2, 39.8, 24.8, 8.4, 3.8, 12.6, 16.8, 33.0, 77.8, 7.8, 22.0, 14.6, 18.8, 9.8, 40.6, 18.8, 7.8, 3.8, 14.2, 18.0
77, 2014-04-05, Away, WAS, W, W, 2.5, U, 184, 1, 96.4, 91.0, 35.8, 79.2, 6.6, 19.2, 18.2, 22.2, 9.6, 39.4, 25.2, 9.6, 3.4, 12.8, 17.6, 33.8, 76.8, 7.4, 21.6, 16.0, 21.6, 10.4, 39.8, 20.0, 8.2, 4.8, 15.2, 18.6
78, 2014-04-09, Away, MIN, W, W, -3, U, 192.5, 0, 100.8, 88.4, 36.2, 78.2, 7.8, 20.4, 20.6, 25.0, 9.4, 39.2, 25.4, 10.0, 4.0, 12.4, 17.2, 33.6, 78.0, 6.0, 20.4, 15.2, 20.8, 11.2, 38.4, 19.4, 7.8, 4.2, 15.6, 19.6
79, 2014-04-11, Home, DET, W, L, -10, O, 192.5, 0, 99.8, 85.4, 37.0, 80.6, 8.4, 21.4, 17.4, 21.2, 10.8, 40.4, 26.4, 9.2, 4.6, 12.0, 18.2, 32.4, 76.6, 4.8, 18.0, 15.8, 20.8, 11.0, 38.6, 18.0, 7.0, 5.0, 15.0, 17.8
80, 2014-04-13, Away, NYK, L, L, -3.5, O, 185, 0, 102.2, 89.0, 37.4, 80.8, 8.8, 22.0, 18.6, 22.6, 10.4, 40.2, 26.2, 8.6, 5.4, 11.6, 18.8, 34.2, 78.4, 4.4, 16.4, 16.2, 22.4, 11.6, 40.2, 17.0, 6.4, 4.6, 14.0, 19.0
81, 2014-04-14, Home, ORL, W, W, -11, O, 182.5, 1, 99.0, 90.6, 35.2, 80.0, 7.6, 21.4, 21.0, 26.0, 11.4, 42.0, 25.4, 6.8, 5.0, 12.2, 18.8, 35.2, 80.2, 4.6, 16.6, 15.6, 21.4, 11.2, 39.8, 15.4, 6.8, 5.0, 12.6, 20.6
82, 2014-04-16, Away, CHA, L, L, 2, U, 180, 0, 100.2, 91.6, 36.8, 78.6, 7.2, 19.6, 19.4, 24.0, 9.8, 40.4, 26.0, 5.8, 4.6, 11.6, 17.8, 36.2, 81.0, 5.6, 18.0, 13.6, 18.2, 10.2, 38.6, 17.2, 6.2, 4.4, 11.8, 21.2
