21, 2013-12-11, Home, OKC, L, L, 6, O, 190.5, 1, 0, 93.2, 96.0, 36.35, 80.75, 4.55, 13.65, 15.95, 20.65, 10.6, 41.45, 21.7, 7.05, 4.3, 13.3, 19.75, 36.05, 79.45, 7.5, 20.65, 16.4, 21.25, 10.2, 40.35, 19.6, 6.9, 5.25, 13.65, 19.75, 104.55, 98.75, 38.3, 82.7, 6.05, 18.3, 21.9, 26.85, 11.15, 47.1, 21.25, 7.8, 6.4, 15.9, 21.75, 36.4, 86.75, 8.45, 25.05, 17.5, 24.45, 12.0, 42.75, 21.65, 9.4, 4.35, 14.6, 20.7
22, 2013-12-13, Away, NOP, L, L, 2.5, O, 191.5, 0, 0, 93.5, 96.75, 36.1, 80.15, 4.45, 13.65, 16.85, 21.6, 10.5, 40.9, 21.35, 7.3, 4.3, 13.2, 20.25, 36.05, 79.2, 7.4, 20.55, 17.25, 22.1, 10.4, 40.45, 19.45, 7.15, 5.2, 13.95, 20.2, 103.4, 102.35, 39.25, 87.25, 6.5, 16.5, 18.4, 23.7, 13.7, 44.05, 22.45, 9.45, 6.9, 13.45, 22.15, 38.05, 80.9, 8.4, 22.7, 17.85, 25.0, 10.1, 42.15, 22.25, 7.75, 6.5, 15.6, 20.45
23, 2013-12-15, Home, MIN, L, L, 3.5, U, 196.5, 0, 0, 92.85, 96.55, 36.1, 80.3, 4.45, 13.5, 16.2, 20.95, 10.8, 41.1, 21.3, 6.8, 4.2, 12.75, 20.05, 35.9, 78.55, 7.5, 20.6, 17.25, 21.9, 10.05, 39.95, 19.5, 6.8, 5.15, 13.3, 19.5, 105.1, 102.6, 38.05, 89.8, 7.9, 23.75, 21.1, 25.95, 13.7, 45.15, 23.0, 9.5, 3.25, 14.1, 16.65, 41.1, 84.65, 7.9, 20.1, 12.5, 17.15, 9.8, 43.4, 23.15, 8.25, 6.5, 17.5, 21.9
24, 2013-12-17, Home, LAL, L, L, -2.5, U, 193.5, 1, 0, 92.55, 96.05, 36.1, 80.1, 4.55, 13.45, 15.8, 20.65, 10.6, 40.9, 21.15, 6.75, 4.2, 12.35, 19.35, 36.05, 78.5, 7.75, 20.95, 16.2, 20.85, 9.85, 39.9, 19.7, 6.55, 5.2, 13.2, 19.35, 100.6, 103.6, 37.8, 84.5, 9.85, 25.65, 15.15, 20.6, 10.3, 41.9, 23.65, 7.1, 5.85, 14.65, 20.4, 39.65, 88.0, 6.85, 20.7, 17.45, 23.6, 12.85, 47.1, 25.3, 9.7, 4.85, 12.8, 18.2
25, 2013-12-18, Away, DAL, L, L, 9.5, O, 192, 0, 1, 92.4, 96.45, 36.15, 80.95, 4.55, 13.5, 15.55, 20.4, 11.05, 41.55, 21.0, 6.95, 4.2, 12.15, 19.3, 36.25, 78.75, 7.75, 21.05, 16.2, 20.9, 9.85, 40.15, 19.8, 6.5, 5.4, 13.05, 19.2, 100.85, 100.7, 38.55, 84.15, 8.45, 22.7, 15.3, 19.1, 9.6, 40.2, 22.3, 9.05, 4.35, 14.25, 20.15, 37.05, 80.5, 7.7, 21.85, 18.9, 25.35, 11.05, 44.4, 21.65, 8.15, 3.85, 16.25, 18.1
26, 2013-12-21, Away, NYK, W, W, 3, U, 185, 0, 0, 92.75, 96.75, 36.3, 82.05, 4.75, 13.65, 15.4, 20.4, 11.8, 42.25, 21.3, 7.25, 4.05, 12.0, 19.55, 36.35, 78.5, 7.8, 21.15, 16.25, 21.0, 9.75, 40.3, 20.25, 6.55, 5.65, 13.15, 19.15, 95.25, 99.2, 35.75, 83.75, 9.2, 25.95, 14.55, 18.7, 10.65, 39.0, 20.45, 8.5, 4.4, 11.15, 22.55, 35.2, 74.35, 8.8, 23.2, 20.0, 25.9, 8.85, 42.05, 18.75, 5.5, 4.0, 15.1, 19.35
27, 2013-12-23, Home, UTA, W, W, -6.5, O, 186.5, 0, 0, 92.1, 96.6, 36.15, 82.2, 4.55, 13.45, 15.25, 20.1, 12.05, 42.85, 20.9, 7.1, 3.95, 12.0, 19.2, 36.35, 78.55, 7.6, 20.75, 16.3, 20.85, 9.6, 40.1, 20.45, 6.75, 5.8, 12.65, 18.7, 94.6, 102.15, 36.5, 83.1, 6.75, 17.8, 14.85, 19.05, 10.8, 40.25, 20.7, 7.05, 5.1, 13.0, 20.75, 38.35, 81.1, 7.05, 18.75, 18.4, 23.8, 11.3, 44.7, 20.9, 6.9, 5.75, 12.25, 19.6
28, 2013-12-26, Away, HOU, L, L, 7.5, U, 199, 1, 0, 93.35, 96.55, 36.55, 82.6, 4.9, 14.05, 15.35, 20.15, 12.25, 43.25, 21.15, 7.25, 4.1, 11.8, 18.95, 36.25, 78.5, 7.85, 21.0, 16.2, 20.7, 9.55, 39.75, 20.4, 6.7, 5.7, 12.65, 18.4, 105.95, 100.55, 38.7, 79.9, 9.85, 26.15, 18.7, 27.1, 10.7, 44.55, 21.6, 7.75, 5.75, 15.15, 20.0, 38.15, 85.65, 7.15, 20.75, 17.1, 22.75, 11.7, 41.25, 20.75, 9.0, 5.5, 13.8, 21.7
29, 2013-12-28, Home, DEN, W, W, -3, O, 189.5, 1, 0, 93.6, 96.4, 36.7, 83.15, 4.85, 13.9, 15.35, 20.3, 12.7, 43.7, 20.95, 7.25, 4.05, 11.4, 19.25, 36.25, 78.7, 7.7, 21.45, 16.2, 20.75, 9.45, 39.95, 20.55, 6.25, 5.75, 12.45, 18.3, 99.1, 99.5, 36.8, 83.45, 7.1, 21.55, 18.4, 25.7, 12.75, 46.1, 21.3, 7.75, 5.8, 14.2, 21.65, 37.55, 86.45, 7.0, 21.3, 17.4, 23.3, 12.65, 44.65, 20.7, 6.9, 6.15, 13.35, 20.25
30, 2013-12-30, Home, CHI, L, L, -5, O, 177.5, 0, 0, 95.15, 97.05, 37.2, 83.45, 5.2, 14.2, 15.55, 20.85, 13.15, 43.45, 20.9, 7.5, 3.95, 11.3, 19.7, 36.15, 78.2, 7.7, 21.35, 17.05, 21.6, 9.55, 39.2, 20.15, 6.2, 5.7, 12.6, 18.35, 90.2, 94.4, 33.8, 80.9, 5.5, 16.95, 17.1, 22.9, 12.0, 44.85, 21.35, 6.1, 4.5, 15.35, 19.0, 36.55, 82.55, 7.05, 17.85, 14.25, 18.7, 10.75, 41.9, 20.7, 8.0, 6.4, 12.85, 21.15
31, 2014-01-02, Away, PHO, W, W, 5.5, U, 196.5, 0, 0, 94.85, 97.5, 36.95, 83.75, 5.0, 13.8, 15.95, 21.35, 13.4, 42.85, 20.35, 7.95, 4.05, 11.5, 20.05, 35.9, 77.1, 7.65, 20.95, 18.05, 22.85, 9.45, 39.3, 19.9, 6.45, 6.1, 13.2, 18.4, 105.9, 102.35, 38.8, 83.85, 10.3, 27.05, 18.0, 24.4, 11.95, 43.9, 19.4, 8.3, 5.6, 14.85, 21.7, 37.55, 84.0, 6.55, 19.8, 20.7, 26.3, 12.15, 43.25, 19.8, 7.65, 3.8, 14.4, 21.3
32, 2014-01-03, Away, DEN, L, W, 4.5, O, 192.5, 0, 1, 94.5, 96.95, 37.2, 84.3, 4.9, 13.9, 15.2, 20.55, 13.8, 43.45, 20.2, 7.9, 4.0, 11.8, 19.7, 36.05, 77.3, 7.7, 21.3, 17.15, 22.05, 9.3, 39.05, 19.8, 6.65, 6.15, 13.25, 17.85, 97.8, 99.85, 36.0, 82.25, 7.0, 21.5, 18.8, 25.25, 12.15, 44.8, 21.0, 7.6, 5.5, 14.3, 21.4, 37.9, 85.35, 7.15, 21.65, 16.9, 22.85, 11.9, 43.25, 20.65, 7.55, 5.85, 12.95, 19.85
33, 2014-01-05, Away, DET, W, W, 2.5, O, 194.5, 0, 0, 95.5, 98.45, 37.35, 83.7, 5.0, 13.9, 15.8, 21.5, 13.5, 42.8, 20.5, 8.05, 3.85, 12.15, 19.9, 36.4, 77.2, 7.9, 21.5, 17.75, 22.7, 9.5, 38.95, 19.95, 6.85, 6.25, 13.35, 18.25, 100.95, 103.3, 39.15, 86.9, 6.75, 19.6, 15.9, 24.55, 14.95, 45.55, 20.55, 8.4, 5.4, 15.25, 20.4, 38.55, 83.2, 7.8, 21.75, 18.4, 23.5, 10.65, 42.3, 23.95, 8.9, 4.6, 15.05, 20.05
34, 2014-01-07, Home, SAS, L, W, 6, O, 195.5, 0, 0, 96.8, 97.55, 37.75, 84.3, 5.25, 14.1, 16.05, 21.75, 13.85, 43.85, 21.25, 7.9, 3.95, 11.95, 19.75, 36.05, 77.55, 7.75, 21.5, 17.7, 22.9, 9.55, 39.05, 19.85, 6.65, 6.35, 13.15, 18.35, 105.95, 101.15, 41.2, 85.15, 8.35, 21.55, 15.2, 19.45, 10.3, 42.75, 25.35, 7.55, 4.55, 13.95, 17.65, 38.5, 84.05, 8.05, 20.7, 16.1, 20.5, 10.45, 42.0, 21.2, 7.7, 5.1, 14.05, 19.4
35, 2014-01-10, Home, PHO, W, W, -3, O, 194.5, 0, 0, 97.9, 98.4, 38.35, 85.15, 5.35, 14.3, 15.85, 21.6, 13.75, 44.1, 21.25, 7.65, 3.85, 11.75, 19.85, 36.5, 78.25, 7.8, 21.5, 17.6, 22.8, 9.45, 39.1, 20.45, 6.75, 6.3, 13.1, 18.15, 105.8, 101.7, 38.75, 84.65, 9.95, 26.65, 18.35, 24.2, 11.95, 43.8, 19.1, 8.7, 5.45, 14.0, 21.85, 37.75, 84.4, 6.65, 19.35, 19.55, 25.45, 12.95, 44.95, 19.95, 6.9, 3.95, 15.05, 20.75
36, 2014-01-12, Home, ATL, W, W, -5, O, 191.5, 0, 0, 98.1, 98.7, 38.65, 85.45, 5.5, 14.6, 15.3, 21.2, 14.0, 44.7, 21.25, 7.35, 4.0, 11.75, 19.5, 36.5, 78.4, 8.0, 22.0, 17.7, 22.95, 9.3, 39.0, 20.7, 6.9, 6.25, 12.65, 18.3, 103.95, 100.55, 38.8, 85.25, 10.7, 28.2, 15.65, 19.35, 10.4, 42.6, 26.3, 8.5, 4.35, 14.7, 19.65, 39.0, 85.9, 6.65, 21.0, 15.9, 21.65, 11.85, 45.15, 22.7, 7.8, 4.95, 14.8, 18.4
37, 2014-01-14, Home, OKC, W, W, -1, U, 196, 0, 0, 99.1, 98.9, 39.0, 85.75, 5.45, 14.6, 15.65, 21.6, 14.1, 45.05, 21.55, 7.7, 4.15, 11.65, 19.4, 36.7, 78.75, 8.0, 22.45, 17.5, 22.85, 9.35, 38.95, 20.9, 7.05, 6.15, 12.8, 18.6, 106.5, 96.55, 39.25, 82.75, 7.65, 21.7, 20.35, 24.85, 10.65, 46.9, 22.7, 8.1, 6.45, 14.65, 22.5, 34.7, 83.8, 8.0, 23.4, 19.15, 26.35, 10.8, 40.7, 20.95, 7.65, 3.65, 13.6, 20.95
38, 2014-01-15, Away, MIL, W, L, -6, U, 185.5, 0, 1, 98.1, 98.7, 38.3, 85.55, 5.4, 14.6, 16.1, 21.9, 14.05, 45.05, 21.2, 7.75, 3.95, 11.9, 19.5, 36.5, 78.45, 7.9, 22.05, 17.8, 23.1, 9.25, 39.15, 20.4, 7.1, 6.15, 13.05, 19.1, 93.25, 101.45, 35.35, 83.75, 6.85, 21.5, 15.7, 20.75, 12.05, 42.7, 20.0, 7.2, 5.9, 14.2, 21.25, 36.6, 85.2, 8.95, 23.4, 19.3, 24.95, 13.9, 47.1, 22.6, 7.5, 5.75, 13.6, 20.9
39, 2014-01-17, Home, SAC, W, L, -5.5, U, 198, 0, 0, 98.15, 97.5, 38.5, 85.8, 5.5, 14.95, 15.65, 21.5, 14.05, 45.3, 21.4, 7.7, 4.4, 11.55, 19.4, 36.15, 78.55, 7.65, 22.05, 17.55, 22.8, 9.5, 39.7, 20.4, 7.05, 6.15, 13.05, 18.85, 106.1, 106.75, 39.0, 83.3, 6.35, 17.85, 21.75, 28.25, 11.95, 45.05, 19.15, 7.6, 4.4, 15.35, 22.4, 39.7, 84.5, 8.65, 22.55, 18.7, 25.35, 10.25, 41.65, 23.75, 8.6, 5.45, 13.95, 23.75
40, 2014-01-20, Home, NOP, L, L, -7.5, U, 188, 0, 0, 98.6, 96.6, 38.75, 85.45, 5.7, 15.3, 15.4, 21.3, 13.4, 45.15, 21.65, 7.7, 4.75, 11.65, 20.05, 35.6, 78.2, 7.5, 21.7, 17.9, 23.25, 9.25, 39.5, 20.05, 6.95, 6.0, 13.25, 18.65, 99.05, 103.7, 38.15, 83.25, 6.0, 16.15, 16.75, 22.15, 12.2, 42.95, 21.65, 7.2, 5.35, 13.2, 22.15, 37.45, 81.3, 7.7, 22.95, 21.1, 27.75, 12.05, 43.25, 21.85, 6.85, 6.05, 12.65, 19.65
41, 2014-01-24, Away, HOU, W, W, 5.5, U, 196, 0, 0, 98.5, 97.1, 38.5, 84.85, 5.55, 15.4, 15.95, 21.85, 13.55, 44.75, 21.3, 7.6, 4.8, 11.8, 20.0, 35.85, 78.3, 7.45, 21.05, 17.95, 23.4, 9.55, 39.45, 20.5, 7.1, 6.0, 13.15, 19.0, 103.8, 101.85, 37.45, 79.35, 7.9, 24.55, 21.0, 31.15, 10.85, 43.85, 20.05, 6.45, 5.55, 13.6, 19.45, 38.95, 86.7, 7.35, 21.4, 16.6, 22.3, 11.9, 42.95, 21.95, 8.25, 5.55, 12.7, 24.2
42, 2014-01-25, Home, HOU, W, W, 1.5, U, 194.5, 1, 1, 97.9, 95.65, 38.6, 84.7, 5.45, 15.0, 15.25, 20.95, 13.65, 45.2, 21.5, 7.3, 4.8, 11.95, 19.55, 35.45, 78.7, 7.7, 21.85, 17.05, 22.45, 9.5, 38.9, 20.45, 7.05, 5.95, 12.75, 18.6, 103.6, 100.95, 37.5, 79.55, 8.25, 24.9, 20.35, 29.95, 10.65, 43.3, 20.35, 6.5, 5.5, 13.4, 19.1, 38.8, 86.55, 7.4, 21.1, 15.95, 21.6, 12.1, 42.9, 22.15, 8.1, 5.4, 12.7, 23.75
43, 2014-01-28, Away, POR, W, W, 5, U, 198, 0, 0, 97.95, 94.5, 38.65, 85.1, 5.5, 15.2, 15.15, 20.8, 13.85, 45.7, 21.45, 7.55, 4.95, 11.95, 19.85, 35.0, 78.95, 7.7, 22.35, 16.8, 22.3, 9.6, 39.25, 20.05, 7.05, 5.95, 13.2, 18.75, 110.4, 107.15, 40.95, 90.95, 9.55, 26.5, 18.95, 22.8, 13.2, 48.1, 25.45, 5.15, 4.85, 12.3, 19.3, 41.4, 89.15, 7.4, 18.5, 16.95, 22.3, 10.55, 43.65, 21.25, 7.1, 3.65, 10.35, 19.55
44, 2014-01-29, Away, SAC, W, W, -5, U, 194, 0, 1, 98.2, 93.5, 38.95, 85.1, 5.55, 15.1, 14.75, 20.3, 13.65, 45.65, 21.8, 7.75, 4.95, 12.15, 19.85, 34.75, 79.35, 7.3, 22.25, 16.7, 22.15, 9.7, 39.05, 19.85, 6.9, 5.8, 13.35, 18.5, 105.6, 107.5, 39.05, 83.95, 7.2, 19.55, 20.3, 27.45, 13.0, 46.2, 18.95, 6.75, 4.5, 15.45, 23.85, 39.25, 83.95, 7.9, 21.9, 21.1, 29.25, 10.7, 42.3, 23.0, 8.85, 5.6, 12.9, 23.3
45, 2014-01-31, Away, MIN, W, W, -1.5, U, 189, 0, 0, 98.55, 93.15, 39.15, 84.3, 5.5, 15.0, 14.75, 20.25, 13.2, 44.75, 22.0, 7.8, 5.05, 12.05, 19.7, 34.8, 79.55, 7.2, 22.2, 16.35, 21.6, 10.15, 38.9, 20.05, 6.75, 5.4, 13.4, 18.2, 107.3, 101.0, 39.85, 87.95, 7.15, 20.1, 20.45, 26.75, 12.65, 46.4, 24.35, 8.5, 3.75, 12.8, 18.35, 39.2, 84.9, 7.4, 21.95, 15.2, 19.2, 10.05, 42.65, 22.75, 7.6, 5.45, 15.0, 23.35
46, 2014-02-01, Home, MIL, W, L, -12.5, O, 180.5, 1, 1, 98.7, 92.4, 39.2, 83.65, 5.3, 14.7, 15.0, 20.65, 12.55, 44.5, 21.8, 7.75, 5.25, 11.75, 19.0, 34.75, 80.1, 7.25, 22.55, 15.65, 20.8, 10.05, 39.1, 19.7, 6.45, 5.1, 13.35, 18.4, 93.15, 104.65, 36.05, 83.9, 7.4, 22.85, 13.65, 18.95, 11.95, 41.55, 21.9, 7.35, 5.7, 14.1, 21.35, 38.0, 82.55, 9.2, 22.0, 19.45, 25.65, 11.6, 45.4, 23.95, 7.9, 4.75, 13.4, 19.65
47, 2014-02-03, Away, OKC, L, L, 8, U, 186, 0, 0, 98.9, 92.55, 39.15, 83.5, 5.55, 14.75, 15.05, 20.8, 12.55, 44.1, 22.05, 7.7, 5.4, 11.55, 19.2, 34.6, 79.95, 7.4, 22.6, 15.95, 20.9, 10.3, 39.55, 19.4, 6.25, 4.95, 13.65, 18.7, 104.9, 97.55, 39.55, 81.55, 7.85, 21.55, 17.95, 22.9, 11.3, 43.5, 20.95, 8.35, 5.85, 14.9, 21.05, 36.4, 81.45, 8.65, 24.35, 16.1, 22.65, 10.65, 38.75, 21.45, 7.9, 3.3, 14.5, 20.05
48, 2014-02-05, Home, DAL, L, L, -2.5, O, 189, 0, 0, 97.55, 92.15, 38.8, 83.4, 5.1, 14.55, 14.85, 20.55, 12.55, 43.85, 21.75, 7.65, 5.25, 11.8, 19.5, 34.55, 80.0, 7.05, 22.3, 16.0, 21.3, 10.4, 39.85, 19.05, 6.4, 5.05, 13.8, 18.9, 105.55, 102.85, 39.75, 81.95, 8.4, 22.9, 17.65, 22.25, 9.3, 38.7, 23.9, 8.1, 3.5, 12.25, 20.65, 37.5, 80.25, 7.45, 21.75, 20.4, 26.15, 11.6, 42.85, 21.5, 7.05, 3.2, 14.6, 20.35
49, 2014-02-08, Away, ATL, W, W, 1.5, U, 191, 0, 0, 97.75, 92.65, 38.75, 82.2, 5.15, 14.45, 15.1, 20.65, 11.95, 43.0, 21.95, 7.7, 5.35, 12.2, 19.15, 35.1, 80.35, 7.2, 22.0, 15.25, 20.55, 10.6, 39.55, 19.4, 6.6, 4.85, 14.0, 18.95, 103.15, 102.9, 37.55, 83.45, 9.75, 27.25, 18.3, 22.25, 9.4, 40.25, 26.0, 9.7, 4.4, 14.85, 18.75, 38.95, 83.75, 8.0, 21.3, 17.0, 22.0, 11.3, 43.85, 23.8, 8.4, 5.15, 15.95, 20.5
50, 2014-02-09, Away, CLE, L, L, -3, U, 183.5, 0, 1, 95.7, 91.5, 38.25, 82.15, 4.95, 14.1, 14.25, 19.45, 11.55, 42.75, 21.75, 7.8, 5.45, 12.6, 18.65, 34.95, 80.35, 7.1, 21.9, 14.5, 19.9, 10.65, 40.4, 19.6, 6.85, 4.65, 14.35, 18.55, 96.2, 102.65, 35.7, 85.3, 6.75, 20.2, 18.05, 24.65, 13.9, 44.65, 21.0, 7.4, 3.1, 12.5, 21.95, 37.85, 80.2, 9.4, 25.25, 17.55, 23.05, 8.9, 41.25, 24.65, 6.25, 6.3, 12.7, 20.2
51, 2014-02-11, Home, WAS, W, L, -4.5, U, 181.5, 0, 0, 95.3, 91.3, 38.15, 82.55, 5.1, 14.55, 13.9, 18.85, 11.4, 43.2, 21.9, 7.55, 5.45, 12.3, 18.35, 35.3, 81.5, 7.3, 22.15, 13.4, 18.7, 10.7, 40.95, 20.0, 6.5, 4.4, 14.0, 18.5, 100.45, 99.05, 38.65, 85.15, 6.95, 19.05, 16.2, 22.5, 10.2, 43.15, 23.3, 8.75, 5.35, 13.4, 21.25, 36.55, 80.45, 6.95, 20.3, 19.0, 24.95, 9.15, 43.2, 21.1, 7.35, 4.25, 16.05, 19.95
52, 2014-02-12, Away, ORL, W, W, -1.5, U, 181, 0, 1, 94.95, 91.2, 37.6, 81.45, 5.1, 14.5, 14.65, 19.5, 10.9, 42.25, 21.7, 7.8, 5.45, 12.4, 18.5, 35.15, 80.7, 7.25, 21.85, 13.65, 18.9, 10.3, 40.6, 19.8, 6.35, 4.5, 14.05, 18.8, 96.15, 103.9, 35.75, 81.7, 6.35, 18.3, 18.3, 23.45, 9.0, 41.3, 20.8, 7.8, 3.2, 13.4, 18.5, 39.45, 85.25, 8.75, 22.75, 16.25, 20.75, 10.85, 45.45, 24.3, 7.1, 6.15, 13.05, 19.0
53, 2014-02-18, Home, NYK, W, L, -5.5, O, 182, 0, 0, 93.85, 89.7, 37.55, 81.5, 4.95, 14.5, 13.8, 18.5, 10.8, 42.3, 21.4, 7.6, 5.65, 12.15, 18.15, 34.7, 80.85, 7.0, 21.4, 13.3, 18.35, 10.5, 40.65, 19.35, 6.15, 4.7, 13.9, 18.05, 100.7, 98.7, 38.05, 81.9, 9.1, 23.7, 15.5, 21.4, 11.1, 43.05, 20.8, 6.6, 4.5, 13.5, 21.7, 36.05, 79.75, 8.3, 23.2, 18.3, 24.05, 9.6, 40.8, 19.5, 6.75, 2.95, 12.6, 20.4
54, 2014-02-21, Home, LAC, W, W, 2, O, 193, 0, 0, 93.15, 90.15, 37.25, 80.65, 4.85, 14.35, 13.8, 18.6, 10.35, 41.25, 20.85, 7.65, 5.8, 12.3, 18.5, 34.7, 80.8, 7.1, 21.9, 13.65, 18.35, 10.6, 40.45, 18.95, 6.35, 4.7, 13.95, 18.2, 110.85, 102.2, 39.2, 80.6, 8.5, 23.3, 23.95, 32.3, 10.5, 42.85, 24.75, 8.45, 4.7, 12.95, 21.0, 37.65, 85.55, 7.2, 22.25, 19.7, 26.05, 13.55, 43.7, 23.05, 6.65, 3.15, 13.95, 24.55
55, 2014-02-22, Away, CHA, L, L, -3, O, 180, 1, 1, 92.85, 89.45, 37.05, 80.05, 4.8, 14.25, 13.95, 18.6, 10.05, 41.35, 21.1, 7.65, 6.0, 12.3, 18.8, 34.1, 80.65, 7.1, 21.9, 14.15, 19.25, 10.8, 40.6, 18.9, 6.2, 4.65, 13.7, 18.15, 99.4, 98.85, 37.4, 80.3, 6.65, 17.5, 17.95, 24.8, 7.1, 41.2, 24.2, 5.8, 5.55, 11.05, 17.35, 38.4, 85.8, 7.95, 21.7, 14.1, 18.65, 9.25, 43.2, 21.65, 5.85, 4.65, 11.45, 20.7
56, 2014-02-26, Home, LAL, W, L, -11.5, O, 198.5, 1, 0, 92.1, 89.1, 36.65, 79.7, 4.7, 14.25, 14.1, 18.55, 9.7, 40.8, 20.75, 7.9, 5.8, 12.65, 19.45, 33.7, 80.15, 6.95, 21.4, 14.75, 19.8, 10.55, 40.5, 18.75, 6.2, 4.55, 13.95, 17.9, 103.0, 108.1, 38.85, 84.1, 9.3, 23.45, 16.0, 21.1, 7.7, 40.15, 25.15, 7.4, 5.25, 14.6, 19.25, 41.35, 90.85, 8.15, 22.6, 17.25, 24.2, 14.35, 50.45, 25.35, 9.95, 4.35, 13.25, 19.3
57, 2014-02-28, Away, OKC, L, P, 6, O, 195.5, 0, 0, 92.1, 89.2, 36.75, 80.15, 4.6, 14.15, 14.0, 18.6, 9.95, 41.05, 20.85, 7.65, 5.75, 12.7, 19.5, 33.7, 80.0, 7.25, 21.45, 14.55, 19.5, 10.35, 40.3, 18.7, 6.0, 4.95, 13.95, 17.85, 104.8, 99.7, 40.1, 81.15, 8.45, 22.1, 16.15, 21.0, 10.85, 41.5, 22.0, 8.85, 5.8, 15.45, 20.8, 37.55, 81.25, 8.05, 23.25, 16.55, 22.2, 10.9, 38.25, 22.6, 8.55, 3.15, 15.25, 18.25
58, 2014-03-01, Home, CLE, W, W, -9, O, 184, 1, 1, 92.95, 90.5, 37.2, 80.15, 4.9, 14.25, 13.65, 18.25, 9.85, 40.55, 21.4, 7.8, 5.65, 12.65, 19.55, 33.95, 79.8, 7.5, 21.5, 15.1, 20.1, 10.5, 40.0, 19.0, 6.25, 5.1, 13.7, 17.4, 97.6, 99.05, 35.8, 84.9, 6.45, 20.1, 19.55, 25.8, 14.4, 45.3, 22.6, 7.2, 2.85, 12.75, 20.15, 37.0, 81.5, 8.6, 24.0, 16.45, 21.95, 10.15, 41.9, 23.8, 6.5, 5.4, 12.6, 20.95
59, 2014-03-03, Away, WAS, W, W, -2, O, 191, 0, 0, 94.35, 91.45, 37.75, 80.1, 5.1, 14.2, 13.75, 18.25, 9.85, 40.2, 21.6, 7.85, 5.5, 12.65, 19.25, 34.35, 79.65, 7.55, 21.4, 15.2, 20.25, 10.15, 39.1, 18.9, 6.25, 5.0, 13.55, 17.25, 105.0, 101.0, 40.6, 87.95, 7.75, 20.55, 16.05, 22.0, 11.25, 43.25, 23.95, 9.1, 5.05, 13.2, 21.45, 36.7, 80.4, 6.7, 20.4, 20.9, 26.45, 9.4, 43.35, 20.5, 7.5, 4.25, 17.45, 20.7
60, 2014-03-05, Away, BRK, L, L, 1, O, 187, 0, 0, 95.3, 92.15, 38.1, 80.15, 5.1, 14.0, 14.0, 18.4, 10.0, 40.25, 22.0, 7.85, 5.05, 12.8, 19.15, 34.65, 79.65, 7.75, 21.8, 15.1, 20.15, 10.05, 38.65, 18.95, 6.25, 5.0, 13.5, 17.55, 98.2, 96.25, 35.75, 78.15, 8.65, 25.3, 18.05, 23.6, 7.8, 36.45, 21.2, 10.5, 3.9, 13.35, 21.05, 34.95, 77.1, 7.15, 19.9, 19.2, 25.35, 11.5, 44.05, 19.95, 7.1, 4.25, 17.1, 19.65
61, 2014-03-07, Away, CHI, W, W, 1, U, 178.5, 0, 0, 95.4, 92.55, 38.25, 80.4, 5.05, 13.8, 13.85, 18.25, 10.1, 40.2, 22.2, 8.4, 4.95, 13.0, 18.9, 34.8, 79.5, 8.25, 22.65, 14.7, 19.65, 9.9, 38.75, 19.15, 6.45, 4.85, 13.95, 17.85, 94.05, 91.95, 34.85, 79.2, 6.35, 18.15, 18.0, 23.25, 11.7, 44.7, 22.25, 7.55, 4.9, 13.85, 18.7, 35.2, 79.95, 6.9, 19.5, 14.65, 19.55, 9.45, 38.15, 19.35, 7.15, 5.55, 13.55, 20.2
62, 2014-03-08, Home, CHA, W, W, -9, O, 186.5, 1, 1, 95.25, 92.05, 38.2, 80.4, 5.1, 13.85, 13.75, 18.35, 10.1, 40.35, 22.1, 8.6, 5.1, 12.9, 18.9, 34.75, 79.3, 7.65, 21.6, 14.9, 19.65, 9.85, 39.1, 18.9, 6.3, 4.75, 13.95, 17.85, 99.1, 97.85, 37.0, 80.7, 7.1, 19.15, 18.0, 24.5, 8.2, 41.7, 23.65, 5.8, 5.15, 11.25, 17.05, 37.5, 85.35, 8.25, 22.4, 14.6, 18.35, 9.7, 42.45, 20.25, 5.95, 4.2, 11.65, 20.8
63, 2014-03-11, Home, POR, W, W, -3, O, 196, 0, 0, 95.85, 92.45, 38.35, 80.35, 5.1, 13.55, 14.05, 18.75, 9.85, 40.3, 22.1, 8.5, 5.1, 12.95, 18.55, 35.1, 79.9, 7.45, 21.05, 14.8, 19.5, 10.0, 39.2, 19.1, 6.5, 4.85, 13.75, 18.05, 104.0, 101.25, 37.65, 86.05, 8.25, 24.2, 20.45, 25.05, 12.05, 47.05, 20.85, 5.3, 5.5, 14.55, 21.5, 38.3, 87.8, 6.35, 19.45, 18.3, 24.1, 11.2, 43.15, 20.2, 8.05, 3.85, 11.65, 21.55
64, 2014-03-12, Away, NOP, W, L, -5.5, U, 186, 0, 1, 96.4, 93.35, 38.55, 80.4, 5.1, 13.5, 14.2, 18.9, 9.85, 40.05, 22.25, 8.4, 5.2, 12.85, 18.45, 35.35, 79.85, 7.6, 20.7, 15.05, 19.85, 10.2, 39.2, 19.1, 6.45, 4.85, 13.55, 18.5, 97.05, 100.85, 37.0, 80.35, 5.95, 16.5, 17.1, 22.55, 10.45, 40.6, 20.45, 6.75, 6.5, 13.3, 24.05, 36.55, 78.75, 7.1, 20.25, 20.65, 27.7, 10.4, 40.3, 22.9, 7.0, 5.65, 13.2, 19.5
65, 2014-03-14, Away, TOR, L, L, -1, U, 186.5, 0, 0, 95.95, 93.3, 38.1, 80.35, 5.1, 13.7, 14.65, 19.45, 10.0, 40.6, 22.0, 8.25, 5.35, 12.95, 18.55, 35.0, 79.65, 7.55, 20.55, 15.75, 20.55, 10.0, 39.45, 18.9, 6.75, 5.15, 13.55, 18.85, 102.75, 97.2, 37.2, 82.1, 8.75, 23.3, 19.6, 24.85, 10.85, 42.4, 23.1, 6.85, 4.25, 13.15, 23.9, 35.4, 80.95, 6.55, 18.5, 19.85, 27.2, 11.55, 40.8, 20.4, 7.7, 3.9, 13.7, 22.2
66, 2014-03-15, Away, PHI, W, W, -13.5, U, 201, 1, 1, 95.55, 93.75, 37.85, 80.05, 5.0, 13.5, 14.85, 19.7, 10.15, 40.45, 21.85, 8.1, 5.35, 13.3, 18.85, 34.85, 79.0, 7.7, 20.3, 16.35, 21.3, 9.95, 38.95, 19.15, 6.95, 5.0, 13.65, 18.95, 96.15, 113.4, 35.85, 86.9, 6.55, 23.05, 17.9, 24.6, 11.3, 40.25, 20.75, 9.95, 3.25, 17.05, 23.2, 40.9, 83.45, 8.35, 21.35, 23.25, 30.5, 11.95, 48.6, 26.65, 10.35, 6.95, 17.2, 21.3
67, 2014-03-19, Home, UTA, W, L, -11.5, U, 187.5, 0, 0, 95.75, 93.1, 37.85, 79.6, 4.9, 13.75, 15.15, 20.2, 9.85, 40.1, 22.1, 8.55, 5.25, 13.8, 19.05, 34.9, 79.35, 7.55, 20.3, 15.75, 21.0, 10.1, 39.15, 19.2, 7.15, 5.0, 14.1, 19.1, 95.7, 102.8, 36.3, 80.25, 7.25, 20.55, 15.85, 21.55, 10.6, 40.9, 20.1, 6.9, 4.3, 13.8, 20.25, 39.05, 80.5, 8.2, 20.0, 16.5, 21.3, 9.0, 40.05, 23.45, 7.2, 4.85, 11.9, 19.4
68, 2014-03-21, Away, MIA, L, L, 4.5, U, 190, 0, 0, 96.7, 93.1, 38.05, 79.6, 4.9, 13.5, 15.7, 20.7, 9.85, 40.65, 22.25, 8.6, 5.3, 13.85, 18.9, 35.05, 79.75, 7.7, 20.3, 15.3, 20.35, 10.1, 38.9, 19.35, 7.15, 4.65, 14.05, 19.2, 103.3, 98.6, 38.7, 77.55, 8.35, 22.65, 17.55, 22.65, 7.9, 36.15, 22.45, 9.4, 4.85, 13.55, 19.6, 36.1, 80.5, 8.15, 23.15, 18.25, 23.65, 12.55, 42.9, 22.3, 7.6, 3.2, 15.35, 20.1
69, 2014-03-22, Home, IND, W, W, -3, U, 180.5, 1, 1, 96.2, 92.15, 38.0, 80.1, 4.75, 13.4, 15.45, 20.45, 10.2, 41.2, 21.9, 8.6, 5.05, 13.75, 18.7, 34.7, 79.6, 7.65, 20.4, 15.1, 19.9, 10.05, 38.85, 19.15, 7.25, 4.75, 14.1, 19.1, 97.7, 95.2, 36.25, 80.15, 6.35, 18.5, 18.85, 23.95, 10.4, 45.45, 19.8, 6.4, 5.85, 14.85, 20.9, 35.5, 84.0, 7.6, 20.85, 16.6, 22.9, 10.95, 41.8, 21.05, 7.3, 4.75, 12.55, 22.65
70, 2014-03-24, Home, MIN, W, W, -7.5, O, 199, 1, 0, 96.35, 91.9, 37.8, 79.35, 4.8, 13.45, 15.95, 21.25, 10.15, 41.5, 21.5, 8.1, 5.2, 13.6, 19.0, 34.55, 79.8, 7.55, 20.15, 15.25, 19.85, 10.1, 38.5, 18.8, 7.1, 4.85, 13.55, 19.55, 107.9, 108.15, 38.55, 86.15, 7.15, 21.4, 23.65, 30.65, 11.95, 42.4, 23.05, 8.05, 3.6, 12.35, 20.15, 41.2, 85.6, 8.75, 23.2, 17.0, 22.8, 11.25, 45.6, 22.4, 7.2, 5.75, 15.75, 25.7
71, 2014-03-26, Away, UTA, W, L, -8.5, U, 182.5, 0, 0, 97.65, 91.95, 38.55, 79.6, 4.95, 13.35, 15.6, 21.1, 10.5, 41.9, 21.65, 7.9, 5.1, 13.6, 18.9, 34.5, 79.9, 7.4, 20.35, 15.55, 19.95, 10.3, 38.2, 18.55, 7.15, 4.8, 13.4, 19.25, 95.6, 104.15, 36.1, 80.6, 7.1, 20.3, 16.3, 21.85, 10.45, 39.8, 19.35, 6.6, 4.25, 13.7, 20.25, 39.7, 81.0, 8.05, 19.4, 16.7, 21.4, 9.35, 41.25, 23.45, 7.1, 4.9, 12.3, 19.8
72, 2014-03-28, Away, GSW, L, L, 2, O, 185.5, 0, 0, 97.6, 91.85, 38.7, 80.05, 5.0, 13.15, 15.2, 20.55, 10.55, 41.95, 21.95, 7.65, 5.0, 13.25, 18.95, 34.4, 79.65, 7.3, 19.95, 15.75, 20.25, 10.35, 38.3, 18.95, 7.2, 4.65, 13.35, 18.95, 104.55, 98.55, 39.05, 84.7, 8.65, 24.2, 17.8, 22.6, 10.3, 44.25, 23.9, 7.85, 5.35, 13.5, 21.85, 36.4, 84.55, 6.8, 20.85, 18.95, 24.45, 10.3, 43.25, 20.8, 6.9, 4.15, 14.05, 19.95
73, 2014-03-30, Away, POR, L, L, 2, O, 189, 0, 0, 97.95, 92.8, 38.95, 80.25, 5.0, 13.15, 15.05, 20.45, 10.6, 41.8, 22.3, 7.75, 4.85, 13.3, 19.0, 34.7, 79.55, 7.55, 20.3, 15.85, 20.45, 10.1, 38.35, 19.15, 7.3, 4.5, 13.3, 19.0, 103.2, 99.25, 36.8, 84.4, 9.9, 27.95, 19.7, 24.05, 12.15, 46.75, 20.9, 5.25, 5.05, 13.5, 19.85, 38.2, 87.9, 6.6, 20.2, 16.25, 21.9, 12.4, 44.9, 20.85, 8.05, 3.6, 11.8, 21.35
74, 2014-03-31, Away, DEN, W, L, -5, U, 201.5, 0, 1, 97.95, 93.4, 39.15, 80.95, 4.95, 13.4, 14.7, 20.15, 10.75, 41.95, 22.7, 8.05, 4.6, 13.15, 18.85, 34.9, 79.05, 7.5, 19.7, 16.1, 20.7, 9.75, 38.35, 19.55, 7.2, 4.4, 13.35, 18.65, 105.45, 111.55, 38.5, 86.9, 8.85, 24.35, 19.6, 27.65, 11.85, 44.6, 22.85, 8.45, 5.2, 16.35, 23.25, 41.05, 86.35, 8.7, 22.3, 20.75, 25.75, 10.45, 43.8, 24.15, 9.25, 6.25, 15.6, 22.6
75, 2014-04-02, Away, MIN, L, L, -4.5, U, 198, 0, 0, 97.55, 93.2, 38.95, 80.85, 4.95, 13.1, 14.7, 20.55, 11.3, 42.0, 22.2, 8.05, 4.3, 13.15, 18.3, 35.15, 78.7, 7.45, 19.5, 15.45, 19.75, 9.65, 38.15, 19.4, 7.25, 4.35, 13.45, 19.05, 109.95, 108.6, 39.9, 86.55, 7.35, 21.2, 22.8, 29.6, 11.75, 42.6, 24.9, 8.45, 2.9, 13.35, 19.55, 41.65, 86.7, 8.65, 23.8, 16.65, 22.45, 11.45, 44.95, 22.15, 7.65, 5.0, 16.05, 24.55
76, 2014-04-04, Home, DEN, W, L, -9.5, U, 200, 0, 0, 97.5, 93.7, 39.25, 81.65, 4.95, 12.9, 14.05, 19.75, 11.5, 41.8, 22.55, 8.05, 4.2, 12.95, 17.85, 35.8, 78.65, 7.3, 19.3, 14.8, 19.2, 9.8, 38.35, 20.15, 7.45, 4.45, 13.6, 18.8, 107.7, 110.3, 39.5, 86.4, 8.8, 24.35, 19.9, 27.95, 11.7, 44.75, 23.75, 8.4, 5.2, 15.95, 23.3, 40.75, 86.2, 8.3, 21.7, 20.5, 26.0, 10.65, 43.3, 23.75, 8.85, 5.9, 15.3, 22.65
77, 2014-04-06, Away, SAS, L, L, 7, O, 190.5, 0, 0, 97.1, 93.15, 38.6, 81.2, 4.85, 12.8, 15.05, 20.6, 11.35, 41.45, 22.05, 8.1, 4.15, 12.9, 18.25, 35.35, 78.8, 6.9, 19.05, 15.55, 19.9, 10.25, 38.95, 19.75, 7.55, 4.15, 13.85, 19.4, 110.35, 95.0, 41.85, 85.15, 9.85, 23.0, 16.8, 20.95, 9.75, 45.65, 27.95, 7.6, 6.1, 13.85, 18.05, 36.15, 84.65, 6.0, 18.05, 16.7, 21.6, 9.75, 41.0, 20.3, 8.05, 4.6, 12.95, 19.6
78, 2014-04-09, Home, MIA, W, W, -4.5, O, 180, 1, 0, 96.35, 93.1, 38.45, 81.5, 4.6, 12.7, 14.85, 20.45, 11.55, 41.65, 21.65, 7.95, 4.25, 13.0, 18.1, 35.6, 78.8, 6.85, 19.05, 15.05, 19.2, 9.8, 39.0, 20.2, 7.4, 3.9, 13.9, 19.3, 97.35, 94.1, 36.3, 75.7, 7.8, 23.05, 16.95, 22.15, 8.35, 37.5, 21.4, 8.3, 5.15, 13.65, 17.8, 35.65, 79.4, 8.4, 24.1, 14.4, 19.3, 10.8, 40.3, 21.3, 7.65, 3.55, 14.3, 19.55
79, 2014-04-11, Home, PHI, W, W, -14.5, O, 201.5, 0, 0, 96.2, 93.4, 38.4, 81.35, 4.5, 12.75, 14.9, 20.6, 11.6, 41.9, 21.6, 8.05, 4.2, 13.25, 18.5, 35.55, 78.5, 7.25, 19.4, 15.05, 19.05, 9.7, 38.7, 20.4, 7.7, 3.85, 14.05, 19.35, 96.5, 107.95, 36.25, 84.6, 8.0, 24.95, 16.0, 22.9, 11.25, 40.0, 21.45, 9.2, 3.95, 15.35, 24.15, 38.3, 80.1, 8.15, 22.5, 23.2, 30.65, 11.25, 46.05, 25.0, 8.25, 5.35, 16.2, 20.6
80, 2014-04-13, Away, LAL, W, P, -12, U, 208.5, 0, 0, 96.55, 92.95, 38.45, 81.45, 4.45, 12.75, 15.2, 21.15, 11.75, 42.45, 21.7, 8.05, 4.4, 13.4, 18.2, 35.55, 78.85, 7.1, 19.35, 14.75, 18.85, 9.7, 38.8, 20.3, 8.2, 3.9, 14.15, 19.55, 107.85, 118.55, 39.95, 89.2, 9.35, 25.05, 18.6, 23.95, 9.2, 39.0, 26.9, 9.4, 4.55, 14.2, 19.45, 45.25, 89.3, 9.55, 23.65, 18.5, 24.35, 11.9, 50.1, 27.15, 9.15, 5.05, 15.45, 20.2
81, 2014-04-14, Away, PHO, W, W, 3.5, U, 194, 0, 1, 96.95, 92.3, 38.85, 81.9, 4.55, 12.75, 14.7, 20.55, 11.75, 42.9, 22.15, 7.9, 4.6, 13.2, 18.05, 35.4, 79.15, 6.9, 19.4, 14.6, 18.75, 9.65, 38.6, 20.5, 7.95, 3.9, 13.95, 18.9, 106.25, 103.75, 38.65, 81.35, 9.7, 25.35, 19.25, 25.3, 10.75, 42.95, 18.75, 8.15, 3.6, 15.4, 21.8, 38.4, 83.3, 7.95, 22.1, 19.0, 24.75, 10.0, 40.35, 21.6, 8.5, 3.65, 14.2, 22.0
82, 2014-04-16, Home, DAL, W, L, -3, O, 190.5, 0, 0, 97.55, 93.0, 39.1, 81.85, 4.6, 13.1, 14.75, 20.4, 11.7, 42.75, 22.2, 7.7, 4.35, 13.4, 18.15, 35.75, 79.4, 7.05, 20.05, 14.45, 18.75, 9.75, 38.2, 20.45, 8.35, 4.1, 13.9, 18.95, 106.25, 103.0, 39.8, 83.4, 9.75, 23.7, 16.9, 21.65, 10.55, 42.65, 23.4, 7.65, 4.7, 13.6, 19.35, 38.35, 83.65, 9.05, 25.25, 17.25, 22.5, 12.35, 43.1, 21.7, 8.1, 3.35, 14.9, 21.25
