6, 2012-11-09, Away, MIN, L, L, 1.5, O, 183.5, 0, 450.0, 466.0, 171.0, 424.0, 30.0, 105.0, 78.0, 101.0, 72.0, 254.0, 86.0, 31.0, 43.0, 90.0, 82.0, 180.0, 452.0, 36.0, 98.0, 70.0, 88.0, 69.0, 226.0, 104.0, 56.0, 35.0, 61.0, 98.0
7, 2012-11-10, Home, WAS, W, L, -8, U, 186, 1, 454.0, 474.0, 171.0, 430.0, 30.0, 112.0, 82.0, 102.0, 74.0, 245.0, 82.0, 35.0, 37.0, 85.0, 87.0, 182.0, 431.0, 32.0, 90.0, 78.0, 97.0, 59.0, 218.0, 109.0, 51.0, 32.0, 63.0, 96.0
8, 2012-11-13, Home, TOR, L, L, -9, U, 185.5, 0, 454.0, 469.0, 172.0, 427.0, 30.0, 102.0, 80.0, 99.0, 74.0, 241.0, 79.0, 34.0, 36.0, 80.0, 83.0, 186.0, 425.0, 35.0, 95.0, 62.0, 80.0, 54.0, 217.0, 117.0, 46.0, 28.0, 65.0, 95.0
9, 2012-11-14, Away, MIL, L, L, 4.5, U, 189.5, 1, 420.0, 445.0, 157.0, 403.0, 31.0, 95.0, 75.0, 97.0, 67.0, 223.0, 77.0, 32.0, 29.0, 71.0, 80.0, 175.0, 395.0, 33.0, 85.0, 62.0, 79.0, 46.0, 215.0, 111.0, 35.0, 16.0, 61.0, 92.0
10, 2012-11-16, Home, DAL, W, W, -2, U, 187.5, 0, 426.0, 443.0, 160.0, 404.0, 30.0, 95.0, 76.0, 106.0, 66.0, 228.0, 85.0, 32.0, 26.0, 71.0, 81.0, 172.0, 399.0, 28.0, 83.0, 71.0, 91.0, 49.0, 216.0, 110.0, 35.0, 22.0, 59.0, 97.0
11, 2012-11-18, Away, NYK, L, L, 7, U, 186.5, 0, 443.0, 437.0, 164.0, 402.0, 28.0, 85.0, 87.0, 128.0, 65.0, 233.0, 90.0, 33.0, 24.0, 64.0, 82.0, 164.0, 393.0, 23.0, 74.0, 86.0, 104.0, 40.0, 209.0, 102.0, 30.0, 24.0, 53.0, 105.0
12, 2012-11-19, Away, WAS, W, W, -3, O, 180.5, 1, 425.0, 429.0, 155.0, 389.0, 31.0, 87.0, 84.0, 129.0, 63.0, 243.0, 93.0, 30.0, 27.0, 70.0, 79.0, 162.0, 413.0, 28.0, 90.0, 77.0, 95.0, 50.0, 223.0, 98.0, 32.0, 23.0, 49.0, 104.0
13, 2012-11-21, Home, NOH, W, W, -7.5, O, 181.5, 0, 432.0, 433.0, 155.0, 379.0, 27.0, 90.0, 95.0, 134.0, 57.0, 241.0, 97.0, 31.0, 33.0, 78.0, 94.0, 158.0, 421.0, 22.0, 83.0, 95.0, 119.0, 59.0, 219.0, 85.0, 37.0, 20.0, 47.0, 110.0
14, 2012-11-23, Home, SAS, L, L, 4.5, O, 191, 0, 475.0, 466.0, 171.0, 396.0, 37.0, 102.0, 96.0, 137.0, 60.0, 241.0, 109.0, 29.0, 42.0, 74.0, 102.0, 171.0, 441.0, 22.0, 81.0, 102.0, 127.0, 67.0, 222.0, 89.0, 36.0, 26.0, 44.0, 113.0
15, 2012-11-27, Away, LAL, W, W, 8.5, U, 196, 0, 487.0, 471.0, 179.0, 408.0, 39.0, 98.0, 90.0, 127.0, 63.0, 237.0, 117.0, 27.0, 43.0, 68.0, 107.0, 174.0, 433.0, 21.0, 82.0, 102.0, 124.0, 59.0, 213.0, 84.0, 33.0, 20.0, 48.0, 112.0
16, 2012-11-30, Away, SAC, W, W, -1.5, O, 187.5, 0, 463.0, 465.0, 169.0, 404.0, 37.0, 101.0, 88.0, 123.0, 63.0, 241.0, 111.0, 25.0, 44.0, 77.0, 124.0, 168.0, 428.0, 25.0, 97.0, 104.0, 142.0, 66.0, 225.0, 81.0, 40.0, 20.0, 56.0, 114.0
17, 2012-12-01, Away, GSW, L, L, 5, O, 188, 1, 484.0, 469.0, 178.0, 418.0, 38.0, 107.0, 90.0, 124.0, 64.0, 235.0, 117.0, 28.0, 43.0, 67.0, 125.0, 167.0, 413.0, 24.0, 89.0, 111.0, 148.0, 59.0, 219.0, 77.0, 37.0, 20.0, 60.0, 118.0
18, 2012-12-04, Away, CHI, W, W, 4, U, 180.5, 0, 480.0, 483.0, 178.0, 422.0, 43.0, 110.0, 81.0, 115.0, 64.0, 225.0, 117.0, 29.0, 40.0, 63.0, 117.0, 174.0, 406.0, 29.0, 92.0, 106.0, 136.0, 56.0, 224.0, 86.0, 32.0, 21.0, 67.0, 113.0
19, 2012-12-05, Home, POR, W, W, -4, O, 186.5, 1, 445.0, 452.0, 167.0, 410.0, 30.0, 93.0, 81.0, 114.0, 63.0, 222.0, 108.0, 33.0, 28.0, 67.0, 114.0, 163.0, 387.0, 27.0, 94.0, 99.0, 129.0, 53.0, 222.0, 87.0, 32.0, 21.0, 77.0, 108.0
20, 2012-12-07, Home, DEN, L, L, -2, U, 195, 0, 447.0, 440.0, 165.0, 398.0, 32.0, 103.0, 85.0, 112.0, 57.0, 219.0, 101.0, 38.0, 30.0, 67.0, 103.0, 156.0, 383.0, 31.0, 99.0, 97.0, 129.0, 56.0, 222.0, 86.0, 29.0, 22.0, 77.0, 102.0
21, 2012-12-09, Away, OKC, L, L, 10, O, 196.5, 0, 457.0, 455.0, 170.0, 395.0, 38.0, 107.0, 79.0, 103.0, 56.0, 211.0, 111.0, 34.0, 33.0, 68.0, 93.0, 170.0, 393.0, 28.0, 88.0, 87.0, 106.0, 51.0, 203.0, 97.0, 29.0, 21.0, 66.0, 94.0
22, 2012-12-12, Home, CLE, W, W, -7.5, U, 189.5, 0, 453.0, 467.0, 171.0, 392.0, 35.0, 98.0, 76.0, 97.0, 55.0, 204.0, 97.0, 31.0, 31.0, 66.0, 94.0, 175.0, 394.0, 27.0, 90.0, 90.0, 111.0, 52.0, 201.0, 98.0, 27.0, 22.0, 63.0, 91.0
23, 2012-12-14, Home, PHI, W, W, -6, P, 180, 0, 457.0, 445.0, 171.0, 401.0, 32.0, 94.0, 83.0, 105.0, 60.0, 216.0, 100.0, 32.0, 32.0, 63.0, 96.0, 164.0, 395.0, 27.0, 92.0, 90.0, 117.0, 54.0, 200.0, 95.0, 29.0, 25.0, 58.0, 97.0
24, 2012-12-15, Away, DET, W, W, -2, U, 183, 1, 472.0, 454.0, 177.0, 398.0, 38.0, 98.0, 80.0, 105.0, 58.0, 218.0, 102.0, 26.0, 38.0, 67.0, 96.0, 171.0, 403.0, 26.0, 92.0, 86.0, 113.0, 50.0, 190.0, 97.0, 31.0, 22.0, 51.0, 96.0
25, 2012-12-18, Away, MIL, L, L, 2.5, O, 185.5, 0, 461.0, 439.0, 176.0, 390.0, 36.0, 96.0, 73.0, 102.0, 50.0, 214.0, 107.0, 28.0, 40.0, 67.0, 105.0, 169.0, 407.0, 23.0, 83.0, 78.0, 106.0, 52.0, 194.0, 97.0, 31.0, 23.0, 51.0, 97.0
26, 2012-12-19, Home, UTA, W, W, -3.5, O, 186, 1, 465.0, 445.0, 174.0, 394.0, 28.0, 81.0, 89.0, 118.0, 59.0, 223.0, 95.0, 30.0, 34.0, 69.0, 105.0, 168.0, 407.0, 26.0, 80.0, 83.0, 112.0, 54.0, 194.0, 91.0, 31.0, 31.0, 58.0, 109.0
27, 2012-12-21, Away, CLE, W, W, -4.5, O, 187, 0, 476.0, 425.0, 177.0, 392.0, 31.0, 80.0, 91.0, 123.0, 56.0, 226.0, 103.0, 33.0, 38.0, 77.0, 111.0, 163.0, 417.0, 23.0, 76.0, 76.0, 107.0, 61.0, 202.0, 94.0, 31.0, 32.0, 64.0, 116.0
28, 2012-12-22, Away, NOH, W, W, -3.5, U, 178.5, 1, 479.0, 433.0, 182.0, 389.0, 31.0, 78.0, 84.0, 120.0, 54.0, 222.0, 104.0, 35.0, 35.0, 81.0, 111.0, 168.0, 416.0, 19.0, 70.0, 78.0, 108.0, 54.0, 198.0, 94.0, 28.0, 32.0, 68.0, 110.0
29, 2012-12-28, Home, PHO, W, L, -8.5, U, 188.5, 0, 465.0, 423.0, 180.0, 389.0, 27.0, 81.0, 78.0, 111.0, 53.0, 218.0, 105.0, 36.0, 35.0, 79.0, 111.0, 166.0, 417.0, 20.0, 69.0, 71.0, 99.0, 60.0, 204.0, 92.0, 33.0, 38.0, 68.0, 114.0
30, 2012-12-29, Away, ATL, L, L, 2.5, O, 182, 1, 474.0, 437.0, 179.0, 394.0, 28.0, 73.0, 88.0, 124.0, 64.0, 224.0, 99.0, 34.0, 28.0, 81.0, 112.0, 172.0, 416.0, 19.0, 70.0, 74.0, 100.0, 59.0, 200.0, 94.0, 33.0, 36.0, 69.0, 124.0
31, 2012-12-31, Home, MEM, W, W, 1.5, U, 177, 0, 481.0, 448.0, 185.0, 394.0, 31.0, 80.0, 80.0, 112.0, 57.0, 209.0, 104.0, 33.0, 31.0, 71.0, 105.0, 179.0, 410.0, 23.0, 76.0, 67.0, 88.0, 57.0, 199.0, 102.0, 31.0, 26.0, 70.0, 118.0
32, 2013-01-02, Home, WAS, W, L, -11, U, 181.5, 0, 465.0, 447.0, 172.0, 384.0, 34.0, 89.0, 87.0, 118.0, 62.0, 210.0, 104.0, 35.0, 32.0, 74.0, 98.0, 178.0, 406.0, 24.0, 72.0, 67.0, 87.0, 59.0, 195.0, 100.0, 37.0, 25.0, 71.0, 117.0
33, 2013-01-04, Away, BOS, L, L, 3, U, 181.5, 0, 455.0, 439.0, 162.0, 381.0, 34.0, 89.0, 97.0, 124.0, 62.0, 214.0, 97.0, 35.0, 30.0, 73.0, 91.0, 181.0, 409.0, 22.0, 69.0, 55.0, 71.0, 61.0, 200.0, 105.0, 42.0, 25.0, 74.0, 120.0
34, 2013-01-05, Home, MIL, W, W, -4.5, U, 187.5, 1, 449.0, 458.0, 156.0, 389.0, 34.0, 89.0, 103.0, 134.0, 65.0, 217.0, 91.0, 38.0, 27.0, 77.0, 85.0, 188.0, 416.0, 22.0, 67.0, 60.0, 82.0, 58.0, 207.0, 109.0, 41.0, 23.0, 76.0, 124.0
35, 2013-01-08, Home, MIA, W, W, 2, U, 187, 0, 447.0, 447.0, 162.0, 404.0, 29.0, 93.0, 94.0, 125.0, 71.0, 228.0, 91.0, 37.0, 31.0, 74.0, 81.0, 181.0, 416.0, 25.0, 71.0, 60.0, 84.0, 61.0, 209.0, 107.0, 43.0, 31.0, 78.0, 112.0
36, 2013-01-10, Home, NYK, W, L, -5.5, U, 184, 0, 434.0, 415.0, 157.0, 415.0, 33.0, 100.0, 87.0, 122.0, 82.0, 247.0, 91.0, 40.0, 27.0, 73.0, 87.0, 165.0, 404.0, 23.0, 70.0, 62.0, 88.0, 58.0, 209.0, 94.0, 40.0, 39.0, 76.0, 110.0
37, 2013-01-12, Home, CHA, W, L, -11.5, U, 185, 0, 427.0, 408.0, 160.0, 424.0, 26.0, 96.0, 81.0, 114.0, 83.0, 257.0, 86.0, 39.0, 23.0, 65.0, 87.0, 165.0, 411.0, 24.0, 79.0, 54.0, 77.0, 59.0, 216.0, 91.0, 32.0, 41.0, 72.0, 106.0
38, 2013-01-13, Away, BRK, L, L, 4.5, O, 181, 1, 434.0, 415.0, 169.0, 436.0, 32.0, 108.0, 64.0, 95.0, 89.0, 257.0, 93.0, 41.0, 26.0, 63.0, 94.0, 166.0, 406.0, 24.0, 73.0, 59.0, 83.0, 60.0, 213.0, 87.0, 28.0, 42.0, 67.0, 101.0
39, 2013-01-15, Away, CHA, W, W, -7.5, U, 185.5, 0, 445.0, 418.0, 177.0, 434.0, 34.0, 115.0, 57.0, 79.0, 82.0, 249.0, 97.0, 41.0, 28.0, 54.0, 100.0, 159.0, 398.0, 26.0, 78.0, 74.0, 96.0, 64.0, 211.0, 84.0, 23.0, 37.0, 64.0, 88.0
40, 2013-01-16, Away, ORL, L, L, -2, U, 186.5, 1, 453.0, 414.0, 173.0, 429.0, 39.0, 117.0, 68.0, 87.0, 78.0, 250.0, 103.0, 41.0, 31.0, 58.0, 106.0, 153.0, 388.0, 24.0, 69.0, 84.0, 108.0, 55.0, 203.0, 79.0, 24.0, 33.0, 62.0, 97.0
41, 2013-01-18, Home, HOU, W, W, -4.5, O, 195, 0, 452.0, 434.0, 177.0, 423.0, 32.0, 112.0, 66.0, 80.0, 68.0, 239.0, 101.0, 38.0, 36.0, 64.0, 102.0, 165.0, 406.0, 28.0, 71.0, 76.0, 95.0, 56.0, 207.0, 95.0, 29.0, 25.0, 60.0, 96.0
42, 2013-01-21, Away, MEM, W, W, 6, U, 172, 0, 476.0, 453.0, 186.0, 431.0, 38.0, 110.0, 66.0, 81.0, 70.0, 232.0, 106.0, 41.0, 40.0, 67.0, 103.0, 168.0, 400.0, 37.0, 81.0, 80.0, 98.0, 48.0, 192.0, 102.0, 34.0, 28.0, 66.0, 95.0
43, 2013-01-23, Away, POR, L, L, 1, U, 181.5, 0, 462.0, 446.0, 182.0, 411.0, 35.0, 99.0, 63.0, 80.0, 62.0, 218.0, 104.0, 38.0, 45.0, 73.0, 96.0, 167.0, 405.0, 38.0, 84.0, 74.0, 89.0, 53.0, 189.0, 98.0, 39.0, 23.0, 67.0, 87.0
44, 2013-01-26, Away, UTA, L, L, 2, O, 183.5, 0, 456.0, 449.0, 177.0, 408.0, 35.0, 98.0, 67.0, 85.0, 63.0, 213.0, 102.0, 38.0, 38.0, 77.0, 95.0, 178.0, 402.0, 34.0, 81.0, 59.0, 70.0, 44.0, 184.0, 108.0, 39.0, 24.0, 71.0, 89.0
45, 2013-01-28, Away, DEN, L, W, 5.5, O, 193.5, 0, 463.0, 487.0, 185.0, 403.0, 34.0, 97.0, 59.0, 75.0, 62.0, 195.0, 98.0, 42.0, 34.0, 82.0, 95.0, 197.0, 413.0, 34.0, 82.0, 59.0, 66.0, 49.0, 181.0, 123.0, 48.0, 24.0, 74.0, 84.0
46, 2013-01-30, Home, DET, W, W, -8.5, U, 180.5, 0, 478.0, 492.0, 187.0, 403.0, 43.0, 103.0, 61.0, 80.0, 66.0, 194.0, 103.0, 42.0, 32.0, 85.0, 105.0, 194.0, 405.0, 29.0, 75.0, 75.0, 91.0, 50.0, 182.0, 117.0, 48.0, 26.0, 76.0, 87.0
47, 2013-02-01, Home, MIA, W, W, 2, O, 184.5, 0, 471.0, 476.0, 183.0, 397.0, 39.0, 98.0, 66.0, 84.0, 67.0, 209.0, 105.0, 39.0, 27.0, 89.0, 103.0, 192.0, 410.0, 19.0, 63.0, 73.0, 102.0, 55.0, 190.0, 107.0, 49.0, 26.0, 71.0, 87.0
48, 2013-02-04, Home, CHI, W, W, -5.5, O, 176.5, 0, 491.0, 484.0, 188.0, 398.0, 38.0, 98.0, 77.0, 97.0, 66.0, 209.0, 104.0, 36.0, 19.0, 81.0, 111.0, 190.0, 397.0, 20.0, 67.0, 84.0, 119.0, 47.0, 180.0, 112.0, 46.0, 30.0, 67.0, 97.0
49, 2013-02-05, Home, ATL, W, W, -6, O, 184, 1, 522.0, 485.0, 197.0, 392.0, 38.0, 89.0, 90.0, 114.0, 69.0, 222.0, 111.0, 34.0, 25.0, 84.0, 110.0, 185.0, 407.0, 22.0, 72.0, 93.0, 129.0, 52.0, 173.0, 101.0, 49.0, 32.0, 62.0, 105.0
50, 2013-02-06, Away, PHI, W, W, 2, U, 180, 1, 526.0, 474.0, 189.0, 385.0, 42.0, 93.0, 106.0, 136.0, 57.0, 217.0, 118.0, 32.0, 28.0, 75.0, 112.0, 177.0, 405.0, 27.0, 83.0, 93.0, 131.0, 48.0, 184.0, 99.0, 37.0, 29.0, 64.0, 120.0
51, 2013-02-08, Home, TOR, L, L, -7, O, 189.5, 0, 513.0, 441.0, 182.0, 381.0, 36.0, 87.0, 113.0, 144.0, 57.0, 228.0, 115.0, 36.0, 27.0, 66.0, 93.0, 171.0, 416.0, 22.0, 77.0, 77.0, 108.0, 55.0, 194.0, 96.0, 35.0, 33.0, 65.0, 114.0
52, 2013-02-11, Home, BRK, L, L, -9, U, 181, 0, 513.0, 462.0, 181.0, 378.0, 38.0, 95.0, 113.0, 151.0, 52.0, 214.0, 115.0, 34.0, 30.0, 67.0, 97.0, 181.0, 424.0, 21.0, 68.0, 79.0, 100.0, 56.0, 196.0, 104.0, 36.0, 32.0, 66.0, 128.0
53, 2013-02-13, Home, CHA, W, W, -11, U, 185, 0, 495.0, 462.0, 175.0, 404.0, 36.0, 100.0, 109.0, 145.0, 61.0, 233.0, 110.0, 35.0, 34.0, 63.0, 101.0, 179.0, 434.0, 20.0, 66.0, 84.0, 108.0, 61.0, 223.0, 92.0, 35.0, 32.0, 66.0, 127.0
54, 2013-02-20, Home, NYK, W, W, -4, O, 185, 0, 485.0, 438.0, 177.0, 425.0, 36.0, 105.0, 95.0, 130.0, 66.0, 239.0, 111.0, 36.0, 35.0, 54.0, 103.0, 166.0, 428.0, 21.0, 66.0, 85.0, 114.0, 65.0, 233.0, 88.0, 33.0, 34.0, 72.0, 122.0
55, 2013-02-22, Home, DET, W, W, -9.5, O, 190, 0, 496.0, 426.0, 183.0, 429.0, 36.0, 104.0, 94.0, 129.0, 75.0, 256.0, 111.0, 37.0, 36.0, 63.0, 102.0, 159.0, 433.0, 18.0, 73.0, 90.0, 122.0, 73.0, 233.0, 79.0, 41.0, 34.0, 71.0, 118.0
56, 2013-02-23, Away, DET, W, W, -5, U, 188, 1, 522.0, 439.0, 192.0, 421.0, 41.0, 101.0, 97.0, 137.0, 63.0, 249.0, 120.0, 37.0, 38.0, 68.0, 119.0, 157.0, 426.0, 19.0, 84.0, 106.0, 152.0, 72.0, 223.0, 74.0, 41.0, 31.0, 72.0, 127.0
57, 2013-02-26, Home, GSW, W, W, -8.5, O, 196.5, 0, 514.0, 411.0, 191.0, 418.0, 40.0, 101.0, 92.0, 128.0, 63.0, 255.0, 118.0, 39.0, 37.0, 70.0, 122.0, 141.0, 407.0, 19.0, 89.0, 110.0, 157.0, 65.0, 216.0, 69.0, 41.0, 24.0, 72.0, 118.0
58, 2013-02-28, Home, LAC, L, L, -1.5, U, 192.5, 0, 538.0, 419.0, 199.0, 406.0, 41.0, 100.0, 99.0, 137.0, 60.0, 244.0, 124.0, 47.0, 39.0, 74.0, 113.0, 143.0, 403.0, 27.0, 98.0, 106.0, 149.0, 69.0, 210.0, 76.0, 46.0, 24.0, 81.0, 120.0
59, 2013-03-01, Away, TOR, W, W, -2, U, 185.5, 1, 528.0, 441.0, 190.0, 386.0, 44.0, 106.0, 104.0, 143.0, 56.0, 231.0, 118.0, 46.0, 34.0, 87.0, 114.0, 156.0, 401.0, 26.0, 105.0, 103.0, 142.0, 62.0, 201.0, 80.0, 49.0, 22.0, 76.0, 126.0
60, 2013-03-03, Home, CHI, W, L, -7.5, O, 178.5, 0, 496.0, 431.0, 182.0, 377.0, 40.0, 102.0, 92.0, 126.0, 52.0, 220.0, 110.0, 45.0, 29.0, 85.0, 113.0, 156.0, 387.0, 24.0, 88.0, 95.0, 131.0, 57.0, 192.0, 75.0, 45.0, 25.0, 74.0, 122.0
61, 2013-03-06, Home, BOS, L, L, -9, U, 184.5, 0, 479.0, 441.0, 174.0, 375.0, 36.0, 101.0, 95.0, 126.0, 58.0, 215.0, 100.0, 45.0, 29.0, 85.0, 109.0, 162.0, 386.0, 29.0, 88.0, 88.0, 112.0, 50.0, 185.0, 85.0, 46.0, 25.0, 69.0, 123.0
62, 2013-03-08, Away, ORL, W, W, -9, O, 189, 0, 470.0, 452.0, 172.0, 388.0, 34.0, 106.0, 92.0, 121.0, 64.0, 217.0, 91.0, 46.0, 34.0, 79.0, 97.0, 170.0, 392.0, 34.0, 91.0, 78.0, 97.0, 49.0, 193.0, 89.0, 46.0, 31.0, 68.0, 120.0
63, 2013-03-10, Away, MIA, L, L, 6.5, O, 188, 0, 477.0, 441.0, 174.0, 387.0, 39.0, 104.0, 90.0, 117.0, 63.0, 220.0, 102.0, 37.0, 34.0, 79.0, 99.0, 169.0, 398.0, 27.0, 85.0, 76.0, 92.0, 46.0, 185.0, 89.0, 43.0, 30.0, 68.0, 119.0
64, 2013-03-13, Home, MIN, W, W, -15, O, 185, 0, 477.0, 447.0, 168.0, 375.0, 40.0, 106.0, 101.0, 126.0, 55.0, 213.0, 98.0, 39.0, 31.0, 75.0, 100.0, 168.0, 386.0, 30.0, 76.0, 81.0, 102.0, 41.0, 177.0, 91.0, 45.0, 29.0, 69.0, 122.0
65, 2013-03-15, Home, LAL, L, L, -8.5, O, 191, 0, 491.0, 457.0, 175.0, 387.0, 42.0, 111.0, 99.0, 130.0, 60.0, 219.0, 100.0, 40.0, 33.0, 68.0, 102.0, 174.0, 394.0, 33.0, 84.0, 76.0, 95.0, 43.0, 183.0, 98.0, 40.0, 27.0, 68.0, 123.0
66, 2013-03-16, Away, PHI, L, L, -5.5, O, 182.5, 1, 487.0, 464.0, 179.0, 415.0, 48.0, 125.0, 81.0, 106.0, 67.0, 231.0, 98.0, 36.0, 33.0, 70.0, 107.0, 172.0, 391.0, 38.0, 91.0, 82.0, 107.0, 42.0, 197.0, 100.0, 40.0, 30.0, 72.0, 113.0
67, 2013-03-18, Away, CLE, W, W, -7, O, 187.5, 0, 497.0, 479.0, 181.0, 415.0, 48.0, 114.0, 87.0, 113.0, 69.0, 228.0, 111.0, 32.0, 25.0, 69.0, 114.0, 177.0, 387.0, 37.0, 87.0, 88.0, 117.0, 42.0, 191.0, 110.0, 37.0, 36.0, 71.0, 115.0
68, 2013-03-19, Home, ORL, W, W, -11, U, 195, 1, 493.0, 483.0, 177.0, 420.0, 45.0, 117.0, 94.0, 119.0, 71.0, 240.0, 107.0, 35.0, 25.0, 71.0, 111.0, 180.0, 397.0, 38.0, 96.0, 85.0, 119.0, 46.0, 198.0, 115.0, 35.0, 38.0, 62.0, 114.0
69, 2013-03-22, Home, MIL, W, W, -8, U, 190.5, 0, 497.0, 451.0, 185.0, 444.0, 41.0, 113.0, 86.0, 109.0, 80.0, 270.0, 111.0, 31.0, 30.0, 70.0, 109.0, 170.0, 417.0, 34.0, 97.0, 77.0, 109.0, 52.0, 212.0, 107.0, 32.0, 40.0, 60.0, 107.0
70, 2013-03-23, Away, CHI, L, L, 2, U, 179, 1, 492.0, 438.0, 182.0, 441.0, 35.0, 100.0, 93.0, 113.0, 76.0, 277.0, 112.0, 29.0, 35.0, 72.0, 103.0, 166.0, 438.0, 31.0, 97.0, 75.0, 113.0, 64.0, 228.0, 105.0, 32.0, 42.0, 56.0, 102.0
71, 2013-03-25, Home, ATL, W, L, -6.5, O, 184.5, 0, 483.0, 426.0, 175.0, 420.0, 28.0, 87.0, 105.0, 128.0, 68.0, 266.0, 108.0, 31.0, 34.0, 63.0, 97.0, 168.0, 441.0, 21.0, 82.0, 69.0, 105.0, 69.0, 226.0, 99.0, 27.0, 39.0, 51.0, 107.0
72, 2013-03-27, Away, HOU, W, W, 5.5, U, 198, 0, 492.0, 422.0, 181.0, 416.0, 30.0, 94.0, 100.0, 122.0, 65.0, 268.0, 101.0, 33.0, 37.0, 70.0, 94.0, 165.0, 442.0, 22.0, 90.0, 70.0, 111.0, 70.0, 223.0, 89.0, 32.0, 32.0, 55.0, 103.0
73, 2013-03-28, Away, DAL, W, W, 4.5, U, 193, 1, 481.0, 423.0, 177.0, 406.0, 28.0, 90.0, 99.0, 121.0, 59.0, 256.0, 92.0, 34.0, 33.0, 68.0, 99.0, 162.0, 433.0, 22.0, 87.0, 77.0, 116.0, 69.0, 220.0, 86.0, 33.0, 29.0, 58.0, 107.0
74, 2013-03-30, Away, PHO, W, L, -10.5, O, 189, 0, 489.0, 428.0, 183.0, 403.0, 29.0, 82.0, 94.0, 123.0, 59.0, 248.0, 96.0, 38.0, 31.0, 66.0, 97.0, 166.0, 428.0, 23.0, 86.0, 73.0, 109.0, 66.0, 212.0, 92.0, 34.0, 29.0, 59.0, 109.0
75, 2013-04-01, Away, LAC, W, W, 5, O, 188, 0, 499.0, 454.0, 182.0, 404.0, 30.0, 85.0, 105.0, 139.0, 67.0, 237.0, 91.0, 44.0, 25.0, 66.0, 97.0, 175.0, 409.0, 26.0, 79.0, 78.0, 106.0, 53.0, 195.0, 105.0, 38.0, 26.0, 67.0, 118.0
76, 2013-04-05, Home, OKC, L, L, -3.5, U, 191.5, 0, 524.0, 473.0, 191.0, 397.0, 35.0, 94.0, 107.0, 143.0, 67.0, 229.0, 107.0, 44.0, 24.0, 73.0, 102.0, 179.0, 408.0, 28.0, 84.0, 87.0, 110.0, 55.0, 185.0, 108.0, 41.0, 22.0, 71.0, 119.0
77, 2013-04-06, Away, WAS, L, L, -4, O, 184, 1, 499.0, 476.0, 178.0, 385.0, 29.0, 92.0, 114.0, 152.0, 61.0, 211.0, 102.0, 43.0, 21.0, 64.0, 104.0, 180.0, 406.0, 25.0, 75.0, 91.0, 108.0, 60.0, 200.0, 108.0, 34.0, 19.0, 67.0, 123.0
78, 2013-04-09, Home, CLE, W, L, -14, O, 189.5, 0, 484.0, 489.0, 178.0, 393.0, 26.0, 94.0, 102.0, 139.0, 62.0, 213.0, 99.0, 36.0, 17.0, 66.0, 104.0, 187.0, 402.0, 23.0, 66.0, 92.0, 113.0, 51.0, 199.0, 109.0, 37.0, 22.0, 62.0, 120.0
79, 2013-04-12, Home, BRK, L, L, -6, O, 187, 0, 480.0, 505.0, 170.0, 388.0, 23.0, 95.0, 117.0, 159.0, 65.0, 203.0, 90.0, 42.0, 19.0, 62.0, 99.0, 194.0, 404.0, 22.0, 62.0, 95.0, 114.0, 58.0, 204.0, 109.0, 34.0, 22.0, 68.0, 125.0
80, 2013-04-14, Away, NYK, L, L, 3, U, 193.5, 0, 477.0, 518.0, 173.0, 388.0, 27.0, 99.0, 104.0, 139.0, 58.0, 193.0, 97.0, 39.0, 21.0, 64.0, 103.0, 196.0, 404.0, 28.0, 75.0, 98.0, 121.0, 61.0, 208.0, 103.0, 34.0, 25.0, 66.0, 119.0
81, 2013-04-17, Home, PHI, L, L, -2.5, O, 186.5, 0, 448.0, 502.0, 162.0, 382.0, 25.0, 104.0, 99.0, 137.0, 62.0, 203.0, 88.0, 37.0, 20.0, 76.0, 97.0, 192.0, 406.0, 34.0, 90.0, 84.0, 106.0, 55.0, 204.0, 94.0, 38.0, 26.0, 63.0, 120.0
