14, 2012-11-30, Away, NYK, L, L, 12, O, 190, 0, 1164.0, 1260.0, 440.0, 1100.0, 87.0, 287.0, 197.0, 258.0, 167.0, 562.0, 266.0, 113.0, 66.0, 201.0, 292.0, 464.0, 1051.0, 87.0, 244.0, 245.0, 328.0, 154.0, 580.0, 280.0, 103.0, 69.0, 196.0, 251.0
15, 2012-12-04, Home, MIA, W, W, 10, O, 194.5, 0, 1167.0, 1274.0, 443.0, 1088.0, 84.0, 273.0, 197.0, 259.0, 162.0, 565.0, 251.0, 107.0, 60.0, 206.0, 287.0, 471.0, 1053.0, 92.0, 253.0, 240.0, 321.0, 139.0, 558.0, 282.0, 103.0, 65.0, 184.0, 250.0
16, 2012-12-07, Away, ATL, L, P, 9, O, 191.5, 0, 1186.0, 1286.0, 447.0, 1089.0, 85.0, 272.0, 207.0, 271.0, 163.0, 563.0, 262.0, 107.0, 59.0, 201.0, 287.0, 476.0, 1058.0, 92.0, 260.0, 242.0, 324.0, 145.0, 566.0, 285.0, 101.0, 63.0, 187.0, 258.0
17, 2012-12-08, Home, GSW, L, W, 4.5, O, 197, 1, 1187.0, 1290.0, 444.0, 1073.0, 82.0, 259.0, 217.0, 284.0, 160.0, 551.0, 259.0, 105.0, 57.0, 193.0, 277.0, 483.0, 1062.0, 98.0, 273.0, 226.0, 309.0, 154.0, 569.0, 282.0, 99.0, 59.0, 185.0, 260.0
18, 2012-12-11, Away, NOH, W, W, 5.5, U, 188, 0, 1193.0, 1290.0, 447.0, 1082.0, 87.0, 266.0, 212.0, 285.0, 157.0, 552.0, 259.0, 103.0, 57.0, 181.0, 273.0, 478.0, 1065.0, 101.0, 280.0, 233.0, 317.0, 161.0, 588.0, 283.0, 92.0, 58.0, 183.0, 255.0
19, 2012-12-12, Away, HOU, L, W, 10.5, U, 206, 1, 1185.0, 1271.0, 439.0, 1085.0, 82.0, 261.0, 225.0, 301.0, 162.0, 561.0, 247.0, 101.0, 58.0, 183.0, 274.0, 470.0, 1065.0, 98.0, 280.0, 233.0, 315.0, 159.0, 594.0, 281.0, 96.0, 63.0, 186.0, 271.0
20, 2012-12-14, Home, LAL, L, P, 6, U, 199.5, 0, 1202.0, 1278.0, 449.0, 1090.0, 84.0, 255.0, 220.0, 289.0, 154.0, 557.0, 247.0, 106.0, 56.0, 179.0, 270.0, 473.0, 1063.0, 104.0, 291.0, 228.0, 313.0, 152.0, 591.0, 283.0, 94.0, 64.0, 192.0, 270.0
21, 2012-12-15, Away, MIA, L, L, 14.5, U, 196, 1, 1197.0, 1273.0, 446.0, 1092.0, 79.0, 249.0, 226.0, 298.0, 158.0, 571.0, 242.0, 104.0, 56.0, 182.0, 270.0, 471.0, 1067.0, 109.0, 309.0, 222.0, 308.0, 151.0, 596.0, 281.0, 98.0, 66.0, 192.0, 275.0
22, 2012-12-18, Home, ATL, L, W, 7, O, 187, 0, 1193.0, 1292.0, 442.0, 1079.0, 81.0, 253.0, 228.0, 301.0, 152.0, 567.0, 240.0, 102.0, 50.0, 188.0, 268.0, 480.0, 1064.0, 115.0, 327.0, 217.0, 302.0, 136.0, 579.0, 288.0, 100.0, 62.0, 187.0, 277.0
23, 2012-12-19, Away, ORL, L, W, 7.5, U, 184.5, 1, 1199.0, 1296.0, 447.0, 1087.0, 83.0, 254.0, 222.0, 292.0, 153.0, 580.0, 255.0, 102.0, 55.0, 191.0, 265.0, 480.0, 1072.0, 121.0, 332.0, 215.0, 307.0, 137.0, 582.0, 288.0, 105.0, 61.0, 182.0, 270.0
24, 2012-12-21, Away, DET, L, L, 6.5, U, 185, 0, 1182.0, 1285.0, 443.0, 1075.0, 85.0, 251.0, 211.0, 276.0, 139.0, 560.0, 255.0, 99.0, 54.0, 186.0, 259.0, 474.0, 1061.0, 120.0, 327.0, 217.0, 303.0, 137.0, 593.0, 276.0, 104.0, 59.0, 182.0, 257.0
25, 2012-12-22, Home, DET, L, L, 1, P, 183, 1, 1144.0, 1277.0, 437.0, 1067.0, 81.0, 236.0, 189.0, 250.0, 133.0, 553.0, 249.0, 92.0, 53.0, 179.0, 251.0, 478.0, 1068.0, 118.0, 323.0, 203.0, 288.0, 148.0, 611.0, 280.0, 96.0, 67.0, 177.0, 242.0
26, 2012-12-26, Home, CLE, L, L, -1, U, 188.5, 0, 1139.0, 1255.0, 429.0, 1054.0, 81.0, 243.0, 200.0, 265.0, 128.0, 556.0, 255.0, 89.0, 54.0, 180.0, 251.0, 469.0, 1076.0, 113.0, 319.0, 204.0, 288.0, 157.0, 626.0, 270.0, 99.0, 65.0, 179.0, 252.0
27, 2012-12-28, Home, ORL, W, W, 1.5, O, 182.5, 0, 1139.0, 1260.0, 433.0, 1059.0, 80.0, 249.0, 193.0, 260.0, 132.0, 565.0, 259.0, 86.0, 58.0, 184.0, 253.0, 470.0, 1072.0, 113.0, 315.0, 207.0, 293.0, 151.0, 619.0, 276.0, 98.0, 65.0, 178.0, 248.0
28, 2012-12-29, Away, CHI, L, W, 11, U, 180.5, 1, 1157.0, 1249.0, 440.0, 1069.0, 81.0, 251.0, 196.0, 256.0, 130.0, 570.0, 273.0, 87.0, 62.0, 177.0, 253.0, 466.0, 1077.0, 111.0, 314.0, 206.0, 289.0, 157.0, 628.0, 277.0, 96.0, 66.0, 183.0, 241.0
29, 2013-01-01, Home, DAL, L, L, 4, O, 192, 0, 1129.0, 1235.0, 433.0, 1075.0, 77.0, 242.0, 186.0, 245.0, 138.0, 582.0, 261.0, 82.0, 63.0, 183.0, 255.0, 459.0, 1075.0, 110.0, 302.0, 207.0, 291.0, 158.0, 634.0, 274.0, 96.0, 70.0, 179.0, 243.0
30, 2013-01-02, Away, IND, L, W, 11, U, 181.5, 1, 1128.0, 1234.0, 429.0, 1075.0, 80.0, 252.0, 190.0, 251.0, 143.0, 594.0, 262.0, 79.0, 63.0, 186.0, 261.0, 459.0, 1072.0, 110.0, 298.0, 206.0, 289.0, 151.0, 629.0, 276.0, 95.0, 73.0, 175.0, 249.0
31, 2013-01-04, Home, BRK, L, W, 6, O, 183.5, 0, 1112.0, 1222.0, 427.0, 1071.0, 74.0, 240.0, 184.0, 238.0, 144.0, 598.0, 263.0, 77.0, 65.0, 197.0, 266.0, 453.0, 1068.0, 106.0, 292.0, 210.0, 293.0, 149.0, 620.0, 271.0, 100.0, 71.0, 172.0, 247.0
32, 2013-01-06, Away, MIA, L, L, 13.5, U, 192, 0, 1148.0, 1267.0, 443.0, 1080.0, 78.0, 239.0, 184.0, 246.0, 141.0, 590.0, 276.0, 87.0, 63.0, 199.0, 270.0, 468.0, 1077.0, 110.0, 300.0, 221.0, 307.0, 149.0, 620.0, 279.0, 100.0, 69.0, 177.0, 247.0
33, 2013-01-07, Home, OKC, W, W, 11.5, O, 194, 1, 1126.0, 1267.0, 437.0, 1072.0, 77.0, 235.0, 175.0, 240.0, 141.0, 583.0, 278.0, 84.0, 57.0, 194.0, 265.0, 472.0, 1083.0, 109.0, 297.0, 214.0, 293.0, 153.0, 623.0, 280.0, 100.0, 69.0, 168.0, 240.0
34, 2013-01-12, Home, ATL, W, W, 3, U, 189.5, 0, 1131.0, 1264.0, 439.0, 1076.0, 79.0, 232.0, 174.0, 238.0, 141.0, 580.0, 279.0, 83.0, 58.0, 189.0, 261.0, 469.0, 1081.0, 107.0, 293.0, 219.0, 295.0, 153.0, 622.0, 283.0, 98.0, 68.0, 166.0, 234.0
35, 2013-01-14, Home, ORL, W, W, -1.5, O, 191.5, 0, 1152.0, 1245.0, 448.0, 1083.0, 74.0, 223.0, 182.0, 250.0, 143.0, 591.0, 280.0, 84.0, 62.0, 185.0, 270.0, 459.0, 1080.0, 106.0, 290.0, 221.0, 299.0, 148.0, 617.0, 281.0, 97.0, 70.0, 170.0, 239.0
36, 2013-01-16, Away, SAC, L, W, 4.5, U, 207, 0, 1177.0, 1236.0, 458.0, 1070.0, 75.0, 216.0, 186.0, 253.0, 137.0, 584.0, 284.0, 82.0, 61.0, 183.0, 267.0, 462.0, 1089.0, 102.0, 284.0, 210.0, 280.0, 150.0, 606.0, 284.0, 94.0, 64.0, 169.0, 235.0
37, 2013-01-18, Away, DEN, W, W, 10.5, O, 203.5, 0, 1188.0, 1241.0, 463.0, 1079.0, 74.0, 216.0, 188.0, 256.0, 143.0, 587.0, 296.0, 84.0, 61.0, 185.0, 263.0, 469.0, 1093.0, 99.0, 275.0, 204.0, 276.0, 151.0, 601.0, 289.0, 93.0, 62.0, 174.0, 245.0
38, 2013-01-19, Away, LAC, L, W, 12, U, 194, 1, 1232.0, 1249.0, 476.0, 1074.0, 83.0, 227.0, 197.0, 271.0, 143.0, 586.0, 307.0, 89.0, 66.0, 193.0, 263.0, 472.0, 1087.0, 96.0, 267.0, 209.0, 286.0, 144.0, 577.0, 282.0, 102.0, 53.0, 176.0, 250.0
39, 2013-01-21, Away, POR, W, W, 6.5, U, 195.5, 0, 1232.0, 1247.0, 479.0, 1074.0, 87.0, 226.0, 187.0, 266.0, 144.0, 586.0, 308.0, 90.0, 69.0, 200.0, 269.0, 470.0, 1092.0, 93.0, 269.0, 214.0, 297.0, 147.0, 577.0, 278.0, 104.0, 59.0, 170.0, 248.0
40, 2013-01-23, Away, UTA, L, W, 7, U, 194.5, 0, 1246.0, 1255.0, 483.0, 1082.0, 91.0, 227.0, 189.0, 269.0, 143.0, 579.0, 309.0, 92.0, 64.0, 195.0, 266.0, 476.0, 1091.0, 90.0, 266.0, 213.0, 292.0, 145.0, 581.0, 283.0, 100.0, 59.0, 173.0, 249.0
41, 2013-01-25, Home, MIN, W, W, -6.5, O, 187.5, 0, 1229.0, 1250.0, 472.0, 1080.0, 92.0, 225.0, 193.0, 278.0, 144.0, 583.0, 304.0, 95.0, 63.0, 200.0, 271.0, 475.0, 1090.0, 83.0, 250.0, 217.0, 300.0, 145.0, 591.0, 282.0, 103.0, 64.0, 174.0, 254.0
42, 2013-01-26, Home, CHI, W, W, 1, U, 184, 1, 1266.0, 1264.0, 489.0, 1078.0, 97.0, 232.0, 191.0, 277.0, 134.0, 562.0, 314.0, 101.0, 67.0, 200.0, 282.0, 480.0, 1091.0, 79.0, 248.0, 225.0, 315.0, 154.0, 590.0, 285.0, 105.0, 60.0, 182.0, 252.0
43, 2013-01-28, Home, SAC, L, L, -7, U, 204, 0, 1258.0, 1234.0, 491.0, 1078.0, 90.0, 216.0, 186.0, 270.0, 131.0, 560.0, 311.0, 104.0, 65.0, 195.0, 273.0, 468.0, 1080.0, 73.0, 241.0, 225.0, 310.0, 153.0, 589.0, 279.0, 104.0, 62.0, 188.0, 243.0
44, 2013-01-30, Away, PHI, L, L, 3.5, U, 189.5, 0, 1271.0, 1241.0, 493.0, 1072.0, 90.0, 214.0, 195.0, 281.0, 133.0, 564.0, 307.0, 99.0, 61.0, 196.0, 267.0, 475.0, 1085.0, 77.0, 248.0, 214.0, 304.0, 149.0, 576.0, 286.0, 109.0, 62.0, 182.0, 248.0
45, 2013-02-01, Away, MEM, L, L, 6.5, U, 180, 0, 1242.0, 1218.0, 480.0, 1056.0, 88.0, 218.0, 194.0, 271.0, 134.0, 569.0, 302.0, 91.0, 63.0, 198.0, 256.0, 474.0, 1091.0, 75.0, 237.0, 195.0, 278.0, 148.0, 565.0, 291.0, 110.0, 61.0, 171.0, 237.0
46, 2013-02-02, Away, SAS, L, W, 12.5, U, 193.5, 1, 1247.0, 1204.0, 485.0, 1058.0, 87.0, 217.0, 190.0, 260.0, 131.0, 561.0, 301.0, 96.0, 61.0, 205.0, 260.0, 471.0, 1087.0, 68.0, 223.0, 194.0, 279.0, 150.0, 561.0, 293.0, 113.0, 59.0, 180.0, 237.0
47, 2013-02-04, Home, LAC, W, W, 3, O, 187.5, 0, 1232.0, 1201.0, 483.0, 1059.0, 83.0, 221.0, 183.0, 259.0, 130.0, 557.0, 305.0, 99.0, 58.0, 207.0, 263.0, 475.0, 1085.0, 67.0, 218.0, 184.0, 265.0, 140.0, 562.0, 297.0, 110.0, 58.0, 185.0, 240.0
48, 2013-02-06, Home, NYK, W, W, 4.5, O, 190.5, 0, 1237.0, 1208.0, 484.0, 1064.0, 88.0, 222.0, 181.0, 259.0, 131.0, 550.0, 315.0, 101.0, 62.0, 202.0, 252.0, 482.0, 1086.0, 64.0, 211.0, 180.0, 255.0, 143.0, 568.0, 295.0, 108.0, 60.0, 189.0, 244.0
49, 2013-02-08, Home, BRK, W, W, -1.5, U, 188.5, 0, 1223.0, 1213.0, 480.0, 1061.0, 92.0, 231.0, 171.0, 248.0, 129.0, 546.0, 306.0, 96.0, 60.0, 201.0, 248.0, 479.0, 1083.0, 68.0, 221.0, 187.0, 263.0, 144.0, 571.0, 286.0, 106.0, 60.0, 184.0, 240.0
50, 2013-02-11, Away, MIL, W, W, 4.5, U, 199.5, 0, 1218.0, 1192.0, 477.0, 1055.0, 91.0, 230.0, 173.0, 248.0, 123.0, 550.0, 293.0, 100.0, 59.0, 196.0, 256.0, 463.0, 1074.0, 68.0, 228.0, 198.0, 282.0, 143.0, 575.0, 280.0, 105.0, 64.0, 181.0, 232.0
51, 2013-02-13, Away, DET, L, L, 2, U, 190.5, 0, 1208.0, 1174.0, 478.0, 1049.0, 84.0, 219.0, 168.0, 237.0, 118.0, 552.0, 296.0, 98.0, 54.0, 195.0, 252.0, 458.0, 1085.0, 66.0, 235.0, 192.0, 273.0, 151.0, 584.0, 286.0, 105.0, 65.0, 176.0, 226.0
52, 2013-02-19, Home, TOR, L, L, -3, U, 190.5, 0, 1206.0, 1176.0, 480.0, 1042.0, 79.0, 210.0, 167.0, 232.0, 112.0, 541.0, 297.0, 97.0, 51.0, 194.0, 246.0, 459.0, 1071.0, 70.0, 232.0, 188.0, 267.0, 143.0, 574.0, 287.0, 106.0, 60.0, 182.0, 223.0
53, 2013-02-22, Home, DEN, W, W, 3.5, O, 203.5, 0, 1196.0, 1177.0, 471.0, 1036.0, 77.0, 206.0, 177.0, 242.0, 113.0, 541.0, 294.0, 97.0, 53.0, 195.0, 248.0, 457.0, 1068.0, 71.0, 228.0, 192.0, 269.0, 141.0, 574.0, 282.0, 111.0, 62.0, 185.0, 225.0
54, 2013-02-23, Home, HOU, W, W, 1.5, U, 211, 1, 1227.0, 1198.0, 482.0, 1038.0, 81.0, 212.0, 182.0, 249.0, 119.0, 539.0, 301.0, 95.0, 54.0, 198.0, 255.0, 458.0, 1064.0, 72.0, 238.0, 210.0, 287.0, 140.0, 559.0, 285.0, 114.0, 60.0, 182.0, 231.0
55, 2013-02-25, Away, TOR, W, W, 6, U, 190.5, 0, 1218.0, 1200.0, 475.0, 1035.0, 80.0, 211.0, 188.0, 251.0, 122.0, 541.0, 303.0, 95.0, 52.0, 195.0, 246.0, 457.0, 1060.0, 88.0, 270.0, 198.0, 268.0, 131.0, 550.0, 282.0, 113.0, 61.0, 182.0, 230.0
56, 2013-02-27, Home, DET, L, L, -6.5, P, 191, 0, 1222.0, 1211.0, 475.0, 1037.0, 84.0, 213.0, 188.0, 249.0, 123.0, 548.0, 300.0, 96.0, 51.0, 205.0, 255.0, 457.0, 1068.0, 89.0, 274.0, 208.0, 283.0, 133.0, 548.0, 276.0, 117.0, 62.0, 180.0, 232.0
57, 2013-03-01, Home, NYK, L, L, 3, U, 193.5, 0, 1223.0, 1211.0, 478.0, 1044.0, 89.0, 221.0, 178.0, 238.0, 122.0, 542.0, 307.0, 100.0, 53.0, 200.0, 251.0, 460.0, 1058.0, 89.0, 266.0, 202.0, 274.0, 131.0, 549.0, 287.0, 113.0, 63.0, 186.0, 228.0
58, 2013-03-03, Home, PHI, W, L, -6, U, 185.5, 0, 1227.0, 1215.0, 479.0, 1043.0, 89.0, 215.0, 180.0, 246.0, 125.0, 540.0, 304.0, 102.0, 51.0, 195.0, 254.0, 455.0, 1044.0, 91.0, 281.0, 214.0, 285.0, 129.0, 547.0, 278.0, 112.0, 60.0, 189.0, 234.0
59, 2013-03-06, Away, MIN, L, L, -2, U, 188, 0, 1241.0, 1217.0, 479.0, 1040.0, 90.0, 210.0, 193.0, 264.0, 131.0, 559.0, 308.0, 92.0, 58.0, 196.0, 255.0, 453.0, 1051.0, 96.0, 293.0, 215.0, 288.0, 126.0, 543.0, 276.0, 111.0, 57.0, 180.0, 241.0
60, 2013-03-08, Away, BRK, L, L, 6, U, 183, 0, 1237.0, 1208.0, 472.0, 1017.0, 90.0, 207.0, 203.0, 269.0, 125.0, 562.0, 301.0, 90.0, 61.0, 204.0, 261.0, 446.0, 1049.0, 95.0, 287.0, 221.0, 303.0, 132.0, 532.0, 267.0, 117.0, 54.0, 178.0, 238.0
61, 2013-03-09, Home, CHA, W, W, -10.5, O, 188, 1, 1217.0, 1213.0, 467.0, 1023.0, 86.0, 212.0, 197.0, 259.0, 126.0, 562.0, 292.0, 89.0, 61.0, 203.0, 273.0, 441.0, 1051.0, 103.0, 297.0, 228.0, 321.0, 141.0, 549.0, 260.0, 115.0, 50.0, 176.0, 233.0
62, 2013-03-12, Away, CLE, L, L, -1, U, 190.5, 0, 1215.0, 1204.0, 460.0, 1014.0, 85.0, 210.0, 210.0, 277.0, 128.0, 569.0, 292.0, 92.0, 62.0, 209.0, 282.0, 439.0, 1046.0, 99.0, 284.0, 227.0, 321.0, 136.0, 540.0, 265.0, 118.0, 49.0, 179.0, 242.0
63, 2013-03-13, Home, MIL, W, W, 1.5, O, 195, 1, 1216.0, 1225.0, 455.0, 1010.0, 83.0, 211.0, 223.0, 294.0, 134.0, 570.0, 293.0, 85.0, 63.0, 211.0, 279.0, 448.0, 1053.0, 102.0, 292.0, 227.0, 314.0, 140.0, 541.0, 272.0, 117.0, 46.0, 175.0, 253.0
64, 2013-03-15, Home, NOH, W, W, -3.5, U, 187, 0, 1220.0, 1228.0, 456.0, 1022.0, 87.0, 215.0, 221.0, 301.0, 140.0, 571.0, 289.0, 86.0, 59.0, 205.0, 280.0, 451.0, 1043.0, 103.0, 287.0, 223.0, 304.0, 134.0, 542.0, 272.0, 112.0, 45.0, 180.0, 258.0
65, 2013-03-16, Home, PHO, W, W, -7.5, O, 189.5, 1, 1231.0, 1219.0, 458.0, 1024.0, 93.0, 224.0, 222.0, 298.0, 144.0, 578.0, 290.0, 84.0, 63.0, 200.0, 280.0, 451.0, 1044.0, 97.0, 288.0, 220.0, 298.0, 131.0, 534.0, 268.0, 108.0, 41.0, 174.0, 259.0
66, 2013-03-18, Away, CHA, L, L, -7, O, 188.5, 0, 1270.0, 1228.0, 476.0, 1039.0, 101.0, 230.0, 217.0, 291.0, 147.0, 576.0, 300.0, 84.0, 63.0, 194.0, 278.0, 458.0, 1054.0, 95.0, 289.0, 217.0, 298.0, 140.0, 540.0, 267.0, 103.0, 40.0, 172.0, 255.0
67, 2013-03-20, Away, PHO, W, W, -1, U, 194.5, 0, 1265.0, 1234.0, 477.0, 1032.0, 96.0, 221.0, 215.0, 287.0, 143.0, 568.0, 300.0, 83.0, 60.0, 193.0, 278.0, 461.0, 1052.0, 100.0, 289.0, 212.0, 294.0, 140.0, 535.0, 272.0, 101.0, 40.0, 172.0, 251.0
68, 2013-03-22, Away, LAL, W, W, 8.5, O, 199, 0, 1248.0, 1210.0, 469.0, 1020.0, 95.0, 220.0, 215.0, 293.0, 140.0, 572.0, 291.0, 82.0, 58.0, 201.0, 282.0, 451.0, 1051.0, 84.0, 258.0, 224.0, 302.0, 140.0, 536.0, 265.0, 105.0, 39.0, 169.0, 249.0
69, 2013-03-23, Away, GSW, L, L, 8.5, U, 195, 1, 1261.0, 1226.0, 475.0, 1026.0, 99.0, 234.0, 212.0, 292.0, 136.0, 562.0, 302.0, 83.0, 62.0, 191.0, 277.0, 461.0, 1053.0, 90.0, 262.0, 214.0, 292.0, 140.0, 545.0, 279.0, 101.0, 35.0, 172.0, 246.0
70, 2013-03-25, Home, MEM, W, W, 5, O, 181, 0, 1258.0, 1231.0, 471.0, 1030.0, 98.0, 232.0, 218.0, 298.0, 139.0, 561.0, 295.0, 85.0, 59.0, 188.0, 284.0, 459.0, 1056.0, 91.0, 267.0, 222.0, 298.0, 143.0, 551.0, 269.0, 96.0, 35.0, 177.0, 248.0
71, 2013-03-27, Away, OKC, L, L, 14.5, U, 198, 0, 1277.0, 1229.0, 476.0, 1028.0, 96.0, 229.0, 229.0, 313.0, 138.0, 559.0, 293.0, 86.0, 59.0, 187.0, 283.0, 458.0, 1052.0, 89.0, 255.0, 224.0, 299.0, 143.0, 553.0, 268.0, 96.0, 33.0, 181.0, 250.0
72, 2013-03-29, Away, ORL, L, L, -4, U, 197.5, 0, 1267.0, 1245.0, 469.0, 1032.0, 95.0, 234.0, 234.0, 321.0, 141.0, 552.0, 287.0, 92.0, 54.0, 186.0, 291.0, 454.0, 1030.0, 91.0, 250.0, 246.0, 320.0, 141.0, 552.0, 268.0, 97.0, 38.0, 186.0, 252.0
73, 2013-03-31, Home, TOR, W, W, -3.5, O, 194.5, 0, 1277.0, 1255.0, 470.0, 1048.0, 93.0, 235.0, 244.0, 331.0, 153.0, 563.0, 285.0, 90.0, 51.0, 175.0, 280.0, 460.0, 1040.0, 92.0, 251.0, 243.0, 311.0, 145.0, 559.0, 275.0, 93.0, 44.0, 181.0, 259.0
74, 2013-04-02, Home, CHI, W, W, -2.5, U, 187.5, 0, 1308.0, 1252.0, 479.0, 1043.0, 99.0, 235.0, 251.0, 342.0, 153.0, 567.0, 291.0, 84.0, 48.0, 173.0, 278.0, 460.0, 1040.0, 87.0, 243.0, 245.0, 304.0, 140.0, 543.0, 282.0, 91.0, 48.0, 176.0, 266.0
75, 2013-04-03, Away, TOR, L, L, 4.5, U, 194, 1, 1294.0, 1251.0, 477.0, 1051.0, 95.0, 230.0, 245.0, 336.0, 154.0, 573.0, 290.0, 81.0, 47.0, 167.0, 266.0, 463.0, 1050.0, 87.0, 251.0, 238.0, 297.0, 145.0, 556.0, 284.0, 89.0, 48.0, 171.0, 265.0
76, 2013-04-06, Home, IND, W, W, 4, O, 184, 0, 1282.0, 1244.0, 472.0, 1055.0, 95.0, 232.0, 243.0, 337.0, 153.0, 568.0, 284.0, 84.0, 44.0, 167.0, 271.0, 459.0, 1033.0, 80.0, 233.0, 246.0, 308.0, 135.0, 552.0, 281.0, 87.0, 52.0, 175.0, 264.0
77, 2013-04-07, Away, BOS, L, L, 5.5, O, 190.5, 1, 1280.0, 1236.0, 468.0, 1048.0, 91.0, 228.0, 253.0, 344.0, 146.0, 561.0, 278.0, 86.0, 51.0, 163.0, 276.0, 455.0, 1034.0, 77.0, 235.0, 249.0, 311.0, 134.0, 555.0, 275.0, 81.0, 49.0, 175.0, 263.0
78, 2013-04-09, Away, NYK, L, L, 8.5, O, 197, 0, 1280.0, 1256.0, 471.0, 1064.0, 92.0, 234.0, 246.0, 337.0, 149.0, 558.0, 278.0, 89.0, 50.0, 167.0, 275.0, 463.0, 1031.0, 78.0, 227.0, 252.0, 313.0, 129.0, 553.0, 286.0, 86.0, 51.0, 178.0, 261.0
79, 2013-04-10, Home, MIA, L, L, -3.5, O, 188, 1, 1252.0, 1271.0, 458.0, 1048.0, 86.0, 233.0, 250.0, 347.0, 145.0, 554.0, 266.0, 89.0, 49.0, 170.0, 271.0, 466.0, 1023.0, 92.0, 242.0, 247.0, 307.0, 117.0, 544.0, 293.0, 88.0, 50.0, 176.0, 270.0
80, 2013-04-12, Home, PHI, L, L, -5.5, U, 192, 0, 1236.0, 1255.0, 451.0, 1047.0, 91.0, 241.0, 243.0, 339.0, 140.0, 547.0, 258.0, 98.0, 49.0, 169.0, 265.0, 457.0, 1019.0, 100.0, 261.0, 241.0, 297.0, 121.0, 560.0, 280.0, 86.0, 51.0, 187.0, 268.0
81, 2013-04-15, Away, BRK, L, L, 4.5, O, 190.5, 0, 1234.0, 1273.0, 454.0, 1066.0, 86.0, 239.0, 240.0, 335.0, 147.0, 553.0, 257.0, 98.0, 52.0, 165.0, 256.0, 469.0, 1029.0, 104.0, 268.0, 231.0, 286.0, 119.0, 567.0, 292.0, 86.0, 52.0, 185.0, 264.0
82, 2013-04-17, Away, CHI, L, W, 8.5, O, 186.5, 0, 1232.0, 1279.0, 455.0, 1056.0, 79.0, 224.0, 243.0, 339.0, 152.0, 558.0, 253.0, 98.0, 53.0, 175.0, 261.0, 473.0, 1040.0, 100.0, 260.0, 233.0, 296.0, 130.0, 564.0, 277.0, 94.0, 51.0, 182.0, 267.0
