4, 2014-11-04, Home, MIL, L, L, -4, U, 193, 0, 284.0, 290.0, 103.0, 236.0, 28.0, 78.0, 50.0, 65.0, 36.0, 140.0, 66.0, 15.0, 21.0, 53.0, 65.0, 104.0, 237.0, 20.0, 60.0, 62.0, 90.0, 29.0, 119.0, 63.0, 31.0, 13.0, 32.0, 70.0
5, 2014-11-05, Away, WAS, L, W, 9.5, O, 187.5, 1, 262.0, 286.0, 96.0, 233.0, 26.0, 77.0, 44.0, 59.0, 37.0, 137.0, 58.0, 14.0, 17.0, 53.0, 58.0, 107.0, 231.0, 21.0, 60.0, 51.0, 67.0, 23.0, 116.0, 66.0, 33.0, 13.0, 33.0, 63.0
6, 2014-11-07, Away, BOS, L, W, 5.5, O, 191, 0, 267.0, 285.0, 97.0, 249.0, 26.0, 83.0, 47.0, 63.0, 40.0, 148.0, 61.0, 12.0, 23.0, 53.0, 70.0, 106.0, 243.0, 21.0, 58.0, 52.0, 63.0, 19.0, 119.0, 70.0, 29.0, 18.0, 36.0, 64.0
7, 2014-11-08, Home, WAS, L, L, 3.5, O, 183.5, 1, 273.0, 284.0, 106.0, 256.0, 19.0, 70.0, 42.0, 55.0, 43.0, 146.0, 54.0, 9.0, 24.0, 48.0, 61.0, 110.0, 259.0, 23.0, 65.0, 41.0, 46.0, 25.0, 120.0, 70.0, 25.0, 15.0, 36.0, 63.0
8, 2014-11-10, Home, UTA, W, W, -2.5, U, 187, 0, 282.0, 294.0, 108.0, 255.0, 21.0, 70.0, 45.0, 58.0, 36.0, 137.0, 51.0, 10.0, 18.0, 49.0, 68.0, 112.0, 257.0, 18.0, 55.0, 52.0, 62.0, 29.0, 130.0, 73.0, 21.0, 14.0, 38.0, 66.0
9, 2014-11-12, Away, MIA, W, W, 8.5, U, 187.5, 0, 285.0, 284.0, 112.0, 255.0, 19.0, 58.0, 42.0, 53.0, 35.0, 124.0, 45.0, 10.0, 12.0, 38.0, 60.0, 110.0, 240.0, 17.0, 59.0, 47.0, 60.0, 27.0, 124.0, 67.0, 19.0, 13.0, 37.0, 62.0
10, 2014-11-14, Home, DEN, L, L, -2.5, U, 198.5, 0, 268.0, 258.0, 102.0, 247.0, 22.0, 65.0, 42.0, 55.0, 37.0, 135.0, 40.0, 13.0, 11.0, 40.0, 60.0, 100.0, 223.0, 17.0, 52.0, 41.0, 62.0, 24.0, 114.0, 59.0, 24.0, 15.0, 34.0, 61.0
11, 2014-11-15, Away, CHI, W, W, 9, O, 180.5, 1, 265.0, 269.0, 103.0, 254.0, 22.0, 63.0, 37.0, 52.0, 40.0, 139.0, 46.0, 10.0, 15.0, 35.0, 55.0, 104.0, 229.0, 23.0, 64.0, 38.0, 64.0, 24.0, 111.0, 56.0, 24.0, 16.0, 28.0, 61.0
12, 2014-11-19, Home, CHO, W, P, -2, U, 179.5, 0, 267.0, 273.0, 101.0, 241.0, 23.0, 66.0, 42.0, 62.0, 37.0, 141.0, 48.0, 12.0, 18.0, 42.0, 58.0, 107.0, 238.0, 21.0, 60.0, 38.0, 66.0, 29.0, 108.0, 56.0, 25.0, 17.0, 30.0, 62.0
13, 2014-11-22, Home, PHO, L, L, 2, U, 196, 0, 274.0, 284.0, 106.0, 239.0, 17.0, 55.0, 45.0, 71.0, 35.0, 139.0, 50.0, 10.0, 16.0, 38.0, 54.0, 115.0, 256.0, 17.0, 54.0, 37.0, 60.0, 35.0, 121.0, 56.0, 20.0, 18.0, 26.0, 65.0
14, 2014-11-24, Away, DAL, W, W, 14, O, 197.5, 0, 270.0, 282.0, 103.0, 239.0, 16.0, 56.0, 48.0, 69.0, 39.0, 144.0, 51.0, 17.0, 14.0, 39.0, 55.0, 110.0, 254.0, 21.0, 62.0, 41.0, 55.0, 35.0, 126.0, 53.0, 22.0, 17.0, 30.0, 59.0
15, 2014-11-26, Away, SAS, L, W, 13, O, 187, 0, 282.0, 292.0, 103.0, 239.0, 22.0, 64.0, 54.0, 80.0, 37.0, 142.0, 53.0, 18.0, 12.0, 37.0, 54.0, 115.0, 251.0, 25.0, 69.0, 37.0, 53.0, 31.0, 129.0, 56.0, 22.0, 16.0, 29.0, 68.0
16, 2014-11-28, Home, ORL, W, W, -4.5, U, 191, 0, 294.0, 312.0, 108.0, 248.0, 30.0, 70.0, 48.0, 74.0, 30.0, 127.0, 61.0, 24.0, 10.0, 38.0, 64.0, 119.0, 239.0, 25.0, 70.0, 49.0, 70.0, 27.0, 133.0, 59.0, 24.0, 15.0, 39.0, 67.0
17, 2014-11-29, Away, CLE, L, L, 10, O, 195, 1, 309.0, 289.0, 118.0, 258.0, 27.0, 63.0, 46.0, 68.0, 32.0, 133.0, 68.0, 22.0, 8.0, 35.0, 61.0, 112.0, 224.0, 20.0, 57.0, 45.0, 66.0, 16.0, 114.0, 58.0, 21.0, 16.0, 45.0, 65.0
18, 2014-12-02, Away, PHO, L, L, 5, O, 196.5, 0, 295.0, 298.0, 116.0, 270.0, 21.0, 59.0, 42.0, 58.0, 39.0, 137.0, 74.0, 18.0, 5.0, 30.0, 63.0, 113.0, 222.0, 19.0, 49.0, 53.0, 77.0, 19.0, 121.0, 57.0, 19.0, 16.0, 42.0, 57.0
19, 2014-12-04, Away, POR, L, W, 8.5, U, 193.5, 0, 294.0, 308.0, 117.0, 268.0, 15.0, 51.0, 45.0, 57.0, 40.0, 142.0, 71.0, 17.0, 7.0, 37.0, 64.0, 115.0, 234.0, 26.0, 59.0, 52.0, 74.0, 20.0, 120.0, 54.0, 24.0, 16.0, 39.0, 56.0
20, 2014-12-05, Away, SAC, L, W, 3, O, 191, 1, 278.0, 313.0, 112.0, 265.0, 16.0, 53.0, 38.0, 51.0, 34.0, 140.0, 65.0, 15.0, 9.0, 43.0, 66.0, 117.0, 247.0, 23.0, 62.0, 56.0, 81.0, 23.0, 136.0, 58.0, 26.0, 16.0, 33.0, 55.0
21, 2014-12-08, Home, ATL, L, L, -1, O, 194, 0, 282.0, 306.0, 113.0, 272.0, 15.0, 57.0, 41.0, 54.0, 28.0, 135.0, 57.0, 23.0, 13.0, 44.0, 76.0, 112.0, 252.0, 18.0, 56.0, 64.0, 89.0, 25.0, 141.0, 54.0, 28.0, 12.0, 38.0, 59.0
22, 2014-12-10, Home, LAC, L, L, 6.5, U, 199.5, 0, 275.0, 298.0, 109.0, 271.0, 20.0, 71.0, 37.0, 54.0, 28.0, 136.0, 60.0, 21.0, 12.0, 42.0, 74.0, 109.0, 243.0, 15.0, 52.0, 65.0, 90.0, 22.0, 144.0, 63.0, 26.0, 14.0, 42.0, 60.0
23, 2014-12-12, Away, TOR, L, L, 9, O, 196, 0, 289.0, 313.0, 108.0, 269.0, 24.0, 80.0, 49.0, 68.0, 29.0, 128.0, 68.0, 22.0, 8.0, 36.0, 73.0, 118.0, 248.0, 18.0, 55.0, 59.0, 81.0, 27.0, 146.0, 68.0, 24.0, 16.0, 42.0, 61.0
24, 2014-12-13, Home, POR, L, L, 5, U, 192.5, 1, 282.0, 317.0, 105.0, 253.0, 26.0, 76.0, 46.0, 62.0, 26.0, 124.0, 74.0, 16.0, 10.0, 40.0, 62.0, 120.0, 256.0, 26.0, 71.0, 51.0, 63.0, 32.0, 149.0, 73.0, 20.0, 17.0, 38.0, 60.0
25, 2014-12-15, Home, LAL, W, W, -5, O, 198, 0, 275.0, 304.0, 102.0, 257.0, 21.0, 64.0, 50.0, 61.0, 30.0, 131.0, 67.0, 18.0, 10.0, 36.0, 58.0, 120.0, 269.0, 22.0, 67.0, 42.0, 48.0, 37.0, 148.0, 67.0, 18.0, 15.0, 34.0, 61.0
26, 2014-12-17, Away, LAC, L, W, 11, P, 202, 0, 289.0, 292.0, 107.0, 251.0, 19.0, 54.0, 56.0, 66.0, 29.0, 141.0, 61.0, 19.0, 11.0, 38.0, 60.0, 107.0, 269.0, 25.0, 69.0, 53.0, 63.0, 38.0, 136.0, 56.0, 21.0, 13.0, 31.0, 64.0
27, 2014-12-20, Away, DEN, L, P, 3, U, 200, 0, 295.0, 288.0, 114.0, 261.0, 15.0, 51.0, 52.0, 66.0, 37.0, 145.0, 64.0, 21.0, 8.0, 38.0, 68.0, 103.0, 256.0, 21.0, 61.0, 61.0, 86.0, 36.0, 135.0, 55.0, 26.0, 14.0, 33.0, 56.0
28, 2014-12-21, Away, MIN, W, W, -3.5, O, 195, 1, 283.0, 269.0, 107.0, 261.0, 18.0, 59.0, 51.0, 67.0, 36.0, 146.0, 65.0, 18.0, 8.0, 39.0, 74.0, 93.0, 248.0, 18.0, 60.0, 65.0, 93.0, 34.0, 138.0, 48.0, 24.0, 16.0, 37.0, 55.0
29, 2014-12-23, Home, NOP, W, W, 1.5, U, 194.5, 0, 273.0, 274.0, 109.0, 262.0, 17.0, 61.0, 38.0, 54.0, 33.0, 129.0, 69.0, 20.0, 12.0, 39.0, 71.0, 100.0, 237.0, 13.0, 45.0, 61.0, 88.0, 32.0, 143.0, 57.0, 22.0, 12.0, 44.0, 54.0
30, 2014-12-26, Away, DET, L, L, -2.5, O, 194, 0, 269.0, 256.0, 108.0, 250.0, 18.0, 57.0, 35.0, 49.0, 22.0, 124.0, 66.0, 23.0, 20.0, 36.0, 60.0, 99.0, 242.0, 11.0, 47.0, 47.0, 62.0, 27.0, 138.0, 52.0, 19.0, 10.0, 47.0, 57.0
31, 2014-12-27, Away, BRK, W, W, 2.5, O, 191, 1, 305.0, 299.0, 123.0, 245.0, 20.0, 54.0, 39.0, 54.0, 22.0, 118.0, 74.0, 21.0, 22.0, 40.0, 58.0, 116.0, 246.0, 19.0, 57.0, 48.0, 72.0, 30.0, 131.0, 63.0, 23.0, 9.0, 40.0, 59.0
32, 2014-12-29, Home, CHI, L, W, 4.5, U, 193.5, 0, 315.0, 288.0, 125.0, 247.0, 23.0, 53.0, 42.0, 58.0, 21.0, 127.0, 82.0, 23.0, 21.0, 37.0, 66.0, 108.0, 246.0, 21.0, 71.0, 51.0, 75.0, 26.0, 123.0, 55.0, 17.0, 12.0, 39.0, 60.0
33, 2014-12-31, Home, MIA, W, W, -4, O, 189.5, 0, 309.0, 296.0, 122.0, 252.0, 23.0, 51.0, 42.0, 61.0, 25.0, 133.0, 76.0, 19.0, 17.0, 41.0, 72.0, 104.0, 247.0, 22.0, 64.0, 66.0, 89.0, 31.0, 123.0, 57.0, 21.0, 17.0, 34.0, 58.0
34, 2015-01-02, Away, MIL, W, W, 1.5, U, 194.5, 0, 306.0, 272.0, 115.0, 248.0, 24.0, 49.0, 52.0, 69.0, 25.0, 128.0, 74.0, 20.0, 17.0, 33.0, 68.0, 95.0, 238.0, 17.0, 54.0, 65.0, 78.0, 27.0, 117.0, 52.0, 15.0, 19.0, 36.0, 60.0
35, 2015-01-04, Away, LAL, L, P, 1, U, 202.5, 0, 290.0, 278.0, 106.0, 243.0, 23.0, 51.0, 55.0, 71.0, 28.0, 128.0, 65.0, 16.0, 15.0, 38.0, 55.0, 105.0, 250.0, 17.0, 53.0, 51.0, 61.0, 32.0, 125.0, 65.0, 23.0, 22.0, 33.0, 58.0
36, 2015-01-05, Away, UTA, W, W, 1.5, O, 185.5, 1, 287.0, 274.0, 103.0, 250.0, 26.0, 66.0, 55.0, 68.0, 37.0, 134.0, 68.0, 16.0, 9.0, 39.0, 51.0, 103.0, 237.0, 18.0, 58.0, 50.0, 58.0, 23.0, 116.0, 62.0, 23.0, 18.0, 34.0, 62.0
37, 2015-01-07, Away, GSW, L, L, 11.5, O, 202, 0, 286.0, 280.0, 103.0, 245.0, 23.0, 61.0, 57.0, 68.0, 34.0, 130.0, 65.0, 20.0, 8.0, 39.0, 57.0, 100.0, 241.0, 17.0, 65.0, 63.0, 74.0, 29.0, 121.0, 58.0, 24.0, 16.0, 33.0, 62.0
38, 2015-01-09, Home, BOS, W, L, -6, O, 197, 0, 294.0, 306.0, 105.0, 245.0, 21.0, 67.0, 63.0, 71.0, 29.0, 126.0, 65.0, 17.0, 7.0, 41.0, 64.0, 107.0, 243.0, 22.0, 69.0, 70.0, 84.0, 29.0, 117.0, 60.0, 25.0, 12.0, 32.0, 67.0
39, 2015-01-10, Away, PHI, L, L, -7, U, 188, 1, 314.0, 321.0, 106.0, 247.0, 22.0, 62.0, 80.0, 87.0, 29.0, 132.0, 65.0, 17.0, 14.0, 43.0, 61.0, 121.0, 275.0, 26.0, 85.0, 53.0, 70.0, 37.0, 130.0, 71.0, 27.0, 16.0, 31.0, 74.0
40, 2015-01-13, Home, MIN, L, L, -11, O, 195.5, 0, 301.0, 313.0, 100.0, 260.0, 19.0, 67.0, 82.0, 99.0, 40.0, 151.0, 61.0, 18.0, 16.0, 46.0, 64.0, 118.0, 274.0, 33.0, 86.0, 44.0, 61.0, 35.0, 133.0, 76.0, 25.0, 22.0, 37.0, 81.0
41, 2015-01-16, Home, DET, L, L, -1, U, 197, 0, 300.0, 306.0, 102.0, 259.0, 18.0, 59.0, 78.0, 106.0, 45.0, 151.0, 59.0, 23.0, 19.0, 46.0, 64.0, 114.0, 270.0, 31.0, 78.0, 47.0, 60.0, 32.0, 128.0, 68.0, 25.0, 22.0, 41.0, 81.0
42, 2015-01-17, Away, CHO, L, L, -1.5, U, 184.5, 1, 289.0, 301.0, 108.0, 256.0, 15.0, 54.0, 58.0, 84.0, 41.0, 139.0, 60.0, 26.0, 14.0, 42.0, 66.0, 105.0, 252.0, 34.0, 75.0, 57.0, 68.0, 34.0, 127.0, 60.0, 21.0, 20.0, 46.0, 71.0
43, 2015-01-19, Away, HOU, L, L, 10, O, 196, 0, 268.0, 288.0, 109.0, 253.0, 13.0, 57.0, 37.0, 55.0, 29.0, 141.0, 62.0, 22.0, 19.0, 48.0, 62.0, 104.0, 273.0, 25.0, 66.0, 55.0, 68.0, 36.0, 141.0, 55.0, 24.0, 13.0, 37.0, 56.0
44, 2015-01-21, Away, ATL, L, L, 10.5, O, 192.5, 0, 265.0, 288.0, 109.0, 258.0, 14.0, 66.0, 33.0, 43.0, 30.0, 143.0, 61.0, 25.0, 14.0, 50.0, 64.0, 100.0, 258.0, 27.0, 77.0, 61.0, 82.0, 36.0, 146.0, 59.0, 26.0, 12.0, 41.0, 52.0
45, 2015-01-23, Away, MIA, L, W, 3.5, U, 184, 0, 260.0, 300.0, 100.0, 247.0, 13.0, 73.0, 47.0, 57.0, 28.0, 141.0, 61.0, 24.0, 12.0, 56.0, 65.0, 107.0, 251.0, 27.0, 75.0, 59.0, 84.0, 30.0, 140.0, 72.0, 32.0, 10.0, 42.0, 58.0
46, 2015-01-25, Away, ORL, W, W, -1.5, O, 204, 0, 276.0, 309.0, 102.0, 241.0, 14.0, 67.0, 58.0, 67.0, 29.0, 122.0, 57.0, 28.0, 5.0, 55.0, 64.0, 112.0, 225.0, 29.0, 77.0, 56.0, 74.0, 20.0, 118.0, 76.0, 33.0, 5.0, 51.0, 67.0
47, 2015-01-27, Home, TOR, L, L, 3, O, 194.5, 0, 284.0, 298.0, 106.0, 239.0, 16.0, 60.0, 56.0, 67.0, 27.0, 126.0, 63.0, 24.0, 10.0, 50.0, 66.0, 113.0, 231.0, 23.0, 63.0, 49.0, 64.0, 16.0, 112.0, 72.0, 27.0, 8.0, 44.0, 69.0
48, 2015-01-29, Home, NYK, W, W, -8, U, 187.5, 0, 284.0, 292.0, 109.0, 243.0, 18.0, 53.0, 48.0, 64.0, 28.0, 127.0, 63.0, 21.0, 11.0, 46.0, 67.0, 108.0, 226.0, 19.0, 60.0, 57.0, 72.0, 15.0, 111.0, 63.0, 24.0, 11.0, 38.0, 73.0
49, 2015-01-31, Home, SAC, L, L, -5.5, U, 199.5, 0, 300.0, 285.0, 119.0, 244.0, 21.0, 56.0, 41.0, 59.0, 28.0, 139.0, 74.0, 16.0, 12.0, 39.0, 61.0, 106.0, 232.0, 20.0, 59.0, 53.0, 70.0, 17.0, 108.0, 65.0, 19.0, 17.0, 32.0, 66.0
50, 2015-02-04, Home, DET, W, W, -4.5, O, 193, 0, 288.0, 285.0, 109.0, 241.0, 18.0, 61.0, 52.0, 66.0, 28.0, 132.0, 69.0, 16.0, 12.0, 39.0, 60.0, 102.0, 234.0, 19.0, 57.0, 62.0, 76.0, 23.0, 121.0, 59.0, 20.0, 13.0, 32.0, 72.0
51, 2015-02-06, Home, CLE, W, W, 6, O, 195.5, 0, 311.0, 290.0, 121.0, 236.0, 23.0, 64.0, 46.0, 61.0, 25.0, 126.0, 75.0, 17.0, 13.0, 36.0, 53.0, 111.0, 248.0, 22.0, 55.0, 46.0, 57.0, 27.0, 114.0, 61.0, 18.0, 9.0, 32.0, 63.0
52, 2015-02-08, Away, CHO, W, L, -2, O, 184.5, 0, 311.0, 307.0, 116.0, 236.0, 25.0, 67.0, 54.0, 69.0, 26.0, 118.0, 76.0, 22.0, 11.0, 33.0, 51.0, 117.0, 256.0, 28.0, 74.0, 45.0, 56.0, 36.0, 124.0, 57.0, 21.0, 6.0, 37.0, 65.0
53, 2015-02-09, Home, SAS, L, W, 4.5, U, 191.5, 1, 320.0, 310.0, 120.0, 240.0, 27.0, 61.0, 53.0, 69.0, 25.0, 118.0, 73.0, 18.0, 8.0, 31.0, 54.0, 119.0, 253.0, 31.0, 73.0, 41.0, 55.0, 31.0, 113.0, 65.0, 18.0, 9.0, 35.0, 61.0
54, 2015-02-11, Away, NOP, W, W, -1, O, 189, 0, 299.0, 296.0, 110.0, 251.0, 23.0, 61.0, 56.0, 64.0, 28.0, 131.0, 69.0, 17.0, 10.0, 32.0, 54.0, 113.0, 255.0, 25.0, 74.0, 45.0, 57.0, 27.0, 120.0, 60.0, 19.0, 14.0, 32.0, 56.0
55, 2015-02-20, Away, PHI, W, W, -8.5, O, 183, 0, 302.0, 290.0, 113.0, 247.0, 24.0, 60.0, 52.0, 56.0, 26.0, 127.0, 71.0, 15.0, 10.0, 37.0, 64.0, 107.0, 240.0, 21.0, 54.0, 55.0, 70.0, 19.0, 109.0, 64.0, 18.0, 14.0, 30.0, 53.0
56, 2015-02-22, Home, GSW, W, W, 4, U, 204, 0, 305.0, 283.0, 116.0, 246.0, 25.0, 63.0, 48.0, 53.0, 27.0, 131.0, 76.0, 24.0, 9.0, 40.0, 62.0, 105.0, 247.0, 21.0, 65.0, 52.0, 71.0, 30.0, 121.0, 58.0, 24.0, 21.0, 37.0, 50.0
57, 2015-02-24, Away, OKC, L, L, 7.5, U, 205, 0, 316.0, 286.0, 119.0, 239.0, 25.0, 61.0, 53.0, 63.0, 23.0, 127.0, 72.0, 23.0, 7.0, 43.0, 70.0, 102.0, 247.0, 24.0, 66.0, 58.0, 76.0, 35.0, 124.0, 59.0, 25.0, 19.0, 39.0, 62.0
58, 2015-02-27, Home, CLE, W, W, -2.5, U, 194, 0, 302.0, 298.0, 117.0, 252.0, 25.0, 67.0, 43.0, 56.0, 25.0, 138.0, 70.0, 21.0, 8.0, 43.0, 63.0, 108.0, 269.0, 26.0, 75.0, 56.0, 69.0, 43.0, 149.0, 60.0, 30.0, 24.0, 36.0, 61.0
59, 2015-03-01, Home, PHI, W, W, -11, U, 192.5, 0, 289.0, 289.0, 111.0, 249.0, 23.0, 62.0, 44.0, 63.0, 24.0, 142.0, 69.0, 16.0, 14.0, 36.0, 57.0, 107.0, 277.0, 27.0, 79.0, 48.0, 54.0, 42.0, 151.0, 62.0, 22.0, 20.0, 34.0, 64.0
60, 2015-03-04, Home, NYK, W, W, -13, U, 190.5, 0, 279.0, 265.0, 108.0, 256.0, 18.0, 61.0, 45.0, 65.0, 30.0, 149.0, 66.0, 24.0, 19.0, 33.0, 49.0, 102.0, 272.0, 23.0, 77.0, 38.0, 49.0, 39.0, 153.0, 53.0, 21.0, 21.0, 41.0, 64.0
61, 2015-03-06, Home, CHI, W, W, -6, U, 186.5, 0, 292.0, 242.0, 108.0, 248.0, 19.0, 57.0, 57.0, 78.0, 29.0, 141.0, 61.0, 27.0, 24.0, 31.0, 53.0, 92.0, 252.0, 20.0, 69.0, 38.0, 54.0, 35.0, 141.0, 46.0, 17.0, 17.0, 50.0, 68.0
62, 2015-03-07, Away, NYK, W, L, -9, U, 188, 1, 297.0, 240.0, 108.0, 248.0, 19.0, 60.0, 62.0, 82.0, 36.0, 144.0, 61.0, 26.0, 21.0, 34.0, 58.0, 90.0, 246.0, 16.0, 63.0, 44.0, 59.0, 35.0, 136.0, 46.0, 19.0, 13.0, 46.0, 70.0
63, 2015-03-10, Home, ORL, W, W, -8.5, O, 187.5, 0, 295.0, 252.0, 102.0, 239.0, 23.0, 60.0, 68.0, 87.0, 35.0, 136.0, 60.0, 20.0, 15.0, 33.0, 68.0, 91.0, 240.0, 14.0, 54.0, 56.0, 72.0, 38.0, 130.0, 49.0, 15.0, 11.0, 42.0, 72.0
64, 2015-03-12, Home, MIL, W, L, -7, O, 188, 0, 308.0, 256.0, 109.0, 244.0, 30.0, 72.0, 60.0, 75.0, 38.0, 145.0, 76.0, 18.0, 12.0, 35.0, 62.0, 95.0, 256.0, 12.0, 55.0, 54.0, 69.0, 46.0, 130.0, 48.0, 18.0, 14.0, 33.0, 69.0
65, 2015-03-14, Home, BOS, L, L, -8.5, U, 193, 0, 319.0, 275.0, 114.0, 243.0, 33.0, 74.0, 58.0, 70.0, 29.0, 142.0, 77.0, 18.0, 15.0, 44.0, 73.0, 99.0, 261.0, 11.0, 46.0, 66.0, 86.0, 44.0, 134.0, 45.0, 24.0, 14.0, 37.0, 71.0
66, 2015-03-16, Home, TOR, L, L, -5, O, 198, 0, 316.0, 282.0, 118.0, 249.0, 35.0, 80.0, 45.0, 55.0, 26.0, 139.0, 77.0, 17.0, 15.0, 47.0, 71.0, 104.0, 266.0, 16.0, 59.0, 58.0, 77.0, 40.0, 140.0, 60.0, 27.0, 14.0, 36.0, 62.0
67, 2015-03-18, Away, CHI, L, L, 1, U, 189.5, 0, 296.0, 313.0, 111.0, 252.0, 20.0, 65.0, 54.0, 68.0, 19.0, 126.0, 61.0, 18.0, 14.0, 38.0, 78.0, 109.0, 256.0, 24.0, 65.0, 71.0, 90.0, 28.0, 146.0, 64.0, 21.0, 11.0, 37.0, 69.0
68, 2015-03-20, Away, CLE, L, W, 10.5, U, 201, 0, 273.0, 313.0, 104.0, 254.0, 17.0, 62.0, 48.0, 61.0, 18.0, 116.0, 53.0, 14.0, 15.0, 27.0, 68.0, 108.0, 247.0, 30.0, 75.0, 67.0, 82.0, 25.0, 150.0, 69.0, 16.0, 12.0, 34.0, 65.0
69, 2015-03-21, Home, BRK, L, L, -8.5, O, 195, 1, 276.0, 315.0, 106.0, 253.0, 16.0, 58.0, 48.0, 59.0, 18.0, 116.0, 60.0, 15.0, 18.0, 21.0, 65.0, 108.0, 246.0, 31.0, 73.0, 68.0, 82.0, 27.0, 148.0, 59.0, 13.0, 14.0, 32.0, 63.0
70, 2015-03-23, Home, HOU, L, L, 1.5, O, 202.5, 0, 289.0, 321.0, 113.0, 255.0, 22.0, 62.0, 41.0, 52.0, 25.0, 119.0, 61.0, 11.0, 16.0, 26.0, 66.0, 115.0, 239.0, 25.0, 62.0, 66.0, 80.0, 23.0, 132.0, 61.0, 14.0, 14.0, 29.0, 57.0
71, 2015-03-25, Away, WAS, W, W, 3, O, 188.5, 0, 303.0, 328.0, 121.0, 264.0, 24.0, 67.0, 37.0, 50.0, 36.0, 121.0, 66.0, 15.0, 13.0, 35.0, 66.0, 112.0, 222.0, 28.0, 62.0, 76.0, 89.0, 18.0, 115.0, 55.0, 19.0, 15.0, 36.0, 59.0
72, 2015-03-26, Away, MIL, L, L, 1.5, O, 186.5, 1, 314.0, 334.0, 123.0, 265.0, 25.0, 73.0, 43.0, 65.0, 36.0, 122.0, 64.0, 17.0, 9.0, 37.0, 69.0, 110.0, 215.0, 24.0, 50.0, 90.0, 106.0, 13.0, 116.0, 50.0, 21.0, 13.0, 37.0, 66.0
73, 2015-03-29, Home, DAL, W, W, -2, O, 197, 0, 310.0, 322.0, 108.0, 246.0, 31.0, 80.0, 63.0, 90.0, 37.0, 124.0, 60.0, 21.0, 11.0, 47.0, 74.0, 103.0, 213.0, 27.0, 57.0, 89.0, 109.0, 16.0, 111.0, 55.0, 27.0, 12.0, 45.0, 82.0
74, 2015-03-31, Away, BRK, L, L, -1, O, 200, 0, 314.0, 311.0, 106.0, 232.0, 33.0, 73.0, 69.0, 97.0, 25.0, 127.0, 62.0, 20.0, 12.0, 44.0, 76.0, 112.0, 238.0, 20.0, 48.0, 67.0, 91.0, 21.0, 117.0, 59.0, 21.0, 10.0, 38.0, 82.0
75, 2015-04-01, Away, BOS, L, L, 4, U, 200.5, 1, 317.0, 321.0, 105.0, 229.0, 36.0, 70.0, 71.0, 93.0, 22.0, 121.0, 64.0, 16.0, 16.0, 44.0, 75.0, 119.0, 243.0, 24.0, 52.0, 59.0, 81.0, 21.0, 112.0, 71.0, 20.0, 9.0, 35.0, 82.0
76, 2015-04-03, Home, CHO, W, W, -4.5, U, 193.5, 0, 297.0, 310.0, 109.0, 239.0, 28.0, 55.0, 51.0, 73.0, 18.0, 119.0, 63.0, 14.0, 15.0, 37.0, 67.0, 119.0, 256.0, 21.0, 60.0, 51.0, 65.0, 22.0, 128.0, 74.0, 19.0, 8.0, 29.0, 71.0
77, 2015-04-05, Home, MIA, W, W, -6.5, O, 191.5, 0, 286.0, 285.0, 107.0, 246.0, 26.0, 54.0, 46.0, 65.0, 29.0, 131.0, 60.0, 21.0, 13.0, 42.0, 62.0, 107.0, 246.0, 19.0, 63.0, 52.0, 66.0, 23.0, 129.0, 69.0, 24.0, 10.0, 35.0, 59.0
78, 2015-04-08, Away, NYK, W, W, -11.5, U, 191.5, 0, 292.0, 263.0, 107.0, 249.0, 28.0, 61.0, 50.0, 77.0, 43.0, 149.0, 60.0, 24.0, 14.0, 43.0, 62.0, 104.0, 248.0, 12.0, 65.0, 43.0, 57.0, 24.0, 125.0, 59.0, 26.0, 14.0, 42.0, 61.0
79, 2015-04-10, Away, DET, W, L, -5.5, O, 192.5, 0, 307.0, 249.0, 111.0, 245.0, 26.0, 68.0, 59.0, 81.0, 46.0, 164.0, 66.0, 26.0, 15.0, 48.0, 66.0, 94.0, 246.0, 13.0, 55.0, 48.0, 65.0, 26.0, 113.0, 43.0, 25.0, 14.0, 43.0, 63.0
80, 2015-04-12, Home, OKC, W, W, -3, O, 210.5, 0, 321.0, 278.0, 113.0, 241.0, 29.0, 71.0, 66.0, 85.0, 40.0, 151.0, 75.0, 19.0, 12.0, 38.0, 67.0, 106.0, 255.0, 20.0, 60.0, 46.0, 68.0, 31.0, 116.0, 53.0, 20.0, 14.0, 36.0, 70.0
81, 2015-04-14, Home, WAS, W, L, -8, O, 192, 0, 325.0, 293.0, 118.0, 235.0, 25.0, 61.0, 64.0, 84.0, 29.0, 148.0, 77.0, 17.0, 8.0, 39.0, 71.0, 110.0, 268.0, 29.0, 68.0, 44.0, 77.0, 39.0, 122.0, 56.0, 18.0, 11.0, 30.0, 73.0
82, 2015-04-15, Away, MEM, L, L, -2.5, U, 184.5, 1, 322.0, 302.0, 120.0, 263.0, 30.0, 69.0, 52.0, 74.0, 32.0, 150.0, 76.0, 15.0, 13.0, 35.0, 64.0, 118.0, 288.0, 29.0, 75.0, 37.0, 68.0, 43.0, 147.0, 65.0, 18.0, 11.0, 30.0, 70.0
