10, 2014-11-14, Home, DEN, L, L, -2.5, U, 198.5, 0, 825.0, 832.0, 311.0, 739.0, 69.0, 213.0, 134.0, 175.0, 116.0, 421.0, 160.0, 37.0, 56.0, 141.0, 186.0, 314.0, 719.0, 60.0, 177.0, 144.0, 198.0, 78.0, 353.0, 192.0, 80.0, 43.0, 102.0, 194.0
11, 2014-11-15, Away, CHI, W, W, 9, O, 180.5, 1, 809.0, 849.0, 307.0, 742.0, 69.0, 210.0, 126.0, 169.0, 113.0, 413.0, 155.0, 34.0, 50.0, 137.0, 181.0, 323.0, 717.0, 62.0, 179.0, 141.0, 193.0, 76.0, 357.0, 195.0, 78.0, 43.0, 99.0, 190.0
12, 2014-11-19, Home, CHO, W, P, -2, U, 179.5, 0, 819.0, 842.0, 310.0, 745.0, 68.0, 207.0, 131.0, 178.0, 112.0, 413.0, 154.0, 34.0, 53.0, 133.0, 188.0, 323.0, 721.0, 59.0, 177.0, 137.0, 189.0, 75.0, 351.0, 193.0, 73.0, 48.0, 103.0, 188.0
13, 2014-11-22, Home, PHO, L, L, 2, U, 196, 0, 815.0, 826.0, 314.0, 742.0, 58.0, 190.0, 129.0, 181.0, 115.0, 420.0, 144.0, 32.0, 51.0, 126.0, 175.0, 325.0, 738.0, 57.0, 171.0, 119.0, 168.0, 84.0, 355.0, 185.0, 69.0, 48.0, 96.0, 189.0
14, 2014-11-24, Away, DAL, W, W, 14, O, 197.5, 0, 817.0, 845.0, 314.0, 748.0, 59.0, 189.0, 130.0, 179.0, 115.0, 420.0, 148.0, 37.0, 47.0, 123.0, 178.0, 326.0, 740.0, 62.0, 181.0, 131.0, 181.0, 88.0, 367.0, 182.0, 67.0, 47.0, 96.0, 186.0
15, 2014-11-26, Away, SAS, L, W, 13, O, 187, 0, 834.0, 849.0, 316.0, 735.0, 64.0, 188.0, 138.0, 195.0, 109.0, 407.0, 146.0, 40.0, 42.0, 117.0, 172.0, 332.0, 729.0, 63.0, 188.0, 122.0, 179.0, 87.0, 361.0, 179.0, 66.0, 46.0, 96.0, 192.0
16, 2014-11-28, Home, ORL, W, W, -4.5, U, 191, 0, 836.0, 854.0, 316.0, 734.0, 69.0, 190.0, 135.0, 200.0, 102.0, 401.0, 151.0, 47.0, 37.0, 116.0, 178.0, 334.0, 718.0, 59.0, 176.0, 127.0, 192.0, 86.0, 368.0, 174.0, 68.0, 48.0, 99.0, 193.0
17, 2014-11-29, Away, CLE, L, L, 10, O, 195, 1, 844.0, 840.0, 324.0, 751.0, 65.0, 182.0, 131.0, 189.0, 111.0, 416.0, 165.0, 49.0, 37.0, 109.0, 171.0, 326.0, 707.0, 64.0, 183.0, 124.0, 185.0, 75.0, 351.0, 167.0, 67.0, 49.0, 103.0, 185.0
18, 2014-12-02, Away, PHO, L, L, 5, O, 196.5, 0, 844.0, 863.0, 320.0, 750.0, 66.0, 189.0, 138.0, 200.0, 113.0, 420.0, 175.0, 48.0, 35.0, 109.0, 175.0, 335.0, 711.0, 65.0, 178.0, 128.0, 196.0, 79.0, 358.0, 169.0, 66.0, 49.0, 101.0, 187.0
19, 2014-12-04, Away, POR, L, W, 8.5, U, 193.5, 0, 862.0, 904.0, 331.0, 755.0, 62.0, 176.0, 138.0, 202.0, 105.0, 408.0, 182.0, 51.0, 33.0, 113.0, 182.0, 349.0, 729.0, 68.0, 183.0, 138.0, 204.0, 82.0, 374.0, 169.0, 68.0, 49.0, 104.0, 188.0
20, 2014-12-05, Away, SAC, L, W, 3, O, 191, 1, 857.0, 884.0, 333.0, 762.0, 59.0, 172.0, 132.0, 188.0, 105.0, 417.0, 184.0, 54.0, 31.0, 117.0, 182.0, 339.0, 725.0, 64.0, 181.0, 142.0, 202.0, 74.0, 376.0, 169.0, 69.0, 49.0, 108.0, 179.0
21, 2014-12-08, Home, ATL, L, L, -1, O, 194, 0, 859.0, 896.0, 332.0, 781.0, 58.0, 180.0, 137.0, 192.0, 104.0, 414.0, 184.0, 59.0, 30.0, 111.0, 193.0, 340.0, 725.0, 62.0, 174.0, 154.0, 219.0, 75.0, 391.0, 167.0, 69.0, 44.0, 109.0, 184.0
22, 2014-12-10, Home, LAC, L, L, 6.5, U, 199.5, 0, 863.0, 918.0, 334.0, 787.0, 65.0, 192.0, 130.0, 185.0, 98.0, 405.0, 192.0, 62.0, 29.0, 117.0, 202.0, 343.0, 716.0, 66.0, 181.0, 166.0, 234.0, 69.0, 397.0, 176.0, 74.0, 45.0, 120.0, 183.0
23, 2014-12-12, Away, TOR, L, L, 9, O, 196, 0, 876.0, 915.0, 338.0, 792.0, 67.0, 196.0, 133.0, 187.0, 95.0, 401.0, 201.0, 59.0, 25.0, 114.0, 200.0, 347.0, 719.0, 61.0, 174.0, 160.0, 228.0, 66.0, 396.0, 184.0, 71.0, 48.0, 120.0, 181.0
24, 2014-12-13, Home, POR, L, L, 5, U, 192.5, 1, 859.0, 921.0, 334.0, 795.0, 62.0, 192.0, 129.0, 174.0, 93.0, 396.0, 205.0, 57.0, 28.0, 114.0, 201.0, 345.0, 730.0, 63.0, 176.0, 168.0, 229.0, 76.0, 411.0, 184.0, 67.0, 45.0, 118.0, 176.0
25, 2014-12-15, Home, LAL, W, W, -5, O, 198, 0, 844.0, 910.0, 328.0, 796.0, 56.0, 186.0, 132.0, 172.0, 98.0, 409.0, 198.0, 56.0, 29.0, 115.0, 196.0, 344.0, 746.0, 63.0, 178.0, 159.0, 212.0, 79.0, 412.0, 184.0, 68.0, 45.0, 115.0, 177.0
26, 2014-12-17, Away, LAC, L, W, 11, P, 202, 0, 856.0, 918.0, 327.0, 785.0, 59.0, 187.0, 143.0, 185.0, 92.0, 409.0, 194.0, 56.0, 28.0, 117.0, 199.0, 342.0, 764.0, 66.0, 186.0, 168.0, 225.0, 88.0, 418.0, 182.0, 71.0, 45.0, 106.0, 180.0
27, 2014-12-20, Away, DEN, L, P, 3, U, 200, 0, 859.0, 911.0, 332.0, 786.0, 56.0, 184.0, 139.0, 182.0, 91.0, 404.0, 195.0, 60.0, 31.0, 122.0, 206.0, 335.0, 764.0, 65.0, 188.0, 176.0, 238.0, 93.0, 425.0, 182.0, 74.0, 43.0, 109.0, 175.0
28, 2014-12-21, Away, MIN, W, W, -3.5, O, 195, 1, 833.0, 871.0, 318.0, 789.0, 59.0, 194.0, 138.0, 182.0, 94.0, 413.0, 192.0, 57.0, 30.0, 117.0, 206.0, 322.0, 760.0, 55.0, 179.0, 172.0, 231.0, 93.0, 430.0, 178.0, 68.0, 45.0, 113.0, 176.0
29, 2014-12-23, Home, NOP, W, W, 1.5, U, 194.5, 0, 851.0, 879.0, 324.0, 782.0, 60.0, 195.0, 143.0, 188.0, 91.0, 398.0, 198.0, 61.0, 31.0, 113.0, 204.0, 325.0, 754.0, 56.0, 169.0, 173.0, 232.0, 97.0, 425.0, 181.0, 67.0, 41.0, 117.0, 179.0
30, 2014-12-26, Away, DET, L, L, -2.5, O, 194, 0, 846.0, 861.0, 327.0, 764.0, 59.0, 184.0, 133.0, 177.0, 85.0, 393.0, 204.0, 60.0, 38.0, 114.0, 190.0, 322.0, 754.0, 58.0, 179.0, 159.0, 211.0, 95.0, 422.0, 180.0, 65.0, 41.0, 118.0, 173.0
31, 2014-12-27, Away, BRK, W, W, 2.5, O, 191, 1, 863.0, 872.0, 332.0, 763.0, 59.0, 177.0, 140.0, 182.0, 88.0, 395.0, 206.0, 57.0, 40.0, 115.0, 190.0, 329.0, 763.0, 59.0, 184.0, 155.0, 213.0, 101.0, 417.0, 178.0, 65.0, 40.0, 111.0, 175.0
32, 2014-12-29, Home, CHI, L, W, 4.5, U, 193.5, 0, 877.0, 854.0, 341.0, 760.0, 59.0, 168.0, 136.0, 178.0, 83.0, 397.0, 212.0, 62.0, 44.0, 114.0, 197.0, 315.0, 752.0, 59.0, 185.0, 165.0, 226.0, 96.0, 402.0, 168.0, 60.0, 37.0, 114.0, 178.0
33, 2014-12-31, Home, MIA, W, W, -4, O, 189.5, 0, 873.0, 840.0, 344.0, 763.0, 56.0, 159.0, 129.0, 176.0, 84.0, 402.0, 206.0, 63.0, 45.0, 115.0, 200.0, 306.0, 745.0, 54.0, 172.0, 174.0, 237.0, 94.0, 396.0, 164.0, 66.0, 41.0, 114.0, 171.0
34, 2015-01-02, Away, MIL, W, W, 1.5, U, 194.5, 0, 894.0, 840.0, 345.0, 754.0, 62.0, 162.0, 142.0, 190.0, 83.0, 392.0, 213.0, 59.0, 47.0, 112.0, 200.0, 304.0, 732.0, 54.0, 171.0, 178.0, 243.0, 91.0, 386.0, 163.0, 62.0, 44.0, 113.0, 174.0
35, 2015-01-04, Away, LAL, L, P, 1, U, 202.5, 0, 878.0, 840.0, 340.0, 752.0, 63.0, 165.0, 135.0, 183.0, 82.0, 384.0, 216.0, 59.0, 48.0, 114.0, 192.0, 313.0, 733.0, 51.0, 169.0, 163.0, 224.0, 90.0, 391.0, 177.0, 62.0, 46.0, 116.0, 172.0
36, 2015-01-05, Away, UTA, W, W, 1.5, O, 185.5, 1, 865.0, 826.0, 333.0, 752.0, 67.0, 174.0, 132.0, 178.0, 84.0, 391.0, 210.0, 58.0, 46.0, 116.0, 183.0, 306.0, 726.0, 51.0, 169.0, 163.0, 209.0, 81.0, 377.0, 171.0, 63.0, 45.0, 115.0, 177.0
37, 2015-01-07, Away, GSW, L, L, 11.5, O, 202, 0, 897.0, 851.0, 341.0, 738.0, 67.0, 164.0, 148.0, 191.0, 81.0, 376.0, 213.0, 61.0, 47.0, 112.0, 183.0, 311.0, 725.0, 53.0, 176.0, 176.0, 224.0, 86.0, 369.0, 173.0, 62.0, 44.0, 109.0, 181.0
38, 2015-01-09, Home, BOS, W, L, -6, O, 197, 0, 899.0, 872.0, 336.0, 735.0, 67.0, 171.0, 160.0, 200.0, 78.0, 381.0, 212.0, 56.0, 43.0, 116.0, 185.0, 320.0, 739.0, 60.0, 193.0, 172.0, 220.0, 87.0, 365.0, 180.0, 65.0, 46.0, 104.0, 185.0
39, 2015-01-10, Away, PHI, L, L, -7, U, 188, 1, 910.0, 891.0, 331.0, 749.0, 71.0, 179.0, 177.0, 216.0, 91.0, 399.0, 209.0, 52.0, 40.0, 123.0, 184.0, 328.0, 759.0, 66.0, 207.0, 169.0, 217.0, 91.0, 369.0, 190.0, 71.0, 51.0, 99.0, 194.0
40, 2015-01-13, Home, MIN, L, L, -11, O, 195.5, 0, 893.0, 865.0, 318.0, 753.0, 66.0, 177.0, 191.0, 236.0, 99.0, 409.0, 200.0, 58.0, 41.0, 118.0, 189.0, 313.0, 753.0, 67.0, 205.0, 172.0, 213.0, 91.0, 371.0, 186.0, 64.0, 57.0, 106.0, 203.0
41, 2015-01-16, Home, DET, L, L, -1, U, 197, 0, 884.0, 890.0, 313.0, 747.0, 62.0, 177.0, 196.0, 248.0, 102.0, 405.0, 189.0, 56.0, 41.0, 125.0, 183.0, 326.0, 763.0, 70.0, 200.0, 168.0, 205.0, 93.0, 370.0, 193.0, 73.0, 56.0, 106.0, 206.0
42, 2015-01-17, Away, CHO, L, L, -1.5, U, 184.5, 1, 890.0, 896.0, 317.0, 753.0, 63.0, 182.0, 193.0, 239.0, 107.0, 405.0, 193.0, 59.0, 37.0, 124.0, 178.0, 329.0, 764.0, 78.0, 218.0, 160.0, 196.0, 94.0, 373.0, 193.0, 71.0, 54.0, 111.0, 207.0
43, 2015-01-19, Away, HOU, L, L, 10, O, 196, 0, 855.0, 881.0, 312.0, 758.0, 55.0, 185.0, 176.0, 222.0, 103.0, 422.0, 188.0, 60.0, 43.0, 133.0, 183.0, 322.0, 788.0, 75.0, 217.0, 162.0, 203.0, 100.0, 395.0, 189.0, 73.0, 51.0, 107.0, 199.0
44, 2015-01-21, Away, ATL, L, L, 10.5, O, 192.5, 0, 859.0, 900.0, 316.0, 762.0, 53.0, 192.0, 174.0, 220.0, 104.0, 420.0, 185.0, 65.0, 40.0, 137.0, 192.0, 321.0, 771.0, 80.0, 224.0, 178.0, 226.0, 97.0, 391.0, 187.0, 76.0, 46.0, 114.0, 200.0
45, 2015-01-23, Away, MIA, L, W, 3.5, U, 184, 0, 863.0, 922.0, 314.0, 750.0, 50.0, 189.0, 185.0, 228.0, 98.0, 412.0, 186.0, 67.0, 40.0, 141.0, 192.0, 333.0, 778.0, 87.0, 235.0, 169.0, 222.0, 101.0, 397.0, 203.0, 80.0, 46.0, 119.0, 203.0
46, 2015-01-25, Away, ORL, W, W, -1.5, O, 204, 0, 845.0, 910.0, 311.0, 754.0, 46.0, 191.0, 177.0, 221.0, 98.0, 414.0, 180.0, 68.0, 40.0, 149.0, 190.0, 334.0, 772.0, 87.0, 229.0, 155.0, 203.0, 91.0, 392.0, 207.0, 82.0, 40.0, 125.0, 204.0
47, 2015-01-27, Home, TOR, L, L, 3, O, 194.5, 0, 849.0, 892.0, 317.0, 756.0, 48.0, 185.0, 167.0, 216.0, 102.0, 420.0, 183.0, 72.0, 43.0, 146.0, 194.0, 327.0, 759.0, 81.0, 218.0, 157.0, 206.0, 84.0, 386.0, 199.0, 78.0, 42.0, 126.0, 202.0
48, 2015-01-29, Home, NYK, W, W, -8, U, 187.5, 0, 833.0, 893.0, 317.0, 746.0, 46.0, 180.0, 153.0, 205.0, 97.0, 407.0, 184.0, 71.0, 37.0, 144.0, 198.0, 320.0, 729.0, 80.0, 210.0, 173.0, 224.0, 79.0, 378.0, 195.0, 77.0, 41.0, 126.0, 202.0
49, 2015-01-31, Home, SAC, L, L, -5.5, U, 199.5, 0, 844.0, 882.0, 330.0, 738.0, 48.0, 180.0, 136.0, 181.0, 86.0, 402.0, 193.0, 66.0, 36.0, 142.0, 187.0, 322.0, 730.0, 74.0, 202.0, 164.0, 212.0, 73.0, 367.0, 196.0, 76.0, 35.0, 120.0, 189.0
50, 2015-02-04, Home, DET, W, W, -4.5, O, 193, 0, 837.0, 871.0, 324.0, 738.0, 48.0, 187.0, 141.0, 176.0, 85.0, 401.0, 193.0, 65.0, 36.0, 139.0, 190.0, 315.0, 723.0, 69.0, 197.0, 172.0, 222.0, 75.0, 379.0, 190.0, 73.0, 33.0, 117.0, 193.0
51, 2015-02-06, Home, CLE, W, W, 6, O, 195.5, 0, 855.0, 882.0, 330.0, 726.0, 54.0, 190.0, 141.0, 182.0, 81.0, 394.0, 199.0, 62.0, 36.0, 138.0, 185.0, 326.0, 725.0, 68.0, 190.0, 162.0, 213.0, 72.0, 365.0, 196.0, 74.0, 30.0, 112.0, 194.0
52, 2015-02-08, Away, CHO, W, L, -2, O, 184.5, 0, 887.0, 901.0, 337.0, 721.0, 60.0, 190.0, 153.0, 195.0, 83.0, 379.0, 207.0, 66.0, 28.0, 127.0, 176.0, 335.0, 713.0, 77.0, 210.0, 154.0, 200.0, 73.0, 350.0, 198.0, 73.0, 28.0, 120.0, 198.0
53, 2015-02-09, Home, SAS, L, W, 4.5, U, 191.5, 1, 892.0, 893.0, 335.0, 720.0, 61.0, 182.0, 161.0, 202.0, 80.0, 376.0, 205.0, 58.0, 30.0, 120.0, 180.0, 334.0, 718.0, 73.0, 193.0, 152.0, 195.0, 70.0, 346.0, 196.0, 65.0, 30.0, 111.0, 202.0
54, 2015-02-11, Away, NOP, W, W, -1, O, 189, 0, 894.0, 878.0, 340.0, 730.0, 64.0, 178.0, 150.0, 189.0, 81.0, 384.0, 207.0, 55.0, 34.0, 114.0, 174.0, 332.0, 729.0, 66.0, 189.0, 148.0, 186.0, 69.0, 345.0, 184.0, 61.0, 34.0, 102.0, 192.0
55, 2015-02-20, Away, PHI, W, W, -8.5, O, 183, 0, 913.0, 882.0, 348.0, 727.0, 70.0, 183.0, 147.0, 184.0, 80.0, 384.0, 221.0, 53.0, 33.0, 109.0, 176.0, 330.0, 728.0, 69.0, 187.0, 153.0, 196.0, 72.0, 341.0, 186.0, 58.0, 37.0, 99.0, 184.0
56, 2015-02-22, Home, GSW, W, W, 4, U, 204, 0, 913.0, 878.0, 345.0, 727.0, 70.0, 185.0, 153.0, 188.0, 80.0, 381.0, 218.0, 58.0, 29.0, 110.0, 176.0, 326.0, 734.0, 71.0, 195.0, 155.0, 202.0, 84.0, 355.0, 182.0, 62.0, 43.0, 104.0, 183.0
57, 2015-02-24, Away, OKC, L, L, 7.5, U, 205, 0, 926.0, 872.0, 350.0, 726.0, 71.0, 186.0, 155.0, 188.0, 76.0, 384.0, 216.0, 57.0, 30.0, 111.0, 177.0, 326.0, 750.0, 71.0, 195.0, 149.0, 190.0, 89.0, 358.0, 180.0, 62.0, 42.0, 103.0, 181.0
58, 2015-02-27, Home, CLE, W, W, -2.5, U, 194, 0, 915.0, 895.0, 346.0, 735.0, 74.0, 194.0, 149.0, 181.0, 77.0, 383.0, 217.0, 58.0, 29.0, 113.0, 178.0, 332.0, 765.0, 75.0, 203.0, 156.0, 195.0, 98.0, 382.0, 181.0, 69.0, 44.0, 103.0, 179.0
59, 2015-03-01, Home, PHI, W, W, -11, U, 192.5, 0, 914.0, 882.0, 347.0, 735.0, 75.0, 186.0, 145.0, 185.0, 76.0, 391.0, 218.0, 58.0, 31.0, 107.0, 173.0, 331.0, 777.0, 79.0, 217.0, 141.0, 180.0, 103.0, 385.0, 185.0, 64.0, 50.0, 106.0, 175.0
60, 2015-03-04, Home, NYK, W, W, -13, U, 190.5, 0, 894.0, 847.0, 337.0, 746.0, 66.0, 183.0, 154.0, 192.0, 81.0, 407.0, 207.0, 64.0, 36.0, 108.0, 173.0, 317.0, 774.0, 72.0, 217.0, 141.0, 182.0, 101.0, 397.0, 172.0, 65.0, 54.0, 112.0, 182.0
61, 2015-03-06, Home, CHI, W, W, -6, U, 186.5, 0, 896.0, 830.0, 338.0, 747.0, 68.0, 184.0, 152.0, 190.0, 80.0, 406.0, 202.0, 63.0, 42.0, 111.0, 180.0, 307.0, 761.0, 67.0, 198.0, 149.0, 193.0, 97.0, 399.0, 170.0, 65.0, 55.0, 116.0, 182.0
62, 2015-03-07, Away, NYK, W, L, -9, U, 188, 1, 891.0, 812.0, 335.0, 743.0, 67.0, 185.0, 154.0, 198.0, 87.0, 417.0, 206.0, 66.0, 44.0, 110.0, 177.0, 302.0, 770.0, 64.0, 207.0, 144.0, 184.0, 107.0, 408.0, 166.0, 65.0, 54.0, 117.0, 184.0
63, 2015-03-10, Home, ORL, W, W, -8.5, O, 187.5, 0, 890.0, 803.0, 329.0, 734.0, 66.0, 182.0, 166.0, 215.0, 88.0, 412.0, 198.0, 67.0, 41.0, 109.0, 187.0, 295.0, 759.0, 61.0, 197.0, 152.0, 197.0, 112.0, 407.0, 161.0, 61.0, 51.0, 122.0, 198.0
64, 2015-03-12, Home, MIL, W, L, -7, O, 188, 0, 902.0, 796.0, 334.0, 744.0, 74.0, 196.0, 160.0, 209.0, 92.0, 424.0, 207.0, 66.0, 44.0, 109.0, 178.0, 295.0, 777.0, 58.0, 199.0, 148.0, 192.0, 124.0, 420.0, 154.0, 65.0, 55.0, 119.0, 198.0
65, 2015-03-14, Home, BOS, L, L, -8.5, U, 193, 0, 905.0, 804.0, 333.0, 740.0, 75.0, 196.0, 164.0, 215.0, 89.0, 428.0, 207.0, 60.0, 50.0, 114.0, 188.0, 296.0, 784.0, 54.0, 188.0, 158.0, 199.0, 121.0, 421.0, 153.0, 65.0, 47.0, 117.0, 205.0
66, 2015-03-16, Home, TOR, L, L, -5, O, 198, 0, 890.0, 799.0, 328.0, 744.0, 76.0, 201.0, 158.0, 207.0, 91.0, 424.0, 203.0, 61.0, 49.0, 113.0, 188.0, 297.0, 778.0, 53.0, 190.0, 152.0, 198.0, 117.0, 423.0, 162.0, 63.0, 46.0, 119.0, 198.0
67, 2015-03-18, Away, CHI, L, L, 1, U, 189.5, 0, 896.0, 811.0, 328.0, 744.0, 69.0, 194.0, 171.0, 221.0, 86.0, 412.0, 198.0, 63.0, 50.0, 104.0, 193.0, 296.0, 764.0, 56.0, 189.0, 163.0, 213.0, 109.0, 417.0, 158.0, 56.0, 42.0, 120.0, 206.0
68, 2015-03-20, Away, CLE, L, W, 10.5, U, 201, 0, 889.0, 828.0, 326.0, 745.0, 69.0, 196.0, 168.0, 213.0, 83.0, 402.0, 191.0, 58.0, 51.0, 105.0, 199.0, 297.0, 754.0, 57.0, 184.0, 177.0, 227.0, 104.0, 420.0, 160.0, 59.0, 39.0, 117.0, 206.0
69, 2015-03-21, Home, BRK, L, L, -8.5, O, 195, 1, 887.0, 849.0, 326.0, 741.0, 74.0, 198.0, 161.0, 201.0, 79.0, 391.0, 197.0, 52.0, 48.0, 101.0, 204.0, 303.0, 752.0, 61.0, 186.0, 182.0, 231.0, 105.0, 418.0, 168.0, 55.0, 39.0, 110.0, 197.0
70, 2015-03-23, Home, HOU, L, L, 1.5, O, 202.5, 0, 893.0, 890.0, 333.0, 751.0, 72.0, 199.0, 155.0, 195.0, 82.0, 390.0, 198.0, 47.0, 42.0, 99.0, 206.0, 319.0, 751.0, 61.0, 182.0, 191.0, 239.0, 97.0, 408.0, 173.0, 53.0, 39.0, 99.0, 195.0
71, 2015-03-25, Away, WAS, W, W, 3, O, 188.5, 0, 895.0, 916.0, 339.0, 761.0, 74.0, 203.0, 143.0, 181.0, 83.0, 379.0, 196.0, 47.0, 43.0, 106.0, 207.0, 319.0, 730.0, 69.0, 183.0, 209.0, 257.0, 87.0, 399.0, 169.0, 59.0, 41.0, 107.0, 195.0
72, 2015-03-26, Away, MIL, L, L, 1.5, O, 186.5, 1, 906.0, 931.0, 347.0, 767.0, 76.0, 211.0, 136.0, 179.0, 80.0, 377.0, 201.0, 49.0, 42.0, 105.0, 205.0, 322.0, 727.0, 71.0, 182.0, 216.0, 265.0, 80.0, 404.0, 169.0, 61.0, 41.0, 105.0, 191.0
73, 2015-03-29, Home, DAL, W, W, -2, O, 197, 0, 895.0, 956.0, 332.0, 753.0, 73.0, 207.0, 158.0, 210.0, 81.0, 369.0, 182.0, 50.0, 41.0, 111.0, 218.0, 327.0, 708.0, 76.0, 184.0, 226.0, 279.0, 67.0, 389.0, 180.0, 62.0, 37.0, 111.0, 208.0
74, 2015-03-31, Away, BRK, L, L, -1, O, 200, 0, 890.0, 952.0, 331.0, 750.0, 74.0, 202.0, 154.0, 208.0, 79.0, 364.0, 181.0, 49.0, 40.0, 106.0, 210.0, 332.0, 707.0, 78.0, 185.0, 210.0, 262.0, 64.0, 382.0, 183.0, 56.0, 37.0, 108.0, 206.0
75, 2015-04-01, Away, BOS, L, L, 4, U, 200.5, 1, 907.0, 970.0, 334.0, 747.0, 77.0, 201.0, 162.0, 217.0, 76.0, 359.0, 188.0, 48.0, 43.0, 102.0, 209.0, 337.0, 704.0, 79.0, 175.0, 217.0, 269.0, 61.0, 376.0, 180.0, 54.0, 36.0, 104.0, 211.0
76, 2015-04-03, Home, CHO, W, W, -4.5, U, 193.5, 0, 896.0, 953.0, 330.0, 740.0, 81.0, 197.0, 155.0, 215.0, 80.0, 362.0, 184.0, 46.0, 42.0, 110.0, 207.0, 337.0, 708.0, 73.0, 179.0, 206.0, 254.0, 61.0, 371.0, 190.0, 60.0, 34.0, 103.0, 210.0
77, 2015-04-05, Home, MIA, W, W, -6.5, O, 191.5, 0, 903.0, 924.0, 334.0, 742.0, 83.0, 194.0, 152.0, 212.0, 90.0, 379.0, 188.0, 56.0, 38.0, 121.0, 204.0, 331.0, 706.0, 67.0, 173.0, 195.0, 246.0, 62.0, 361.0, 183.0, 64.0, 35.0, 109.0, 200.0
78, 2015-04-08, Away, NYK, W, W, -11.5, U, 191.5, 0, 923.0, 918.0, 335.0, 743.0, 89.0, 204.0, 164.0, 235.0, 101.0, 392.0, 188.0, 57.0, 39.0, 124.0, 206.0, 333.0, 706.0, 60.0, 167.0, 192.0, 244.0, 58.0, 353.0, 180.0, 67.0, 36.0, 114.0, 209.0
79, 2015-04-10, Away, DET, W, L, -5.5, O, 192.5, 0, 914.0, 881.0, 328.0, 730.0, 85.0, 203.0, 173.0, 244.0, 101.0, 407.0, 189.0, 61.0, 41.0, 132.0, 207.0, 316.0, 715.0, 61.0, 172.0, 188.0, 239.0, 64.0, 352.0, 172.0, 71.0, 34.0, 117.0, 216.0
80, 2015-04-12, Home, OKC, W, W, -3, O, 210.5, 0, 921.0, 874.0, 326.0, 719.0, 88.0, 198.0, 181.0, 247.0, 94.0, 409.0, 197.0, 60.0, 37.0, 124.0, 205.0, 325.0, 739.0, 59.0, 171.0, 165.0, 225.0, 75.0, 362.0, 181.0, 65.0, 34.0, 109.0, 211.0
81, 2015-04-14, Home, WAS, W, L, -8, O, 192, 0, 934.0, 877.0, 330.0, 713.0, 89.0, 192.0, 185.0, 254.0, 94.0, 418.0, 201.0, 57.0, 38.0, 126.0, 208.0, 333.0, 759.0, 65.0, 185.0, 146.0, 215.0, 84.0, 359.0, 186.0, 64.0, 34.0, 107.0, 216.0
82, 2015-04-15, Away, MEM, L, L, -2.5, U, 184.5, 1, 926.0, 861.0, 340.0, 747.0, 84.0, 192.0, 162.0, 228.0, 96.0, 433.0, 205.0, 55.0, 43.0, 120.0, 197.0, 331.0, 790.0, 63.0, 190.0, 136.0, 198.0, 91.0, 388.0, 182.0, 62.0, 33.0, 102.0, 204.0
