7, 2014-11-08, Home, WAS, L, L, 3.5, O, 183.5, 1, 557.0, 574.0, 209.0, 492.0, 47.0, 148.0, 92.0, 120.0, 79.0, 286.0, 120.0, 24.0, 45.0, 101.0, 126.0, 214.0, 496.0, 43.0, 125.0, 103.0, 136.0, 54.0, 239.0, 133.0, 56.0, 28.0, 68.0, 133.0
8, 2014-11-10, Home, UTA, W, W, -2.5, U, 187, 0, 544.0, 580.0, 204.0, 488.0, 47.0, 147.0, 89.0, 117.0, 73.0, 274.0, 109.0, 24.0, 35.0, 102.0, 126.0, 219.0, 488.0, 39.0, 115.0, 103.0, 129.0, 52.0, 246.0, 139.0, 54.0, 27.0, 71.0, 129.0
9, 2014-11-12, Away, MIA, W, W, 8.5, U, 187.5, 0, 552.0, 569.0, 209.0, 504.0, 45.0, 141.0, 89.0, 116.0, 75.0, 272.0, 106.0, 22.0, 35.0, 91.0, 130.0, 216.0, 483.0, 38.0, 117.0, 99.0, 123.0, 46.0, 243.0, 137.0, 48.0, 31.0, 73.0, 126.0
10, 2014-11-14, Home, DEN, L, L, -2.5, U, 198.5, 0, 541.0, 542.0, 208.0, 503.0, 41.0, 135.0, 84.0, 110.0, 80.0, 281.0, 94.0, 22.0, 35.0, 88.0, 121.0, 210.0, 482.0, 40.0, 117.0, 82.0, 108.0, 49.0, 234.0, 129.0, 49.0, 30.0, 70.0, 124.0
11, 2014-11-15, Away, CHI, W, W, 9, O, 180.5, 1, 547.0, 563.0, 211.0, 509.0, 43.0, 133.0, 82.0, 110.0, 76.0, 276.0, 97.0, 20.0, 33.0, 84.0, 123.0, 216.0, 486.0, 41.0, 119.0, 90.0, 126.0, 53.0, 241.0, 129.0, 45.0, 30.0, 66.0, 127.0
12, 2014-11-19, Home, CHO, W, P, -2, U, 179.5, 0, 552.0, 557.0, 213.0, 496.0, 42.0, 124.0, 84.0, 115.0, 72.0, 265.0, 93.0, 22.0, 30.0, 80.0, 118.0, 217.0, 478.0, 38.0, 119.0, 85.0, 126.0, 56.0, 232.0, 123.0, 44.0, 30.0, 67.0, 124.0
13, 2014-11-22, Home, PHO, L, L, 2, U, 196, 0, 542.0, 542.0, 208.0, 486.0, 39.0, 120.0, 87.0, 126.0, 72.0, 274.0, 90.0, 23.0, 27.0, 78.0, 114.0, 215.0, 479.0, 34.0, 106.0, 78.0, 122.0, 59.0, 235.0, 115.0, 44.0, 33.0, 60.0, 126.0
14, 2014-11-24, Away, DAL, W, W, 14, O, 197.5, 0, 535.0, 551.0, 206.0, 493.0, 38.0, 119.0, 85.0, 121.0, 79.0, 283.0, 97.0, 27.0, 29.0, 74.0, 110.0, 214.0, 483.0, 44.0, 126.0, 79.0, 119.0, 59.0, 237.0, 109.0, 46.0, 33.0, 58.0, 120.0
15, 2014-11-26, Away, SAS, L, W, 13, O, 187, 0, 549.0, 565.0, 204.0, 480.0, 45.0, 130.0, 96.0, 142.0, 74.0, 283.0, 101.0, 30.0, 30.0, 79.0, 112.0, 222.0, 489.0, 46.0, 129.0, 75.0, 119.0, 60.0, 237.0, 112.0, 47.0, 33.0, 59.0, 130.0
16, 2014-11-28, Home, ORL, W, W, -4.5, U, 191, 0, 568.0, 596.0, 214.0, 487.0, 47.0, 125.0, 93.0, 145.0, 65.0, 266.0, 111.0, 34.0, 26.0, 76.0, 118.0, 234.0, 495.0, 42.0, 124.0, 86.0, 130.0, 62.0, 254.0, 115.0, 44.0, 33.0, 65.0, 132.0
17, 2014-11-29, Away, CLE, L, L, 10, O, 195, 1, 579.0, 571.0, 221.0, 497.0, 43.0, 119.0, 94.0, 137.0, 71.0, 277.0, 119.0, 39.0, 22.0, 74.0, 116.0, 222.0, 478.0, 41.0, 119.0, 86.0, 121.0, 51.0, 240.0, 111.0, 43.0, 33.0, 75.0, 124.0
18, 2014-12-02, Away, PHO, L, L, 5, O, 196.5, 0, 577.0, 590.0, 219.0, 509.0, 43.0, 123.0, 96.0, 138.0, 76.0, 279.0, 127.0, 36.0, 17.0, 67.0, 117.0, 228.0, 473.0, 44.0, 118.0, 90.0, 130.0, 50.0, 250.0, 113.0, 41.0, 32.0, 71.0, 125.0
19, 2014-12-04, Away, POR, L, W, 8.5, U, 193.5, 0, 588.0, 620.0, 225.0, 516.0, 45.0, 121.0, 93.0, 131.0, 70.0, 269.0, 132.0, 41.0, 17.0, 75.0, 128.0, 234.0, 473.0, 51.0, 129.0, 101.0, 144.0, 47.0, 253.0, 113.0, 48.0, 31.0, 78.0, 123.0
20, 2014-12-05, Away, SAC, L, W, 3, O, 191, 1, 587.0, 602.0, 230.0, 523.0, 43.0, 116.0, 84.0, 119.0, 66.0, 273.0, 133.0, 37.0, 17.0, 78.0, 127.0, 229.0, 471.0, 43.0, 119.0, 101.0, 147.0, 39.0, 250.0, 116.0, 47.0, 32.0, 78.0, 120.0
21, 2014-12-08, Home, ATL, L, L, -1, O, 194, 0, 577.0, 604.0, 229.0, 542.0, 36.0, 116.0, 83.0, 112.0, 67.0, 272.0, 131.0, 41.0, 18.0, 74.0, 139.0, 225.0, 474.0, 37.0, 105.0, 117.0, 166.0, 44.0, 262.0, 111.0, 47.0, 28.0, 80.0, 116.0
22, 2014-12-10, Home, LAC, L, L, 6.5, U, 199.5, 0, 569.0, 606.0, 226.0, 539.0, 35.0, 122.0, 82.0, 111.0, 68.0, 278.0, 131.0, 38.0, 19.0, 79.0, 138.0, 224.0, 477.0, 41.0, 111.0, 117.0, 164.0, 42.0, 264.0, 117.0, 50.0, 30.0, 81.0, 116.0
23, 2014-12-12, Away, TOR, L, L, 9, O, 196, 0, 567.0, 626.0, 220.0, 534.0, 40.0, 133.0, 87.0, 119.0, 63.0, 268.0, 133.0, 37.0, 17.0, 79.0, 139.0, 235.0, 495.0, 41.0, 117.0, 115.0, 162.0, 50.0, 282.0, 126.0, 50.0, 32.0, 75.0, 116.0
24, 2014-12-13, Home, POR, L, L, 5, U, 192.5, 1, 564.0, 623.0, 218.0, 525.0, 41.0, 133.0, 87.0, 116.0, 54.0, 259.0, 131.0, 39.0, 23.0, 84.0, 138.0, 232.0, 508.0, 44.0, 127.0, 115.0, 152.0, 57.0, 290.0, 127.0, 48.0, 29.0, 76.0, 119.0
25, 2014-12-15, Home, LAL, W, W, -5, O, 198, 0, 550.0, 602.0, 211.0, 528.0, 41.0, 135.0, 87.0, 115.0, 58.0, 267.0, 127.0, 39.0, 22.0, 78.0, 132.0, 229.0, 512.0, 37.0, 119.0, 107.0, 138.0, 59.0, 292.0, 130.0, 44.0, 29.0, 76.0, 121.0
26, 2014-12-17, Away, LAC, L, W, 11, P, 202, 0, 578.0, 605.0, 215.0, 520.0, 43.0, 134.0, 105.0, 134.0, 58.0, 269.0, 129.0, 41.0, 19.0, 74.0, 133.0, 225.0, 517.0, 43.0, 124.0, 112.0, 144.0, 65.0, 282.0, 124.0, 45.0, 29.0, 73.0, 125.0
27, 2014-12-20, Away, DEN, L, P, 3, U, 200, 0, 577.0, 605.0, 219.0, 514.0, 41.0, 127.0, 98.0, 128.0, 63.0, 269.0, 138.0, 37.0, 18.0, 78.0, 130.0, 223.0, 512.0, 47.0, 132.0, 112.0, 149.0, 68.0, 284.0, 128.0, 46.0, 31.0, 71.0, 116.0
28, 2014-12-21, Away, MIN, W, W, -3.5, O, 195, 1, 558.0, 573.0, 209.0, 518.0, 39.0, 123.0, 101.0, 128.0, 66.0, 277.0, 132.0, 36.0, 18.0, 75.0, 132.0, 213.0, 517.0, 40.0, 127.0, 107.0, 141.0, 71.0, 286.0, 115.0, 42.0, 31.0, 71.0, 116.0
29, 2014-12-23, Home, NOP, W, W, 1.5, U, 194.5, 0, 562.0, 566.0, 216.0, 513.0, 36.0, 115.0, 94.0, 120.0, 62.0, 270.0, 130.0, 39.0, 23.0, 77.0, 131.0, 207.0, 506.0, 38.0, 114.0, 114.0, 151.0, 70.0, 279.0, 113.0, 43.0, 25.0, 75.0, 118.0
30, 2014-12-26, Away, DET, L, L, -2.5, O, 194, 0, 564.0, 544.0, 222.0, 511.0, 33.0, 108.0, 87.0, 115.0, 59.0, 269.0, 130.0, 44.0, 28.0, 74.0, 128.0, 202.0, 498.0, 32.0, 108.0, 108.0, 148.0, 63.0, 273.0, 107.0, 45.0, 24.0, 80.0, 113.0
31, 2014-12-27, Away, BRK, W, W, 2.5, O, 191, 1, 588.0, 568.0, 230.0, 506.0, 38.0, 113.0, 90.0, 121.0, 58.0, 264.0, 139.0, 39.0, 30.0, 79.0, 132.0, 209.0, 494.0, 37.0, 117.0, 113.0, 165.0, 64.0, 269.0, 111.0, 47.0, 25.0, 77.0, 114.0
32, 2014-12-29, Home, CHI, L, W, 4.5, U, 193.5, 0, 588.0, 562.0, 234.0, 509.0, 40.0, 114.0, 80.0, 112.0, 54.0, 256.0, 151.0, 43.0, 33.0, 76.0, 137.0, 208.0, 483.0, 34.0, 116.0, 112.0, 163.0, 58.0, 266.0, 112.0, 39.0, 24.0, 83.0, 114.0
33, 2014-12-31, Home, MIA, W, W, -4, O, 189.5, 0, 578.0, 552.0, 230.0, 502.0, 41.0, 108.0, 77.0, 110.0, 47.0, 257.0, 142.0, 42.0, 37.0, 77.0, 132.0, 203.0, 489.0, 33.0, 111.0, 113.0, 151.0, 58.0, 261.0, 109.0, 40.0, 27.0, 81.0, 115.0
34, 2015-01-02, Away, MIL, W, W, 1.5, U, 194.5, 0, 611.0, 571.0, 238.0, 493.0, 44.0, 103.0, 91.0, 123.0, 47.0, 246.0, 148.0, 41.0, 39.0, 73.0, 126.0, 211.0, 484.0, 36.0, 111.0, 113.0, 150.0, 57.0, 248.0, 115.0, 38.0, 28.0, 76.0, 119.0
35, 2015-01-04, Away, LAL, L, P, 1, U, 202.5, 0, 605.0, 566.0, 231.0, 490.0, 46.0, 104.0, 97.0, 129.0, 49.0, 255.0, 147.0, 39.0, 36.0, 75.0, 121.0, 213.0, 496.0, 38.0, 124.0, 102.0, 136.0, 58.0, 248.0, 120.0, 40.0, 34.0, 72.0, 118.0
36, 2015-01-05, Away, UTA, W, W, 1.5, O, 185.5, 1, 596.0, 570.0, 225.0, 502.0, 49.0, 117.0, 97.0, 129.0, 62.0, 267.0, 144.0, 35.0, 26.0, 80.0, 123.0, 207.0, 484.0, 40.0, 122.0, 116.0, 147.0, 54.0, 239.0, 119.0, 44.0, 35.0, 68.0, 120.0
37, 2015-01-07, Away, GSW, L, L, 11.5, O, 202, 0, 592.0, 552.0, 218.0, 493.0, 47.0, 110.0, 109.0, 137.0, 59.0, 258.0, 139.0, 40.0, 25.0, 72.0, 125.0, 195.0, 479.0, 34.0, 119.0, 128.0, 152.0, 56.0, 238.0, 110.0, 39.0, 35.0, 69.0, 122.0
38, 2015-01-09, Home, BOS, W, L, -6, O, 197, 0, 584.0, 584.0, 211.0, 488.0, 44.0, 118.0, 118.0, 142.0, 57.0, 254.0, 130.0, 33.0, 22.0, 79.0, 119.0, 212.0, 493.0, 39.0, 122.0, 121.0, 145.0, 61.0, 242.0, 125.0, 48.0, 34.0, 65.0, 125.0
39, 2015-01-10, Away, PHI, L, L, -7, U, 188, 1, 601.0, 595.0, 209.0, 497.0, 48.0, 128.0, 135.0, 155.0, 66.0, 266.0, 133.0, 33.0, 23.0, 82.0, 112.0, 224.0, 512.0, 44.0, 143.0, 103.0, 128.0, 60.0, 246.0, 133.0, 50.0, 34.0, 65.0, 136.0
40, 2015-01-13, Home, MIN, L, L, -11, O, 195.5, 0, 587.0, 593.0, 203.0, 505.0, 42.0, 128.0, 139.0, 167.0, 74.0, 281.0, 126.0, 38.0, 24.0, 85.0, 121.0, 218.0, 515.0, 50.0, 151.0, 107.0, 135.0, 64.0, 254.0, 134.0, 49.0, 38.0, 70.0, 143.0
41, 2015-01-16, Home, DET, L, L, -1, U, 197, 0, 594.0, 612.0, 207.0, 504.0, 39.0, 126.0, 141.0, 177.0, 74.0, 277.0, 124.0, 40.0, 26.0, 87.0, 128.0, 221.0, 513.0, 53.0, 147.0, 117.0, 144.0, 61.0, 245.0, 128.0, 50.0, 34.0, 73.0, 148.0
42, 2015-01-17, Away, CHO, L, L, -1.5, U, 184.5, 1, 603.0, 622.0, 214.0, 503.0, 37.0, 116.0, 138.0, 171.0, 70.0, 271.0, 125.0, 43.0, 28.0, 85.0, 127.0, 226.0, 527.0, 60.0, 160.0, 110.0, 138.0, 71.0, 257.0, 131.0, 48.0, 36.0, 77.0, 145.0
43, 2015-01-19, Away, HOU, L, L, 10, O, 196, 0, 569.0, 601.0, 209.0, 513.0, 32.0, 124.0, 119.0, 154.0, 69.0, 292.0, 123.0, 40.0, 35.0, 94.0, 126.0, 222.0, 547.0, 58.0, 152.0, 99.0, 129.0, 71.0, 274.0, 131.0, 49.0, 35.0, 74.0, 137.0
44, 2015-01-21, Away, ATL, L, L, 10.5, O, 192.5, 0, 565.0, 594.0, 211.0, 517.0, 32.0, 125.0, 111.0, 149.0, 75.0, 294.0, 120.0, 48.0, 33.0, 96.0, 128.0, 214.0, 528.0, 58.0, 155.0, 108.0, 142.0, 68.0, 274.0, 127.0, 51.0, 34.0, 82.0, 133.0
45, 2015-01-23, Away, MIA, L, W, 3.5, U, 184, 0, 549.0, 601.0, 208.0, 503.0, 28.0, 127.0, 105.0, 141.0, 69.0, 280.0, 121.0, 50.0, 26.0, 98.0, 131.0, 212.0, 503.0, 61.0, 150.0, 116.0, 152.0, 64.0, 267.0, 132.0, 53.0, 30.0, 88.0, 129.0
46, 2015-01-25, Away, ORL, W, W, -1.5, O, 204, 0, 544.0, 597.0, 211.0, 494.0, 27.0, 124.0, 95.0, 122.0, 58.0, 263.0, 119.0, 50.0, 24.0, 103.0, 126.0, 216.0, 498.0, 54.0, 143.0, 111.0, 142.0, 56.0, 259.0, 131.0, 57.0, 18.0, 88.0, 123.0
47, 2015-01-27, Home, TOR, L, L, 3, O, 194.5, 0, 549.0, 586.0, 215.0, 497.0, 30.0, 126.0, 89.0, 110.0, 57.0, 269.0, 124.0, 49.0, 24.0, 100.0, 130.0, 213.0, 489.0, 50.0, 140.0, 110.0, 146.0, 52.0, 258.0, 131.0, 53.0, 20.0, 85.0, 121.0
48, 2015-01-29, Home, NYK, W, W, -8, U, 187.5, 0, 544.0, 592.0, 209.0, 490.0, 31.0, 126.0, 95.0, 121.0, 56.0, 268.0, 124.0, 45.0, 23.0, 102.0, 132.0, 215.0, 477.0, 46.0, 135.0, 116.0, 156.0, 45.0, 251.0, 135.0, 56.0, 21.0, 80.0, 131.0
49, 2015-01-31, Home, SAC, L, L, -5.5, U, 199.5, 0, 576.0, 594.0, 221.0, 485.0, 35.0, 123.0, 99.0, 126.0, 57.0, 261.0, 131.0, 44.0, 17.0, 94.0, 125.0, 218.0, 457.0, 49.0, 136.0, 109.0, 144.0, 37.0, 226.0, 141.0, 52.0, 22.0, 83.0, 133.0
50, 2015-02-04, Home, DET, W, W, -4.5, O, 193, 0, 572.0, 583.0, 215.0, 480.0, 34.0, 121.0, 108.0, 133.0, 55.0, 258.0, 132.0, 40.0, 22.0, 89.0, 126.0, 215.0, 465.0, 42.0, 120.0, 111.0, 140.0, 39.0, 233.0, 131.0, 47.0, 21.0, 76.0, 141.0
51, 2015-02-06, Home, CLE, W, W, 6, O, 195.5, 0, 595.0, 582.0, 230.0, 479.0, 41.0, 117.0, 94.0, 125.0, 53.0, 253.0, 138.0, 38.0, 24.0, 82.0, 120.0, 219.0, 474.0, 41.0, 115.0, 103.0, 129.0, 42.0, 225.0, 124.0, 42.0, 20.0, 70.0, 136.0
52, 2015-02-08, Away, CHO, W, L, -2, O, 184.5, 0, 611.0, 592.0, 235.0, 480.0, 46.0, 123.0, 95.0, 128.0, 54.0, 257.0, 150.0, 38.0, 23.0, 72.0, 112.0, 223.0, 488.0, 48.0, 133.0, 98.0, 126.0, 53.0, 232.0, 122.0, 40.0, 23.0, 69.0, 131.0
53, 2015-02-09, Home, SAS, L, W, 4.5, U, 191.5, 1, 608.0, 595.0, 229.0, 481.0, 45.0, 122.0, 105.0, 135.0, 53.0, 250.0, 142.0, 34.0, 20.0, 70.0, 114.0, 221.0, 487.0, 50.0, 130.0, 103.0, 131.0, 54.0, 234.0, 124.0, 38.0, 22.0, 67.0, 133.0
54, 2015-02-11, Away, NOP, W, W, -1, O, 189, 0, 610.0, 586.0, 231.0, 487.0, 46.0, 125.0, 102.0, 125.0, 53.0, 257.0, 144.0, 34.0, 23.0, 68.0, 107.0, 224.0, 503.0, 47.0, 129.0, 91.0, 114.0, 54.0, 234.0, 121.0, 37.0, 23.0, 64.0, 119.0
55, 2015-02-20, Away, PHI, W, W, -8.5, O, 183, 0, 613.0, 597.0, 229.0, 483.0, 49.0, 127.0, 106.0, 125.0, 52.0, 245.0, 147.0, 37.0, 21.0, 70.0, 115.0, 224.0, 496.0, 49.0, 128.0, 100.0, 126.0, 55.0, 233.0, 121.0, 39.0, 20.0, 67.0, 118.0
56, 2015-02-22, Home, GSW, W, W, 4, U, 204, 0, 625.0, 593.0, 236.0, 486.0, 52.0, 124.0, 101.0, 122.0, 52.0, 249.0, 149.0, 42.0, 17.0, 71.0, 116.0, 224.0, 500.0, 52.0, 138.0, 93.0, 126.0, 61.0, 234.0, 123.0, 42.0, 30.0, 72.0, 111.0
57, 2015-02-24, Away, OKC, L, L, 7.5, U, 205, 0, 615.0, 582.0, 229.0, 490.0, 48.0, 122.0, 109.0, 127.0, 51.0, 258.0, 141.0, 40.0, 17.0, 75.0, 124.0, 215.0, 502.0, 49.0, 140.0, 103.0, 133.0, 62.0, 244.0, 119.0, 44.0, 33.0, 71.0, 118.0
58, 2015-02-27, Home, CLE, W, W, -2.5, U, 194, 0, 604.0, 588.0, 230.0, 499.0, 49.0, 127.0, 95.0, 112.0, 51.0, 265.0, 141.0, 36.0, 18.0, 80.0, 127.0, 215.0, 509.0, 47.0, 129.0, 111.0, 139.0, 62.0, 258.0, 124.0, 48.0, 38.0, 66.0, 114.0
59, 2015-03-01, Home, PHI, W, W, -11, U, 192.5, 0, 594.0, 572.0, 227.0, 495.0, 48.0, 125.0, 92.0, 116.0, 51.0, 273.0, 145.0, 40.0, 23.0, 76.0, 119.0, 212.0, 524.0, 48.0, 144.0, 100.0, 125.0, 72.0, 272.0, 120.0, 46.0, 41.0, 71.0, 114.0
60, 2015-03-04, Home, NYK, W, W, -13, U, 190.5, 0, 595.0, 551.0, 227.0, 495.0, 43.0, 122.0, 98.0, 128.0, 53.0, 276.0, 138.0, 47.0, 26.0, 76.0, 119.0, 204.0, 519.0, 47.0, 143.0, 96.0, 125.0, 74.0, 277.0, 112.0, 46.0, 40.0, 80.0, 126.0
61, 2015-03-06, Home, CHI, W, W, -6, U, 186.5, 0, 594.0, 540.0, 225.0, 500.0, 44.0, 124.0, 100.0, 134.0, 54.0, 279.0, 131.0, 48.0, 32.0, 74.0, 116.0, 200.0, 521.0, 46.0, 144.0, 94.0, 123.0, 78.0, 290.0, 106.0, 47.0, 41.0, 86.0, 129.0
62, 2015-03-07, Away, NYK, W, L, -9, U, 188, 1, 586.0, 529.0, 219.0, 497.0, 42.0, 122.0, 106.0, 145.0, 60.0, 286.0, 130.0, 42.0, 35.0, 70.0, 115.0, 197.0, 523.0, 43.0, 142.0, 92.0, 113.0, 77.0, 287.0, 108.0, 41.0, 33.0, 80.0, 134.0
63, 2015-03-10, Home, ORL, W, W, -8.5, O, 187.5, 0, 574.0, 517.0, 210.0, 495.0, 41.0, 121.0, 113.0, 152.0, 65.0, 285.0, 126.0, 44.0, 34.0, 66.0, 117.0, 193.0, 512.0, 37.0, 131.0, 94.0, 121.0, 77.0, 283.0, 102.0, 36.0, 32.0, 83.0, 136.0
64, 2015-03-12, Home, MIL, W, L, -7, O, 188, 0, 600.0, 498.0, 217.0, 492.0, 49.0, 129.0, 117.0, 153.0, 67.0, 286.0, 137.0, 45.0, 36.0, 66.0, 115.0, 187.0, 508.0, 32.0, 124.0, 92.0, 123.0, 81.0, 271.0, 94.0, 35.0, 31.0, 83.0, 137.0
65, 2015-03-14, Home, BOS, L, L, -8.5, U, 193, 0, 616.0, 515.0, 222.0, 491.0, 52.0, 134.0, 120.0, 152.0, 65.0, 286.0, 138.0, 44.0, 36.0, 78.0, 131.0, 189.0, 507.0, 27.0, 109.0, 110.0, 145.0, 79.0, 270.0, 91.0, 43.0, 27.0, 83.0, 141.0
66, 2015-03-16, Home, TOR, L, L, -5, O, 198, 0, 611.0, 534.0, 220.0, 488.0, 58.0, 140.0, 113.0, 142.0, 61.0, 275.0, 137.0, 37.0, 30.0, 80.0, 139.0, 195.0, 506.0, 30.0, 113.0, 114.0, 149.0, 78.0, 270.0, 109.0, 42.0, 25.0, 78.0, 134.0
67, 2015-03-18, Away, CHI, L, L, 1, U, 189.5, 0, 604.0, 569.0, 220.0, 496.0, 50.0, 137.0, 114.0, 143.0, 57.0, 271.0, 137.0, 36.0, 26.0, 73.0, 140.0, 204.0, 512.0, 36.0, 120.0, 125.0, 159.0, 74.0, 276.0, 112.0, 39.0, 25.0, 70.0, 138.0
68, 2015-03-20, Away, CLE, L, W, 10.5, U, 201, 0, 592.0, 588.0, 218.0, 497.0, 50.0, 136.0, 106.0, 131.0, 47.0, 258.0, 130.0, 32.0, 30.0, 71.0, 141.0, 207.0, 508.0, 41.0, 121.0, 133.0, 168.0, 69.0, 284.0, 114.0, 40.0, 26.0, 71.0, 136.0
69, 2015-03-21, Home, BRK, L, L, -8.5, O, 195, 1, 592.0, 597.0, 224.0, 502.0, 51.0, 138.0, 93.0, 114.0, 44.0, 255.0, 137.0, 32.0, 33.0, 68.0, 136.0, 212.0, 512.0, 47.0, 132.0, 126.0, 159.0, 67.0, 288.0, 119.0, 40.0, 28.0, 68.0, 125.0
70, 2015-03-23, Home, HOU, L, L, 1.5, O, 202.5, 0, 585.0, 634.0, 224.0, 507.0, 42.0, 127.0, 95.0, 120.0, 44.0, 245.0, 122.0, 29.0, 30.0, 64.0, 144.0, 224.0, 495.0, 49.0, 127.0, 137.0, 170.0, 51.0, 278.0, 125.0, 35.0, 25.0, 66.0, 126.0
71, 2015-03-25, Away, WAS, W, W, 3, O, 188.5, 0, 576.0, 641.0, 225.0, 518.0, 41.0, 129.0, 85.0, 111.0, 54.0, 237.0, 119.0, 29.0, 28.0, 62.0, 134.0, 220.0, 469.0, 58.0, 137.0, 143.0, 171.0, 43.0, 265.0, 124.0, 35.0, 27.0, 70.0, 124.0
72, 2015-03-26, Away, MIL, L, L, 1.5, O, 186.5, 1, 590.0, 649.0, 229.0, 518.0, 41.0, 131.0, 91.0, 124.0, 54.0, 238.0, 124.0, 32.0, 27.0, 58.0, 134.0, 218.0, 461.0, 55.0, 123.0, 158.0, 188.0, 40.0, 264.0, 109.0, 34.0, 27.0, 69.0, 129.0
73, 2015-03-29, Home, DAL, W, W, -2, O, 197, 0, 599.0, 643.0, 221.0, 501.0, 53.0, 142.0, 104.0, 142.0, 62.0, 243.0, 121.0, 32.0, 27.0, 73.0, 140.0, 218.0, 452.0, 52.0, 119.0, 155.0, 189.0, 39.0, 243.0, 116.0, 41.0, 26.0, 74.0, 139.0
74, 2015-03-31, Away, BRK, L, L, -1, O, 200, 0, 617.0, 639.0, 227.0, 496.0, 57.0, 140.0, 106.0, 147.0, 61.0, 248.0, 128.0, 35.0, 25.0, 79.0, 142.0, 224.0, 460.0, 48.0, 110.0, 143.0, 180.0, 39.0, 232.0, 114.0, 40.0, 25.0, 74.0, 141.0
75, 2015-04-01, Away, BOS, L, L, 4, U, 200.5, 1, 631.0, 655.0, 228.0, 494.0, 61.0, 143.0, 114.0, 158.0, 58.0, 243.0, 128.0, 33.0, 25.0, 81.0, 144.0, 229.0, 458.0, 48.0, 102.0, 149.0, 187.0, 34.0, 228.0, 121.0, 41.0, 22.0, 72.0, 148.0
76, 2015-04-03, Home, CHO, W, W, -4.5, U, 193.5, 0, 607.0, 632.0, 217.0, 485.0, 59.0, 135.0, 114.0, 163.0, 55.0, 243.0, 123.0, 35.0, 26.0, 84.0, 141.0, 222.0, 469.0, 48.0, 117.0, 140.0, 174.0, 38.0, 239.0, 129.0, 46.0, 20.0, 74.0, 153.0
77, 2015-04-05, Home, MIA, W, W, -6.5, O, 191.5, 0, 600.0, 596.0, 213.0, 478.0, 59.0, 127.0, 115.0, 162.0, 54.0, 258.0, 122.0, 41.0, 25.0, 86.0, 138.0, 219.0, 484.0, 39.0, 111.0, 119.0, 157.0, 44.0, 246.0, 128.0, 45.0, 20.0, 73.0, 141.0
78, 2015-04-08, Away, NYK, W, W, -11.5, U, 191.5, 0, 609.0, 584.0, 212.0, 478.0, 64.0, 131.0, 121.0, 170.0, 65.0, 270.0, 124.0, 40.0, 30.0, 87.0, 137.0, 223.0, 491.0, 36.0, 117.0, 102.0, 138.0, 45.0, 237.0, 130.0, 46.0, 23.0, 77.0, 143.0
79, 2015-04-10, Away, DET, W, L, -5.5, O, 192.5, 0, 604.0, 559.0, 220.0, 484.0, 54.0, 123.0, 110.0, 154.0, 64.0, 283.0, 129.0, 40.0, 30.0, 85.0, 133.0, 213.0, 502.0, 34.0, 115.0, 99.0, 130.0, 48.0, 241.0, 117.0, 44.0, 22.0, 72.0, 134.0
80, 2015-04-12, Home, OKC, W, W, -3, O, 210.5, 0, 607.0, 563.0, 220.0, 487.0, 55.0, 125.0, 112.0, 150.0, 69.0, 282.0, 135.0, 40.0, 25.0, 80.0, 129.0, 213.0, 501.0, 39.0, 123.0, 98.0, 134.0, 54.0, 245.0, 122.0, 44.0, 24.0, 71.0, 129.0
81, 2015-04-14, Home, WAS, W, L, -8, O, 192, 0, 617.0, 556.0, 225.0, 484.0, 53.0, 122.0, 114.0, 161.0, 72.0, 297.0, 137.0, 41.0, 22.0, 82.0, 133.0, 214.0, 516.0, 41.0, 133.0, 87.0, 134.0, 63.0, 247.0, 115.0, 44.0, 25.0, 72.0, 134.0
82, 2015-04-15, Away, MEM, L, L, -2.5, U, 184.5, 1, 629.0, 551.0, 231.0, 508.0, 56.0, 137.0, 111.0, 155.0, 78.0, 314.0, 142.0, 41.0, 28.0, 83.0, 130.0, 212.0, 534.0, 42.0, 130.0, 85.0, 133.0, 69.0, 260.0, 108.0, 43.0, 25.0, 73.0, 133.0
