11, 2014-11-15, Away, CHI, W, W, 9, O, 180.5, 1, 912.0, 940.0, 345.0, 823.0, 77.0, 235.0, 145.0, 197.0, 127.0, 463.0, 177.0, 39.0, 63.0, 154.0, 205.0, 357.0, 806.0, 68.0, 200.0, 158.0, 223.0, 91.0, 399.0, 212.0, 88.0, 48.0, 110.0, 219.0
12, 2014-11-19, Home, CHO, W, P, -2, U, 179.5, 0, 908.0, 939.0, 344.0, 819.0, 76.0, 228.0, 144.0, 194.0, 123.0, 459.0, 173.0, 39.0, 56.0, 151.0, 203.0, 358.0, 800.0, 66.0, 196.0, 157.0, 216.0, 86.0, 391.0, 213.0, 84.0, 50.0, 112.0, 209.0
13, 2014-11-22, Home, PHO, L, L, 2, U, 196, 0, 907.0, 928.0, 345.0, 823.0, 70.0, 222.0, 147.0, 202.0, 126.0, 464.0, 169.0, 37.0, 56.0, 144.0, 201.0, 360.0, 807.0, 64.0, 191.0, 144.0, 201.0, 87.0, 392.0, 211.0, 79.0, 54.0, 108.0, 209.0
14, 2014-11-24, Away, DAL, W, W, 14, O, 197.5, 0, 898.0, 932.0, 345.0, 826.0, 65.0, 213.0, 143.0, 201.0, 130.0, 467.0, 162.0, 41.0, 56.0, 140.0, 195.0, 363.0, 823.0, 69.0, 202.0, 137.0, 188.0, 97.0, 406.0, 202.0, 79.0, 52.0, 108.0, 208.0
15, 2014-11-26, Away, SAS, L, W, 13, O, 187, 0, 928.0, 945.0, 351.0, 825.0, 72.0, 215.0, 154.0, 215.0, 123.0, 464.0, 168.0, 43.0, 51.0, 135.0, 199.0, 366.0, 820.0, 70.0, 205.0, 143.0, 202.0, 94.0, 404.0, 203.0, 73.0, 53.0, 108.0, 214.0
16, 2014-11-28, Home, ORL, W, W, -4.5, U, 191, 0, 934.0, 955.0, 356.0, 822.0, 74.0, 209.0, 148.0, 213.0, 116.0, 443.0, 169.0, 49.0, 43.0, 129.0, 195.0, 373.0, 803.0, 68.0, 203.0, 141.0, 208.0, 95.0, 406.0, 200.0, 74.0, 51.0, 111.0, 212.0
17, 2014-11-29, Away, CLE, L, L, 10, O, 195, 1, 934.0, 937.0, 357.0, 828.0, 73.0, 206.0, 147.0, 214.0, 119.0, 454.0, 176.0, 54.0, 40.0, 127.0, 195.0, 365.0, 788.0, 66.0, 194.0, 141.0, 208.0, 88.0, 400.0, 190.0, 75.0, 53.0, 117.0, 210.0
18, 2014-12-02, Away, PHO, L, L, 5, O, 196.5, 0, 941.0, 949.0, 359.0, 840.0, 72.0, 204.0, 151.0, 215.0, 126.0, 464.0, 191.0, 51.0, 38.0, 116.0, 194.0, 367.0, 785.0, 71.0, 199.0, 144.0, 217.0, 84.0, 395.0, 187.0, 71.0, 55.0, 112.0, 205.0
19, 2014-12-04, Away, POR, L, W, 8.5, U, 193.5, 0, 943.0, 979.0, 361.0, 835.0, 70.0, 202.0, 151.0, 217.0, 121.0, 461.0, 195.0, 56.0, 38.0, 128.0, 199.0, 378.0, 797.0, 77.0, 203.0, 146.0, 222.0, 88.0, 402.0, 187.0, 79.0, 54.0, 113.0, 206.0
20, 2014-12-05, Away, SAC, L, W, 3, O, 191, 1, 944.0, 992.0, 367.0, 846.0, 67.0, 194.0, 143.0, 210.0, 116.0, 459.0, 201.0, 56.0, 38.0, 130.0, 201.0, 382.0, 812.0, 72.0, 204.0, 156.0, 227.0, 87.0, 422.0, 189.0, 77.0, 54.0, 116.0, 204.0
21, 2014-12-08, Home, ATL, L, L, -1, O, 194, 0, 958.0, 986.0, 369.0, 858.0, 65.0, 198.0, 155.0, 217.0, 114.0, 460.0, 202.0, 64.0, 36.0, 125.0, 215.0, 375.0, 808.0, 66.0, 191.0, 170.0, 242.0, 85.0, 425.0, 185.0, 75.0, 51.0, 122.0, 203.0
22, 2014-12-10, Home, LAC, L, L, 6.5, U, 199.5, 0, 951.0, 1004.0, 369.0, 865.0, 67.0, 207.0, 146.0, 209.0, 112.0, 456.0, 207.0, 65.0, 32.0, 128.0, 215.0, 380.0, 802.0, 71.0, 195.0, 173.0, 246.0, 81.0, 438.0, 194.0, 80.0, 51.0, 125.0, 204.0
23, 2014-12-12, Away, TOR, L, L, 9, O, 196, 0, 959.0, 1021.0, 369.0, 876.0, 74.0, 219.0, 147.0, 207.0, 110.0, 448.0, 219.0, 68.0, 30.0, 128.0, 220.0, 385.0, 804.0, 73.0, 205.0, 178.0, 248.0, 79.0, 447.0, 201.0, 81.0, 52.0, 132.0, 200.0
24, 2014-12-13, Home, POR, L, L, 5, U, 192.5, 1, 970.0, 1021.0, 371.0, 872.0, 75.0, 218.0, 153.0, 210.0, 101.0, 440.0, 225.0, 63.0, 32.0, 126.0, 222.0, 385.0, 810.0, 71.0, 200.0, 180.0, 250.0, 82.0, 448.0, 205.0, 73.0, 51.0, 130.0, 204.0
25, 2014-12-15, Home, LAL, W, W, -5, O, 198, 0, 944.0, 1016.0, 368.0, 883.0, 66.0, 207.0, 142.0, 190.0, 105.0, 445.0, 221.0, 65.0, 30.0, 127.0, 219.0, 385.0, 820.0, 68.0, 193.0, 178.0, 241.0, 87.0, 457.0, 205.0, 76.0, 50.0, 130.0, 197.0
26, 2014-12-17, Away, LAC, L, W, 11, P, 202, 0, 954.0, 1001.0, 368.0, 879.0, 63.0, 203.0, 155.0, 199.0, 109.0, 462.0, 219.0, 63.0, 31.0, 128.0, 216.0, 373.0, 834.0, 73.0, 204.0, 182.0, 241.0, 90.0, 450.0, 198.0, 78.0, 50.0, 124.0, 197.0
27, 2014-12-20, Away, DEN, L, P, 3, U, 200, 0, 956.0, 1020.0, 367.0, 875.0, 63.0, 206.0, 159.0, 208.0, 106.0, 452.0, 221.0, 62.0, 32.0, 129.0, 229.0, 376.0, 842.0, 72.0, 204.0, 196.0, 270.0, 102.0, 469.0, 202.0, 78.0, 49.0, 118.0, 195.0
28, 2014-12-21, Away, MIN, W, W, -3.5, O, 195, 1, 932.0, 987.0, 359.0, 874.0, 63.0, 207.0, 151.0, 199.0, 102.0, 454.0, 212.0, 65.0, 33.0, 136.0, 230.0, 365.0, 846.0, 67.0, 204.0, 190.0, 257.0, 102.0, 474.0, 196.0, 81.0, 50.0, 125.0, 195.0
29, 2014-12-23, Home, NOP, W, W, 1.5, U, 194.5, 0, 933.0, 967.0, 360.0, 873.0, 65.0, 213.0, 148.0, 196.0, 102.0, 449.0, 217.0, 66.0, 36.0, 130.0, 223.0, 358.0, 837.0, 60.0, 190.0, 191.0, 255.0, 102.0, 473.0, 201.0, 76.0, 46.0, 129.0, 195.0
30, 2014-12-26, Away, DET, L, L, -2.5, O, 194, 0, 947.0, 963.0, 363.0, 860.0, 65.0, 210.0, 156.0, 206.0, 94.0, 436.0, 222.0, 70.0, 43.0, 122.0, 223.0, 358.0, 837.0, 60.0, 189.0, 187.0, 251.0, 106.0, 471.0, 196.0, 71.0, 43.0, 132.0, 197.0
31, 2014-12-27, Away, BRK, W, W, 2.5, O, 191, 1, 955.0, 980.0, 369.0, 847.0, 68.0, 204.0, 149.0, 199.0, 96.0, 437.0, 229.0, 63.0, 42.0, 132.0, 212.0, 369.0, 840.0, 68.0, 205.0, 174.0, 240.0, 107.0, 464.0, 205.0, 76.0, 47.0, 127.0, 195.0
32, 2014-12-29, Home, CHI, L, W, 4.5, U, 193.5, 0, 973.0, 957.0, 376.0, 849.0, 68.0, 195.0, 153.0, 200.0, 95.0, 440.0, 239.0, 68.0, 45.0, 125.0, 215.0, 357.0, 840.0, 66.0, 209.0, 177.0, 240.0, 106.0, 452.0, 193.0, 67.0, 44.0, 126.0, 195.0
33, 2014-12-31, Home, MIA, W, W, -4, O, 189.5, 0, 967.0, 946.0, 377.0, 843.0, 64.0, 181.0, 149.0, 199.0, 90.0, 441.0, 230.0, 67.0, 52.0, 127.0, 222.0, 344.0, 836.0, 64.0, 198.0, 194.0, 259.0, 110.0, 448.0, 185.0, 68.0, 44.0, 124.0, 194.0
34, 2015-01-02, Away, MIL, W, W, 1.5, U, 194.5, 0, 979.0, 935.0, 379.0, 842.0, 66.0, 177.0, 155.0, 206.0, 95.0, 441.0, 229.0, 67.0, 49.0, 125.0, 218.0, 344.0, 822.0, 59.0, 188.0, 188.0, 255.0, 102.0, 432.0, 184.0, 71.0, 49.0, 125.0, 195.0
35, 2015-01-04, Away, LAL, L, P, 1, U, 202.5, 0, 988.0, 931.0, 380.0, 835.0, 70.0, 182.0, 158.0, 210.0, 93.0, 437.0, 237.0, 66.0, 50.0, 127.0, 212.0, 342.0, 821.0, 61.0, 195.0, 186.0, 253.0, 101.0, 429.0, 191.0, 72.0, 51.0, 125.0, 192.0
36, 2015-01-05, Away, UTA, W, W, 1.5, O, 185.5, 1, 965.0, 928.0, 373.0, 842.0, 71.0, 193.0, 148.0, 201.0, 98.0, 434.0, 237.0, 64.0, 50.0, 128.0, 213.0, 340.0, 804.0, 57.0, 187.0, 191.0, 254.0, 95.0, 428.0, 191.0, 70.0, 49.0, 127.0, 192.0
37, 2015-01-07, Away, GSW, L, L, 11.5, O, 202, 0, 970.0, 927.0, 368.0, 826.0, 74.0, 187.0, 160.0, 208.0, 92.0, 426.0, 230.0, 66.0, 49.0, 126.0, 207.0, 341.0, 807.0, 55.0, 192.0, 190.0, 243.0, 95.0, 418.0, 187.0, 69.0, 51.0, 125.0, 201.0
38, 2015-01-09, Home, BOS, W, L, -6, O, 197, 0, 999.0, 968.0, 378.0, 819.0, 73.0, 190.0, 170.0, 214.0, 86.0, 417.0, 237.0, 65.0, 49.0, 129.0, 202.0, 356.0, 816.0, 65.0, 204.0, 191.0, 244.0, 96.0, 408.0, 203.0, 73.0, 47.0, 120.0, 204.0
39, 2015-01-10, Away, PHI, L, L, -7, U, 188, 1, 1006.0, 975.0, 370.0, 827.0, 76.0, 194.0, 190.0, 234.0, 94.0, 437.0, 233.0, 61.0, 52.0, 132.0, 203.0, 361.0, 842.0, 70.0, 227.0, 183.0, 236.0, 100.0, 415.0, 205.0, 75.0, 53.0, 114.0, 212.0
40, 2015-01-13, Home, MIN, L, L, -11, O, 195.5, 0, 1002.0, 984.0, 360.0, 836.0, 75.0, 197.0, 207.0, 258.0, 110.0, 453.0, 225.0, 61.0, 45.0, 136.0, 211.0, 360.0, 839.0, 77.0, 231.0, 187.0, 242.0, 103.0, 413.0, 211.0, 75.0, 63.0, 115.0, 225.0
41, 2015-01-16, Home, DET, L, L, -1, U, 197, 0, 994.0, 975.0, 357.0, 833.0, 71.0, 195.0, 209.0, 266.0, 109.0, 450.0, 222.0, 67.0, 46.0, 135.0, 208.0, 354.0, 840.0, 77.0, 225.0, 190.0, 232.0, 98.0, 405.0, 208.0, 75.0, 60.0, 121.0, 226.0
42, 2015-01-17, Away, CHO, L, L, -1.5, U, 184.5, 1, 980.0, 988.0, 353.0, 836.0, 68.0, 195.0, 206.0, 260.0, 114.0, 449.0, 211.0, 64.0, 45.0, 137.0, 203.0, 358.0, 848.0, 83.0, 231.0, 189.0, 229.0, 108.0, 419.0, 210.0, 79.0, 61.0, 121.0, 223.0
43, 2015-01-19, Away, HOU, L, L, 10, O, 196, 0, 961.0, 976.0, 347.0, 837.0, 65.0, 203.0, 202.0, 252.0, 114.0, 461.0, 211.0, 64.0, 47.0, 143.0, 201.0, 360.0, 865.0, 80.0, 233.0, 176.0, 221.0, 108.0, 431.0, 209.0, 78.0, 59.0, 118.0, 223.0
44, 2015-01-21, Away, ATL, L, L, 10.5, O, 192.5, 0, 953.0, 991.0, 351.0, 843.0, 61.0, 212.0, 190.0, 240.0, 114.0, 465.0, 209.0, 72.0, 43.0, 152.0, 204.0, 359.0, 860.0, 87.0, 248.0, 186.0, 236.0, 107.0, 434.0, 215.0, 86.0, 53.0, 126.0, 218.0
45, 2015-01-23, Away, MIA, L, W, 3.5, U, 184, 0, 950.0, 1010.0, 347.0, 840.0, 58.0, 217.0, 198.0, 246.0, 114.0, 462.0, 207.0, 72.0, 42.0, 155.0, 213.0, 360.0, 849.0, 93.0, 253.0, 197.0, 252.0, 106.0, 434.0, 217.0, 88.0, 49.0, 130.0, 223.0
46, 2015-01-25, Away, ORL, W, W, -1.5, O, 204, 0, 950.0, 1011.0, 346.0, 828.0, 53.0, 204.0, 205.0, 251.0, 106.0, 449.0, 200.0, 76.0, 43.0, 159.0, 214.0, 369.0, 853.0, 91.0, 252.0, 182.0, 237.0, 105.0, 433.0, 223.0, 88.0, 46.0, 135.0, 228.0
47, 2015-01-27, Home, TOR, L, L, 3, O, 194.5, 0, 951.0, 1009.0, 354.0, 837.0, 54.0, 211.0, 189.0, 239.0, 107.0, 461.0, 207.0, 76.0, 45.0, 163.0, 213.0, 372.0, 850.0, 93.0, 246.0, 172.0, 226.0, 94.0, 425.0, 229.0, 89.0, 45.0, 137.0, 225.0
48, 2015-01-29, Home, NYK, W, W, -8, U, 187.5, 0, 940.0, 996.0, 351.0, 838.0, 55.0, 203.0, 183.0, 239.0, 113.0, 463.0, 205.0, 76.0, 46.0, 160.0, 216.0, 361.0, 832.0, 90.0, 244.0, 184.0, 240.0, 92.0, 428.0, 220.0, 87.0, 48.0, 136.0, 229.0
49, 2015-01-31, Home, SAC, L, L, -5.5, U, 199.5, 0, 936.0, 975.0, 359.0, 825.0, 52.0, 198.0, 166.0, 223.0, 105.0, 456.0, 209.0, 75.0, 41.0, 155.0, 214.0, 354.0, 810.0, 85.0, 226.0, 182.0, 237.0, 85.0, 411.0, 217.0, 80.0, 47.0, 136.0, 220.0
50, 2015-02-04, Home, DET, W, W, -4.5, O, 193, 0, 938.0, 981.0, 363.0, 818.0, 53.0, 205.0, 159.0, 206.0, 95.0, 442.0, 215.0, 74.0, 41.0, 156.0, 209.0, 356.0, 810.0, 79.0, 217.0, 190.0, 241.0, 82.0, 413.0, 212.0, 84.0, 36.0, 132.0, 216.0
51, 2015-02-06, Home, CLE, W, W, 6, O, 195.5, 0, 951.0, 980.0, 370.0, 815.0, 60.0, 208.0, 151.0, 194.0, 93.0, 438.0, 221.0, 70.0, 40.0, 150.0, 205.0, 358.0, 810.0, 81.0, 221.0, 183.0, 237.0, 87.0, 414.0, 213.0, 80.0, 35.0, 127.0, 211.0
52, 2015-02-08, Away, CHO, W, L, -2, O, 184.5, 0, 958.0, 981.0, 367.0, 805.0, 62.0, 211.0, 162.0, 208.0, 90.0, 435.0, 225.0, 71.0, 38.0, 146.0, 199.0, 366.0, 814.0, 79.0, 225.0, 170.0, 225.0, 87.0, 408.0, 214.0, 80.0, 33.0, 127.0, 214.0
53, 2015-02-09, Home, SAS, L, W, 4.5, U, 191.5, 1, 990.0, 1003.0, 374.0, 805.0, 67.0, 209.0, 175.0, 220.0, 91.0, 419.0, 226.0, 70.0, 30.0, 139.0, 201.0, 371.0, 790.0, 85.0, 224.0, 176.0, 228.0, 77.0, 385.0, 222.0, 78.0, 32.0, 130.0, 221.0
54, 2015-02-11, Away, NOP, W, W, -1, O, 189, 0, 985.0, 988.0, 371.0, 808.0, 69.0, 203.0, 174.0, 215.0, 91.0, 426.0, 229.0, 62.0, 36.0, 132.0, 195.0, 371.0, 807.0, 79.0, 218.0, 167.0, 212.0, 78.0, 388.0, 214.0, 73.0, 37.0, 118.0, 215.0
55, 2015-02-20, Away, PHI, W, W, -8.5, O, 183, 0, 1000.0, 971.0, 380.0, 805.0, 73.0, 198.0, 167.0, 207.0, 88.0, 421.0, 235.0, 62.0, 36.0, 127.0, 198.0, 366.0, 803.0, 73.0, 204.0, 166.0, 211.0, 76.0, 377.0, 206.0, 66.0, 37.0, 115.0, 209.0
56, 2015-02-22, Home, GSW, W, W, 4, U, 204, 0, 1019.0, 977.0, 388.0, 810.0, 78.0, 205.0, 165.0, 206.0, 89.0, 428.0, 245.0, 66.0, 34.0, 124.0, 199.0, 364.0, 812.0, 77.0, 212.0, 172.0, 225.0, 87.0, 388.0, 204.0, 69.0, 48.0, 116.0, 204.0
57, 2015-02-24, Away, OKC, L, L, 7.5, U, 205, 0, 1017.0, 976.0, 384.0, 808.0, 78.0, 204.0, 171.0, 211.0, 87.0, 427.0, 238.0, 61.0, 33.0, 125.0, 199.0, 360.0, 823.0, 80.0, 221.0, 176.0, 224.0, 97.0, 400.0, 201.0, 71.0, 48.0, 113.0, 208.0
58, 2015-02-27, Home, CLE, W, W, -2.5, U, 194, 0, 1018.0, 977.0, 388.0, 814.0, 80.0, 212.0, 162.0, 199.0, 85.0, 432.0, 242.0, 62.0, 33.0, 124.0, 194.0, 366.0, 846.0, 80.0, 219.0, 165.0, 208.0, 104.0, 415.0, 203.0, 72.0, 50.0, 113.0, 197.0
59, 2015-03-01, Home, PHI, W, W, -11, U, 192.5, 0, 1008.0, 981.0, 380.0, 815.0, 80.0, 211.0, 168.0, 210.0, 85.0, 431.0, 240.0, 66.0, 36.0, 121.0, 195.0, 365.0, 857.0, 84.0, 232.0, 167.0, 209.0, 112.0, 431.0, 201.0, 72.0, 51.0, 118.0, 202.0
60, 2015-03-04, Home, NYK, W, W, -13, U, 190.5, 0, 1008.0, 956.0, 383.0, 823.0, 78.0, 204.0, 164.0, 210.0, 89.0, 444.0, 235.0, 69.0, 40.0, 119.0, 188.0, 360.0, 861.0, 84.0, 241.0, 152.0, 197.0, 113.0, 432.0, 195.0, 72.0, 56.0, 122.0, 200.0
61, 2015-03-06, Home, CHI, W, W, -6, U, 186.5, 0, 999.0, 929.0, 375.0, 826.0, 76.0, 205.0, 173.0, 216.0, 89.0, 447.0, 228.0, 72.0, 44.0, 119.0, 194.0, 347.0, 850.0, 78.0, 233.0, 157.0, 205.0, 112.0, 442.0, 188.0, 71.0, 58.0, 131.0, 202.0
62, 2015-03-07, Away, NYK, W, L, -9, U, 188, 1, 994.0, 914.0, 372.0, 827.0, 74.0, 204.0, 176.0, 223.0, 95.0, 457.0, 225.0, 70.0, 46.0, 122.0, 202.0, 338.0, 847.0, 72.0, 221.0, 166.0, 212.0, 111.0, 443.0, 190.0, 70.0, 58.0, 127.0, 207.0
63, 2015-03-10, Home, ORL, W, W, -8.5, O, 187.5, 0, 983.0, 898.0, 365.0, 822.0, 74.0, 203.0, 179.0, 228.0, 99.0, 462.0, 222.0, 71.0, 47.0, 121.0, 202.0, 332.0, 848.0, 67.0, 222.0, 167.0, 214.0, 120.0, 449.0, 179.0, 69.0, 58.0, 129.0, 211.0
64, 2015-03-12, Home, MIL, W, L, -7, O, 188, 0, 1008.0, 889.0, 374.0, 819.0, 83.0, 216.0, 177.0, 227.0, 99.0, 461.0, 235.0, 73.0, 46.0, 122.0, 202.0, 329.0, 851.0, 65.0, 214.0, 166.0, 217.0, 131.0, 452.0, 176.0, 70.0, 58.0, 132.0, 215.0
65, 2015-03-14, Home, BOS, L, L, -8.5, U, 193, 0, 1011.0, 899.0, 373.0, 823.0, 83.0, 218.0, 182.0, 237.0, 98.0, 472.0, 231.0, 73.0, 51.0, 129.0, 211.0, 330.0, 868.0, 62.0, 213.0, 177.0, 228.0, 136.0, 468.0, 171.0, 76.0, 58.0, 134.0, 225.0
66, 2015-03-16, Home, TOR, L, L, -5, O, 198, 0, 994.0, 897.0, 367.0, 825.0, 84.0, 220.0, 176.0, 230.0, 98.0, 470.0, 223.0, 64.0, 53.0, 128.0, 211.0, 331.0, 867.0, 62.0, 216.0, 173.0, 220.0, 130.0, 468.0, 181.0, 72.0, 51.0, 128.0, 223.0
67, 2015-03-18, Away, CHI, L, L, 1, U, 189.5, 0, 988.0, 916.0, 366.0, 832.0, 78.0, 220.0, 178.0, 232.0, 95.0, 460.0, 224.0, 68.0, 53.0, 117.0, 210.0, 336.0, 860.0, 65.0, 213.0, 179.0, 231.0, 124.0, 474.0, 181.0, 66.0, 50.0, 130.0, 222.0
68, 2015-03-20, Away, CLE, L, W, 10.5, U, 201, 0, 982.0, 914.0, 360.0, 825.0, 75.0, 213.0, 187.0, 242.0, 91.0, 450.0, 214.0, 66.0, 58.0, 113.0, 216.0, 330.0, 846.0, 66.0, 213.0, 188.0, 241.0, 118.0, 469.0, 180.0, 62.0, 46.0, 132.0, 229.0
69, 2015-03-21, Home, BRK, L, L, -8.5, O, 195, 1, 981.0, 923.0, 362.0, 829.0, 77.0, 216.0, 180.0, 226.0, 92.0, 444.0, 214.0, 63.0, 57.0, 113.0, 219.0, 332.0, 836.0, 66.0, 210.0, 193.0, 248.0, 115.0, 465.0, 178.0, 63.0, 45.0, 126.0, 222.0
70, 2015-03-23, Home, HOU, L, L, 1.5, O, 202.5, 0, 998.0, 972.0, 371.0, 831.0, 82.0, 221.0, 174.0, 219.0, 90.0, 430.0, 219.0, 55.0, 50.0, 110.0, 227.0, 349.0, 827.0, 67.0, 198.0, 207.0, 262.0, 108.0, 453.0, 189.0, 59.0, 43.0, 118.0, 215.0
71, 2015-03-25, Away, WAS, W, W, 3, O, 188.5, 0, 993.0, 1000.0, 373.0, 841.0, 80.0, 223.0, 167.0, 214.0, 98.0, 430.0, 219.0, 54.0, 47.0, 117.0, 229.0, 350.0, 816.0, 74.0, 206.0, 226.0, 276.0, 101.0, 443.0, 189.0, 64.0, 44.0, 118.0, 220.0
72, 2015-03-26, Away, MIL, L, L, 1.5, O, 186.5, 1, 998.0, 1017.0, 377.0, 846.0, 83.0, 229.0, 161.0, 209.0, 92.0, 422.0, 217.0, 54.0, 45.0, 116.0, 230.0, 352.0, 805.0, 74.0, 197.0, 239.0, 295.0, 93.0, 445.0, 182.0, 65.0, 45.0, 117.0, 218.0
73, 2015-03-29, Home, DAL, W, W, -2, O, 197, 0, 1013.0, 1042.0, 377.0, 838.0, 90.0, 241.0, 169.0, 222.0, 92.0, 418.0, 219.0, 56.0, 46.0, 124.0, 233.0, 361.0, 800.0, 80.0, 201.0, 240.0, 299.0, 86.0, 434.0, 195.0, 71.0, 44.0, 121.0, 225.0
74, 2015-03-31, Away, BRK, L, L, -1, O, 200, 0, 999.0, 1055.0, 370.0, 829.0, 83.0, 224.0, 176.0, 236.0, 85.0, 412.0, 205.0, 56.0, 47.0, 126.0, 243.0, 367.0, 798.0, 82.0, 199.0, 239.0, 298.0, 76.0, 430.0, 200.0, 67.0, 40.0, 123.0, 233.0
75, 2015-04-01, Away, BOS, L, L, 4, U, 200.5, 1, 996.0, 1063.0, 368.0, 832.0, 86.0, 225.0, 174.0, 232.0, 85.0, 401.0, 204.0, 52.0, 46.0, 116.0, 232.0, 372.0, 787.0, 87.0, 203.0, 232.0, 290.0, 70.0, 423.0, 208.0, 61.0, 40.0, 115.0, 229.0
76, 2015-04-03, Home, CHO, W, W, -4.5, U, 193.5, 0, 994.0, 1070.0, 368.0, 828.0, 83.0, 216.0, 175.0, 240.0, 84.0, 398.0, 205.0, 53.0, 46.0, 114.0, 229.0, 376.0, 790.0, 85.0, 202.0, 233.0, 287.0, 68.0, 422.0, 209.0, 63.0, 38.0, 114.0, 234.0
77, 2015-04-05, Home, MIA, W, W, -6.5, O, 191.5, 0, 989.0, 1027.0, 366.0, 823.0, 89.0, 213.0, 168.0, 233.0, 95.0, 417.0, 204.0, 59.0, 46.0, 130.0, 227.0, 365.0, 788.0, 77.0, 197.0, 220.0, 274.0, 71.0, 413.0, 205.0, 70.0, 39.0, 121.0, 223.0
78, 2015-04-08, Away, NYK, W, W, -11.5, U, 191.5, 0, 1015.0, 1013.0, 371.0, 827.0, 97.0, 224.0, 176.0, 248.0, 110.0, 434.0, 211.0, 62.0, 45.0, 132.0, 226.0, 368.0, 788.0, 69.0, 193.0, 208.0, 265.0, 69.0, 398.0, 198.0, 71.0, 42.0, 123.0, 225.0
79, 2015-04-10, Away, DET, W, L, -5.5, O, 192.5, 0, 1025.0, 1004.0, 373.0, 820.0, 93.0, 226.0, 186.0, 262.0, 112.0, 446.0, 211.0, 64.0, 43.0, 141.0, 230.0, 362.0, 790.0, 67.0, 184.0, 213.0, 270.0, 67.0, 387.0, 193.0, 75.0, 38.0, 125.0, 234.0
80, 2015-04-12, Home, OKC, W, W, -3, O, 210.5, 0, 1021.0, 984.0, 366.0, 809.0, 96.0, 222.0, 193.0, 266.0, 110.0, 449.0, 218.0, 67.0, 42.0, 142.0, 228.0, 356.0, 804.0, 72.0, 195.0, 200.0, 262.0, 79.0, 397.0, 197.0, 76.0, 39.0, 128.0, 236.0
81, 2015-04-14, Home, WAS, W, L, -8, O, 192, 0, 1037.0, 978.0, 368.0, 798.0, 98.0, 218.0, 203.0, 282.0, 103.0, 461.0, 222.0, 64.0, 40.0, 136.0, 231.0, 366.0, 834.0, 70.0, 199.0, 176.0, 253.0, 90.0, 405.0, 199.0, 70.0, 38.0, 117.0, 239.0
82, 2015-04-15, Away, MEM, L, L, -2.5, U, 184.5, 1, 1033.0, 972.0, 370.0, 818.0, 98.0, 222.0, 195.0, 271.0, 108.0, 474.0, 223.0, 62.0, 47.0, 139.0, 225.0, 370.0, 863.0, 72.0, 209.0, 160.0, 232.0, 97.0, 418.0, 208.0, 72.0, 36.0, 118.0, 238.0
