13, 2012-11-23, Away, IND, W, W, -4.5, O, 191, 0, 1198.0, 1137.0, 455.0, 959.0, 91.0, 241.0, 197.0, 258.0, 110.0, 482.0, 293.0, 104.0, 61.0, 177.0, 221.0, 439.0, 976.0, 66.0, 199.0, 193.0, 251.0, 136.0, 502.0, 231.0, 100.0, 70.0, 181.0, 229.0
14, 2012-11-25, Away, TOR, W, L, -6, O, 195.5, 0, 1203.0, 1139.0, 458.0, 962.0, 87.0, 238.0, 200.0, 254.0, 106.0, 476.0, 290.0, 103.0, 55.0, 172.0, 221.0, 442.0, 988.0, 69.0, 198.0, 186.0, 249.0, 146.0, 508.0, 232.0, 94.0, 69.0, 181.0, 232.0
15, 2012-11-26, Away, WAS, W, W, -7, O, 195, 1, 1228.0, 1161.0, 467.0, 986.0, 90.0, 246.0, 204.0, 257.0, 107.0, 489.0, 288.0, 98.0, 56.0, 170.0, 218.0, 453.0, 1021.0, 68.0, 205.0, 187.0, 250.0, 151.0, 521.0, 235.0, 94.0, 72.0, 175.0, 237.0
16, 2012-11-28, Away, ORL, W, W, -7.5, O, 196.5, 0, 1236.0, 1153.0, 470.0, 992.0, 96.0, 256.0, 200.0, 254.0, 110.0, 499.0, 291.0, 94.0, 55.0, 167.0, 215.0, 452.0, 1034.0, 67.0, 206.0, 182.0, 245.0, 157.0, 529.0, 232.0, 93.0, 67.0, 169.0, 233.0
17, 2012-11-29, Away, MIA, L, W, 6, O, 202, 1, 1245.0, 1163.0, 473.0, 989.0, 99.0, 263.0, 200.0, 256.0, 107.0, 493.0, 292.0, 95.0, 62.0, 175.0, 206.0, 466.0, 1050.0, 63.0, 201.0, 168.0, 231.0, 158.0, 527.0, 237.0, 98.0, 63.0, 166.0, 230.0
18, 2012-12-01, Home, MEM, W, L, -6, U, 196.5, 0, 1261.0, 1162.0, 479.0, 996.0, 101.0, 270.0, 202.0, 256.0, 112.0, 509.0, 289.0, 93.0, 60.0, 174.0, 215.0, 462.0, 1053.0, 62.0, 197.0, 176.0, 241.0, 156.0, 518.0, 229.0, 96.0, 57.0, 161.0, 229.0
19, 2012-12-05, Home, MIL, W, W, -8.5, O, 202, 0, 1263.0, 1171.0, 481.0, 1013.0, 103.0, 281.0, 198.0, 254.0, 118.0, 509.0, 283.0, 97.0, 56.0, 170.0, 218.0, 466.0, 1061.0, 63.0, 196.0, 176.0, 237.0, 159.0, 527.0, 236.0, 95.0, 58.0, 169.0, 235.0
20, 2012-12-07, Home, HOU, W, W, -8.5, U, 212.5, 0, 1261.0, 1161.0, 481.0, 1028.0, 102.0, 284.0, 197.0, 251.0, 126.0, 526.0, 290.0, 94.0, 55.0, 166.0, 218.0, 459.0, 1056.0, 58.0, 186.0, 185.0, 247.0, 155.0, 526.0, 237.0, 92.0, 57.0, 165.0, 233.0
21, 2012-12-08, Away, CHA, W, W, -9.5, O, 200.5, 1, 1291.0, 1171.0, 494.0, 1025.0, 101.0, 284.0, 202.0, 253.0, 121.0, 538.0, 301.0, 91.0, 57.0, 175.0, 211.0, 465.0, 1077.0, 63.0, 199.0, 178.0, 233.0, 152.0, 515.0, 242.0, 98.0, 50.0, 166.0, 233.0
22, 2012-12-10, Away, HOU, W, W, -7, O, 211.5, 0, 1323.0, 1169.0, 506.0, 1028.0, 112.0, 289.0, 199.0, 247.0, 117.0, 535.0, 318.0, 94.0, 55.0, 176.0, 213.0, 463.0, 1070.0, 58.0, 188.0, 185.0, 241.0, 149.0, 504.0, 243.0, 98.0, 51.0, 170.0, 230.0
23, 2012-12-12, Away, UTA, L, L, -4, U, 209.5, 0, 1331.0, 1195.0, 507.0, 1032.0, 110.0, 292.0, 207.0, 253.0, 109.0, 544.0, 316.0, 89.0, 57.0, 181.0, 214.0, 465.0, 1089.0, 70.0, 207.0, 195.0, 251.0, 148.0, 505.0, 248.0, 102.0, 57.0, 163.0, 232.0
24, 2012-12-13, Away, POR, L, L, -7, U, 200.5, 1, 1340.0, 1202.0, 515.0, 1037.0, 112.0, 291.0, 198.0, 243.0, 109.0, 550.0, 318.0, 91.0, 64.0, 180.0, 210.0, 466.0, 1088.0, 77.0, 214.0, 193.0, 247.0, 138.0, 493.0, 262.0, 102.0, 56.0, 160.0, 228.0
25, 2012-12-15, Home, BOS, W, W, -9, U, 198.5, 0, 1318.0, 1200.0, 503.0, 1032.0, 110.0, 294.0, 202.0, 249.0, 110.0, 547.0, 315.0, 91.0, 64.0, 182.0, 204.0, 465.0, 1099.0, 81.0, 233.0, 189.0, 242.0, 146.0, 508.0, 260.0, 104.0, 56.0, 162.0, 229.0
26, 2012-12-17, Away, OKC, L, L, 5.5, U, 208.5, 0, 1317.0, 1191.0, 500.0, 1030.0, 120.0, 302.0, 197.0, 247.0, 115.0, 548.0, 324.0, 92.0, 66.0, 184.0, 195.0, 465.0, 1088.0, 80.0, 233.0, 181.0, 229.0, 138.0, 497.0, 255.0, 109.0, 54.0, 166.0, 226.0
27, 2012-12-18, Away, DEN, L, L, 2.5, O, 209.5, 1, 1299.0, 1192.0, 492.0, 1006.0, 118.0, 295.0, 197.0, 249.0, 117.0, 533.0, 322.0, 97.0, 65.0, 189.0, 196.0, 463.0, 1063.0, 78.0, 223.0, 188.0, 235.0, 136.0, 485.0, 256.0, 112.0, 53.0, 166.0, 222.0
28, 2012-12-21, Home, NOH, W, L, -13.5, U, 195.5, 0, 1287.0, 1212.0, 485.0, 1021.0, 119.0, 308.0, 198.0, 247.0, 116.0, 535.0, 318.0, 105.0, 69.0, 188.0, 206.0, 464.0, 1060.0, 81.0, 228.0, 203.0, 260.0, 134.0, 503.0, 265.0, 113.0, 61.0, 171.0, 221.0
29, 2012-12-23, Home, DAL, W, W, -11, O, 207, 0, 1276.0, 1217.0, 480.0, 1013.0, 112.0, 301.0, 204.0, 255.0, 110.0, 532.0, 321.0, 100.0, 65.0, 183.0, 210.0, 462.0, 1051.0, 81.0, 229.0, 212.0, 268.0, 127.0, 501.0, 264.0, 111.0, 61.0, 167.0, 225.0
30, 2012-12-26, Home, TOR, W, W, -13.5, U, 200, 0, 1305.0, 1203.0, 491.0, 1017.0, 122.0, 301.0, 201.0, 250.0, 107.0, 528.0, 332.0, 112.0, 68.0, 180.0, 212.0, 454.0, 1039.0, 81.0, 230.0, 214.0, 278.0, 129.0, 503.0, 264.0, 110.0, 60.0, 177.0, 225.0
31, 2012-12-28, Home, HOU, W, L, -8.5, O, 213, 0, 1306.0, 1188.0, 488.0, 999.0, 123.0, 291.0, 207.0, 255.0, 104.0, 524.0, 336.0, 111.0, 68.0, 181.0, 206.0, 451.0, 1018.0, 84.0, 233.0, 202.0, 268.0, 121.0, 486.0, 263.0, 110.0, 58.0, 173.0, 220.0
32, 2012-12-30, Away, DAL, W, W, -6, U, 207.5, 0, 1318.0, 1205.0, 492.0, 991.0, 129.0, 293.0, 205.0, 251.0, 94.0, 505.0, 330.0, 119.0, 69.0, 183.0, 207.0, 461.0, 1020.0, 90.0, 253.0, 193.0, 265.0, 125.0, 489.0, 266.0, 110.0, 55.0, 186.0, 221.0
33, 2012-12-31, Home, BRK, W, W, -9, U, 198, 1, 1315.0, 1199.0, 485.0, 985.0, 131.0, 292.0, 214.0, 262.0, 94.0, 499.0, 318.0, 115.0, 67.0, 177.0, 206.0, 462.0, 1020.0, 80.0, 236.0, 195.0, 267.0, 129.0, 498.0, 266.0, 105.0, 59.0, 179.0, 228.0
34, 2013-01-02, Away, MIL, W, W, -5.5, O, 203, 0, 1287.0, 1170.0, 478.0, 968.0, 118.0, 272.0, 213.0, 263.0, 89.0, 490.0, 305.0, 117.0, 68.0, 179.0, 200.0, 453.0, 1015.0, 78.0, 238.0, 186.0, 253.0, 132.0, 503.0, 262.0, 108.0, 56.0, 184.0, 230.0
35, 2013-01-03, Away, NYK, L, L, -1, U, 208, 1, 1270.0, 1154.0, 476.0, 965.0, 113.0, 259.0, 205.0, 260.0, 91.0, 481.0, 306.0, 119.0, 63.0, 168.0, 201.0, 455.0, 1006.0, 67.0, 225.0, 177.0, 241.0, 134.0, 510.0, 262.0, 100.0, 57.0, 186.0, 225.0
36, 2013-01-05, Home, PHI, W, W, -13.5, U, 198, 0, 1257.0, 1155.0, 467.0, 955.0, 114.0, 274.0, 209.0, 263.0, 85.0, 468.0, 302.0, 118.0, 58.0, 169.0, 197.0, 453.0, 1004.0, 71.0, 233.0, 178.0, 242.0, 137.0, 518.0, 261.0, 103.0, 56.0, 184.0, 227.0
37, 2013-01-07, Away, NOH, L, L, -8, U, 193.5, 0, 1276.0, 1143.0, 475.0, 968.0, 116.0, 280.0, 210.0, 261.0, 86.0, 480.0, 303.0, 121.0, 61.0, 165.0, 203.0, 448.0, 1000.0, 67.0, 223.0, 180.0, 250.0, 133.0, 519.0, 261.0, 102.0, 58.0, 184.0, 225.0
38, 2013-01-09, Home, LAL, W, L, -13.5, U, 214, 0, 1261.0, 1150.0, 470.0, 960.0, 110.0, 276.0, 211.0, 261.0, 84.0, 474.0, 295.0, 119.0, 63.0, 172.0, 206.0, 450.0, 1002.0, 66.0, 220.0, 184.0, 254.0, 136.0, 523.0, 262.0, 108.0, 58.0, 181.0, 220.0
39, 2013-01-11, Away, MEM, L, L, 2, O, 188, 0, 1276.0, 1148.0, 475.0, 965.0, 116.0, 281.0, 210.0, 256.0, 83.0, 485.0, 297.0, 119.0, 66.0, 174.0, 201.0, 456.0, 1012.0, 70.0, 233.0, 166.0, 239.0, 127.0, 514.0, 262.0, 111.0, 53.0, 178.0, 213.0
40, 2013-01-13, Home, MIN, W, W, -12.5, U, 199, 0, 1268.0, 1137.0, 472.0, 946.0, 112.0, 270.0, 212.0, 260.0, 81.0, 475.0, 294.0, 116.0, 61.0, 178.0, 197.0, 458.0, 1010.0, 66.0, 226.0, 155.0, 218.0, 123.0, 491.0, 258.0, 110.0, 47.0, 177.0, 217.0
41, 2013-01-16, Home, MEM, W, W, -5.5, U, 187, 0, 1275.0, 1131.0, 478.0, 950.0, 116.0, 273.0, 203.0, 248.0, 86.0, 482.0, 296.0, 118.0, 69.0, 184.0, 204.0, 452.0, 1013.0, 68.0, 226.0, 159.0, 225.0, 126.0, 485.0, 266.0, 116.0, 49.0, 178.0, 209.0
42, 2013-01-18, Home, GSW, W, L, -11.5, U, 202, 0, 1249.0, 1122.0, 475.0, 942.0, 105.0, 261.0, 194.0, 239.0, 82.0, 474.0, 296.0, 108.0, 73.0, 181.0, 204.0, 447.0, 1008.0, 64.0, 221.0, 164.0, 224.0, 123.0, 478.0, 255.0, 110.0, 51.0, 171.0, 207.0
43, 2013-01-19, Away, ATL, W, W, -3.5, U, 194, 1, 1244.0, 1130.0, 477.0, 951.0, 102.0, 264.0, 188.0, 230.0, 79.0, 476.0, 290.0, 99.0, 72.0, 174.0, 200.0, 450.0, 1014.0, 61.0, 219.0, 169.0, 226.0, 120.0, 485.0, 254.0, 104.0, 51.0, 165.0, 209.0
44, 2013-01-21, Away, PHI, W, L, -6, U, 194.5, 0, 1220.0, 1107.0, 474.0, 960.0, 98.0, 265.0, 174.0, 217.0, 80.0, 481.0, 290.0, 93.0, 71.0, 163.0, 194.0, 440.0, 1013.0, 58.0, 208.0, 169.0, 222.0, 121.0, 496.0, 247.0, 95.0, 52.0, 156.0, 201.0
45, 2013-01-23, Home, NOH, W, L, -8.5, O, 195.5, 0, 1199.0, 1106.0, 467.0, 960.0, 93.0, 264.0, 172.0, 219.0, 83.0, 484.0, 291.0, 95.0, 69.0, 166.0, 197.0, 439.0, 1002.0, 61.0, 206.0, 167.0, 223.0, 114.0, 492.0, 249.0, 95.0, 52.0, 161.0, 196.0
46, 2013-01-25, Away, DAL, W, W, 2, O, 204.5, 0, 1201.0, 1135.0, 467.0, 967.0, 95.0, 275.0, 172.0, 226.0, 85.0, 487.0, 295.0, 95.0, 66.0, 161.0, 201.0, 449.0, 1009.0, 67.0, 206.0, 170.0, 229.0, 114.0, 503.0, 259.0, 92.0, 52.0, 158.0, 198.0
47, 2013-01-26, Home, PHO, W, P, -9, O, 200.5, 1, 1197.0, 1132.0, 464.0, 967.0, 95.0, 281.0, 174.0, 227.0, 85.0, 493.0, 292.0, 98.0, 64.0, 168.0, 195.0, 448.0, 1012.0, 68.0, 207.0, 168.0, 223.0, 111.0, 503.0, 255.0, 96.0, 50.0, 156.0, 201.0
48, 2013-01-30, Home, CHA, W, W, -14.5, U, 205, 0, 1222.0, 1131.0, 477.0, 973.0, 93.0, 271.0, 175.0, 229.0, 85.0, 496.0, 298.0, 97.0, 60.0, 164.0, 200.0, 450.0, 1011.0, 62.0, 192.0, 169.0, 221.0, 110.0, 499.0, 259.0, 90.0, 45.0, 159.0, 202.0
49, 2013-02-02, Home, WAS, W, L, -12.5, U, 193.5, 0, 1215.0, 1123.0, 474.0, 957.0, 94.0, 262.0, 173.0, 227.0, 83.0, 481.0, 302.0, 102.0, 60.0, 172.0, 203.0, 445.0, 1000.0, 63.0, 194.0, 170.0, 218.0, 114.0, 490.0, 253.0, 92.0, 40.0, 168.0, 201.0
50, 2013-02-06, Away, MIN, W, W, -5, P, 198, 0, 1223.0, 1114.0, 479.0, 962.0, 93.0, 261.0, 172.0, 223.0, 77.0, 494.0, 307.0, 100.0, 58.0, 169.0, 205.0, 441.0, 1005.0, 64.0, 203.0, 168.0, 223.0, 112.0, 489.0, 254.0, 88.0, 39.0, 170.0, 209.0
51, 2013-02-08, Away, DET, L, L, -5, O, 197.5, 0, 1219.0, 1103.0, 475.0, 959.0, 91.0, 261.0, 178.0, 228.0, 76.0, 487.0, 306.0, 104.0, 56.0, 164.0, 213.0, 430.0, 991.0, 64.0, 194.0, 179.0, 231.0, 118.0, 498.0, 248.0, 83.0, 42.0, 176.0, 214.0
52, 2013-02-10, Away, BRK, W, W, -2.5, O, 194.5, 0, 1230.0, 1121.0, 477.0, 964.0, 91.0, 260.0, 185.0, 236.0, 78.0, 485.0, 301.0, 103.0, 61.0, 153.0, 208.0, 436.0, 995.0, 71.0, 204.0, 178.0, 230.0, 124.0, 512.0, 255.0, 78.0, 42.0, 174.0, 213.0
53, 2013-02-11, Away, CHI, W, W, 3.5, O, 188, 1, 1235.0, 1119.0, 475.0, 957.0, 95.0, 258.0, 190.0, 245.0, 77.0, 470.0, 292.0, 104.0, 51.0, 141.0, 203.0, 437.0, 978.0, 73.0, 207.0, 172.0, 224.0, 122.0, 513.0, 244.0, 68.0, 41.0, 177.0, 220.0
54, 2013-02-13, Away, CLE, W, L, -8.5, U, 206, 0, 1235.0, 1126.0, 470.0, 956.0, 94.0, 256.0, 201.0, 255.0, 75.0, 463.0, 280.0, 107.0, 43.0, 136.0, 199.0, 445.0, 987.0, 74.0, 210.0, 162.0, 216.0, 133.0, 530.0, 251.0, 71.0, 43.0, 183.0, 227.0
55, 2013-02-19, Away, SAC, W, L, -9, P, 210, 0, 1236.0, 1133.0, 472.0, 960.0, 94.0, 253.0, 198.0, 253.0, 79.0, 461.0, 286.0, 112.0, 49.0, 139.0, 202.0, 449.0, 1000.0, 72.0, 205.0, 163.0, 217.0, 142.0, 536.0, 252.0, 75.0, 45.0, 184.0, 221.0
56, 2013-02-21, Away, LAC, W, W, 4, O, 200, 0, 1246.0, 1142.0, 466.0, 949.0, 96.0, 259.0, 218.0, 277.0, 81.0, 468.0, 290.0, 113.0, 53.0, 148.0, 208.0, 448.0, 1005.0, 73.0, 209.0, 173.0, 224.0, 139.0, 528.0, 253.0, 81.0, 45.0, 179.0, 230.0
57, 2013-02-22, Away, GSW, L, L, -3.5, U, 208.5, 1, 1272.0, 1147.0, 475.0, 941.0, 101.0, 258.0, 221.0, 279.0, 80.0, 455.0, 298.0, 112.0, 56.0, 151.0, 216.0, 443.0, 997.0, 74.0, 211.0, 187.0, 238.0, 145.0, 519.0, 249.0, 80.0, 40.0, 181.0, 236.0
58, 2013-02-24, Away, PHO, W, W, -9, U, 199.5, 0, 1267.0, 1152.0, 469.0, 956.0, 97.0, 255.0, 232.0, 288.0, 84.0, 466.0, 286.0, 110.0, 60.0, 152.0, 218.0, 444.0, 1010.0, 69.0, 215.0, 195.0, 245.0, 144.0, 530.0, 250.0, 80.0, 41.0, 180.0, 239.0
59, 2013-02-27, Home, PHO, L, L, -16.5, O, 198.5, 0, 1251.0, 1132.0, 458.0, 939.0, 93.0, 249.0, 242.0, 299.0, 80.0, 456.0, 279.0, 109.0, 64.0, 154.0, 227.0, 432.0, 1000.0, 66.0, 206.0, 202.0, 260.0, 147.0, 530.0, 254.0, 83.0, 42.0, 186.0, 247.0
60, 2013-03-01, Home, SAC, W, W, -14.5, O, 214.5, 0, 1244.0, 1138.0, 452.0, 937.0, 92.0, 242.0, 248.0, 311.0, 83.0, 462.0, 283.0, 111.0, 65.0, 162.0, 232.0, 435.0, 1014.0, 63.0, 206.0, 205.0, 267.0, 154.0, 535.0, 250.0, 85.0, 46.0, 186.0, 257.0
61, 2013-03-03, Home, DET, W, W, -13, U, 199.5, 0, 1272.0, 1162.0, 465.0, 952.0, 92.0, 246.0, 250.0, 313.0, 86.0, 470.0, 296.0, 107.0, 66.0, 158.0, 227.0, 444.0, 1026.0, 66.0, 208.0, 208.0, 269.0, 150.0, 531.0, 257.0, 87.0, 46.0, 182.0, 259.0
62, 2013-03-06, Home, CHI, W, W, -8.5, U, 190.5, 0, 1290.0, 1151.0, 472.0, 963.0, 96.0, 246.0, 250.0, 317.0, 91.0, 474.0, 306.0, 114.0, 71.0, 153.0, 228.0, 436.0, 1024.0, 66.0, 205.0, 213.0, 270.0, 151.0, 536.0, 250.0, 83.0, 45.0, 185.0, 259.0
63, 2013-03-08, Home, POR, L, L, -11.5, O, 202, 0, 1287.0, 1140.0, 475.0, 956.0, 94.0, 235.0, 243.0, 314.0, 89.0, 480.0, 304.0, 108.0, 73.0, 152.0, 215.0, 436.0, 1033.0, 67.0, 207.0, 201.0, 255.0, 153.0, 528.0, 257.0, 85.0, 45.0, 178.0, 255.0
64, 2013-03-11, Home, OKC, W, W, -2.5, U, 206, 0, 1284.0, 1157.0, 482.0, 959.0, 90.0, 230.0, 230.0, 299.0, 87.0, 476.0, 306.0, 105.0, 67.0, 157.0, 216.0, 443.0, 1030.0, 70.0, 206.0, 201.0, 256.0, 146.0, 517.0, 258.0, 88.0, 47.0, 176.0, 252.0
65, 2013-03-12, Away, MIN, L, L, -9, U, 195.5, 1, 1278.0, 1164.0, 482.0, 968.0, 86.0, 232.0, 228.0, 293.0, 90.0, 483.0, 309.0, 102.0, 65.0, 164.0, 222.0, 442.0, 1035.0, 70.0, 204.0, 210.0, 263.0, 147.0, 521.0, 262.0, 91.0, 50.0, 177.0, 253.0
66, 2013-03-14, Home, DAL, W, L, -9.5, U, 206, 0, 1258.0, 1182.0, 472.0, 975.0, 87.0, 245.0, 227.0, 291.0, 96.0, 496.0, 307.0, 101.0, 68.0, 172.0, 225.0, 449.0, 1039.0, 80.0, 212.0, 204.0, 261.0, 141.0, 521.0, 274.0, 90.0, 56.0, 174.0, 251.0
67, 2013-03-16, Home, CLE, W, L, -15, O, 201, 0, 1254.0, 1178.0, 471.0, 975.0, 87.0, 239.0, 225.0, 290.0, 96.0, 501.0, 313.0, 101.0, 62.0, 174.0, 220.0, 446.0, 1025.0, 86.0, 220.0, 200.0, 256.0, 131.0, 508.0, 271.0, 92.0, 62.0, 175.0, 259.0
68, 2013-03-20, Home, GSW, W, W, -8, U, 203, 0, 1265.0, 1189.0, 481.0, 978.0, 83.0, 226.0, 220.0, 284.0, 100.0, 498.0, 320.0, 99.0, 61.0, 175.0, 220.0, 455.0, 1020.0, 84.0, 210.0, 195.0, 258.0, 130.0, 495.0, 272.0, 97.0, 64.0, 175.0, 263.0
69, 2013-03-22, Home, UTA, W, L, -11.5, O, 198.5, 0, 1253.0, 1192.0, 479.0, 990.0, 83.0, 235.0, 212.0, 271.0, 100.0, 502.0, 317.0, 101.0, 62.0, 170.0, 213.0, 460.0, 1028.0, 85.0, 206.0, 187.0, 248.0, 129.0, 501.0, 267.0, 101.0, 67.0, 173.0, 258.0
70, 2013-03-24, Away, HOU, L, L, -1.5, U, 212.5, 0, 1256.0, 1182.0, 481.0, 979.0, 87.0, 233.0, 207.0, 263.0, 98.0, 498.0, 323.0, 102.0, 65.0, 178.0, 208.0, 462.0, 1030.0, 88.0, 202.0, 170.0, 230.0, 131.0, 492.0, 265.0, 106.0, 71.0, 177.0, 262.0
71, 2013-03-27, Home, DEN, W, L, -6.5, U, 208.5, 0, 1254.0, 1191.0, 482.0, 985.0, 92.0, 238.0, 198.0, 249.0, 101.0, 500.0, 320.0, 101.0, 69.0, 177.0, 199.0, 464.0, 1029.0, 94.0, 219.0, 169.0, 224.0, 130.0, 489.0, 260.0, 102.0, 70.0, 170.0, 257.0
72, 2013-03-29, Home, LAC, W, L, -4, O, 198, 0, 1253.0, 1185.0, 482.0, 980.0, 96.0, 236.0, 193.0, 241.0, 102.0, 494.0, 316.0, 99.0, 75.0, 178.0, 195.0, 462.0, 1022.0, 91.0, 217.0, 170.0, 220.0, 128.0, 481.0, 260.0, 104.0, 69.0, 170.0, 252.0
73, 2013-03-31, Home, MIA, L, L, -1.5, U, 194, 0, 1227.0, 1185.0, 470.0, 970.0, 93.0, 231.0, 194.0, 239.0, 99.0, 483.0, 304.0, 90.0, 74.0, 168.0, 200.0, 464.0, 1018.0, 92.0, 215.0, 165.0, 222.0, 135.0, 491.0, 266.0, 98.0, 71.0, 160.0, 257.0
74, 2013-04-01, Away, MEM, L, W, 6.5, U, 189.5, 1, 1199.0, 1198.0, 460.0, 960.0, 91.0, 235.0, 188.0, 235.0, 104.0, 483.0, 295.0, 85.0, 67.0, 169.0, 195.0, 469.0, 1003.0, 98.0, 224.0, 162.0, 219.0, 125.0, 478.0, 272.0, 101.0, 78.0, 151.0, 249.0
75, 2013-04-03, Home, ORL, W, W, -12.5, U, 198, 0, 1188.0, 1207.0, 456.0, 961.0, 91.0, 244.0, 185.0, 228.0, 106.0, 476.0, 294.0, 86.0, 68.0, 173.0, 209.0, 472.0, 992.0, 91.0, 211.0, 172.0, 235.0, 121.0, 477.0, 264.0, 101.0, 78.0, 153.0, 248.0
76, 2013-04-04, Away, OKC, L, L, 7.5, U, 201, 1, 1180.0, 1155.0, 452.0, 967.0, 95.0, 254.0, 181.0, 226.0, 111.0, 500.0, 298.0, 88.0, 69.0, 176.0, 200.0, 454.0, 996.0, 84.0, 207.0, 163.0, 223.0, 122.0, 486.0, 261.0, 105.0, 79.0, 156.0, 247.0
77, 2013-04-06, Home, ATL, W, L, -10.5, O, 192.5, 0, 1163.0, 1162.0, 442.0, 968.0, 95.0, 254.0, 184.0, 229.0, 113.0, 509.0, 294.0, 88.0, 73.0, 174.0, 190.0, 459.0, 1001.0, 90.0, 214.0, 154.0, 212.0, 118.0, 490.0, 266.0, 107.0, 85.0, 151.0, 246.0
78, 2013-04-10, Away, DEN, L, L, 3.5, U, 203, 0, 1179.0, 1152.0, 449.0, 966.0, 89.0, 240.0, 192.0, 240.0, 114.0, 519.0, 299.0, 84.0, 81.0, 173.0, 190.0, 450.0, 1002.0, 83.0, 206.0, 169.0, 219.0, 116.0, 479.0, 259.0, 111.0, 76.0, 147.0, 248.0
79, 2013-04-12, Home, SAC, W, L, -11.5, O, 207.5, 0, 1173.0, 1157.0, 447.0, 969.0, 88.0, 248.0, 191.0, 240.0, 115.0, 513.0, 292.0, 87.0, 83.0, 171.0, 197.0, 452.0, 1005.0, 81.0, 202.0, 172.0, 230.0, 126.0, 497.0, 264.0, 109.0, 75.0, 153.0, 241.0
80, 2013-04-14, Away, LAL, L, L, -3.5, U, 196, 0, 1162.0, 1145.0, 444.0, 968.0, 88.0, 248.0, 186.0, 232.0, 108.0, 511.0, 288.0, 87.0, 88.0, 169.0, 190.0, 448.0, 1009.0, 85.0, 207.0, 164.0, 214.0, 126.0, 502.0, 268.0, 109.0, 75.0, 156.0, 230.0
81, 2013-04-15, Away, GSW, L, L, 6, O, 199.5, 1, 1144.0, 1143.0, 436.0, 972.0, 86.0, 240.0, 186.0, 236.0, 110.0, 519.0, 286.0, 89.0, 89.0, 165.0, 200.0, 442.0, 1010.0, 88.0, 222.0, 171.0, 230.0, 130.0, 521.0, 270.0, 106.0, 78.0, 154.0, 227.0
82, 2013-04-17, Home, MIN, L, L, -9, O, 199.5, 0, 1146.0, 1162.0, 442.0, 986.0, 86.0, 244.0, 176.0, 225.0, 112.0, 512.0, 293.0, 94.0, 80.0, 163.0, 201.0, 447.0, 999.0, 89.0, 225.0, 179.0, 236.0, 128.0, 526.0, 273.0, 104.0, 76.0, 159.0, 217.0
