21, 2014-12-05, Home, MIA, W, W, 1.5, U, 195.5, 0, 1960.0, 1987.0, 747.0, 1655.0, 128.0, 379.0, 338.0, 435.0, 229.0, 837.0, 455.0, 191.0, 90.0, 310.0, 458.0, 740.0, 1653.0, 155.0, 445.0, 352.0, 508.0, 240.0, 856.0, 447.0, 163.0, 103.0, 318.0, 411.0
22, 2014-12-07, Away, DAL, L, L, 9, O, 210.5, 0, 1963.0, 1964.0, 747.0, 1644.0, 130.0, 381.0, 339.0, 437.0, 238.0, 847.0, 451.0, 193.0, 83.0, 320.0, 459.0, 729.0, 1620.0, 156.0, 442.0, 350.0, 506.0, 228.0, 826.0, 441.0, 171.0, 97.0, 326.0, 413.0
23, 2014-12-09, Away, OKC, L, L, 10, O, 201, 0, 1972.0, 2008.0, 753.0, 1640.0, 125.0, 372.0, 341.0, 433.0, 234.0, 828.0, 443.0, 190.0, 76.0, 319.0, 458.0, 746.0, 1618.0, 163.0, 450.0, 353.0, 503.0, 224.0, 820.0, 450.0, 176.0, 100.0, 321.0, 409.0
24, 2014-12-13, Home, LAC, W, W, 6, O, 210, 0, 1976.0, 2014.0, 753.0, 1644.0, 120.0, 371.0, 350.0, 444.0, 227.0, 817.0, 444.0, 187.0, 75.0, 306.0, 455.0, 747.0, 1627.0, 163.0, 458.0, 357.0, 504.0, 233.0, 840.0, 445.0, 168.0, 101.0, 322.0, 416.0
25, 2014-12-15, Away, PHO, W, W, 5.5, U, 209.5, 0, 2000.0, 2039.0, 759.0, 1637.0, 120.0, 361.0, 362.0, 461.0, 224.0, 817.0, 449.0, 178.0, 74.0, 309.0, 452.0, 755.0, 1640.0, 171.0, 463.0, 358.0, 501.0, 228.0, 828.0, 455.0, 172.0, 95.0, 317.0, 423.0
26, 2014-12-17, Away, POR, L, W, 10, U, 202, 0, 2010.0, 2038.0, 761.0, 1621.0, 125.0, 362.0, 363.0, 463.0, 211.0, 800.0, 453.0, 178.0, 72.0, 316.0, 451.0, 751.0, 1642.0, 178.0, 485.0, 358.0, 498.0, 237.0, 828.0, 448.0, 176.0, 97.0, 321.0, 429.0
27, 2014-12-18, Away, SAC, W, W, 7.5, O, 204.5, 1, 2012.0, 2044.0, 762.0, 1621.0, 127.0, 361.0, 361.0, 462.0, 207.0, 797.0, 443.0, 176.0, 66.0, 316.0, 457.0, 755.0, 1654.0, 174.0, 485.0, 360.0, 503.0, 241.0, 840.0, 455.0, 173.0, 95.0, 317.0, 424.0
28, 2014-12-20, Away, LAC, L, W, 10, U, 210, 0, 2027.0, 2059.0, 759.0, 1608.0, 135.0, 366.0, 374.0, 478.0, 196.0, 781.0, 443.0, 176.0, 64.0, 316.0, 459.0, 764.0, 1639.0, 177.0, 485.0, 354.0, 502.0, 230.0, 835.0, 464.0, 169.0, 93.0, 325.0, 429.0
29, 2014-12-23, Home, CHO, L, L, -5.5, O, 197, 0, 2044.0, 2087.0, 769.0, 1608.0, 140.0, 375.0, 366.0, 469.0, 192.0, 776.0, 454.0, 177.0, 59.0, 318.0, 463.0, 772.0, 1633.0, 183.0, 491.0, 360.0, 510.0, 228.0, 830.0, 478.0, 173.0, 92.0, 322.0, 425.0
30, 2014-12-26, Away, ATL, W, W, 9, U, 204.5, 0, 2060.0, 2094.0, 772.0, 1610.0, 146.0, 377.0, 370.0, 475.0, 196.0, 778.0, 460.0, 176.0, 61.0, 322.0, 463.0, 773.0, 1635.0, 181.0, 488.0, 367.0, 519.0, 229.0, 828.0, 477.0, 172.0, 94.0, 319.0, 431.0
31, 2014-12-27, Home, ATL, L, L, 4.5, U, 203.5, 1, 2076.0, 2087.0, 777.0, 1615.0, 149.0, 378.0, 373.0, 472.0, 197.0, 778.0, 472.0, 180.0, 66.0, 321.0, 458.0, 774.0, 1638.0, 174.0, 486.0, 365.0, 511.0, 231.0, 826.0, 478.0, 170.0, 92.0, 324.0, 430.0
32, 2014-12-29, Away, CHO, W, W, 3, U, 198.5, 0, 2044.0, 2064.0, 765.0, 1617.0, 152.0, 391.0, 362.0, 459.0, 193.0, 781.0, 463.0, 180.0, 76.0, 324.0, 452.0, 763.0, 1648.0, 172.0, 490.0, 366.0, 511.0, 237.0, 849.0, 473.0, 170.0, 93.0, 323.0, 425.0
33, 2014-12-31, Away, CLE, W, W, -1, U, 201, 0, 2026.0, 2040.0, 757.0, 1594.0, 153.0, 388.0, 359.0, 452.0, 179.0, 772.0, 461.0, 176.0, 82.0, 330.0, 449.0, 752.0, 1646.0, 170.0, 484.0, 366.0, 508.0, 236.0, 848.0, 467.0, 176.0, 96.0, 320.0, 420.0
34, 2015-01-02, Home, IND, L, L, -1.5, U, 194.5, 0, 2040.0, 1996.0, 770.0, 1610.0, 158.0, 393.0, 342.0, 430.0, 184.0, 796.0, 467.0, 175.0, 87.0, 328.0, 449.0, 736.0, 1645.0, 163.0, 490.0, 361.0, 500.0, 234.0, 840.0, 459.0, 173.0, 97.0, 316.0, 412.0
35, 2015-01-04, Away, NYK, W, W, -7, U, 192.5, 0, 2031.0, 1979.0, 772.0, 1615.0, 160.0, 402.0, 327.0, 414.0, 186.0, 803.0, 474.0, 174.0, 87.0, 326.0, 447.0, 728.0, 1633.0, 163.0, 492.0, 360.0, 498.0, 224.0, 832.0, 456.0, 173.0, 94.0, 317.0, 400.0
36, 2015-01-06, Home, PHO, L, L, 4.5, U, 209, 0, 2028.0, 1975.0, 768.0, 1602.0, 154.0, 396.0, 338.0, 428.0, 181.0, 801.0, 475.0, 175.0, 89.0, 328.0, 443.0, 723.0, 1631.0, 165.0, 497.0, 364.0, 495.0, 223.0, 832.0, 456.0, 174.0, 91.0, 314.0, 402.0
37, 2015-01-07, Away, PHI, W, W, -7, U, 195.5, 1, 2021.0, 1991.0, 765.0, 1605.0, 152.0, 400.0, 339.0, 431.0, 181.0, 802.0, 475.0, 172.0, 87.0, 328.0, 442.0, 729.0, 1631.0, 169.0, 508.0, 364.0, 488.0, 221.0, 840.0, 456.0, 170.0, 91.0, 314.0, 396.0
38, 2015-01-09, Home, MIN, W, W, -9.5, U, 203, 0, 2014.0, 1980.0, 767.0, 1604.0, 147.0, 388.0, 333.0, 426.0, 178.0, 801.0, 477.0, 177.0, 85.0, 333.0, 448.0, 720.0, 1631.0, 165.0, 510.0, 375.0, 492.0, 222.0, 845.0, 445.0, 173.0, 92.0, 324.0, 396.0
39, 2015-01-10, Away, CHI, L, L, 6, U, 194, 1, 2009.0, 1947.0, 773.0, 1605.0, 153.0, 388.0, 310.0, 401.0, 179.0, 808.0, 484.0, 183.0, 84.0, 345.0, 453.0, 708.0, 1623.0, 156.0, 494.0, 375.0, 493.0, 222.0, 841.0, 441.0, 179.0, 90.0, 330.0, 386.0
40, 2015-01-15, Home, NYK, W, W, -7.5, U, 199, 0, 1988.0, 1931.0, 764.0, 1594.0, 149.0, 379.0, 311.0, 404.0, 179.0, 805.0, 472.0, 181.0, 91.0, 343.0, 451.0, 704.0, 1638.0, 154.0, 490.0, 369.0, 479.0, 237.0, 852.0, 443.0, 179.0, 90.0, 323.0, 387.0
41, 2015-01-19, Home, TOR, L, L, -1.5, U, 197, 0, 1978.0, 1903.0, 754.0, 1593.0, 150.0, 386.0, 320.0, 414.0, 185.0, 810.0, 469.0, 183.0, 91.0, 340.0, 444.0, 690.0, 1614.0, 154.0, 485.0, 369.0, 477.0, 225.0, 842.0, 445.0, 176.0, 90.0, 328.0, 396.0
42, 2015-01-22, Home, UTA, L, L, -8.5, O, 185, 0, 1958.0, 1910.0, 749.0, 1600.0, 146.0, 388.0, 314.0, 413.0, 184.0, 808.0, 470.0, 184.0, 93.0, 332.0, 440.0, 696.0, 1636.0, 153.0, 491.0, 365.0, 474.0, 242.0, 876.0, 441.0, 169.0, 92.0, 325.0, 394.0
43, 2015-01-24, Home, DET, W, W, 2.5, U, 195.5, 0, 1955.0, 1886.0, 749.0, 1608.0, 147.0, 386.0, 310.0, 408.0, 188.0, 812.0, 479.0, 188.0, 94.0, 327.0, 447.0, 679.0, 1623.0, 155.0, 491.0, 373.0, 483.0, 246.0, 883.0, 437.0, 164.0, 87.0, 336.0, 395.0
44, 2015-01-25, Away, SAS, L, W, 11.5, O, 192.5, 1, 1955.0, 1858.0, 756.0, 1605.0, 154.0, 382.0, 289.0, 383.0, 188.0, 826.0, 493.0, 186.0, 98.0, 333.0, 443.0, 669.0, 1627.0, 157.0, 495.0, 363.0, 474.0, 247.0, 875.0, 428.0, 165.0, 83.0, 335.0, 381.0
45, 2015-01-27, Away, MIA, W, W, 2, O, 187, 0, 1939.0, 1853.0, 752.0, 1611.0, 155.0, 388.0, 280.0, 372.0, 195.0, 829.0, 497.0, 195.0, 99.0, 335.0, 450.0, 665.0, 1619.0, 148.0, 488.0, 375.0, 485.0, 251.0, 881.0, 426.0, 166.0, 86.0, 338.0, 374.0
46, 2015-01-29, Away, ORL, W, W, -4, O, 204, 0, 1952.0, 1861.0, 756.0, 1609.0, 156.0, 388.0, 284.0, 380.0, 194.0, 830.0, 499.0, 192.0, 101.0, 326.0, 445.0, 673.0, 1619.0, 143.0, 470.0, 372.0, 484.0, 240.0, 872.0, 429.0, 159.0, 82.0, 330.0, 373.0
47, 2015-01-31, Home, POR, W, W, 2, U, 197.5, 0, 1970.0, 1857.0, 764.0, 1619.0, 161.0, 394.0, 281.0, 376.0, 196.0, 836.0, 512.0, 200.0, 109.0, 328.0, 444.0, 669.0, 1614.0, 141.0, 465.0, 378.0, 485.0, 238.0, 869.0, 418.0, 163.0, 83.0, 339.0, 372.0
48, 2015-02-02, Away, TOR, W, W, 6, U, 203, 0, 1957.0, 1838.0, 764.0, 1626.0, 156.0, 392.0, 273.0, 363.0, 200.0, 859.0, 510.0, 205.0, 115.0, 329.0, 437.0, 664.0, 1636.0, 144.0, 482.0, 366.0, 470.0, 245.0, 878.0, 413.0, 169.0, 86.0, 334.0, 364.0
49, 2015-02-04, Home, LAL, W, L, -9.5, O, 192, 0, 1937.0, 1807.0, 754.0, 1625.0, 155.0, 384.0, 274.0, 365.0, 197.0, 857.0, 505.0, 207.0, 120.0, 323.0, 429.0, 652.0, 1633.0, 139.0, 483.0, 364.0, 465.0, 247.0, 883.0, 398.0, 166.0, 85.0, 337.0, 365.0
50, 2015-02-06, Away, HOU, L, L, 5.5, O, 198.5, 0, 1949.0, 1804.0, 756.0, 1625.0, 158.0, 389.0, 279.0, 367.0, 193.0, 852.0, 505.0, 210.0, 121.0, 314.0, 426.0, 655.0, 1644.0, 140.0, 490.0, 354.0, 454.0, 254.0, 893.0, 399.0, 163.0, 82.0, 341.0, 369.0
51, 2015-02-07, Home, BOS, W, L, -6.5, U, 192.5, 1, 1953.0, 1844.0, 764.0, 1641.0, 154.0, 387.0, 271.0, 359.0, 198.0, 853.0, 506.0, 205.0, 118.0, 312.0, 430.0, 665.0, 1649.0, 151.0, 499.0, 363.0, 469.0, 256.0, 897.0, 411.0, 166.0, 83.0, 336.0, 367.0
52, 2015-02-09, Home, BRK, W, W, -5, O, 193.5, 0, 1964.0, 1847.0, 770.0, 1636.0, 150.0, 377.0, 274.0, 364.0, 191.0, 846.0, 506.0, 206.0, 114.0, 305.0, 432.0, 668.0, 1645.0, 149.0, 499.0, 362.0, 470.0, 250.0, 890.0, 406.0, 164.0, 80.0, 336.0, 369.0
53, 2015-02-11, Home, SAC, W, L, -10, O, 198.5, 0, 1963.0, 1850.0, 767.0, 1640.0, 151.0, 374.0, 278.0, 368.0, 203.0, 848.0, 510.0, 212.0, 108.0, 295.0, 421.0, 673.0, 1631.0, 151.0, 499.0, 353.0, 463.0, 249.0, 880.0, 411.0, 154.0, 79.0, 334.0, 366.0
54, 2015-02-20, Home, DEN, W, L, -8.5, U, 197, 0, 1978.0, 1873.0, 766.0, 1630.0, 147.0, 364.0, 299.0, 390.0, 200.0, 839.0, 508.0, 213.0, 107.0, 299.0, 427.0, 680.0, 1630.0, 151.0, 490.0, 362.0, 477.0, 252.0, 879.0, 416.0, 156.0, 79.0, 340.0, 373.0
55, 2015-02-22, Home, ATL, L, L, 5, U, 195, 0, 1976.0, 1860.0, 761.0, 1619.0, 145.0, 355.0, 309.0, 402.0, 197.0, 842.0, 502.0, 209.0, 105.0, 303.0, 430.0, 675.0, 1633.0, 150.0, 496.0, 360.0, 478.0, 256.0, 879.0, 410.0, 160.0, 83.0, 340.0, 380.0
56, 2015-02-23, Away, CHI, L, L, 7, U, 192.5, 1, 1967.0, 1875.0, 758.0, 1614.0, 145.0, 355.0, 306.0, 393.0, 191.0, 832.0, 498.0, 209.0, 108.0, 309.0, 434.0, 679.0, 1644.0, 150.0, 501.0, 367.0, 485.0, 265.0, 886.0, 410.0, 162.0, 88.0, 344.0, 377.0
57, 2015-02-25, Home, PHI, W, W, -10, O, 187.5, 0, 1942.0, 1860.0, 751.0, 1615.0, 146.0, 353.0, 294.0, 384.0, 190.0, 829.0, 492.0, 209.0, 107.0, 302.0, 434.0, 669.0, 1639.0, 151.0, 502.0, 371.0, 490.0, 271.0, 902.0, 411.0, 159.0, 89.0, 343.0, 377.0
58, 2015-02-27, Away, LAL, L, L, -6.5, O, 192.5, 0, 1949.0, 1871.0, 754.0, 1621.0, 143.0, 351.0, 298.0, 389.0, 195.0, 829.0, 492.0, 211.0, 108.0, 300.0, 427.0, 675.0, 1631.0, 160.0, 502.0, 361.0, 480.0, 268.0, 896.0, 418.0, 161.0, 86.0, 347.0, 380.0
59, 2015-02-28, Away, UTA, L, L, 3.5, U, 182, 1, 1944.0, 1888.0, 749.0, 1633.0, 135.0, 349.0, 311.0, 408.0, 199.0, 839.0, 480.0, 205.0, 110.0, 289.0, 423.0, 683.0, 1637.0, 160.0, 498.0, 362.0, 485.0, 264.0, 906.0, 419.0, 155.0, 88.0, 340.0, 387.0
60, 2015-03-03, Away, DEN, L, L, -5.5, O, 196.5, 0, 1932.0, 1875.0, 742.0, 1626.0, 137.0, 353.0, 311.0, 406.0, 195.0, 841.0, 479.0, 211.0, 104.0, 301.0, 422.0, 677.0, 1625.0, 162.0, 503.0, 359.0, 484.0, 255.0, 901.0, 413.0, 166.0, 90.0, 350.0, 387.0
61, 2015-03-04, Away, GSW, L, W, 13, U, 202, 1, 1932.0, 1902.0, 749.0, 1640.0, 139.0, 359.0, 295.0, 386.0, 189.0, 838.0, 479.0, 204.0, 109.0, 300.0, 430.0, 688.0, 1643.0, 166.0, 515.0, 360.0, 484.0, 258.0, 908.0, 417.0, 169.0, 89.0, 342.0, 379.0
62, 2015-03-07, Home, WAS, W, W, -4.5, U, 186.5, 0, 1936.0, 1912.0, 749.0, 1644.0, 139.0, 355.0, 299.0, 386.0, 194.0, 842.0, 474.0, 203.0, 105.0, 307.0, 427.0, 689.0, 1626.0, 174.0, 525.0, 360.0, 485.0, 242.0, 888.0, 430.0, 176.0, 92.0, 343.0, 383.0
63, 2015-03-09, Home, NOP, L, L, 1.5, O, 186.5, 0, 1928.0, 1896.0, 743.0, 1630.0, 144.0, 362.0, 298.0, 389.0, 189.0, 846.0, 473.0, 199.0, 106.0, 311.0, 420.0, 688.0, 1636.0, 169.0, 522.0, 351.0, 479.0, 244.0, 894.0, 424.0, 176.0, 92.0, 338.0, 387.0
64, 2015-03-11, Home, ORL, W, L, -8, U, 189, 0, 1930.0, 1924.0, 739.0, 1620.0, 137.0, 360.0, 315.0, 410.0, 188.0, 826.0, 460.0, 204.0, 105.0, 305.0, 417.0, 701.0, 1625.0, 172.0, 512.0, 350.0, 475.0, 238.0, 882.0, 436.0, 172.0, 94.0, 336.0, 393.0
65, 2015-03-12, Away, IND, L, W, 7, O, 188, 1, 1932.0, 1914.0, 739.0, 1617.0, 137.0, 361.0, 317.0, 413.0, 186.0, 835.0, 461.0, 199.0, 107.0, 310.0, 408.0, 700.0, 1627.0, 177.0, 508.0, 337.0, 458.0, 233.0, 874.0, 435.0, 177.0, 92.0, 335.0, 394.0
66, 2015-03-14, Away, MEM, L, L, 6.5, U, 183.5, 0, 1926.0, 1921.0, 735.0, 1637.0, 132.0, 359.0, 324.0, 419.0, 194.0, 849.0, 453.0, 203.0, 107.0, 313.0, 413.0, 701.0, 1631.0, 179.0, 510.0, 340.0, 460.0, 234.0, 889.0, 439.0, 179.0, 98.0, 343.0, 404.0
67, 2015-03-17, Away, NOP, L, W, 7, U, 190.5, 0, 1894.0, 1917.0, 720.0, 1622.0, 125.0, 353.0, 329.0, 428.0, 195.0, 848.0, 441.0, 193.0, 102.0, 313.0, 407.0, 701.0, 1627.0, 182.0, 506.0, 333.0, 446.0, 228.0, 876.0, 448.0, 181.0, 97.0, 334.0, 407.0
68, 2015-03-18, Home, SAS, L, L, 5.5, O, 192, 1, 1883.0, 1914.0, 715.0, 1626.0, 121.0, 352.0, 332.0, 435.0, 195.0, 847.0, 439.0, 185.0, 106.0, 306.0, 410.0, 697.0, 1621.0, 181.0, 500.0, 339.0, 454.0, 227.0, 882.0, 455.0, 176.0, 100.0, 331.0, 412.0
69, 2015-03-20, Away, BRK, L, P, 2, O, 193, 0, 1904.0, 1953.0, 721.0, 1626.0, 121.0, 350.0, 341.0, 442.0, 199.0, 846.0, 443.0, 182.0, 104.0, 306.0, 418.0, 710.0, 1619.0, 182.0, 493.0, 351.0, 470.0, 217.0, 870.0, 468.0, 178.0, 103.0, 324.0, 412.0
70, 2015-03-22, Home, CLE, L, L, 7.5, O, 196, 0, 1918.0, 1977.0, 729.0, 1673.0, 118.0, 340.0, 342.0, 449.0, 232.0, 892.0, 441.0, 183.0, 106.0, 312.0, 427.0, 717.0, 1633.0, 184.0, 490.0, 359.0, 479.0, 215.0, 870.0, 477.0, 184.0, 108.0, 323.0, 412.0
71, 2015-03-24, Home, MIA, W, W, 2, U, 191, 0, 1897.0, 1968.0, 719.0, 1648.0, 117.0, 335.0, 342.0, 448.0, 227.0, 890.0, 435.0, 183.0, 108.0, 322.0, 418.0, 718.0, 1636.0, 182.0, 489.0, 350.0, 466.0, 214.0, 864.0, 467.0, 187.0, 104.0, 319.0, 407.0
72, 2015-03-26, Home, IND, W, W, -1.5, O, 186.5, 0, 1890.0, 1963.0, 718.0, 1660.0, 113.0, 332.0, 341.0, 446.0, 241.0, 903.0, 439.0, 185.0, 111.0, 330.0, 421.0, 715.0, 1625.0, 183.0, 479.0, 350.0, 464.0, 211.0, 854.0, 465.0, 191.0, 107.0, 326.0, 408.0
73, 2015-03-28, Home, GSW, L, L, 4.5, U, 208, 0, 1898.0, 1973.0, 720.0, 1644.0, 115.0, 333.0, 343.0, 455.0, 233.0, 889.0, 440.0, 181.0, 110.0, 337.0, 441.0, 707.0, 1620.0, 188.0, 484.0, 371.0, 488.0, 215.0, 857.0, 458.0, 195.0, 103.0, 330.0, 419.0
74, 2015-03-30, Away, ATL, L, L, 9, U, 194.5, 0, 1882.0, 1978.0, 714.0, 1651.0, 110.0, 333.0, 344.0, 455.0, 238.0, 886.0, 441.0, 184.0, 110.0, 338.0, 437.0, 713.0, 1618.0, 192.0, 487.0, 360.0, 472.0, 206.0, 854.0, 461.0, 195.0, 106.0, 334.0, 419.0
75, 2015-04-01, Home, CHI, W, W, 5, U, 191.5, 0, 1881.0, 1998.0, 715.0, 1648.0, 109.0, 335.0, 342.0, 456.0, 244.0, 879.0, 445.0, 182.0, 107.0, 333.0, 438.0, 719.0, 1613.0, 194.0, 490.0, 366.0, 475.0, 204.0, 851.0, 472.0, 189.0, 103.0, 330.0, 420.0
76, 2015-04-03, Away, BOS, W, W, 5, O, 194.5, 0, 1890.0, 1992.0, 720.0, 1665.0, 113.0, 340.0, 337.0, 456.0, 256.0, 889.0, 441.0, 183.0, 105.0, 327.0, 442.0, 715.0, 1600.0, 190.0, 486.0, 372.0, 491.0, 200.0, 848.0, 467.0, 190.0, 99.0, 330.0, 424.0
77, 2015-04-04, Home, ORL, L, L, -9, U, 194, 1, 1929.0, 2006.0, 735.0, 1661.0, 118.0, 346.0, 341.0, 461.0, 253.0, 893.0, 456.0, 184.0, 107.0, 335.0, 441.0, 727.0, 1612.0, 190.0, 484.0, 362.0, 475.0, 191.0, 827.0, 466.0, 193.0, 94.0, 328.0, 428.0
78, 2015-04-08, Home, CLE, L, W, 6.5, O, 199, 0, 1915.0, 2015.0, 730.0, 1668.0, 118.0, 347.0, 337.0, 458.0, 255.0, 895.0, 450.0, 176.0, 108.0, 326.0, 441.0, 736.0, 1623.0, 187.0, 480.0, 356.0, 469.0, 191.0, 834.0, 468.0, 187.0, 101.0, 312.0, 419.0
79, 2015-04-10, Away, NYK, W, L, -11, O, 189, 0, 1921.0, 2018.0, 738.0, 1665.0, 120.0, 348.0, 325.0, 442.0, 249.0, 878.0, 462.0, 182.0, 105.0, 327.0, 446.0, 732.0, 1612.0, 192.0, 496.0, 362.0, 473.0, 193.0, 828.0, 468.0, 188.0, 101.0, 318.0, 415.0
80, 2015-04-12, Home, BRK, W, W, -1, U, 202.5, 0, 1945.0, 2027.0, 746.0, 1667.0, 121.0, 350.0, 332.0, 457.0, 246.0, 872.0, 462.0, 184.0, 104.0, 321.0, 445.0, 737.0, 1608.0, 191.0, 487.0, 362.0, 474.0, 185.0, 824.0, 472.0, 179.0, 99.0, 320.0, 423.0
81, 2015-04-13, Away, PHI, W, W, -3.5, O, 196, 1, 1946.0, 1994.0, 752.0, 1664.0, 117.0, 346.0, 325.0, 447.0, 245.0, 878.0, 471.0, 191.0, 104.0, 324.0, 440.0, 725.0, 1605.0, 182.0, 471.0, 362.0, 476.0, 193.0, 830.0, 463.0, 180.0, 99.0, 328.0, 419.0
82, 2015-04-15, Home, BOS, L, L, -6, O, 198, 0, 1960.0, 1989.0, 758.0, 1665.0, 116.0, 341.0, 328.0, 458.0, 241.0, 870.0, 477.0, 193.0, 110.0, 319.0, 446.0, 720.0, 1613.0, 174.0, 465.0, 375.0, 485.0, 203.0, 836.0, 455.0, 175.0, 97.0, 341.0, 423.0
