16, 2014-12-02, Home, OKC, W, W, 3.5, O, 197, 0, 0, 100.47, 98.8, 38.47, 85.67, 6.8, 19.93, 16.73, 22.67, 12.13, 42.27, 21.33, 7.8, 6.0, 10.67, 21.8, 36.53, 79.33, 6.0, 17.47, 19.73, 25.73, 11.27, 43.93, 19.87, 5.87, 5.53, 14.2, 19.27, 91.13, 92.33, 34.47, 81.6, 7.73, 22.6, 14.47, 20.87, 11.4, 44.13, 18.53, 5.87, 5.53, 13.93, 22.8, 34.07, 80.47, 7.2, 24.27, 17.0, 23.13, 11.27, 43.33, 20.27, 6.67, 4.87, 12.4, 20.07
17, 2014-12-04, Away, GSW, L, L, 9.5, U, 206.5, 0, 0, 101.2, 100.13, 38.33, 84.8, 6.87, 19.93, 17.67, 23.6, 11.47, 41.4, 21.53, 8.0, 5.6, 10.93, 22.07, 36.87, 79.33, 6.2, 18.33, 20.2, 26.13, 10.8, 43.2, 19.8, 6.0, 5.33, 14.13, 19.73, 105.93, 97.33, 39.93, 82.6, 9.73, 25.33, 16.33, 20.93, 9.07, 45.53, 25.73, 7.4, 6.4, 16.13, 20.33, 36.07, 87.53, 7.13, 21.87, 18.07, 23.93, 11.6, 43.53, 20.07, 8.53, 3.53, 13.67, 18.67
18, 2014-12-06, Away, LAC, L, L, 9, O, 207.5, 0, 0, 99.93, 100.33, 38.27, 84.8, 6.6, 19.67, 16.8, 22.6, 11.2, 41.4, 21.47, 8.0, 5.6, 11.2, 21.8, 36.93, 80.07, 6.47, 18.13, 20.0, 26.0, 11.27, 44.0, 20.2, 6.47, 5.47, 13.93, 18.6, 106.53, 98.2, 39.47, 79.33, 10.27, 25.53, 17.33, 22.93, 6.6, 39.8, 24.53, 6.93, 4.93, 12.2, 20.87, 35.4, 80.13, 7.8, 24.0, 19.6, 25.87, 9.0, 39.73, 21.73, 7.0, 3.0, 13.13, 21.27
19, 2014-12-07, Away, LAL, W, W, -2.5, U, 207, 0, 1, 101.2, 102.13, 38.87, 84.4, 6.87, 19.6, 16.6, 22.33, 11.07, 41.13, 22.27, 7.93, 5.53, 11.13, 21.0, 37.73, 80.2, 7.33, 19.33, 19.33, 25.13, 11.07, 43.07, 21.2, 6.6, 5.47, 13.67, 18.33, 103.73, 109.33, 38.93, 86.87, 6.53, 19.2, 19.33, 25.93, 11.87, 42.73, 20.07, 7.2, 4.53, 11.6, 21.2, 40.4, 84.8, 9.0, 24.4, 19.53, 25.93, 10.8, 44.87, 26.07, 6.27, 3.8, 13.07, 20.87
20, 2014-12-09, Home, NYK, W, W, -6, O, 195, 0, 0, 101.47, 101.87, 39.2, 84.53, 7.07, 19.6, 16.0, 22.07, 10.93, 41.33, 22.4, 7.73, 5.4, 11.33, 20.67, 37.67, 80.87, 7.27, 19.2, 19.27, 25.27, 11.13, 43.07, 20.87, 6.47, 5.8, 13.33, 18.33, 94.53, 98.87, 36.53, 80.0, 7.33, 21.13, 14.13, 18.13, 10.07, 39.27, 20.2, 6.87, 3.4, 14.2, 23.53, 35.47, 79.73, 8.47, 23.67, 19.47, 25.93, 12.47, 41.8, 20.93, 8.07, 2.67, 14.0, 20.13
21, 2014-12-10, Away, DAL, L, W, 7, O, 209, 1, 1, 101.73, 101.47, 39.2, 84.2, 6.8, 19.2, 16.53, 22.87, 11.33, 42.2, 22.4, 7.47, 5.33, 11.33, 20.27, 37.73, 80.73, 7.53, 19.27, 18.47, 24.2, 10.4, 41.8, 21.13, 6.73, 5.87, 13.0, 18.53, 113.2, 103.73, 42.0, 87.4, 10.2, 29.47, 19.0, 25.13, 11.87, 43.93, 25.0, 7.93, 5.6, 11.67, 20.67, 38.13, 84.27, 9.33, 23.13, 18.13, 24.53, 12.4, 44.0, 22.07, 6.47, 2.93, 16.0, 23.53
22, 2014-12-12, Home, CLE, W, W, -1.5, O, 201.5, 1, 0, 101.47, 101.07, 39.13, 83.87, 6.47, 18.6, 16.73, 23.13, 11.47, 42.53, 21.4, 7.27, 5.2, 11.73, 20.27, 38.0, 80.87, 7.27, 18.87, 17.8, 23.33, 9.93, 40.73, 20.53, 6.87, 5.87, 12.93, 18.87, 103.33, 96.67, 38.07, 80.47, 7.93, 22.27, 19.27, 25.87, 10.8, 41.93, 23.53, 7.8, 4.6, 13.93, 19.27, 37.8, 83.8, 6.4, 20.87, 14.67, 18.67, 11.13, 39.4, 24.8, 7.27, 4.2, 14.13, 21.6
23, 2014-12-14, Home, GSW, L, W, 6.5, O, 205.5, 1, 0, 102.13, 101.87, 39.07, 83.67, 6.73, 19.2, 17.27, 23.6, 11.33, 42.2, 21.0, 7.4, 4.8, 11.33, 19.67, 38.6, 81.2, 7.33, 18.93, 17.33, 22.73, 9.93, 40.87, 21.0, 6.73, 5.93, 12.73, 19.2, 107.73, 94.87, 41.07, 86.8, 9.53, 26.2, 16.07, 21.2, 11.27, 47.33, 26.53, 8.27, 6.6, 13.07, 19.53, 35.6, 88.0, 5.8, 19.47, 17.87, 24.2, 12.87, 45.93, 19.67, 8.07, 3.93, 13.93, 18.67
24, 2014-12-16, Home, UTA, W, L, -10, O, 197, 0, 0, 101.0, 104.33, 38.47, 84.8, 6.27, 19.67, 17.8, 24.2, 11.93, 42.87, 20.4, 7.47, 5.0, 11.33, 19.47, 39.6, 82.13, 7.87, 19.6, 17.27, 22.33, 9.73, 41.47, 21.6, 6.87, 6.33, 12.53, 19.33, 94.47, 101.27, 35.27, 78.27, 6.13, 18.47, 17.8, 25.0, 11.47, 41.73, 19.4, 6.6, 5.47, 14.4, 19.07, 39.33, 80.93, 7.27, 19.4, 15.33, 20.93, 9.8, 39.33, 19.27, 8.53, 4.87, 11.6, 20.8
25, 2014-12-18, Away, HOU, W, W, 4.5, U, 200.5, 1, 0, 102.73, 104.93, 39.07, 84.4, 6.47, 19.47, 18.13, 24.13, 11.67, 42.27, 20.93, 7.33, 5.33, 11.67, 19.27, 40.07, 83.07, 7.73, 19.33, 17.07, 22.07, 10.27, 41.07, 21.53, 6.8, 6.73, 12.33, 19.13, 99.47, 98.53, 35.2, 84.2, 11.4, 35.13, 17.67, 24.8, 12.93, 45.4, 19.13, 8.53, 4.73, 15.87, 23.33, 36.53, 84.07, 6.33, 21.53, 19.13, 25.2, 11.6, 43.73, 21.6, 8.4, 5.8, 14.73, 21.6
26, 2014-12-20, Home, POR, L, L, -5.5, U, 205.5, 1, 0, 102.27, 104.27, 39.0, 84.6, 6.2, 19.07, 18.07, 24.0, 12.2, 43.13, 20.93, 7.2, 5.47, 12.07, 18.73, 39.73, 83.07, 7.87, 20.27, 16.93, 21.67, 9.93, 40.47, 21.27, 7.13, 6.87, 12.07, 19.33, 102.47, 97.67, 39.6, 88.8, 8.53, 25.2, 14.73, 19.13, 11.87, 47.27, 22.27, 6.8, 5.27, 12.73, 18.27, 39.07, 87.73, 4.6, 15.93, 14.93, 20.07, 10.93, 44.87, 21.6, 7.87, 3.27, 11.93, 18.47
27, 2014-12-21, Away, OKC, W, W, 7, U, 201, 0, 1, 101.67, 104.07, 38.93, 85.07, 6.07, 19.0, 17.73, 23.6, 13.0, 43.67, 20.67, 7.2, 5.67, 12.33, 18.0, 40.07, 83.6, 7.73, 20.33, 16.2, 21.0, 10.07, 40.73, 21.33, 7.33, 6.4, 12.27, 19.4, 102.67, 95.53, 38.47, 84.07, 7.13, 22.2, 18.6, 24.4, 12.47, 47.0, 20.0, 7.33, 6.53, 14.0, 23.47, 35.27, 82.93, 6.33, 22.2, 18.67, 25.67, 11.2, 41.0, 22.07, 7.47, 4.93, 13.13, 19.93
28, 2014-12-23, Away, IND, L, L, -1.5, U, 194.5, 0, 0, 101.33, 104.4, 39.0, 84.87, 6.27, 19.2, 17.07, 22.8, 12.47, 43.33, 21.6, 7.2, 5.67, 12.33, 17.67, 40.4, 84.4, 7.73, 20.73, 15.87, 20.67, 10.4, 41.07, 21.47, 7.4, 6.2, 12.13, 18.6, 95.87, 98.73, 36.93, 87.0, 6.87, 20.73, 15.13, 20.47, 10.47, 44.73, 22.07, 6.53, 3.2, 12.73, 22.07, 36.93, 81.67, 6.6, 19.2, 18.27, 25.27, 9.07, 45.0, 19.8, 7.6, 4.87, 13.0, 19.93
29, 2014-12-26, Home, SAS, W, W, -3, U, 202.5, 1, 0, 101.0, 104.2, 39.0, 85.13, 6.33, 19.4, 16.67, 22.13, 12.13, 43.73, 21.6, 7.27, 5.4, 12.67, 17.33, 40.53, 84.47, 7.73, 20.8, 15.4, 20.27, 10.13, 41.07, 22.0, 7.4, 6.73, 12.13, 18.4, 107.4, 104.8, 40.07, 85.53, 9.07, 22.53, 18.2, 24.07, 11.33, 45.67, 25.07, 7.33, 5.6, 14.07, 19.53, 39.73, 88.2, 8.4, 20.53, 16.93, 22.47, 11.33, 44.4, 21.33, 8.07, 4.13, 13.07, 22.2
30, 2014-12-27, Away, CHI, L, W, 10, O, 201, 0, 1, 101.4, 103.53, 38.93, 84.8, 6.27, 18.93, 17.27, 22.67, 11.53, 43.87, 21.73, 7.27, 5.6, 12.4, 17.07, 40.47, 84.4, 7.8, 20.6, 14.8, 19.73, 9.47, 40.87, 21.93, 7.13, 6.53, 12.07, 18.6, 106.6, 99.4, 37.47, 82.07, 7.8, 21.53, 23.87, 29.6, 12.2, 48.53, 22.07, 4.93, 6.53, 13.87, 18.33, 37.6, 89.33, 6.53, 19.0, 17.67, 22.47, 12.0, 40.87, 19.4, 8.07, 4.93, 9.93, 23.2
31, 2014-12-30, Home, PHO, W, W, -2, O, 213, 0, 0, 102.73, 105.13, 39.67, 85.27, 6.13, 18.73, 17.27, 22.33, 11.33, 43.53, 22.13, 7.33, 6.07, 12.6, 17.4, 40.87, 85.27, 7.87, 21.13, 15.53, 20.4, 9.67, 40.8, 21.8, 7.07, 6.33, 12.0, 18.53, 106.0, 103.4, 39.47, 85.67, 10.8, 28.8, 16.27, 21.13, 11.33, 42.2, 21.47, 8.93, 5.13, 14.53, 20.6, 38.87, 84.13, 7.07, 19.73, 18.6, 24.53, 12.0, 44.33, 19.13, 8.33, 3.47, 15.53, 20.4
32, 2014-12-31, Away, SAS, L, W, 4.5, U, 199, 1, 1, 102.6, 105.27, 39.87, 84.8, 6.33, 18.8, 16.53, 21.27, 11.13, 43.53, 21.87, 6.73, 5.47, 12.4, 17.2, 41.13, 85.4, 8.0, 20.93, 15.0, 19.87, 9.8, 40.33, 21.87, 7.07, 6.33, 11.27, 17.8, 105.67, 105.53, 39.93, 83.33, 8.4, 21.33, 17.4, 23.27, 10.2, 42.93, 24.47, 7.53, 5.6, 15.13, 20.4, 39.53, 86.0, 8.27, 20.47, 18.2, 23.73, 11.13, 43.53, 21.8, 9.2, 4.33, 14.2, 22.0
33, 2015-01-02, Home, HOU, W, W, 2, U, 204, 0, 0, 103.13, 104.13, 39.67, 84.8, 6.67, 19.67, 17.13, 21.73, 11.2, 43.87, 21.33, 6.73, 5.27, 12.13, 17.53, 40.6, 84.67, 7.73, 21.07, 15.2, 19.93, 9.13, 39.8, 21.4, 6.67, 6.27, 11.6, 18.53, 106.0, 102.2, 38.0, 86.53, 11.73, 33.93, 18.27, 25.53, 12.8, 46.07, 20.47, 9.07, 4.47, 16.53, 23.07, 37.47, 84.53, 7.2, 22.0, 20.07, 25.53, 10.4, 41.2, 22.67, 8.73, 5.8, 15.33, 21.47
34, 2015-01-05, Home, WAS, L, L, -3, U, 200, 0, 0, 103.87, 101.67, 40.07, 85.0, 6.6, 19.13, 17.13, 21.4, 11.2, 44.13, 21.2, 7.27, 5.67, 12.6, 17.2, 40.07, 85.33, 7.0, 20.87, 14.53, 19.07, 9.6, 39.8, 20.6, 7.07, 6.07, 12.4, 18.67, 99.93, 100.6, 39.6, 83.87, 6.4, 15.47, 14.33, 19.73, 10.27, 42.07, 23.87, 7.47, 4.8, 13.8, 21.0, 38.4, 82.27, 6.47, 18.47, 17.33, 24.07, 9.0, 40.53, 18.73, 8.0, 4.73, 13.07, 19.47
35, 2015-01-07, Away, CHO, L, L, -4.5, O, 191, 0, 0, 102.6, 102.0, 39.4, 84.4, 6.47, 19.2, 17.33, 21.53, 11.27, 43.4, 20.6, 7.67, 5.73, 12.8, 17.47, 40.2, 84.6, 6.8, 20.27, 14.8, 19.2, 9.87, 40.2, 20.93, 7.47, 6.13, 12.6, 18.67, 96.93, 98.47, 36.13, 85.0, 6.87, 21.27, 17.8, 24.0, 11.13, 44.6, 19.27, 6.07, 5.87, 12.0, 19.2, 36.73, 83.4, 8.27, 22.93, 16.73, 21.73, 8.33, 42.0, 21.07, 6.8, 6.53, 12.47, 21.0
36, 2015-01-09, Home, MEM, W, W, -1, O, 198.5, 0, 0, 101.93, 102.33, 39.13, 84.4, 6.6, 19.4, 17.07, 21.4, 11.07, 43.4, 20.4, 7.6, 5.73, 13.0, 17.87, 40.2, 85.13, 6.47, 19.93, 15.47, 20.07, 10.07, 41.07, 20.87, 7.53, 5.87, 12.4, 18.53, 102.8, 102.93, 39.8, 87.2, 6.0, 17.4, 17.2, 22.07, 10.2, 42.33, 23.73, 8.53, 4.73, 12.07, 19.93, 38.33, 82.53, 9.73, 24.73, 16.53, 22.4, 9.93, 44.2, 21.87, 7.0, 6.4, 14.27, 20.2
37, 2015-01-12, Away, BOS, L, L, -5.5, O, 204, 0, 0, 101.87, 101.2, 38.93, 83.93, 6.8, 19.53, 17.2, 21.53, 10.87, 43.53, 20.73, 7.47, 6.2, 12.93, 17.87, 39.67, 85.07, 6.27, 19.67, 15.6, 20.4, 10.6, 42.07, 20.87, 7.67, 5.8, 12.53, 18.53, 99.4, 100.07, 39.2, 87.87, 7.07, 22.87, 13.93, 19.0, 10.27, 42.47, 24.87, 8.47, 4.6, 13.87, 21.53, 38.07, 86.93, 6.53, 20.27, 17.4, 22.93, 12.8, 46.27, 20.8, 8.07, 5.6, 14.6, 18.4
38, 2015-01-14, Away, DET, W, W, 3.5, U, 203.5, 0, 0, 100.6, 100.8, 38.07, 83.67, 6.4, 18.67, 18.07, 22.33, 11.53, 43.93, 20.67, 7.6, 6.2, 13.67, 18.4, 39.2, 85.0, 6.27, 19.8, 16.13, 20.93, 11.0, 42.33, 21.0, 7.8, 5.73, 12.87, 18.8, 104.47, 100.0, 39.93, 88.13, 10.27, 28.2, 14.33, 21.27, 13.07, 47.13, 23.33, 9.33, 4.73, 11.87, 19.67, 38.07, 83.67, 8.07, 23.6, 15.8, 21.73, 10.13, 44.4, 24.8, 6.6, 4.33, 14.6, 17.87
39, 2015-01-16, Away, PHI, L, L, -6.5, U, 191, 0, 0, 99.47, 98.53, 37.53, 82.27, 6.4, 18.27, 18.0, 22.2, 11.47, 44.13, 20.73, 6.93, 6.27, 13.6, 17.8, 38.53, 84.13, 6.07, 19.67, 15.4, 20.13, 10.67, 41.27, 21.07, 7.87, 5.8, 12.07, 18.6, 88.53, 102.0, 32.53, 80.47, 6.47, 22.67, 17.0, 24.47, 12.27, 43.07, 18.27, 9.47, 6.93, 18.67, 20.53, 38.07, 84.07, 9.47, 26.27, 16.4, 22.73, 12.4, 46.2, 24.93, 10.67, 5.47, 16.0, 21.0
40, 2015-01-18, Away, TOR, W, W, 11, U, 205.5, 0, 0, 96.93, 97.53, 36.33, 82.0, 6.13, 18.33, 18.13, 22.93, 11.87, 45.67, 20.27, 6.67, 6.07, 13.73, 17.73, 37.93, 83.47, 6.2, 20.13, 15.47, 20.67, 10.07, 41.4, 21.27, 8.27, 6.0, 11.6, 18.73, 105.93, 104.53, 40.13, 86.93, 9.6, 27.47, 16.07, 21.93, 11.93, 42.67, 22.47, 6.67, 4.13, 12.27, 20.47, 39.73, 84.33, 7.47, 21.27, 17.6, 23.53, 11.0, 42.8, 23.0, 6.47, 6.07, 13.0, 19.8
41, 2015-01-19, Away, NYK, L, L, -7.5, U, 193.5, 0, 1, 96.67, 97.73, 36.4, 82.0, 6.13, 18.27, 17.73, 22.8, 11.8, 45.4, 20.13, 6.93, 5.67, 14.07, 17.93, 37.8, 82.53, 6.27, 20.13, 15.87, 21.07, 9.73, 41.0, 21.2, 8.33, 6.07, 11.87, 18.73, 90.2, 105.8, 35.0, 83.2, 7.27, 22.0, 12.93, 17.27, 10.2, 39.0, 21.4, 8.6, 3.93, 13.93, 20.53, 38.87, 79.87, 10.67, 24.4, 17.4, 23.4, 10.6, 43.87, 23.8, 9.33, 4.47, 14.4, 17.33
42, 2015-01-21, Home, LAL, W, W, -7, U, 203, 0, 0, 96.93, 96.73, 36.73, 81.93, 6.47, 19.07, 17.0, 22.27, 11.8, 45.53, 20.0, 6.53, 5.33, 13.6, 18.33, 37.13, 81.73, 6.33, 20.0, 16.13, 21.2, 9.67, 40.27, 21.0, 7.73, 6.4, 11.27, 18.0, 97.2, 102.2, 36.6, 82.73, 7.47, 20.07, 16.53, 22.87, 10.53, 44.33, 21.33, 7.13, 4.6, 13.8, 19.87, 38.2, 83.87, 9.07, 24.73, 16.73, 22.87, 10.4, 43.4, 22.8, 8.4, 5.13, 12.6, 18.2
43, 2015-01-23, Away, MIN, W, W, -6.5, U, 196.5, 0, 0, 96.6, 95.47, 36.4, 81.47, 6.2, 18.8, 17.6, 23.0, 11.8, 45.93, 19.2, 6.33, 5.2, 14.0, 18.0, 36.47, 81.33, 6.4, 20.0, 16.13, 21.0, 9.27, 39.87, 20.93, 8.07, 6.33, 11.27, 18.53, 97.27, 106.67, 37.33, 86.33, 6.4, 18.67, 16.2, 20.67, 12.33, 40.53, 23.2, 8.4, 4.67, 14.0, 18.6, 41.07, 83.87, 8.33, 21.53, 16.2, 21.13, 11.33, 43.73, 22.6, 8.6, 5.2, 14.47, 19.87
44, 2015-01-25, Home, DAL, W, W, 3.5, O, 199, 0, 0, 97.13, 94.67, 36.87, 81.27, 6.13, 17.73, 17.27, 22.67, 11.6, 45.33, 19.33, 6.53, 5.67, 13.87, 17.87, 36.2, 81.73, 6.2, 19.6, 16.07, 20.93, 9.67, 39.87, 21.13, 7.67, 5.8, 11.53, 18.47, 104.87, 100.13, 39.6, 86.33, 9.0, 25.13, 16.67, 21.93, 9.33, 42.07, 23.2, 7.93, 4.27, 11.67, 20.07, 38.07, 87.13, 7.13, 22.6, 16.87, 23.0, 12.87, 49.13, 23.0, 7.2, 3.67, 15.07, 21.33
45, 2015-01-26, Home, PHI, W, W, -15, U, 189.5, 0, 1, 97.93, 95.73, 37.2, 80.93, 6.27, 17.73, 17.27, 22.73, 11.87, 45.07, 19.47, 6.6, 5.4, 13.93, 18.53, 36.33, 82.13, 6.4, 20.27, 16.67, 21.67, 10.47, 39.8, 20.8, 7.87, 5.93, 11.0, 18.6, 88.0, 101.87, 32.53, 81.13, 7.2, 23.6, 15.73, 23.0, 12.8, 42.2, 19.87, 9.27, 6.27, 17.73, 20.0, 37.93, 82.33, 8.93, 23.53, 17.07, 22.93, 12.6, 47.13, 25.73, 9.93, 5.2, 15.87, 20.33
46, 2015-01-28, Home, DEN, L, L, -6, U, 203, 0, 0, 97.87, 93.53, 37.07, 80.8, 6.47, 17.87, 17.27, 22.93, 12.33, 46.07, 20.13, 6.67, 5.6, 13.67, 18.4, 35.47, 81.6, 6.13, 19.93, 16.47, 21.6, 10.33, 39.33, 20.53, 7.8, 6.13, 10.93, 18.73, 102.6, 105.6, 38.53, 85.6, 6.93, 20.6, 18.6, 25.87, 11.47, 44.93, 22.8, 7.27, 4.4, 12.93, 21.67, 39.67, 84.87, 8.47, 22.07, 17.8, 23.33, 10.13, 43.87, 23.87, 7.33, 5.8, 12.87, 21.0
47, 2015-01-30, Home, LAC, W, W, 7.5, O, 199.5, 0, 0, 96.2, 92.67, 36.4, 80.87, 6.13, 17.67, 17.27, 22.6, 12.6, 46.0, 19.87, 6.53, 5.87, 13.6, 18.2, 35.33, 81.53, 6.2, 19.67, 15.8, 20.8, 10.13, 39.4, 21.4, 7.6, 6.2, 11.07, 18.8, 108.53, 97.2, 39.93, 83.27, 10.27, 26.87, 18.4, 25.27, 9.33, 42.67, 25.93, 7.67, 5.47, 10.93, 18.87, 36.6, 84.2, 7.8, 23.33, 16.2, 22.6, 12.0, 43.67, 22.67, 6.4, 3.0, 12.73, 20.0
48, 2015-02-02, Home, ATL, W, W, 3, O, 196, 0, 0, 97.2, 93.2, 36.53, 80.67, 6.47, 17.47, 17.67, 23.0, 12.8, 45.93, 20.6, 6.33, 6.0, 13.27, 17.87, 35.53, 81.73, 6.27, 19.93, 15.87, 20.73, 10.2, 38.73, 21.13, 7.6, 6.0, 10.47, 18.93, 105.53, 92.93, 38.87, 80.4, 11.47, 26.87, 16.33, 21.4, 8.47, 41.0, 27.87, 9.27, 4.13, 12.87, 17.13, 34.73, 81.27, 8.6, 27.0, 14.87, 19.47, 10.47, 41.53, 22.47, 6.8, 4.0, 15.4, 20.07
49, 2015-02-04, Home, OKC, L, L, -4, O, 192.5, 0, 0, 97.47, 94.33, 36.47, 80.87, 6.6, 18.0, 17.93, 23.2, 13.13, 46.13, 21.0, 5.87, 6.13, 12.93, 18.0, 35.87, 81.8, 6.33, 19.47, 16.27, 21.13, 9.93, 38.33, 20.93, 7.13, 6.0, 9.6, 18.47, 99.27, 100.6, 37.8, 88.07, 7.6, 24.47, 16.07, 21.53, 11.47, 46.87, 20.87, 8.6, 6.07, 13.87, 21.27, 37.13, 86.27, 9.07, 23.27, 17.27, 22.8, 11.47, 46.27, 22.33, 8.13, 4.13, 13.93, 18.0
50, 2015-02-06, Away, OKC, W, W, 6, O, 199, 0, 0, 97.87, 95.0, 36.73, 82.4, 6.67, 18.4, 17.73, 22.93, 13.73, 46.73, 21.27, 5.8, 6.0, 12.4, 17.73, 36.33, 82.2, 6.53, 19.8, 15.8, 20.73, 10.0, 38.87, 20.8, 6.67, 6.27, 9.87, 18.8, 98.8, 99.87, 37.87, 88.2, 7.4, 24.2, 15.67, 21.0, 11.87, 47.53, 20.87, 8.27, 6.53, 14.13, 21.27, 37.0, 87.13, 8.8, 23.53, 17.07, 22.67, 12.2, 46.87, 22.07, 8.4, 4.27, 13.6, 17.67
51, 2015-02-07, Home, CHI, L, L, 2, U, 193.5, 0, 1, 99.33, 96.0, 37.0, 82.6, 7.0, 18.53, 18.33, 23.33, 13.87, 46.93, 21.73, 5.73, 5.8, 12.6, 17.87, 36.53, 82.4, 6.8, 20.47, 16.13, 20.87, 10.07, 38.67, 20.87, 6.8, 6.53, 10.07, 19.13, 99.13, 102.6, 36.13, 85.73, 7.93, 22.67, 18.93, 24.2, 13.13, 46.0, 20.13, 6.73, 6.07, 12.8, 17.93, 40.33, 87.4, 6.07, 18.53, 15.87, 20.73, 11.73, 44.73, 23.13, 7.27, 6.4, 11.8, 20.13
52, 2015-02-09, Home, UTA, L, L, -2.5, O, 184.5, 0, 0, 97.07, 96.8, 36.67, 82.93, 6.6, 18.33, 17.13, 22.07, 13.8, 46.33, 21.4, 6.07, 5.53, 12.67, 17.4, 37.0, 82.53, 7.07, 20.8, 15.73, 20.27, 9.73, 38.73, 20.93, 6.73, 6.53, 10.13, 18.4, 94.73, 96.67, 36.07, 80.6, 7.8, 22.0, 14.8, 20.47, 11.53, 43.4, 20.53, 8.53, 6.13, 14.6, 18.93, 36.4, 80.67, 7.6, 20.27, 16.27, 21.47, 10.2, 39.27, 20.6, 9.27, 4.87, 13.0, 17.4
53, 2015-02-11, Home, IND, L, L, 1, O, 189, 0, 0, 96.8, 96.27, 36.8, 83.2, 7.07, 18.8, 16.13, 20.93, 13.73, 46.0, 21.4, 5.93, 6.27, 12.47, 17.13, 37.13, 82.87, 7.13, 20.6, 14.87, 19.47, 10.0, 38.93, 20.87, 6.93, 6.8, 10.07, 18.0, 96.2, 98.6, 36.53, 82.2, 6.13, 20.33, 17.0, 22.0, 10.0, 44.27, 21.87, 7.0, 4.0, 14.13, 20.33, 36.27, 82.13, 8.47, 22.6, 17.6, 22.53, 8.87, 40.8, 21.07, 7.6, 4.27, 12.67, 21.4
54, 2015-02-20, Away, ORL, L, L, -5.5, U, 192.5, 0, 0, 96.0, 97.07, 36.47, 82.8, 7.0, 18.4, 16.07, 21.07, 13.47, 45.0, 21.33, 6.0, 6.0, 12.53, 17.07, 37.53, 83.0, 7.2, 20.47, 14.8, 19.13, 10.27, 39.4, 21.2, 6.87, 6.27, 10.47, 18.53, 99.6, 107.13, 38.53, 83.13, 6.67, 20.2, 15.87, 20.8, 9.6, 40.87, 21.13, 8.47, 3.87, 15.27, 21.07, 40.2, 82.73, 8.8, 22.53, 17.93, 23.13, 9.0, 42.93, 27.13, 9.67, 4.87, 14.73, 18.13
55, 2015-02-21, Away, MIA, W, W, 2, O, 194.5, 1, 1, 96.2, 97.0, 36.47, 82.4, 7.07, 18.53, 16.2, 21.0, 12.93, 44.0, 21.6, 6.07, 6.0, 12.07, 16.53, 38.07, 83.53, 7.0, 20.2, 13.87, 17.73, 10.27, 39.6, 21.2, 6.33, 5.8, 10.53, 18.6, 91.87, 94.0, 34.47, 77.8, 6.67, 19.13, 16.27, 21.13, 9.53, 41.13, 21.0, 7.13, 4.73, 14.07, 18.2, 35.87, 80.93, 7.67, 21.07, 14.6, 19.4, 10.27, 40.13, 23.47, 7.73, 4.6, 13.27, 19.87
56, 2015-02-23, Home, TOR, W, W, 7.5, O, 195, 0, 0, 96.87, 96.87, 36.2, 82.47, 7.27, 18.8, 17.2, 21.73, 12.93, 44.0, 21.8, 6.07, 6.07, 11.73, 16.87, 38.2, 84.0, 6.87, 19.67, 13.6, 17.6, 10.67, 40.13, 21.0, 6.07, 5.93, 10.67, 18.93, 100.47, 97.27, 35.87, 81.87, 8.53, 25.33, 20.2, 25.67, 10.87, 43.0, 20.4, 9.13, 5.07, 13.13, 20.67, 36.0, 83.0, 6.87, 22.67, 18.4, 24.6, 11.93, 44.2, 21.6, 8.0, 5.2, 14.93, 19.47
57, 2015-02-25, Home, BRK, W, W, 2.5, O, 193.5, 0, 0, 97.4, 96.73, 36.53, 82.07, 7.4, 18.47, 16.93, 21.47, 12.4, 43.87, 22.73, 6.4, 6.47, 12.27, 17.07, 38.0, 84.4, 6.53, 19.67, 14.2, 18.53, 11.13, 40.53, 20.4, 6.73, 5.53, 10.93, 19.0, 97.53, 102.0, 37.47, 83.07, 5.93, 18.8, 16.67, 22.73, 11.13, 42.13, 20.67, 6.87, 4.67, 12.47, 19.67, 39.07, 84.47, 7.6, 23.4, 16.27, 22.8, 11.93, 44.93, 24.73, 7.6, 4.27, 11.93, 19.2
58, 2015-02-27, Home, MIA, W, W, 2, O, 196, 0, 0, 97.8, 97.8, 36.53, 81.47, 7.93, 19.07, 16.8, 21.33, 12.13, 43.73, 23.07, 6.27, 6.53, 12.6, 17.67, 38.73, 85.4, 6.6, 19.73, 13.73, 18.13, 11.0, 40.27, 20.2, 6.33, 5.67, 10.67, 18.67, 94.07, 95.47, 35.4, 80.0, 6.67, 19.93, 16.6, 22.07, 10.27, 42.27, 20.6, 7.2, 4.93, 14.07, 19.33, 35.67, 80.73, 7.73, 21.27, 16.4, 22.53, 10.53, 40.87, 23.6, 7.93, 4.8, 13.47, 20.33
59, 2015-03-01, Away, DEN, W, W, -4.5, U, 197.5, 0, 0, 98.6, 99.0, 36.47, 81.2, 8.13, 19.87, 17.53, 22.2, 12.2, 43.73, 23.67, 6.0, 6.33, 12.4, 17.87, 39.13, 85.4, 7.0, 20.53, 13.73, 18.07, 10.8, 39.8, 19.8, 6.33, 5.87, 10.2, 19.0, 93.47, 104.4, 34.73, 86.93, 7.47, 25.6, 16.53, 22.67, 11.47, 41.73, 22.13, 8.07, 5.07, 12.27, 20.8, 39.4, 84.67, 6.4, 19.8, 19.2, 25.93, 12.47, 50.8, 23.87, 7.27, 6.67, 14.13, 19.93
60, 2015-03-02, Away, DAL, L, L, 8, U, 197, 0, 1, 97.93, 98.07, 36.2, 80.87, 7.93, 20.2, 17.6, 22.53, 12.07, 44.0, 23.33, 5.87, 6.4, 12.87, 17.47, 39.0, 86.13, 7.0, 21.13, 13.07, 17.53, 11.0, 40.2, 19.6, 6.67, 5.67, 10.33, 19.4, 98.53, 96.47, 37.07, 85.33, 9.67, 27.67, 14.73, 19.6, 10.8, 44.2, 21.47, 9.0, 4.47, 14.0, 18.47, 35.87, 85.07, 9.53, 27.33, 15.2, 20.73, 13.13, 48.0, 20.6, 8.33, 4.2, 15.87, 20.67
61, 2015-03-04, Home, DET, W, L, -5, U, 195.5, 0, 0, 97.53, 99.93, 35.93, 80.07, 8.13, 20.53, 17.53, 22.33, 11.6, 43.0, 22.73, 5.47, 5.93, 13.0, 17.53, 39.67, 86.0, 7.27, 21.2, 13.33, 17.6, 10.73, 40.2, 19.33, 6.67, 5.47, 9.87, 19.07, 100.4, 99.73, 36.93, 84.07, 8.33, 25.13, 18.2, 25.4, 12.6, 44.0, 20.93, 6.87, 4.27, 12.87, 18.93, 37.87, 83.13, 7.8, 22.0, 16.2, 20.67, 10.73, 42.4, 23.53, 6.8, 5.2, 12.33, 21.33
62, 2015-03-06, Home, BOS, L, L, -7, O, 199.5, 0, 0, 97.73, 99.4, 36.27, 80.6, 8.07, 20.33, 17.13, 21.8, 11.47, 42.87, 22.93, 5.8, 6.33, 13.33, 17.53, 39.6, 86.53, 6.73, 21.0, 13.47, 17.73, 11.27, 41.07, 19.0, 6.93, 5.47, 10.53, 18.87, 98.4, 98.8, 37.07, 90.87, 9.0, 27.87, 15.27, 20.93, 13.13, 46.33, 23.4, 7.73, 2.93, 11.4, 20.47, 37.4, 82.87, 7.33, 24.27, 16.67, 22.53, 10.87, 47.13, 21.67, 6.6, 5.33, 14.8, 19.47
63, 2015-03-07, Home, MEM, W, W, -1.5, U, 186, 1, 1, 97.07, 99.47, 36.4, 80.2, 7.73, 20.07, 16.53, 21.07, 11.13, 42.47, 22.67, 5.8, 6.53, 14.0, 17.53, 39.2, 85.67, 6.93, 20.67, 14.13, 18.27, 11.13, 41.0, 18.93, 7.13, 5.27, 10.93, 18.6, 92.87, 92.8, 35.8, 81.93, 3.47, 12.8, 17.8, 22.93, 10.73, 42.33, 20.33, 9.53, 4.33, 12.47, 17.73, 35.73, 81.13, 7.4, 21.6, 13.93, 18.2, 10.27, 43.6, 19.93, 7.47, 5.67, 14.33, 19.47
64, 2015-03-09, Away, MIL, W, W, -1.5, O, 186.5, 0, 0, 95.73, 98.73, 36.07, 79.8, 7.67, 20.07, 15.93, 20.4, 10.47, 41.73, 22.27, 6.0, 6.73, 14.33, 17.73, 38.67, 84.67, 6.87, 20.27, 14.53, 19.07, 11.07, 41.47, 19.4, 7.73, 5.53, 11.47, 18.87, 94.2, 94.6, 36.13, 81.8, 6.4, 17.73, 15.53, 20.27, 9.8, 42.47, 22.33, 9.73, 5.07, 15.33, 20.53, 34.27, 81.4, 9.13, 27.07, 16.93, 23.33, 12.27, 45.4, 22.33, 8.8, 5.07, 16.87, 20.0
65, 2015-03-10, Away, BRK, W, W, 2.5, O, 192.5, 0, 1, 97.27, 98.8, 36.53, 78.33, 7.8, 19.4, 16.4, 20.93, 9.87, 40.8, 22.47, 6.0, 6.8, 14.8, 18.13, 38.13, 83.73, 6.8, 20.27, 15.73, 20.4, 10.8, 39.93, 19.33, 8.27, 5.13, 11.47, 18.73, 98.27, 100.27, 38.0, 83.8, 6.93, 19.27, 15.33, 21.0, 11.47, 43.2, 20.07, 6.0, 3.87, 13.8, 20.0, 37.93, 85.0, 7.87, 24.6, 16.53, 22.67, 12.47, 45.27, 23.73, 8.67, 4.0, 12.4, 20.0
66, 2015-03-15, Home, DEN, L, L, -8, O, 209, 0, 0, 96.93, 97.33, 36.87, 78.6, 7.87, 19.47, 15.33, 19.67, 9.67, 40.47, 22.8, 6.33, 6.73, 14.33, 17.93, 37.8, 83.4, 6.67, 19.73, 15.07, 20.07, 10.93, 40.0, 19.33, 7.87, 4.93, 11.4, 18.0, 99.93, 103.2, 37.47, 87.13, 8.47, 26.4, 16.53, 23.47, 12.27, 43.27, 22.0, 8.87, 4.87, 12.87, 21.8, 38.0, 82.73, 7.4, 21.2, 19.8, 26.6, 10.53, 45.2, 22.8, 7.2, 6.8, 14.47, 21.27
67, 2015-03-17, Home, MIL, W, L, -7, U, 190.5, 0, 0, 99.53, 98.07, 37.8, 79.47, 8.0, 19.8, 15.93, 20.6, 9.87, 41.8, 23.87, 6.0, 7.27, 14.8, 18.4, 38.0, 84.73, 6.67, 20.33, 15.4, 20.53, 11.2, 40.47, 19.8, 8.07, 4.93, 11.4, 18.93, 93.13, 95.93, 34.93, 80.53, 5.8, 16.87, 17.47, 22.73, 10.47, 42.53, 21.33, 9.8, 4.8, 16.53, 20.33, 35.13, 80.0, 9.0, 23.93, 16.67, 22.13, 11.0, 43.13, 22.73, 9.47, 5.53, 17.27, 20.8
68, 2015-03-19, Away, PHO, L, L, PK, U, 198.5, 0, 0, 98.8, 97.0, 37.53, 79.73, 7.67, 20.0, 16.07, 21.0, 9.53, 42.47, 24.27, 6.07, 6.53, 14.67, 18.47, 37.53, 84.27, 6.33, 20.27, 15.6, 20.67, 10.4, 40.6, 19.6, 7.6, 5.13, 11.4, 19.27, 100.67, 103.93, 38.0, 86.2, 7.53, 23.2, 17.13, 23.73, 12.53, 45.4, 20.2, 8.4, 4.27, 15.6, 21.07, 38.13, 86.27, 8.27, 22.27, 19.4, 24.73, 11.53, 45.2, 21.67, 8.8, 3.87, 14.53, 21.73
69, 2015-03-20, Away, GSW, L, L, 14, O, 201.5, 0, 1, 97.4, 94.87, 37.33, 80.33, 7.53, 20.2, 15.2, 20.0, 9.67, 43.33, 24.07, 6.0, 6.6, 14.4, 18.53, 36.8, 84.8, 5.87, 20.4, 15.4, 20.87, 10.87, 41.93, 18.47, 7.47, 5.53, 11.33, 18.67, 106.87, 99.13, 40.27, 86.27, 11.4, 27.33, 14.93, 19.53, 9.67, 42.67, 27.4, 9.93, 6.53, 13.6, 20.2, 37.2, 85.8, 6.93, 20.0, 17.8, 22.93, 11.67, 45.33, 20.0, 8.0, 3.33, 16.07, 18.73
70, 2015-03-22, Away, LAC, L, W, 9.5, O, 200, 0, 0, 98.2, 96.0, 37.6, 80.87, 7.93, 20.4, 15.07, 19.6, 9.8, 43.47, 24.13, 5.87, 6.4, 15.0, 18.93, 36.8, 84.8, 5.93, 20.47, 16.47, 22.0, 11.07, 41.93, 18.93, 7.8, 5.73, 11.4, 18.53, 103.07, 98.8, 39.2, 84.73, 11.27, 29.27, 13.4, 21.2, 9.27, 44.4, 24.4, 7.2, 5.8, 13.0, 23.33, 34.87, 83.53, 7.47, 21.53, 21.6, 28.47, 10.6, 45.2, 21.87, 7.0, 3.47, 12.93, 19.87
71, 2015-03-25, Home, HOU, L, L, -1, U, 203, 0, 0, 97.87, 97.07, 37.8, 80.33, 8.2, 20.47, 14.07, 18.6, 9.67, 43.47, 24.07, 5.8, 6.47, 15.4, 18.67, 37.4, 85.6, 6.07, 20.87, 16.2, 21.73, 11.27, 41.73, 19.6, 8.13, 5.73, 10.93, 18.13, 104.73, 102.53, 37.27, 84.13, 10.73, 31.8, 19.47, 25.6, 10.33, 43.33, 23.6, 8.53, 5.07, 14.73, 20.2, 39.53, 90.67, 8.47, 26.67, 15.0, 20.47, 13.8, 48.2, 21.27, 8.13, 5.13, 15.2, 21.73
72, 2015-03-27, Home, SAC, W, W, -6.5, U, 206, 0, 0, 97.4, 96.93, 37.4, 80.13, 7.87, 20.0, 14.73, 19.67, 9.67, 42.73, 23.6, 5.93, 6.6, 15.13, 18.4, 37.73, 85.4, 6.13, 20.8, 15.33, 20.47, 11.0, 41.93, 20.67, 7.8, 5.87, 11.6, 18.6, 105.73, 107.47, 37.6, 83.0, 6.93, 18.67, 23.6, 29.33, 11.0, 42.4, 22.33, 7.93, 3.47, 15.6, 19.4, 41.33, 86.0, 9.93, 25.67, 14.87, 20.53, 9.6, 40.33, 24.07, 8.67, 6.8, 14.27, 22.8
73, 2015-03-29, Home, MIN, W, W, -13, O, 197, 0, 0, 97.4, 96.4, 37.73, 80.8, 7.73, 19.67, 14.2, 19.2, 10.07, 43.0, 23.53, 5.87, 6.8, 14.6, 18.07, 37.47, 84.53, 6.13, 20.4, 15.33, 20.67, 11.13, 41.93, 20.73, 7.73, 5.73, 11.53, 18.47, 99.4, 107.2, 36.8, 81.93, 5.07, 14.47, 20.73, 25.4, 10.6, 40.0, 21.53, 7.8, 3.67, 14.2, 17.6, 42.2, 87.13, 9.33, 24.67, 13.47, 17.87, 12.13, 43.87, 25.07, 8.4, 4.27, 14.47, 20.53
74, 2015-04-01, Away, LAL, W, W, -9.5, O, 196.5, 0, 0, 97.8, 95.47, 38.0, 80.73, 7.73, 19.47, 14.07, 19.0, 10.07, 42.87, 23.73, 6.47, 7.0, 14.87, 18.2, 36.87, 83.93, 5.73, 19.8, 16.0, 21.2, 11.53, 42.47, 20.47, 7.87, 5.53, 12.53, 18.07, 96.33, 99.4, 37.4, 84.47, 5.73, 16.73, 15.8, 20.6, 11.2, 45.0, 21.87, 7.33, 4.8, 13.73, 21.53, 36.0, 80.47, 7.13, 22.67, 20.27, 27.27, 8.8, 41.07, 23.33, 9.0, 5.47, 11.53, 17.8
75, 2015-04-03, Away, SAC, W, L, -6.5, U, 203, 0, 0, 98.73, 95.47, 38.53, 81.0, 8.0, 19.07, 13.67, 18.4, 10.07, 42.6, 24.33, 6.2, 7.2, 14.2, 18.13, 36.87, 83.33, 5.47, 18.67, 16.27, 21.47, 11.27, 41.87, 20.8, 7.47, 5.47, 12.13, 17.53, 104.0, 107.87, 38.07, 83.6, 7.13, 19.07, 20.73, 26.67, 12.27, 43.8, 22.0, 7.07, 4.0, 15.67, 19.67, 41.73, 86.4, 10.67, 26.6, 13.73, 19.73, 10.4, 40.93, 25.0, 8.67, 7.53, 13.8, 21.73
76, 2015-04-04, Away, POR, L, L, 5.5, U, 193, 1, 1, 99.27, 95.0, 38.47, 81.87, 8.27, 19.6, 14.07, 19.2, 10.47, 43.47, 24.4, 6.2, 7.27, 14.13, 18.27, 36.8, 83.27, 5.47, 18.73, 15.93, 21.67, 11.07, 41.87, 21.47, 7.27, 5.47, 12.4, 18.33, 105.67, 102.2, 40.87, 85.47, 10.07, 26.2, 13.87, 17.67, 10.4, 45.27, 21.67, 4.87, 3.47, 12.47, 16.6, 40.27, 86.27, 7.4, 18.47, 14.27, 19.2, 9.67, 42.2, 21.8, 7.2, 3.07, 9.6, 17.27
77, 2015-04-07, Home, GSW, W, W, 4.5, U, 206.5, 0, 0, 99.4, 95.93, 38.6, 81.53, 8.6, 19.87, 13.6, 18.8, 10.07, 42.73, 24.4, 6.27, 6.8, 13.8, 18.47, 36.67, 82.67, 5.73, 18.87, 16.87, 22.6, 11.2, 41.8, 20.93, 7.0, 5.2, 11.87, 17.67, 109.93, 99.0, 41.8, 87.6, 10.8, 26.2, 15.53, 20.0, 10.73, 44.13, 29.2, 8.67, 5.4, 12.8, 19.6, 36.33, 84.6, 6.93, 19.07, 19.4, 25.27, 11.27, 43.47, 21.4, 7.4, 4.0, 14.27, 18.13
78, 2015-04-08, Away, MEM, L, L, 4.5, U, 184.5, 0, 1, 99.73, 95.67, 38.47, 81.73, 8.67, 19.73, 14.13, 19.8, 10.0, 42.73, 24.6, 6.47, 6.93, 13.4, 18.33, 37.07, 83.73, 5.67, 18.8, 15.87, 21.6, 11.47, 42.67, 21.33, 6.87, 5.93, 11.87, 17.93, 94.47, 94.6, 36.73, 80.8, 5.8, 15.8, 15.2, 19.6, 9.8, 41.07, 20.8, 8.07, 3.87, 14.33, 19.47, 36.07, 80.93, 7.8, 22.33, 14.67, 20.27, 9.6, 41.6, 21.33, 7.93, 3.93, 14.2, 19.0
79, 2015-04-10, Home, PHO, W, W, -9, U, 194, 0, 0, 98.33, 97.07, 37.8, 81.73, 8.53, 19.6, 14.2, 20.13, 10.33, 42.6, 23.87, 6.47, 6.27, 13.0, 18.13, 37.93, 84.67, 5.8, 18.87, 15.4, 20.6, 11.87, 43.53, 21.4, 6.33, 5.67, 11.47, 17.73, 92.87, 96.93, 36.27, 83.07, 5.6, 19.87, 14.73, 20.8, 10.4, 43.87, 18.67, 7.8, 4.27, 14.87, 17.87, 37.93, 84.8, 7.27, 22.47, 13.8, 18.6, 10.4, 44.4, 21.13, 7.47, 3.87, 13.73, 19.27
80, 2015-04-12, Away, HOU, L, L, 5, O, 199, 0, 0, 96.73, 95.2, 37.33, 82.33, 8.27, 19.87, 13.8, 20.0, 10.67, 44.07, 24.07, 6.27, 6.87, 12.6, 17.6, 37.47, 85.6, 6.0, 19.53, 14.27, 19.2, 12.0, 44.73, 21.27, 6.2, 5.6, 11.2, 17.73, 105.13, 103.8, 36.67, 80.2, 10.6, 29.6, 21.2, 30.2, 10.8, 42.8, 23.07, 9.13, 4.73, 15.53, 21.47, 39.67, 86.27, 8.07, 22.0, 16.4, 23.47, 12.73, 44.87, 22.07, 8.33, 5.67, 14.87, 22.93
81, 2015-04-13, Away, MIN, W, L, -14, U, 198, 0, 1, 96.93, 97.2, 37.27, 82.6, 8.2, 20.27, 14.2, 20.73, 11.0, 43.93, 23.47, 6.0, 6.73, 12.6, 18.33, 37.73, 84.87, 6.2, 20.07, 15.53, 20.87, 11.8, 44.67, 21.07, 6.27, 5.67, 11.13, 18.13, 98.0, 108.33, 35.93, 79.13, 5.47, 15.47, 20.67, 25.27, 8.87, 36.6, 20.4, 7.4, 4.13, 15.07, 17.6, 41.6, 85.53, 9.2, 25.73, 15.93, 21.33, 13.0, 45.0, 24.87, 8.6, 4.6, 13.87, 19.93
82, 2015-04-15, Home, SAS, W, W, 5.5, O, 193, 0, 0, 96.2, 95.2, 36.67, 81.6, 8.2, 20.2, 14.67, 20.93, 10.67, 42.67, 22.33, 6.2, 6.4, 12.0, 18.53, 36.73, 83.13, 5.8, 18.93, 15.93, 21.4, 11.53, 44.07, 20.67, 5.73, 6.07, 11.13, 18.2, 107.47, 92.07, 41.47, 83.0, 8.33, 22.33, 16.2, 19.93, 9.73, 44.47, 25.27, 9.27, 5.13, 13.2, 17.27, 36.4, 83.87, 6.67, 19.2, 12.6, 17.8, 10.33, 40.0, 19.87, 7.87, 3.07, 14.33, 18.27
