19, 2014-12-07, Away, LAL, W, W, -2.5, U, 207, 0, 1, 100.22, 101.0, 38.39, 85.67, 6.56, 19.67, 16.89, 23.5, 12.22, 43.06, 21.78, 7.89, 5.94, 11.17, 21.17, 37.5, 80.67, 6.89, 18.89, 19.11, 25.22, 11.22, 44.33, 21.06, 6.28, 5.72, 13.67, 19.39, 104.28, 110.94, 39.0, 86.72, 6.39, 18.78, 19.89, 26.83, 12.33, 42.61, 20.11, 7.17, 4.5, 12.33, 22.5, 40.39, 84.28, 9.11, 24.44, 21.06, 27.33, 10.72, 44.67, 26.33, 6.44, 3.89, 13.5, 21.89
20, 2014-12-09, Home, NYK, W, W, -6, O, 195, 0, 0, 100.39, 101.17, 38.5, 84.67, 6.78, 19.72, 16.61, 22.61, 11.28, 42.39, 22.22, 7.44, 5.22, 11.5, 21.0, 37.72, 81.0, 6.94, 19.33, 18.78, 24.89, 10.72, 43.11, 21.11, 6.22, 5.56, 13.06, 18.83, 94.89, 99.67, 36.89, 81.33, 7.5, 20.94, 13.61, 17.44, 10.56, 39.94, 20.89, 6.39, 3.78, 13.94, 23.83, 35.28, 79.89, 8.94, 23.56, 20.17, 26.89, 12.5, 42.5, 20.39, 7.89, 3.06, 13.44, 19.94
21, 2014-12-10, Away, DAL, L, W, 7, O, 209, 1, 1, 100.39, 100.28, 38.61, 84.17, 6.61, 19.5, 16.56, 22.5, 11.17, 42.17, 22.11, 7.39, 5.44, 11.39, 20.72, 37.22, 80.39, 7.11, 19.0, 18.72, 24.56, 10.44, 42.33, 20.78, 6.44, 5.67, 13.11, 18.56, 111.39, 102.28, 41.39, 86.78, 10.06, 29.0, 18.56, 24.39, 11.94, 43.06, 24.61, 8.17, 5.67, 11.5, 20.89, 37.5, 82.22, 9.28, 23.17, 18.0, 24.39, 11.83, 43.44, 22.11, 6.28, 3.0, 16.33, 23.61
22, 2014-12-12, Home, CLE, W, W, -1.5, O, 201.5, 1, 0, 101.83, 101.33, 39.22, 84.28, 6.78, 19.17, 16.61, 22.22, 11.28, 41.94, 22.22, 7.39, 5.44, 11.33, 20.17, 37.94, 80.78, 7.39, 19.39, 18.06, 23.44, 10.22, 41.06, 20.67, 6.44, 5.61, 12.94, 18.22, 104.33, 98.0, 37.83, 80.22, 8.0, 22.22, 20.67, 27.28, 10.39, 41.44, 22.78, 7.39, 4.5, 13.22, 18.78, 38.17, 84.0, 7.0, 21.67, 14.67, 18.72, 11.22, 39.67, 25.06, 6.94, 4.5, 13.44, 21.78
23, 2014-12-14, Home, GSW, L, W, 6.5, O, 205.5, 1, 0, 102.89, 102.61, 39.56, 84.17, 7.17, 19.72, 16.61, 22.56, 11.0, 41.5, 21.94, 7.39, 5.44, 11.06, 19.94, 38.33, 81.28, 7.5, 19.44, 18.44, 24.0, 10.5, 41.39, 20.61, 6.44, 5.89, 12.61, 18.44, 106.06, 96.11, 40.33, 84.89, 9.44, 25.83, 15.94, 20.89, 10.44, 46.56, 25.5, 8.28, 6.56, 14.83, 19.67, 35.78, 87.67, 6.61, 21.61, 17.94, 24.0, 12.56, 45.0, 19.61, 8.5, 3.44, 14.44, 18.61
24, 2014-12-16, Home, UTA, W, L, -10, O, 197, 0, 0, 104.11, 104.22, 39.94, 85.06, 7.17, 20.06, 17.06, 23.17, 11.33, 42.28, 21.94, 7.56, 5.28, 11.17, 20.33, 38.78, 81.61, 7.83, 19.78, 18.83, 24.33, 10.0, 41.22, 21.0, 6.61, 6.0, 12.67, 18.56, 94.28, 100.67, 35.39, 78.11, 6.06, 18.67, 17.44, 24.61, 10.78, 40.89, 19.83, 6.83, 5.44, 13.83, 18.83, 39.11, 81.83, 7.22, 19.39, 15.22, 20.67, 10.61, 40.61, 19.28, 8.06, 4.56, 11.67, 20.28
25, 2014-12-18, Away, HOU, W, W, 4.5, U, 200.5, 1, 0, 104.56, 103.83, 40.28, 84.28, 6.94, 19.44, 17.06, 23.06, 11.06, 41.83, 21.56, 7.61, 5.5, 11.78, 20.33, 39.06, 82.11, 7.39, 19.11, 18.33, 23.72, 10.33, 40.78, 20.61, 6.78, 6.11, 13.0, 18.83, 98.89, 98.0, 35.0, 84.22, 11.17, 35.06, 17.72, 24.94, 13.11, 45.22, 18.94, 9.22, 4.94, 16.33, 23.39, 36.5, 83.83, 6.5, 21.33, 18.5, 24.61, 11.78, 44.28, 21.5, 8.5, 5.89, 15.72, 21.56
26, 2014-12-20, Home, POR, L, L, -5.5, U, 205.5, 1, 0, 104.0, 103.17, 39.89, 84.28, 6.78, 19.39, 17.44, 23.28, 11.28, 41.89, 21.22, 7.67, 5.28, 11.72, 19.94, 38.94, 82.22, 7.33, 19.33, 17.94, 23.22, 10.39, 41.06, 20.83, 6.78, 6.06, 13.11, 19.06, 102.28, 96.22, 39.11, 86.94, 8.61, 24.39, 15.44, 19.94, 11.5, 46.94, 22.56, 6.83, 4.89, 13.33, 18.33, 38.28, 87.39, 4.61, 16.61, 15.06, 20.28, 11.11, 44.72, 20.5, 8.06, 3.17, 11.83, 19.0
27, 2014-12-21, Away, OKC, W, W, 7, U, 201, 0, 1, 101.17, 104.44, 38.44, 84.33, 6.11, 19.11, 18.17, 23.94, 12.22, 42.67, 20.33, 7.33, 5.44, 11.89, 18.89, 40.0, 83.22, 7.67, 19.94, 16.78, 21.78, 10.33, 41.5, 21.5, 7.11, 6.06, 12.61, 19.5, 98.61, 94.22, 36.94, 83.83, 7.22, 22.83, 17.5, 23.28, 12.22, 46.44, 19.67, 7.39, 7.0, 14.0, 23.72, 34.72, 83.0, 6.83, 23.5, 17.94, 25.33, 12.0, 43.28, 21.22, 7.39, 4.94, 13.33, 19.78
28, 2014-12-23, Away, IND, L, L, -1.5, U, 194.5, 0, 0, 101.61, 104.28, 38.72, 84.61, 6.22, 19.17, 17.94, 23.44, 12.06, 42.56, 21.28, 7.33, 5.61, 11.78, 18.56, 40.0, 83.61, 7.56, 20.0, 16.72, 21.83, 10.67, 41.72, 21.33, 7.11, 6.28, 12.5, 19.06, 94.89, 97.94, 36.5, 85.78, 6.61, 20.39, 15.28, 20.89, 10.89, 45.28, 21.22, 6.39, 3.44, 12.78, 21.44, 36.89, 82.17, 6.67, 19.44, 17.5, 24.11, 9.5, 44.5, 19.44, 7.56, 5.0, 12.5, 19.89
29, 2014-12-26, Home, SAS, W, W, -3, U, 202.5, 1, 0, 100.39, 104.06, 38.39, 84.83, 5.94, 18.94, 17.67, 23.17, 12.33, 43.33, 20.94, 7.22, 5.39, 12.28, 18.17, 40.06, 83.17, 7.61, 20.22, 16.33, 21.22, 9.89, 40.94, 21.39, 7.44, 6.83, 12.17, 19.28, 107.11, 103.5, 40.28, 84.33, 8.94, 22.11, 17.61, 23.39, 10.44, 45.06, 25.28, 7.39, 5.94, 13.67, 18.94, 39.33, 87.56, 8.39, 20.33, 16.44, 21.72, 11.0, 44.0, 21.61, 7.72, 4.0, 12.94, 21.67
30, 2014-12-27, Away, CHI, L, W, 10, O, 201, 0, 1, 100.39, 102.56, 38.61, 85.17, 6.0, 19.0, 17.17, 22.61, 12.28, 43.56, 21.28, 7.28, 5.61, 12.06, 17.78, 39.72, 82.78, 7.33, 19.67, 15.78, 20.61, 9.5, 40.83, 21.44, 7.11, 6.5, 12.56, 18.89, 103.94, 99.67, 36.89, 81.67, 7.72, 21.33, 22.44, 28.39, 11.89, 47.39, 21.56, 5.44, 5.94, 14.0, 18.5, 37.94, 87.72, 6.33, 17.56, 17.44, 22.0, 11.33, 41.11, 20.28, 7.94, 4.94, 10.67, 22.67
31, 2014-12-30, Home, PHO, W, W, -2, O, 213, 0, 0, 100.06, 103.28, 38.56, 84.89, 6.0, 18.83, 16.94, 22.28, 11.83, 43.17, 21.22, 7.17, 5.67, 12.39, 17.61, 40.17, 83.78, 7.39, 20.0, 15.56, 20.22, 9.72, 41.0, 21.67, 7.22, 6.39, 12.28, 18.44, 105.94, 104.94, 39.39, 85.67, 10.94, 28.5, 16.22, 21.0, 11.28, 41.67, 21.39, 8.5, 5.17, 14.94, 21.33, 38.89, 84.56, 7.0, 19.94, 20.17, 26.11, 12.44, 44.83, 19.28, 8.56, 3.44, 15.56, 20.83
32, 2014-12-31, Away, SAS, L, W, 4.5, U, 199, 1, 1, 101.22, 103.67, 39.06, 85.0, 6.28, 18.89, 16.83, 22.28, 11.78, 43.67, 21.44, 7.22, 5.44, 12.39, 17.33, 40.39, 84.28, 7.61, 20.39, 15.28, 19.94, 9.94, 41.0, 21.72, 7.11, 6.5, 12.11, 18.39, 105.44, 103.89, 39.56, 84.39, 8.78, 22.44, 17.56, 23.11, 10.67, 44.39, 24.44, 7.39, 5.44, 14.61, 19.78, 39.11, 86.44, 8.39, 20.72, 17.28, 23.0, 10.89, 43.94, 21.67, 8.56, 4.17, 13.78, 21.67
33, 2015-01-02, Home, HOU, W, W, 2, U, 204, 0, 0, 101.33, 103.39, 38.94, 85.0, 6.33, 19.11, 17.11, 22.5, 11.5, 44.22, 21.0, 7.22, 5.28, 12.44, 17.39, 40.44, 85.0, 7.67, 20.78, 14.83, 19.72, 9.78, 41.33, 21.61, 7.06, 6.5, 11.89, 18.67, 103.78, 100.56, 37.56, 86.11, 11.78, 34.28, 16.89, 24.0, 12.39, 45.0, 20.5, 9.39, 4.56, 15.67, 23.17, 37.0, 83.11, 7.11, 21.83, 19.44, 24.89, 10.17, 41.72, 22.44, 8.28, 5.78, 15.39, 21.06
34, 2015-01-05, Home, WAS, L, L, -3, U, 200, 0, 0, 103.06, 103.39, 39.72, 85.11, 6.39, 19.0, 17.22, 22.44, 11.44, 44.61, 21.67, 7.44, 5.67, 12.78, 17.33, 40.44, 85.67, 7.72, 21.72, 14.78, 19.67, 9.83, 40.89, 21.67, 7.28, 6.17, 12.17, 18.89, 102.0, 98.83, 40.17, 83.78, 6.61, 16.11, 15.06, 20.33, 10.39, 43.22, 25.28, 7.61, 4.94, 13.61, 20.72, 37.39, 81.83, 6.44, 19.44, 17.61, 24.56, 8.94, 40.0, 18.06, 7.83, 4.78, 13.28, 19.67
35, 2015-01-07, Away, CHO, L, L, -4.5, O, 191, 0, 0, 101.56, 102.72, 39.39, 84.33, 6.44, 19.11, 16.33, 20.89, 11.11, 44.06, 21.44, 7.17, 5.33, 13.06, 17.17, 40.5, 85.39, 7.44, 20.94, 14.28, 19.11, 9.94, 40.61, 22.06, 7.44, 6.22, 11.78, 17.94, 97.11, 98.22, 36.39, 85.39, 6.22, 20.33, 18.11, 23.89, 10.61, 44.22, 19.06, 5.72, 5.61, 11.22, 19.06, 36.83, 83.17, 8.39, 23.17, 16.17, 21.06, 7.72, 42.11, 21.78, 6.33, 5.78, 12.11, 21.17
36, 2015-01-09, Home, MEM, W, W, -1, O, 198.5, 0, 0, 102.06, 101.94, 39.33, 83.83, 6.61, 19.28, 16.78, 21.5, 11.06, 43.83, 21.22, 7.06, 5.56, 12.89, 17.44, 39.94, 84.61, 7.11, 20.5, 14.94, 19.61, 9.44, 39.89, 21.33, 7.33, 6.0, 11.83, 18.5, 102.33, 102.39, 39.78, 85.39, 5.83, 16.61, 16.94, 21.94, 9.83, 41.61, 23.61, 8.22, 4.94, 12.39, 19.28, 38.61, 83.06, 9.72, 24.44, 15.44, 21.11, 10.78, 43.83, 22.0, 7.44, 6.33, 14.33, 20.17
37, 2015-01-12, Away, BOS, L, L, -5.5, O, 204, 0, 0, 102.39, 100.56, 39.28, 83.89, 6.72, 19.11, 17.11, 21.56, 11.11, 43.94, 20.94, 7.0, 6.0, 12.83, 17.56, 39.56, 84.83, 6.5, 19.67, 14.94, 19.5, 9.83, 40.22, 20.39, 7.33, 5.89, 12.0, 18.39, 100.61, 101.28, 39.39, 88.61, 7.11, 22.5, 14.72, 19.61, 10.17, 43.17, 24.78, 8.72, 4.5, 14.11, 22.28, 38.28, 87.5, 6.61, 20.06, 18.11, 23.78, 12.56, 46.61, 21.28, 7.83, 5.44, 15.06, 18.67
38, 2015-01-14, Away, DET, W, W, 3.5, U, 203.5, 0, 0, 102.17, 101.72, 38.61, 83.44, 6.61, 18.94, 18.33, 22.78, 11.5, 43.67, 20.5, 7.28, 6.11, 13.0, 18.06, 39.61, 84.72, 6.67, 19.94, 15.83, 20.39, 10.39, 40.78, 20.72, 7.56, 5.83, 12.22, 18.83, 102.89, 99.83, 39.28, 87.72, 9.44, 26.83, 14.89, 21.67, 13.0, 46.67, 23.06, 9.06, 4.28, 11.89, 19.0, 38.33, 83.83, 8.11, 23.72, 15.06, 20.56, 10.44, 44.44, 24.06, 6.61, 4.67, 14.67, 18.22
39, 2015-01-16, Away, PHI, L, L, -6.5, U, 191, 0, 0, 102.22, 101.78, 38.56, 83.44, 6.83, 19.28, 18.28, 22.61, 11.44, 43.89, 20.56, 7.11, 6.06, 13.06, 18.28, 39.44, 84.44, 6.61, 20.11, 16.28, 20.94, 10.22, 40.78, 20.94, 7.56, 5.94, 11.89, 18.61, 88.44, 101.83, 32.22, 79.44, 6.94, 23.39, 17.06, 24.61, 11.72, 42.61, 18.61, 9.61, 6.78, 18.72, 20.56, 38.33, 84.78, 9.33, 26.11, 15.83, 22.11, 12.44, 46.33, 25.44, 11.11, 5.11, 15.83, 20.56
40, 2015-01-18, Away, TOR, W, W, 11, U, 205.5, 0, 0, 100.78, 100.89, 37.94, 82.72, 6.67, 19.22, 18.22, 22.89, 11.39, 44.44, 20.61, 7.11, 6.22, 13.44, 18.22, 39.0, 84.28, 6.5, 20.17, 16.39, 21.5, 10.44, 41.33, 21.22, 7.94, 6.22, 11.89, 18.72, 105.06, 103.17, 39.89, 86.39, 9.44, 26.94, 15.83, 21.06, 12.0, 42.72, 22.67, 6.67, 3.89, 12.89, 21.06, 38.72, 83.44, 7.67, 22.0, 18.06, 23.61, 10.83, 41.94, 22.83, 6.44, 5.94, 13.33, 19.89
41, 2015-01-19, Away, NYK, L, L, -7.5, U, 193.5, 0, 1, 99.44, 99.72, 37.67, 82.89, 6.28, 18.61, 17.83, 22.61, 11.67, 44.56, 20.5, 7.28, 6.0, 14.0, 18.5, 38.28, 83.33, 6.44, 20.33, 16.72, 21.83, 10.22, 41.17, 21.0, 8.11, 6.17, 12.39, 18.67, 91.06, 104.78, 35.06, 82.39, 7.22, 21.67, 13.72, 17.89, 10.33, 39.11, 21.33, 8.72, 3.83, 14.5, 20.83, 38.5, 79.67, 10.33, 23.94, 17.44, 23.17, 10.44, 43.11, 23.94, 9.28, 4.22, 14.72, 17.72
42, 2015-01-21, Home, LAL, W, W, -7, U, 203, 0, 0, 97.78, 98.11, 37.0, 81.94, 6.28, 18.61, 17.5, 22.33, 12.11, 44.89, 20.0, 6.56, 5.72, 13.78, 17.94, 37.94, 82.89, 6.39, 20.28, 15.83, 20.83, 10.28, 40.5, 21.0, 7.83, 6.11, 11.56, 18.39, 97.39, 103.06, 36.22, 83.39, 7.89, 21.0, 17.06, 23.17, 10.67, 44.06, 20.89, 7.11, 4.5, 13.44, 20.44, 38.22, 83.67, 8.78, 24.0, 17.83, 24.17, 10.44, 43.89, 22.17, 8.11, 5.22, 12.39, 18.56
43, 2015-01-23, Away, MIN, W, W, -6.5, U, 196.5, 0, 0, 96.5, 96.39, 36.5, 82.17, 6.0, 18.61, 17.5, 22.5, 12.17, 45.61, 19.83, 6.5, 5.5, 13.72, 17.5, 37.0, 82.17, 6.44, 20.56, 15.94, 20.94, 9.83, 40.72, 20.83, 8.17, 5.94, 11.61, 18.56, 97.11, 106.83, 37.44, 85.89, 6.11, 17.28, 16.11, 21.39, 12.22, 40.5, 22.83, 8.28, 4.5, 13.78, 18.28, 41.61, 84.06, 8.28, 21.22, 15.33, 20.17, 11.11, 43.39, 23.44, 8.56, 5.44, 14.06, 20.0
44, 2015-01-25, Home, DAL, W, W, 3.5, O, 199, 0, 0, 96.11, 96.06, 36.61, 82.06, 5.89, 17.83, 17.0, 22.06, 11.83, 45.17, 19.61, 6.67, 5.56, 13.78, 17.44, 37.11, 82.06, 6.22, 19.67, 15.61, 20.61, 9.67, 40.44, 21.28, 7.89, 5.94, 11.72, 18.56, 105.06, 100.33, 39.44, 86.11, 9.17, 25.17, 17.0, 22.44, 9.72, 42.39, 23.22, 8.33, 4.22, 12.0, 20.17, 37.94, 86.33, 7.22, 22.44, 17.22, 23.17, 12.28, 48.33, 22.39, 7.17, 3.72, 15.17, 21.56
45, 2015-01-26, Home, PHI, W, W, -15, U, 189.5, 0, 1, 97.28, 95.61, 37.17, 81.72, 6.17, 17.94, 16.78, 21.89, 11.33, 44.72, 20.28, 6.78, 5.39, 13.39, 18.22, 36.61, 81.56, 6.22, 19.61, 16.17, 21.17, 9.83, 40.06, 21.0, 7.56, 6.11, 11.5, 18.22, 87.5, 100.94, 32.28, 80.5, 6.72, 22.94, 16.22, 24.06, 12.5, 42.28, 18.67, 9.61, 6.5, 17.56, 19.67, 37.44, 82.61, 9.11, 24.72, 16.94, 22.44, 12.56, 47.17, 24.5, 10.0, 5.67, 16.06, 20.5
46, 2015-01-28, Home, DEN, L, L, -6, U, 203, 0, 0, 97.17, 94.22, 36.94, 81.5, 6.17, 17.72, 17.11, 22.39, 11.72, 45.44, 20.0, 6.72, 5.61, 13.5, 18.22, 36.06, 81.44, 6.06, 19.33, 16.06, 21.0, 9.67, 39.56, 20.89, 7.56, 6.33, 11.28, 18.56, 101.28, 105.44, 38.0, 85.72, 6.44, 20.61, 18.83, 25.89, 12.06, 45.78, 21.44, 6.67, 4.44, 13.5, 21.28, 40.11, 85.94, 8.0, 21.56, 17.22, 22.89, 10.22, 43.61, 23.94, 7.28, 5.83, 12.28, 21.06
47, 2015-01-30, Home, LAC, W, W, 7.5, O, 199.5, 0, 0, 97.22, 94.06, 36.89, 81.44, 6.11, 17.44, 17.33, 22.67, 12.17, 45.56, 20.0, 6.61, 5.83, 13.17, 18.06, 36.06, 81.83, 6.33, 19.44, 15.61, 20.39, 9.94, 39.61, 21.22, 7.28, 6.06, 11.22, 18.72, 107.22, 97.83, 39.28, 83.83, 10.33, 27.17, 18.33, 25.17, 9.78, 43.56, 25.5, 7.72, 5.44, 11.17, 19.17, 36.56, 83.61, 8.22, 24.17, 16.5, 23.06, 11.61, 43.61, 23.17, 6.67, 2.94, 12.78, 19.94
48, 2015-02-02, Home, ATL, W, W, 3, O, 196, 0, 0, 97.83, 94.78, 36.94, 81.56, 6.5, 17.89, 17.44, 22.78, 12.56, 45.94, 20.06, 6.44, 5.61, 13.17, 18.06, 36.33, 82.78, 6.39, 20.22, 15.72, 20.56, 10.39, 39.56, 20.94, 7.44, 6.06, 10.56, 18.94, 105.83, 94.11, 38.83, 80.56, 10.78, 26.22, 17.39, 22.67, 8.61, 41.78, 26.78, 9.44, 4.17, 12.89, 17.11, 35.11, 82.33, 9.17, 27.78, 14.72, 19.39, 10.89, 42.0, 22.33, 6.89, 4.33, 15.61, 20.33
49, 2015-02-04, Home, OKC, L, L, -4, O, 192.5, 0, 0, 98.67, 94.39, 37.06, 81.44, 6.78, 18.39, 17.78, 23.17, 12.94, 46.78, 20.72, 6.22, 5.72, 13.06, 17.83, 36.28, 82.78, 6.44, 20.33, 15.39, 20.28, 10.06, 38.83, 20.94, 7.33, 5.89, 10.17, 18.83, 101.72, 101.67, 38.28, 88.78, 7.67, 24.61, 17.5, 23.0, 12.11, 47.94, 20.78, 8.28, 5.94, 13.83, 22.0, 37.06, 86.61, 9.11, 23.94, 18.44, 23.94, 11.17, 45.67, 21.67, 8.06, 4.06, 13.83, 18.94
50, 2015-02-06, Away, OKC, W, W, 6, O, 199, 0, 0, 97.61, 94.17, 36.78, 82.33, 6.72, 18.78, 17.33, 22.28, 13.28, 46.72, 20.94, 6.39, 5.78, 13.06, 17.61, 36.5, 82.72, 6.22, 20.0, 14.94, 19.83, 10.11, 39.39, 21.17, 7.11, 6.17, 10.61, 18.78, 101.94, 102.56, 38.78, 88.61, 7.5, 23.94, 16.89, 22.44, 12.06, 47.44, 20.94, 8.11, 6.0, 14.0, 21.72, 37.72, 87.17, 9.22, 24.0, 17.89, 23.22, 11.39, 45.44, 22.28, 8.0, 4.11, 13.56, 18.61
51, 2015-02-07, Home, CHI, L, L, 2, U, 193.5, 0, 1, 98.89, 95.17, 37.11, 82.0, 6.89, 18.33, 17.78, 22.83, 13.28, 46.39, 21.56, 6.22, 6.0, 13.28, 17.72, 36.56, 82.72, 6.33, 20.0, 15.72, 20.39, 10.22, 38.94, 20.89, 7.44, 6.22, 10.56, 19.0, 100.89, 102.72, 36.56, 86.78, 7.67, 22.22, 20.11, 25.44, 13.94, 46.78, 20.56, 7.11, 7.22, 12.89, 17.5, 40.78, 89.17, 6.06, 18.56, 15.11, 19.67, 12.17, 45.22, 23.17, 7.28, 6.5, 12.5, 21.33
52, 2015-02-09, Home, UTA, L, L, -2.5, O, 184.5, 0, 0, 96.72, 96.5, 36.44, 82.17, 6.72, 18.44, 17.11, 22.11, 13.28, 45.78, 21.11, 6.0, 5.89, 12.89, 17.72, 37.0, 82.5, 6.56, 19.61, 15.94, 20.5, 9.94, 39.33, 20.67, 7.06, 6.28, 10.11, 18.17, 95.56, 95.61, 36.17, 80.17, 7.61, 21.61, 15.61, 21.44, 11.78, 43.72, 20.44, 8.22, 6.44, 14.22, 19.11, 35.72, 80.78, 7.39, 19.78, 16.78, 21.67, 10.61, 39.11, 20.17, 8.89, 4.78, 12.67, 17.78
53, 2015-02-11, Home, IND, L, L, 1, O, 189, 0, 0, 97.33, 96.94, 36.44, 82.44, 7.11, 18.61, 17.33, 22.28, 13.56, 45.83, 21.17, 5.83, 6.56, 12.72, 17.78, 37.06, 83.28, 6.94, 20.22, 15.89, 20.61, 10.5, 39.72, 20.67, 7.11, 6.39, 10.11, 18.28, 97.61, 100.0, 36.33, 82.22, 6.33, 20.39, 18.61, 23.17, 9.94, 44.22, 21.83, 6.78, 4.11, 14.17, 20.33, 36.94, 83.72, 8.5, 23.56, 17.61, 22.67, 9.44, 41.22, 21.5, 7.83, 4.44, 12.28, 21.94
54, 2015-02-20, Away, ORL, L, L, -5.5, U, 192.5, 0, 0, 97.28, 97.39, 36.33, 82.11, 7.17, 18.44, 17.44, 22.33, 13.44, 45.22, 21.33, 5.78, 6.28, 12.67, 17.61, 37.22, 82.67, 7.22, 20.56, 15.72, 20.17, 10.39, 39.39, 21.22, 7.0, 6.28, 10.28, 18.61, 99.5, 106.94, 38.5, 83.11, 6.44, 19.78, 16.06, 21.33, 9.28, 40.67, 21.44, 8.61, 3.78, 15.0, 21.67, 39.78, 82.83, 8.72, 22.89, 18.67, 24.28, 9.44, 43.89, 26.11, 9.17, 5.17, 14.83, 18.33
55, 2015-02-21, Away, MIA, W, W, 2, O, 194.5, 1, 1, 96.06, 97.39, 35.89, 81.44, 6.89, 18.39, 17.39, 22.44, 13.11, 44.83, 21.33, 5.94, 6.06, 12.72, 17.11, 37.67, 83.0, 7.11, 20.61, 14.94, 19.28, 10.17, 39.28, 21.5, 6.83, 6.22, 10.22, 18.78, 91.28, 93.0, 34.33, 77.94, 6.17, 18.78, 16.44, 21.44, 9.83, 42.06, 21.17, 7.11, 5.22, 13.89, 17.89, 35.61, 82.0, 7.56, 21.78, 14.22, 19.0, 10.44, 40.28, 22.67, 7.5, 4.44, 12.83, 19.83
56, 2015-02-23, Home, TOR, W, W, 7.5, O, 195, 0, 0, 96.33, 96.44, 36.11, 81.89, 7.0, 18.72, 17.11, 22.11, 12.83, 44.61, 21.44, 6.0, 5.89, 12.39, 17.22, 37.44, 82.5, 6.94, 20.22, 14.61, 19.06, 9.94, 39.33, 21.0, 6.67, 6.33, 10.56, 18.78, 99.39, 97.11, 35.67, 81.33, 8.39, 25.5, 19.67, 25.17, 10.67, 42.56, 20.56, 8.89, 4.78, 13.67, 20.44, 36.22, 82.0, 6.83, 22.17, 17.83, 24.22, 11.39, 43.39, 21.44, 8.06, 5.22, 15.0, 19.5
57, 2015-02-25, Home, BRK, W, W, 2.5, O, 193.5, 0, 0, 96.06, 96.61, 36.17, 81.78, 7.11, 18.78, 16.61, 21.72, 12.89, 44.67, 21.67, 6.11, 5.89, 12.67, 17.33, 37.5, 83.11, 6.78, 20.28, 14.83, 19.5, 10.67, 39.89, 20.44, 6.89, 5.89, 10.61, 18.72, 97.06, 102.44, 37.44, 82.94, 6.28, 20.0, 15.89, 21.17, 10.72, 41.94, 20.67, 6.72, 4.28, 13.0, 20.06, 38.89, 84.22, 8.0, 24.5, 16.67, 23.17, 11.89, 44.5, 24.33, 8.0, 4.0, 11.78, 18.61
58, 2015-02-27, Home, MIA, W, W, 2, O, 196, 0, 0, 97.22, 96.61, 36.67, 81.72, 7.5, 19.22, 16.39, 21.17, 12.39, 44.0, 22.17, 6.17, 5.89, 12.78, 17.44, 37.67, 83.78, 6.78, 20.22, 14.5, 18.83, 10.61, 39.78, 19.94, 6.56, 5.67, 10.83, 18.5, 93.39, 95.17, 34.89, 78.5, 6.78, 19.78, 16.83, 22.11, 9.72, 41.61, 20.78, 7.0, 4.78, 14.22, 18.89, 35.89, 81.06, 7.89, 21.67, 15.5, 21.17, 10.33, 40.33, 23.22, 7.67, 4.5, 13.39, 20.5
59, 2015-03-01, Away, DEN, W, W, -4.5, U, 197.5, 0, 0, 97.72, 97.11, 36.67, 81.39, 7.56, 19.17, 16.83, 21.56, 12.17, 43.78, 22.56, 5.89, 6.11, 12.39, 17.39, 38.22, 84.44, 6.83, 20.0, 13.83, 18.11, 10.56, 39.44, 20.11, 6.22, 5.78, 10.33, 18.78, 93.28, 105.39, 34.72, 86.61, 7.22, 24.61, 16.61, 23.0, 11.61, 41.94, 21.94, 8.06, 4.5, 12.67, 20.72, 39.44, 83.89, 7.17, 20.67, 19.33, 26.11, 12.0, 50.0, 24.17, 7.61, 6.56, 14.17, 20.22
60, 2015-03-02, Away, DAL, L, L, 8, U, 197, 0, 1, 98.11, 96.72, 36.72, 80.83, 7.39, 18.89, 17.28, 22.11, 11.56, 43.44, 23.06, 6.22, 6.28, 12.78, 17.5, 38.17, 85.22, 6.78, 20.56, 13.61, 18.11, 10.94, 40.0, 19.83, 6.67, 5.5, 10.72, 19.39, 98.44, 98.17, 37.22, 84.5, 9.28, 26.83, 14.72, 19.28, 10.67, 42.56, 21.0, 8.89, 4.67, 13.72, 18.44, 36.56, 84.0, 9.44, 25.78, 15.61, 20.89, 12.89, 47.06, 21.17, 8.22, 3.94, 15.61, 20.56
61, 2015-03-04, Home, DET, W, L, -5, U, 195.5, 0, 0, 97.94, 97.94, 36.56, 80.33, 7.78, 19.17, 17.06, 21.83, 11.56, 43.0, 22.94, 6.0, 6.22, 12.67, 17.83, 38.72, 85.33, 6.78, 20.33, 13.72, 18.17, 10.89, 39.83, 19.56, 6.39, 5.61, 10.11, 19.0, 100.11, 100.44, 36.83, 84.61, 8.33, 25.61, 18.11, 25.33, 13.11, 45.11, 21.11, 7.22, 4.06, 13.61, 18.44, 38.56, 83.83, 7.94, 21.78, 15.39, 19.44, 10.44, 42.5, 24.78, 6.94, 5.0, 12.72, 21.17
62, 2015-03-06, Home, BOS, L, L, -7, O, 199.5, 0, 0, 97.72, 98.0, 36.39, 80.89, 7.72, 19.61, 17.22, 21.94, 12.06, 43.5, 23.0, 6.0, 6.39, 12.72, 17.78, 38.89, 85.83, 6.78, 20.61, 13.44, 17.72, 11.28, 40.61, 19.44, 6.67, 5.78, 10.39, 19.06, 99.11, 99.78, 37.44, 90.17, 8.89, 27.11, 15.33, 20.72, 12.44, 45.5, 23.0, 7.67, 3.0, 11.78, 20.28, 37.56, 82.83, 7.39, 23.72, 17.28, 23.0, 10.44, 46.56, 21.67, 6.83, 5.39, 14.44, 19.22
63, 2015-03-07, Home, MEM, W, W, -1.5, U, 186, 1, 1, 97.11, 97.89, 36.28, 80.94, 7.72, 19.83, 16.83, 21.39, 11.94, 43.78, 22.72, 5.78, 6.56, 13.22, 17.22, 38.72, 85.72, 6.83, 20.56, 13.61, 17.72, 10.94, 40.56, 19.39, 6.83, 5.5, 10.5, 18.94, 94.67, 91.39, 36.33, 81.78, 4.0, 13.72, 18.0, 23.17, 10.56, 42.83, 20.56, 9.33, 4.17, 12.44, 17.28, 35.56, 81.11, 6.89, 21.56, 13.39, 17.67, 10.28, 43.33, 19.56, 7.44, 5.33, 14.67, 19.61
64, 2015-03-09, Away, MIL, W, W, -1.5, O, 186.5, 0, 0, 96.89, 98.72, 36.22, 80.61, 7.78, 20.22, 16.67, 21.06, 11.39, 43.17, 22.5, 5.67, 6.67, 13.61, 17.28, 38.94, 85.33, 7.06, 20.61, 13.78, 18.17, 10.67, 40.61, 20.0, 7.28, 5.39, 10.61, 18.94, 96.22, 94.94, 36.83, 81.5, 6.94, 18.22, 15.61, 20.33, 9.28, 42.17, 22.83, 10.06, 5.28, 15.22, 20.72, 34.56, 81.5, 8.78, 26.39, 17.06, 23.56, 11.89, 44.83, 21.56, 8.67, 4.67, 16.89, 19.78
65, 2015-03-10, Away, BRK, W, W, 2.5, O, 192.5, 0, 1, 98.5, 99.28, 36.89, 80.22, 8.11, 20.22, 16.61, 20.89, 11.0, 42.39, 23.11, 5.94, 6.56, 14.06, 17.56, 38.83, 84.56, 6.72, 20.5, 14.89, 19.5, 10.67, 39.83, 19.44, 7.67, 5.28, 10.94, 18.72, 98.39, 102.89, 38.17, 84.44, 6.78, 19.28, 15.28, 20.83, 11.28, 42.33, 20.17, 6.28, 4.22, 13.28, 19.83, 38.67, 84.89, 8.33, 25.39, 17.22, 22.78, 11.89, 45.11, 23.89, 8.22, 4.0, 12.28, 19.56
66, 2015-03-15, Home, DEN, L, L, -8, O, 209, 0, 0, 98.67, 98.61, 37.39, 80.28, 8.06, 20.0, 15.83, 20.06, 10.67, 41.83, 23.39, 6.22, 6.61, 14.17, 17.78, 38.44, 84.11, 6.67, 19.83, 15.06, 19.83, 10.83, 40.0, 19.39, 7.67, 5.33, 11.33, 18.22, 99.17, 103.06, 36.72, 86.5, 8.22, 26.28, 17.5, 24.17, 12.06, 43.17, 22.0, 9.0, 4.83, 13.06, 22.17, 37.67, 82.89, 7.67, 22.06, 20.06, 26.89, 10.83, 46.06, 23.22, 7.33, 6.56, 14.78, 21.0
67, 2015-03-17, Home, MIL, W, L, -7, U, 190.5, 0, 0, 98.44, 99.61, 37.56, 81.0, 7.89, 19.94, 15.44, 19.94, 10.56, 42.17, 23.5, 6.11, 6.83, 14.44, 18.06, 38.78, 84.94, 6.83, 20.33, 15.22, 20.0, 11.0, 41.11, 19.72, 7.83, 5.39, 11.61, 18.56, 95.39, 97.44, 36.11, 81.11, 6.11, 17.56, 17.06, 22.06, 9.94, 41.89, 21.94, 9.61, 4.89, 15.78, 20.56, 35.72, 81.11, 9.22, 24.89, 16.78, 22.56, 11.33, 43.67, 23.06, 9.06, 5.06, 16.83, 20.72
68, 2015-03-19, Away, PHO, L, L, PK, U, 198.5, 0, 0, 98.11, 98.61, 37.11, 80.22, 7.94, 19.94, 15.94, 20.67, 10.06, 42.28, 23.67, 6.06, 7.0, 14.61, 18.39, 38.06, 85.0, 6.78, 20.61, 15.72, 20.56, 10.83, 41.17, 19.67, 7.89, 5.44, 11.39, 18.67, 98.89, 102.5, 37.5, 86.44, 7.67, 23.67, 16.22, 22.44, 12.22, 45.0, 20.0, 8.67, 4.17, 15.06, 21.0, 37.94, 85.5, 7.94, 22.06, 18.67, 24.06, 10.89, 45.61, 21.61, 8.22, 4.11, 14.5, 20.72
69, 2015-03-20, Away, GSW, L, L, 14, O, 201.5, 0, 1, 95.67, 96.44, 36.61, 80.22, 7.61, 19.83, 14.83, 19.56, 9.94, 42.22, 23.28, 6.0, 6.94, 14.17, 18.17, 37.44, 84.67, 6.44, 20.5, 15.11, 20.17, 11.06, 42.11, 19.22, 7.56, 5.44, 11.33, 18.22, 105.33, 97.83, 39.94, 86.28, 11.22, 27.72, 14.22, 18.83, 9.33, 42.72, 27.33, 10.06, 6.33, 13.61, 19.61, 36.83, 85.17, 6.78, 19.83, 17.39, 22.5, 11.44, 45.89, 20.22, 7.89, 3.33, 16.44, 18.56
70, 2015-03-22, Away, LAC, L, W, 9.5, O, 200, 0, 0, 97.0, 96.72, 36.67, 79.72, 8.0, 20.11, 15.67, 20.39, 9.78, 42.44, 23.61, 5.78, 6.78, 14.67, 18.39, 37.5, 84.89, 6.17, 20.33, 15.56, 20.72, 11.28, 41.94, 19.83, 7.72, 5.56, 11.28, 18.89, 105.0, 99.44, 39.44, 84.5, 10.56, 28.17, 15.56, 24.67, 9.89, 45.06, 24.33, 7.72, 5.39, 12.67, 23.39, 35.17, 83.61, 7.83, 23.89, 21.28, 27.89, 10.67, 44.67, 22.61, 6.61, 3.5, 13.28, 21.61
71, 2015-03-25, Home, HOU, L, L, -1, U, 203, 0, 0, 97.22, 97.11, 36.94, 79.5, 7.94, 20.11, 15.39, 20.17, 9.44, 42.5, 23.67, 5.89, 6.06, 14.83, 18.5, 37.67, 84.78, 6.06, 20.44, 15.72, 20.94, 11.0, 41.67, 19.94, 7.67, 5.44, 11.28, 18.89, 103.56, 101.94, 36.89, 84.44, 10.44, 32.67, 19.33, 25.72, 10.78, 43.89, 23.44, 8.83, 5.56, 15.67, 21.17, 38.94, 89.5, 8.0, 25.78, 16.06, 22.11, 13.22, 47.83, 21.22, 9.0, 4.83, 15.72, 21.83
72, 2015-03-27, Home, SAC, W, W, -6.5, U, 206, 0, 0, 97.22, 96.5, 36.94, 79.56, 7.83, 20.11, 15.5, 20.56, 9.72, 42.78, 23.56, 6.06, 6.39, 14.83, 18.44, 37.67, 85.11, 5.89, 20.56, 15.28, 20.61, 11.28, 42.0, 20.0, 7.67, 5.56, 11.56, 18.78, 104.61, 107.5, 37.28, 82.89, 6.39, 17.56, 23.67, 29.67, 11.06, 43.61, 21.78, 7.56, 3.72, 16.0, 19.67, 40.83, 86.5, 9.72, 25.5, 16.11, 21.72, 9.94, 41.06, 24.0, 8.83, 6.94, 13.72, 22.67
73, 2015-03-29, Home, MIN, W, W, -13, O, 197, 0, 0, 98.22, 96.11, 37.72, 80.39, 8.06, 20.17, 14.72, 19.67, 10.0, 43.17, 23.78, 6.0, 6.56, 14.89, 18.72, 37.17, 84.61, 6.06, 20.39, 15.72, 21.28, 11.33, 41.72, 19.56, 7.72, 5.61, 11.67, 18.39, 98.83, 105.22, 36.17, 82.22, 4.83, 14.56, 21.67, 26.61, 11.06, 42.0, 20.78, 7.94, 3.56, 14.44, 17.72, 41.22, 88.0, 9.17, 25.39, 13.61, 18.11, 13.11, 45.0, 24.67, 8.17, 4.44, 14.5, 21.5
74, 2015-04-01, Away, LAL, W, W, -9.5, O, 196.5, 0, 0, 98.5, 95.94, 38.17, 79.94, 7.94, 19.72, 14.22, 19.28, 9.78, 42.83, 24.17, 6.22, 6.89, 15.0, 18.5, 37.11, 84.39, 5.89, 20.11, 15.83, 21.11, 11.28, 41.39, 19.67, 7.72, 5.44, 11.89, 18.06, 97.06, 99.39, 37.83, 85.06, 5.72, 16.94, 15.67, 20.56, 11.11, 45.33, 21.83, 7.5, 5.06, 13.11, 21.61, 36.0, 81.33, 7.17, 22.28, 20.22, 27.5, 9.67, 42.61, 22.61, 8.33, 5.5, 11.83, 17.72
75, 2015-04-03, Away, SAC, W, L, -6.5, U, 203, 0, 0, 99.22, 95.67, 38.39, 79.94, 7.89, 19.39, 14.56, 19.56, 9.61, 42.39, 24.39, 6.06, 6.89, 14.39, 18.39, 37.22, 84.33, 5.89, 19.72, 15.33, 20.56, 11.06, 41.11, 20.17, 7.28, 5.44, 11.72, 18.17, 103.78, 107.0, 37.78, 83.39, 6.83, 18.06, 21.39, 27.44, 11.5, 42.83, 21.94, 7.61, 3.78, 15.44, 19.22, 41.22, 85.89, 10.22, 26.0, 14.33, 20.11, 10.22, 41.06, 24.06, 8.67, 7.5, 14.22, 22.0
76, 2015-04-04, Away, POR, L, L, 5.5, U, 193, 1, 1, 99.17, 95.61, 38.17, 80.67, 8.06, 19.61, 14.78, 20.06, 10.17, 42.78, 24.06, 5.94, 6.83, 13.94, 18.33, 37.11, 83.56, 5.83, 19.5, 15.56, 21.11, 10.94, 41.17, 20.61, 7.17, 5.44, 11.56, 18.72, 104.83, 100.0, 40.11, 85.22, 9.78, 26.17, 14.83, 18.61, 10.28, 46.61, 21.28, 4.89, 3.56, 13.06, 16.94, 39.61, 86.89, 7.06, 18.67, 13.72, 18.72, 9.28, 42.11, 21.83, 7.33, 3.06, 9.89, 17.72
77, 2015-04-07, Home, GSW, W, W, 4.5, U, 206.5, 0, 0, 98.39, 95.44, 38.17, 81.17, 8.11, 19.61, 13.94, 19.11, 10.28, 42.67, 23.61, 6.22, 6.78, 13.89, 18.28, 36.83, 83.56, 5.72, 19.22, 16.06, 21.5, 11.61, 42.28, 20.39, 7.22, 5.22, 11.78, 17.94, 108.72, 97.33, 41.11, 86.56, 10.89, 26.06, 15.61, 20.06, 10.33, 44.33, 28.11, 8.83, 5.72, 13.61, 19.5, 35.89, 84.22, 6.78, 19.0, 18.78, 24.56, 10.39, 42.33, 20.89, 8.06, 3.61, 14.5, 18.5
78, 2015-04-08, Away, MEM, L, L, 4.5, U, 184.5, 0, 1, 98.61, 95.89, 38.17, 81.67, 8.33, 19.44, 13.94, 19.11, 10.22, 42.72, 23.78, 6.28, 7.0, 13.67, 17.94, 37.11, 83.72, 5.72, 18.61, 15.94, 21.11, 11.33, 42.61, 20.83, 7.0, 5.72, 11.78, 17.72, 94.72, 94.67, 36.61, 80.33, 5.44, 15.56, 16.06, 20.72, 9.39, 40.83, 21.28, 8.56, 3.83, 13.67, 18.78, 36.67, 81.33, 7.83, 22.11, 13.5, 18.39, 9.33, 41.61, 21.67, 7.78, 4.78, 14.0, 18.94
79, 2015-04-10, Home, PHO, W, W, -9, U, 194, 0, 0, 97.56, 96.33, 37.78, 82.0, 8.11, 19.44, 13.89, 19.22, 10.33, 42.83, 23.44, 6.5, 6.94, 13.61, 17.78, 37.5, 84.22, 5.83, 18.67, 15.5, 20.67, 11.61, 43.39, 21.72, 7.0, 5.56, 11.94, 17.83, 93.61, 96.83, 36.11, 83.33, 5.78, 20.56, 15.61, 21.56, 10.56, 43.67, 18.94, 8.11, 4.06, 14.83, 18.17, 37.5, 85.06, 7.22, 22.17, 14.61, 19.22, 10.83, 45.06, 21.17, 7.5, 3.61, 14.44, 19.89
80, 2015-04-12, Away, HOU, L, L, 5, O, 199, 0, 0, 97.67, 95.78, 37.78, 81.67, 8.28, 19.83, 13.83, 19.39, 10.33, 43.39, 24.06, 6.33, 7.0, 13.44, 17.61, 37.06, 83.78, 6.11, 19.28, 15.56, 20.72, 11.28, 42.89, 21.33, 7.06, 5.39, 11.5, 17.78, 105.22, 103.06, 37.0, 81.72, 10.33, 29.5, 20.89, 29.61, 11.0, 43.61, 23.06, 9.22, 4.67, 15.83, 20.89, 39.56, 87.78, 8.11, 23.44, 15.83, 22.33, 13.22, 45.94, 22.17, 8.78, 5.56, 15.11, 22.89
81, 2015-04-13, Away, MIN, W, L, -14, U, 198, 0, 1, 98.56, 96.72, 38.11, 82.28, 8.44, 20.17, 13.89, 19.78, 10.56, 43.06, 24.06, 6.39, 6.78, 13.0, 18.44, 37.22, 83.44, 6.06, 19.33, 16.22, 22.0, 11.39, 43.06, 21.17, 6.94, 5.67, 11.5, 17.83, 97.94, 109.28, 35.94, 79.56, 5.17, 15.11, 20.89, 25.22, 9.39, 36.94, 20.56, 7.33, 4.0, 15.06, 17.67, 42.33, 86.56, 9.28, 25.33, 15.33, 20.11, 13.11, 45.0, 25.78, 8.83, 4.5, 14.11, 19.83
82, 2015-04-15, Home, SAS, W, W, 5.5, O, 193, 0, 0, 98.83, 96.67, 38.06, 82.5, 8.33, 20.06, 14.39, 20.39, 10.72, 42.94, 23.56, 6.28, 6.56, 12.5, 18.72, 37.17, 83.67, 5.94, 19.22, 16.39, 21.94, 11.39, 43.28, 20.78, 6.17, 5.83, 11.33, 18.0, 108.89, 95.0, 42.0, 83.89, 8.22, 22.06, 16.67, 20.61, 9.78, 44.39, 25.67, 9.17, 5.39, 13.11, 17.89, 37.17, 84.78, 6.89, 19.06, 13.78, 19.0, 10.67, 40.39, 20.22, 7.83, 3.33, 14.06, 18.67
