21, 2013-12-08, Home, MIA, L, L, 3.5, O, 197.5, 1, 1, 98.33, 97.89, 37.72, 84.28, 6.11, 19.5, 16.78, 25.22, 14.11, 44.67, 20.0, 10.0, 5.17, 14.44, 19.72, 36.83, 80.17, 7.94, 21.89, 16.28, 20.83, 9.94, 41.17, 22.5, 9.06, 5.22, 17.06, 20.11, 102.61, 94.94, 37.94, 75.0, 7.72, 20.0, 19.0, 25.06, 6.5, 35.67, 23.33, 9.44, 5.28, 14.94, 20.61, 33.5, 77.17, 9.06, 24.17, 18.89, 25.17, 10.89, 40.06, 19.5, 7.89, 2.94, 17.28, 21.17
22, 2013-12-10, Home, MIN, L, L, 1, O, 205.5, 0, 0, 98.78, 99.72, 37.83, 84.78, 6.39, 19.89, 16.72, 24.83, 14.17, 44.61, 20.06, 9.72, 4.89, 14.22, 20.06, 37.33, 80.06, 8.39, 22.56, 16.67, 21.33, 9.78, 41.0, 23.11, 8.67, 5.22, 16.72, 19.89, 104.11, 102.33, 37.78, 89.22, 7.72, 24.17, 20.83, 26.06, 13.5, 45.22, 22.61, 9.39, 3.33, 14.28, 17.0, 40.89, 85.44, 7.78, 20.22, 12.78, 17.39, 10.39, 44.39, 22.67, 8.5, 6.33, 17.06, 22.06
23, 2013-12-11, Away, NOP, L, L, 2.5, O, 204, 0, 1, 98.94, 100.94, 38.17, 84.56, 6.56, 20.06, 16.06, 24.33, 14.06, 44.44, 20.56, 9.39, 4.83, 14.56, 20.06, 37.5, 80.72, 8.5, 22.72, 17.44, 21.89, 10.33, 41.06, 23.39, 9.0, 4.72, 16.39, 19.61, 103.72, 102.56, 39.61, 87.56, 6.44, 16.44, 18.06, 23.39, 13.5, 43.72, 22.72, 9.56, 7.0, 13.28, 21.78, 38.28, 80.67, 8.5, 22.78, 17.5, 24.61, 10.06, 42.39, 22.72, 7.78, 6.22, 15.72, 20.67
24, 2013-12-13, Home, BRK, W, L, -6, O, 197.5, 1, 0, 98.72, 100.5, 38.33, 84.83, 6.22, 19.5, 15.83, 24.33, 14.0, 44.5, 20.28, 9.39, 4.83, 14.56, 19.61, 37.56, 80.83, 8.67, 23.06, 16.72, 21.22, 10.28, 41.0, 23.44, 9.06, 4.61, 16.5, 19.61, 94.94, 102.33, 34.22, 78.5, 6.17, 18.39, 20.33, 26.39, 10.61, 41.67, 18.22, 6.5, 3.61, 13.67, 21.67, 37.17, 80.61, 9.5, 22.83, 18.5, 24.89, 10.67, 41.94, 21.56, 7.28, 4.28, 12.44, 21.39
25, 2013-12-15, Home, POR, L, W, 3.5, O, 208, 1, 0, 98.72, 99.94, 38.17, 84.39, 6.22, 19.28, 16.17, 24.89, 13.5, 44.56, 20.44, 8.94, 4.94, 14.83, 20.06, 37.22, 80.67, 8.72, 23.06, 16.78, 21.5, 9.94, 40.67, 23.5, 8.89, 4.72, 16.33, 20.11, 109.22, 100.44, 40.0, 86.17, 10.06, 23.94, 19.17, 23.0, 13.06, 46.17, 23.22, 6.39, 4.61, 14.33, 18.22, 38.33, 86.11, 5.83, 16.17, 17.94, 22.33, 11.61, 41.94, 18.67, 8.33, 3.83, 12.78, 20.56
26, 2013-12-16, Away, IND, W, W, 11, O, 192, 0, 1, 99.5, 99.83, 38.56, 84.78, 6.22, 19.11, 16.17, 24.89, 13.61, 45.61, 20.61, 8.56, 5.0, 14.94, 19.89, 37.17, 82.28, 8.67, 23.61, 16.83, 21.5, 10.22, 40.89, 23.28, 9.11, 4.72, 15.61, 19.89, 98.44, 90.89, 36.67, 80.61, 6.89, 19.61, 18.22, 22.83, 10.06, 43.72, 20.56, 7.67, 5.44, 14.5, 19.94, 34.67, 82.22, 5.83, 16.83, 15.72, 19.89, 10.72, 40.5, 17.89, 7.0, 4.67, 14.44, 21.72
27, 2013-12-18, Away, BOS, W, P, -1, O, 195, 0, 0, 99.72, 100.17, 38.56, 84.94, 6.28, 18.94, 16.33, 25.11, 14.0, 46.11, 19.94, 8.17, 5.06, 14.72, 19.89, 37.22, 82.33, 8.44, 23.17, 17.28, 22.06, 10.11, 40.72, 23.06, 9.17, 4.67, 15.06, 19.94, 94.5, 95.5, 35.78, 80.28, 7.33, 19.5, 15.61, 20.5, 10.06, 42.06, 18.06, 5.89, 4.22, 14.44, 20.72, 35.5, 80.83, 5.94, 17.94, 18.56, 23.89, 10.5, 41.89, 19.72, 7.39, 4.06, 12.67, 18.11
28, 2013-12-20, Home, CHA, L, L, -6, O, 191.5, 0, 0, 100.17, 99.72, 38.5, 85.0, 6.39, 19.17, 16.78, 25.28, 14.06, 45.94, 19.83, 8.56, 5.11, 14.83, 20.33, 36.83, 81.83, 8.22, 22.78, 17.83, 22.72, 10.11, 40.89, 22.44, 9.0, 4.44, 15.33, 19.94, 91.28, 91.67, 34.72, 82.17, 4.89, 15.33, 16.94, 24.06, 10.44, 43.61, 19.78, 6.61, 4.89, 13.06, 19.11, 33.67, 80.28, 7.17, 20.44, 17.17, 22.11, 9.22, 44.39, 19.33, 6.5, 5.78, 14.33, 21.11
29, 2013-12-21, Home, HOU, L, L, 1, O, 207.5, 1, 1, 100.94, 101.39, 38.89, 86.11, 6.67, 19.39, 16.5, 25.06, 14.5, 46.33, 19.78, 8.61, 5.44, 14.94, 20.17, 37.44, 82.28, 8.06, 22.0, 18.44, 23.28, 10.11, 41.33, 22.61, 9.17, 4.83, 15.28, 19.67, 105.5, 100.61, 37.67, 79.5, 9.89, 26.94, 20.28, 28.67, 11.17, 44.61, 20.11, 8.28, 5.94, 15.33, 20.33, 38.0, 85.61, 7.44, 21.17, 17.17, 22.78, 11.67, 41.39, 20.67, 8.83, 5.22, 14.28, 22.78
30, 2013-12-23, Away, CLE, W, W, 1, O, 203.5, 0, 0, 101.61, 102.56, 39.17, 86.22, 6.39, 18.83, 16.89, 25.83, 14.28, 46.0, 20.06, 8.33, 5.61, 14.56, 19.94, 37.89, 82.72, 8.33, 22.44, 18.44, 23.22, 10.11, 41.72, 23.17, 8.78, 4.61, 14.89, 20.06, 97.0, 102.28, 37.0, 85.33, 7.0, 19.56, 16.0, 20.94, 11.83, 43.94, 19.06, 6.44, 3.94, 13.56, 18.22, 38.56, 84.22, 8.94, 23.56, 16.22, 21.06, 11.0, 44.83, 26.11, 7.17, 5.78, 13.61, 19.0
31, 2013-12-27, Away, ORL, L, L, -4, U, 203.5, 0, 0, 103.06, 102.33, 39.72, 86.89, 6.78, 19.44, 16.83, 25.61, 14.67, 45.89, 20.5, 8.5, 5.5, 14.5, 20.17, 37.72, 82.89, 8.33, 22.72, 18.56, 23.39, 10.22, 41.33, 23.17, 8.5, 4.72, 15.17, 20.17, 94.78, 101.44, 35.5, 82.06, 7.67, 21.94, 16.11, 20.61, 8.67, 40.89, 19.61, 7.83, 4.56, 13.78, 20.17, 37.39, 82.28, 9.17, 22.5, 17.5, 22.39, 9.72, 44.61, 21.56, 6.78, 5.44, 13.89, 18.56
32, 2013-12-28, Away, WAS, L, L, 3.5, U, 203, 1, 1, 102.11, 103.0, 39.78, 87.72, 6.78, 19.5, 15.78, 24.39, 15.0, 46.11, 20.28, 8.33, 5.61, 14.83, 20.33, 38.28, 83.33, 7.78, 22.06, 18.67, 23.67, 10.44, 42.11, 23.33, 8.72, 4.72, 14.94, 19.67, 98.5, 98.94, 37.5, 82.89, 7.56, 19.78, 15.94, 20.89, 10.61, 42.67, 22.56, 8.11, 4.67, 14.67, 19.67, 37.11, 81.22, 8.06, 21.94, 16.67, 21.61, 10.39, 41.39, 22.89, 7.83, 3.56, 14.22, 18.94
33, 2013-12-30, Home, WAS, L, L, -2.5, O, 203.5, 0, 0, 100.39, 103.67, 39.11, 87.56, 6.5, 19.06, 15.67, 24.06, 15.33, 46.17, 19.83, 8.22, 5.83, 15.5, 20.0, 38.83, 84.06, 7.94, 22.06, 18.06, 23.17, 10.78, 42.5, 23.94, 9.0, 4.78, 14.89, 19.67, 99.06, 97.78, 37.83, 82.5, 7.72, 19.44, 15.67, 20.61, 10.78, 42.61, 23.22, 8.06, 4.78, 14.61, 19.83, 36.83, 81.0, 7.89, 21.94, 16.22, 21.33, 10.61, 40.94, 23.0, 7.67, 3.5, 14.33, 18.89
34, 2014-01-05, Home, MEM, L, L, -2.5, O, 194.5, 0, 0, 101.5, 104.06, 39.22, 87.83, 6.72, 19.5, 16.33, 24.94, 15.67, 46.44, 20.61, 8.11, 5.72, 15.56, 20.28, 38.67, 84.0, 8.0, 22.17, 18.72, 24.0, 10.83, 42.61, 24.0, 9.11, 4.83, 14.83, 20.33, 96.56, 98.56, 37.67, 84.0, 5.17, 14.11, 16.06, 21.94, 13.56, 43.5, 20.67, 7.89, 3.78, 11.89, 19.89, 36.22, 77.56, 8.06, 21.61, 18.06, 22.83, 9.33, 38.61, 20.11, 6.78, 6.44, 13.0, 18.17
35, 2014-01-07, Away, NYK, L, L, 3, U, 199, 0, 0, 100.5, 104.39, 38.72, 87.06, 6.89, 20.0, 16.17, 24.67, 15.11, 45.78, 20.5, 7.78, 5.83, 15.44, 20.17, 39.06, 84.67, 7.67, 21.28, 18.61, 23.56, 11.28, 43.44, 24.39, 8.72, 4.61, 14.44, 20.0, 97.33, 98.78, 36.5, 81.89, 9.44, 24.06, 14.89, 19.28, 10.11, 38.72, 21.06, 9.17, 4.56, 11.67, 21.78, 35.5, 75.72, 9.5, 23.44, 18.28, 24.39, 9.89, 41.89, 19.94, 5.72, 3.28, 15.17, 19.94
36, 2014-01-08, Away, TOR, L, L, 6, O, 199, 1, 1, 98.83, 103.78, 38.22, 86.89, 6.5, 19.5, 15.89, 23.78, 15.11, 45.61, 20.11, 7.56, 5.67, 15.06, 20.17, 38.78, 84.28, 7.78, 21.44, 18.44, 23.61, 11.44, 43.28, 24.5, 8.44, 4.44, 14.06, 19.72, 99.72, 97.72, 36.78, 82.06, 7.83, 21.89, 18.33, 23.33, 10.39, 41.17, 21.22, 7.33, 4.61, 13.61, 21.39, 36.39, 81.72, 7.44, 19.22, 17.5, 22.44, 11.28, 43.0, 21.28, 7.83, 4.33, 15.78, 21.94
37, 2014-01-10, Away, PHI, W, W, -2, O, 216.5, 0, 0, 97.94, 104.61, 37.83, 87.22, 6.33, 19.5, 15.94, 24.28, 15.0, 45.67, 20.06, 7.33, 5.67, 14.89, 20.56, 38.72, 84.5, 7.89, 21.61, 19.28, 24.22, 11.39, 44.44, 24.83, 8.06, 4.83, 13.67, 20.39, 102.33, 112.33, 39.33, 89.44, 7.28, 22.33, 16.39, 22.06, 11.22, 44.33, 22.83, 9.33, 4.39, 16.78, 23.22, 40.67, 88.67, 9.89, 27.39, 21.11, 28.5, 13.11, 48.89, 26.11, 8.67, 6.33, 16.22, 20.33
38, 2014-01-11, Home, PHO, W, W, -1.5, O, 206, 1, 1, 98.44, 104.94, 38.22, 87.67, 6.56, 20.0, 15.44, 23.78, 15.22, 46.06, 20.22, 7.61, 5.83, 15.06, 20.44, 39.0, 84.72, 7.83, 21.44, 19.11, 24.11, 11.28, 44.39, 24.72, 8.17, 4.28, 13.61, 19.83, 104.39, 101.06, 38.5, 86.17, 10.0, 27.06, 17.39, 23.28, 12.33, 45.11, 19.11, 8.72, 5.72, 14.17, 21.83, 37.72, 84.94, 6.56, 19.17, 19.06, 25.5, 12.94, 46.39, 20.0, 6.89, 4.67, 15.22, 20.28
39, 2014-01-17, Home, UTA, L, L, -7, U, 203.5, 0, 0, 99.44, 106.78, 38.78, 88.44, 6.06, 19.89, 15.83, 24.44, 15.61, 46.5, 21.17, 7.56, 5.72, 14.89, 20.39, 39.39, 84.94, 8.39, 22.39, 19.61, 24.67, 11.56, 44.44, 25.11, 8.17, 4.06, 13.56, 20.5, 97.78, 100.5, 37.67, 82.78, 7.39, 19.0, 15.06, 19.17, 10.0, 42.0, 21.5, 6.5, 5.39, 12.17, 19.22, 38.28, 82.17, 6.61, 19.33, 17.33, 22.44, 10.11, 42.83, 21.06, 7.33, 5.17, 10.72, 18.83
40, 2014-01-18, Away, WAS, W, W, 6, U, 203, 1, 1, 99.11, 106.78, 38.56, 87.83, 5.89, 19.67, 16.11, 24.94, 15.17, 45.89, 21.06, 7.28, 5.78, 14.78, 20.28, 39.56, 85.33, 8.28, 22.06, 19.39, 24.56, 11.83, 44.94, 25.17, 8.11, 4.17, 13.61, 20.72, 98.5, 99.22, 38.22, 83.39, 6.94, 18.0, 15.11, 20.72, 11.5, 43.44, 22.78, 7.67, 4.78, 14.0, 21.61, 36.67, 79.39, 7.39, 20.39, 18.5, 24.5, 9.72, 40.17, 23.61, 7.94, 3.61, 13.44, 18.44
41, 2014-01-20, Home, LAC, L, L, 3.5, O, 208.5, 0, 0, 99.67, 105.5, 38.61, 87.72, 5.78, 19.28, 16.67, 25.78, 15.17, 46.17, 20.78, 7.56, 5.67, 14.44, 20.28, 39.33, 84.83, 8.11, 21.89, 18.72, 24.33, 11.39, 44.33, 24.67, 7.83, 4.22, 14.0, 21.28, 108.72, 101.28, 38.83, 83.5, 8.61, 24.83, 22.44, 29.06, 10.0, 43.33, 23.89, 8.94, 5.28, 12.56, 20.5, 38.06, 86.33, 7.56, 22.22, 17.61, 23.0, 13.0, 46.56, 23.89, 6.83, 2.89, 15.61, 23.22
42, 2014-01-22, Away, MIL, L, L, -4.5, O, 196, 0, 0, 99.5, 105.56, 38.5, 86.78, 5.61, 18.89, 16.89, 25.89, 14.78, 45.44, 20.78, 7.56, 5.56, 14.39, 20.78, 39.44, 84.17, 8.11, 21.78, 18.56, 24.61, 11.33, 43.94, 24.89, 7.67, 4.22, 14.17, 21.11, 93.56, 102.89, 35.78, 83.89, 7.44, 22.28, 14.56, 19.56, 11.89, 43.28, 20.28, 7.33, 5.78, 14.22, 21.06, 37.33, 85.17, 9.72, 24.17, 18.5, 24.33, 13.0, 47.22, 23.06, 7.44, 5.56, 13.17, 19.89
43, 2014-01-24, Home, NOP, L, L, -3.5, O, 203, 0, 0, 99.39, 105.83, 38.33, 86.83, 5.67, 19.17, 17.06, 26.06, 14.78, 45.28, 20.67, 8.06, 5.56, 14.44, 20.44, 39.72, 84.44, 7.89, 22.0, 18.5, 24.72, 11.61, 44.33, 25.17, 8.06, 4.39, 14.5, 21.06, 98.44, 103.89, 38.0, 82.11, 5.56, 14.22, 16.89, 22.39, 12.06, 42.78, 21.22, 7.28, 5.5, 13.56, 23.11, 36.78, 79.44, 8.17, 23.28, 22.17, 28.78, 11.72, 42.28, 21.61, 6.67, 6.61, 12.78, 19.72
44, 2014-01-26, Away, DAL, L, L, 6.5, O, 213.5, 0, 0, 98.94, 105.39, 37.94, 86.33, 5.83, 19.33, 17.22, 26.11, 14.72, 44.78, 20.61, 8.39, 5.5, 14.56, 20.39, 39.5, 83.0, 7.89, 21.5, 18.5, 24.61, 11.22, 43.67, 24.67, 8.33, 4.67, 14.94, 21.28, 103.72, 102.44, 39.39, 82.39, 8.78, 22.89, 16.17, 20.72, 9.0, 38.11, 23.61, 9.0, 3.44, 12.33, 20.67, 37.0, 79.44, 7.5, 21.72, 20.94, 26.33, 11.17, 43.67, 21.78, 6.89, 3.33, 15.28, 19.44
45, 2014-01-28, Home, ORL, W, W, -6.5, U, 205, 0, 0, 99.22, 106.5, 38.22, 86.5, 5.67, 18.94, 17.11, 26.11, 14.56, 44.0, 20.83, 8.78, 5.11, 14.78, 20.44, 39.94, 82.61, 7.94, 21.72, 18.67, 24.67, 11.11, 43.61, 24.94, 8.39, 4.83, 15.5, 21.22, 96.44, 104.28, 36.22, 82.0, 6.56, 20.5, 17.44, 22.94, 8.78, 42.11, 21.28, 6.94, 3.39, 13.83, 19.67, 39.56, 86.28, 8.44, 23.22, 16.72, 21.28, 11.17, 46.39, 23.78, 7.06, 6.06, 12.61, 19.17
46, 2014-02-01, Home, PHI, W, W, -10, U, 215, 1, 0, 99.0, 105.44, 38.11, 86.39, 5.44, 18.56, 17.33, 26.56, 14.78, 45.11, 20.83, 8.39, 5.28, 14.72, 20.56, 39.5, 82.39, 8.06, 21.83, 18.39, 24.83, 11.11, 43.56, 24.78, 8.5, 4.89, 15.33, 21.06, 99.11, 106.72, 37.61, 87.61, 5.72, 19.78, 18.17, 25.28, 11.89, 44.11, 21.78, 9.89, 4.28, 15.67, 22.72, 38.56, 86.33, 8.22, 23.28, 21.39, 28.0, 13.44, 49.61, 25.17, 8.67, 8.44, 16.67, 22.11
47, 2014-02-03, Away, MIA, L, W, 9.5, U, 206, 0, 0, 99.39, 104.33, 38.06, 86.5, 5.17, 18.67, 18.11, 27.83, 15.06, 45.89, 21.11, 8.67, 5.17, 14.67, 20.72, 39.17, 82.67, 8.17, 22.44, 17.83, 24.56, 11.28, 43.61, 24.67, 8.5, 4.44, 15.72, 21.67, 103.33, 101.44, 39.0, 77.5, 7.67, 21.56, 17.67, 23.28, 8.11, 37.06, 22.33, 7.83, 3.5, 14.39, 19.67, 38.39, 79.72, 8.39, 22.94, 16.28, 21.44, 9.89, 39.5, 23.33, 7.83, 3.56, 14.78, 20.28
48, 2014-02-05, Away, ORL, L, L, -2.5, O, 203, 0, 0, 99.33, 103.67, 37.72, 86.17, 5.44, 19.0, 18.44, 28.0, 15.5, 46.67, 20.94, 8.83, 4.94, 15.39, 20.89, 38.89, 83.0, 8.06, 22.28, 17.83, 24.44, 11.72, 43.56, 24.17, 9.0, 4.56, 16.06, 21.83, 94.94, 105.33, 35.11, 81.22, 6.61, 19.44, 18.11, 23.39, 8.83, 41.06, 20.28, 7.39, 3.11, 13.89, 19.17, 39.89, 85.67, 8.56, 22.5, 17.0, 21.39, 11.22, 46.56, 24.78, 7.28, 5.89, 12.78, 18.67
49, 2014-02-07, Home, BRK, W, W, -1.5, O, 205.5, 1, 0, 98.39, 104.78, 37.33, 85.56, 5.22, 18.78, 18.5, 28.28, 15.11, 45.89, 20.5, 8.67, 4.89, 15.44, 20.89, 39.44, 83.06, 7.94, 21.72, 17.94, 24.22, 11.67, 43.83, 24.67, 9.28, 4.78, 15.61, 22.06, 98.44, 96.94, 36.44, 78.72, 8.72, 23.83, 16.83, 21.17, 8.56, 36.78, 21.5, 9.56, 4.33, 13.67, 22.61, 34.0, 75.17, 7.89, 21.61, 21.06, 26.11, 10.22, 40.94, 20.28, 6.72, 4.22, 16.61, 19.83
50, 2014-02-08, Home, DEN, W, W, -2, O, 216, 1, 1, 99.44, 104.0, 37.56, 84.94, 5.44, 18.72, 18.89, 28.61, 14.89, 46.39, 21.06, 8.89, 5.11, 15.83, 20.72, 38.72, 83.28, 8.39, 22.67, 18.17, 24.56, 11.89, 43.33, 24.17, 9.5, 4.83, 15.56, 22.06, 110.06, 107.83, 40.06, 85.39, 9.72, 25.83, 20.22, 27.5, 11.44, 45.44, 23.89, 7.28, 5.78, 15.39, 24.89, 39.33, 86.06, 6.17, 19.17, 23.0, 30.17, 10.72, 43.39, 22.67, 8.39, 4.39, 13.67, 22.17
51, 2014-02-10, Home, SAS, W, W, 3, O, 206.5, 0, 0, 101.89, 104.17, 38.61, 86.11, 5.5, 18.67, 19.17, 28.94, 15.0, 46.5, 21.5, 9.0, 5.11, 15.17, 20.61, 38.61, 83.39, 8.72, 23.44, 18.22, 24.83, 11.83, 43.39, 23.61, 9.17, 4.83, 15.72, 21.89, 103.56, 98.44, 39.33, 79.0, 7.39, 19.39, 17.5, 22.39, 8.06, 41.67, 24.22, 6.83, 6.11, 14.83, 18.56, 38.72, 86.11, 5.61, 15.39, 15.39, 20.94, 11.06, 41.89, 20.61, 8.0, 4.94, 11.83, 20.94
52, 2014-02-12, Home, CLE, L, L, -8, U, 209, 1, 0, 102.44, 103.83, 39.0, 86.56, 5.44, 18.44, 19.0, 28.44, 15.0, 46.44, 20.94, 9.22, 5.22, 14.89, 20.33, 38.83, 83.61, 8.61, 23.33, 17.56, 23.94, 11.78, 43.17, 23.72, 8.67, 4.89, 15.94, 21.39, 100.06, 105.11, 37.33, 85.89, 7.56, 20.67, 17.83, 24.83, 13.56, 43.61, 22.72, 7.78, 3.06, 12.28, 22.0, 38.83, 80.83, 9.5, 24.83, 17.94, 23.67, 9.11, 41.22, 24.94, 6.28, 6.06, 13.06, 20.56
53, 2014-02-18, Home, CHA, L, L, -4.5, O, 201.5, 0, 0, 102.72, 102.78, 38.89, 86.39, 5.44, 18.78, 19.5, 28.83, 15.17, 47.0, 20.83, 9.28, 5.22, 15.17, 20.56, 38.33, 83.17, 8.44, 23.33, 17.67, 24.39, 11.44, 42.39, 22.94, 8.94, 4.78, 15.94, 21.72, 97.61, 99.61, 37.06, 80.06, 6.72, 17.44, 16.78, 23.11, 6.56, 40.17, 23.83, 5.83, 5.0, 11.17, 17.11, 38.67, 85.0, 7.89, 21.89, 14.39, 18.56, 9.11, 43.83, 21.83, 6.0, 4.78, 11.67, 20.17
54, 2014-02-19, Away, CHA, L, L, 2.5, O, 200.5, 1, 1, 103.33, 103.83, 39.28, 87.06, 5.56, 18.61, 19.22, 28.83, 15.17, 46.89, 20.89, 9.17, 5.17, 14.67, 20.78, 38.67, 82.83, 8.33, 22.83, 18.17, 25.33, 11.22, 42.67, 23.0, 8.61, 4.67, 15.61, 21.5, 99.0, 99.56, 37.5, 80.22, 6.78, 17.5, 17.22, 23.83, 6.67, 40.44, 24.17, 5.89, 5.06, 10.83, 17.39, 38.61, 85.72, 7.89, 21.83, 14.44, 19.0, 9.56, 44.17, 21.83, 5.94, 4.5, 11.67, 20.39
55, 2014-02-21, Home, ATL, W, W, -4, O, 211, 0, 0, 103.72, 104.06, 39.5, 87.28, 5.78, 18.72, 18.94, 28.0, 14.94, 46.0, 20.89, 9.22, 5.17, 14.33, 20.44, 39.06, 82.61, 8.17, 22.22, 17.78, 25.17, 11.0, 42.33, 23.39, 8.61, 4.72, 15.78, 20.83, 99.61, 102.17, 36.83, 80.28, 9.0, 23.67, 16.94, 21.28, 8.5, 38.78, 25.78, 9.22, 3.72, 14.94, 17.5, 39.28, 83.78, 8.56, 21.06, 15.06, 19.39, 11.17, 42.78, 23.94, 8.06, 4.56, 14.94, 19.17
56, 2014-02-22, Home, DAL, L, L, 3, O, 213, 1, 1, 103.78, 104.22, 39.89, 86.89, 5.61, 18.17, 18.39, 27.78, 14.44, 45.11, 21.33, 8.89, 4.67, 13.94, 20.5, 39.0, 82.22, 8.44, 22.61, 17.78, 25.17, 10.94, 42.28, 23.5, 8.33, 4.78, 15.44, 21.0, 106.94, 103.61, 39.67, 81.78, 8.0, 21.17, 19.61, 24.33, 10.39, 41.5, 23.56, 6.61, 3.78, 12.67, 20.5, 38.0, 81.44, 8.5, 24.17, 19.11, 25.06, 10.39, 39.44, 23.83, 7.39, 3.28, 13.39, 21.5
57, 2014-02-24, Home, GSW, L, L, 3.5, U, 207.5, 0, 0, 103.33, 104.5, 39.67, 86.22, 5.56, 17.83, 18.44, 27.94, 13.83, 44.0, 20.72, 8.89, 4.61, 13.67, 20.5, 39.39, 82.0, 8.17, 21.94, 17.56, 25.0, 10.94, 42.56, 23.89, 8.33, 4.94, 15.56, 20.78, 103.11, 99.06, 38.5, 87.11, 8.5, 23.78, 17.61, 22.67, 11.67, 44.61, 21.89, 8.39, 5.06, 12.44, 21.11, 37.06, 83.33, 6.83, 19.33, 18.11, 24.44, 11.44, 45.78, 19.28, 7.28, 3.89, 15.39, 20.11
58, 2014-02-26, Away, SAS, L, W, 10.5, O, 210, 0, 0, 103.72, 104.17, 40.11, 87.61, 5.56, 17.67, 17.94, 27.22, 14.28, 44.72, 21.33, 9.0, 4.78, 13.28, 20.72, 39.11, 82.17, 8.39, 22.44, 17.56, 25.17, 11.0, 42.61, 23.89, 8.11, 5.06, 15.28, 20.61, 101.89, 101.11, 38.78, 80.83, 7.39, 20.17, 16.94, 21.39, 8.5, 40.83, 22.67, 6.72, 5.28, 14.78, 19.56, 39.06, 84.72, 5.67, 16.61, 17.33, 23.83, 11.33, 43.0, 20.44, 8.0, 5.06, 12.44, 20.44
59, 2014-03-01, Away, HOU, L, W, 10.5, O, 215, 0, 0, 104.06, 105.39, 40.39, 88.11, 5.5, 17.06, 17.78, 26.44, 14.17, 44.33, 21.72, 9.06, 4.83, 13.22, 20.44, 39.5, 82.5, 8.44, 22.33, 17.94, 24.94, 11.17, 42.72, 24.56, 8.28, 5.39, 15.22, 20.06, 108.44, 101.83, 38.78, 81.44, 9.89, 26.28, 21.0, 29.44, 11.83, 45.89, 22.28, 7.39, 4.89, 15.94, 19.72, 38.89, 87.56, 8.33, 23.61, 15.72, 20.61, 11.78, 40.5, 21.72, 8.72, 5.06, 13.94, 23.89
60, 2014-03-03, Home, NYK, W, W, -4, U, 209.5, 1, 0, 104.44, 105.72, 40.67, 89.28, 5.61, 17.33, 17.5, 25.89, 14.83, 45.28, 22.0, 9.11, 5.0, 13.28, 20.22, 39.61, 83.17, 8.56, 23.0, 17.94, 24.72, 11.06, 42.72, 24.5, 8.17, 5.28, 15.06, 20.11, 103.11, 103.33, 39.33, 84.39, 10.0, 25.83, 14.44, 19.61, 11.44, 42.28, 20.39, 6.61, 4.28, 13.28, 21.33, 37.78, 80.5, 9.56, 23.22, 18.22, 23.89, 9.33, 40.11, 20.5, 6.44, 3.56, 12.44, 19.39
61, 2014-03-05, Home, CHI, L, L, 4, O, 192.5, 0, 0, 104.17, 104.67, 40.61, 89.22, 5.61, 17.17, 17.33, 25.67, 15.17, 46.06, 22.0, 9.11, 5.0, 13.39, 20.17, 39.11, 83.11, 8.67, 23.06, 17.78, 24.28, 11.06, 42.44, 23.78, 8.0, 5.22, 14.94, 20.28, 93.39, 90.72, 34.11, 78.39, 6.44, 18.06, 18.72, 24.28, 11.44, 44.72, 21.78, 7.83, 5.11, 14.22, 18.94, 34.67, 79.78, 6.83, 19.89, 14.56, 19.33, 9.5, 38.39, 18.67, 7.44, 5.72, 14.28, 20.83
62, 2014-03-07, Away, MIN, L, L, 9.5, U, 218, 0, 0, 103.78, 104.78, 40.72, 89.33, 5.39, 16.78, 16.94, 25.06, 14.67, 45.39, 22.39, 8.78, 5.11, 12.89, 19.67, 39.44, 83.5, 8.56, 23.17, 17.33, 23.89, 11.06, 42.89, 24.39, 7.5, 5.0, 14.67, 19.78, 104.5, 103.11, 37.5, 84.28, 6.56, 20.61, 22.94, 29.83, 11.5, 44.83, 22.22, 7.39, 4.33, 13.56, 20.28, 39.11, 85.83, 7.67, 22.17, 17.22, 22.28, 11.28, 44.17, 21.61, 8.11, 5.78, 14.67, 25.5
63, 2014-03-09, Away, BOS, L, L, 1, O, 206.5, 0, 0, 103.5, 104.67, 40.44, 89.5, 5.39, 16.78, 17.22, 25.17, 14.78, 46.17, 22.33, 8.56, 5.33, 12.89, 19.78, 39.33, 84.44, 8.5, 23.11, 17.5, 24.17, 11.44, 43.5, 24.5, 7.56, 4.78, 14.28, 19.78, 95.06, 99.28, 35.72, 84.06, 6.61, 21.0, 17.0, 21.78, 12.83, 43.78, 21.94, 7.28, 3.78, 15.06, 19.94, 37.89, 82.11, 6.78, 19.61, 16.72, 21.28, 9.61, 41.0, 21.78, 7.5, 4.67, 13.56, 20.11
64, 2014-03-11, Home, SAC, W, W, -2.5, U, 214.5, 0, 0, 103.94, 106.39, 40.5, 89.5, 5.28, 16.5, 17.67, 25.78, 14.89, 46.06, 22.06, 8.33, 5.22, 12.94, 19.78, 40.17, 85.56, 8.61, 23.72, 17.44, 23.94, 11.67, 43.44, 25.56, 7.44, 5.0, 13.72, 20.33, 99.89, 101.44, 35.72, 79.72, 5.06, 15.94, 23.39, 30.22, 12.11, 44.17, 17.22, 6.94, 3.94, 15.61, 22.11, 36.83, 81.17, 8.5, 22.17, 19.28, 26.22, 9.56, 38.72, 23.5, 8.22, 4.61, 12.78, 24.39
65, 2014-03-12, Away, TOR, L, L, 8.5, U, 206.5, 0, 1, 103.17, 106.0, 40.33, 89.22, 5.28, 16.11, 17.22, 24.61, 14.17, 45.44, 22.22, 8.17, 5.17, 12.67, 20.0, 39.94, 85.28, 8.5, 23.39, 17.61, 24.33, 11.67, 43.78, 25.61, 7.11, 5.28, 13.56, 19.83, 102.78, 97.44, 37.22, 81.94, 8.78, 23.56, 19.56, 24.78, 10.67, 41.72, 23.44, 6.67, 4.39, 12.72, 24.44, 35.39, 81.33, 6.17, 18.0, 20.5, 27.67, 12.06, 41.17, 20.61, 7.56, 3.94, 13.39, 22.61
66, 2014-03-15, Home, IND, L, L, 5, O, 197, 1, 0, 102.67, 105.94, 40.33, 88.94, 5.44, 16.33, 16.56, 24.33, 13.61, 44.78, 22.0, 8.0, 5.11, 12.39, 19.83, 39.83, 85.44, 8.56, 23.39, 17.72, 24.56, 11.78, 44.33, 25.33, 6.89, 5.11, 13.33, 19.72, 98.5, 96.5, 36.89, 79.56, 6.5, 18.06, 18.22, 23.28, 9.61, 43.89, 20.11, 6.94, 5.78, 15.22, 20.56, 36.44, 84.94, 7.83, 21.56, 15.78, 21.67, 11.11, 41.72, 21.72, 7.06, 4.39, 12.78, 21.89
67, 2014-03-19, Away, DEN, L, L, 6, O, 217, 0, 0, 103.0, 105.94, 40.22, 89.28, 5.5, 16.5, 17.06, 24.72, 13.44, 45.22, 22.28, 8.06, 5.28, 12.17, 19.89, 39.67, 86.28, 8.61, 23.72, 18.0, 24.83, 12.11, 45.33, 25.06, 6.67, 4.94, 13.28, 19.94, 103.17, 109.89, 37.83, 87.83, 8.22, 23.83, 19.28, 27.56, 13.0, 45.89, 22.11, 7.67, 5.17, 16.28, 23.89, 39.28, 84.67, 8.11, 22.72, 23.22, 28.56, 10.28, 44.06, 22.33, 9.06, 6.11, 14.56, 22.61
68, 2014-03-21, Away, PHO, L, W, 8.5, U, 218, 0, 0, 102.89, 107.22, 40.22, 89.89, 5.56, 17.0, 16.89, 24.44, 13.28, 44.44, 22.06, 7.94, 5.0, 11.61, 19.94, 40.33, 86.11, 8.56, 23.5, 18.0, 24.72, 11.78, 45.67, 25.61, 6.28, 5.06, 13.28, 20.22, 106.0, 105.67, 38.67, 82.67, 9.22, 24.22, 19.44, 26.39, 11.33, 42.39, 19.94, 8.56, 4.11, 15.89, 22.61, 39.06, 82.61, 7.28, 21.11, 20.28, 26.44, 10.33, 41.22, 21.0, 8.83, 3.61, 14.72, 22.22
69, 2014-03-22, Away, LAC, L, W, 13.5, U, 216.5, 0, 1, 101.0, 106.61, 39.61, 89.44, 5.33, 16.78, 16.44, 24.61, 13.33, 45.17, 21.72, 7.78, 4.89, 12.11, 20.56, 39.89, 85.28, 8.17, 23.06, 18.67, 25.44, 11.17, 45.22, 25.22, 6.67, 5.17, 12.78, 20.44, 111.5, 100.28, 41.06, 84.0, 8.28, 22.83, 21.11, 28.78, 11.22, 43.94, 26.0, 9.44, 4.94, 13.67, 22.17, 36.72, 85.11, 7.94, 23.67, 18.89, 24.56, 11.89, 41.11, 23.17, 7.5, 3.56, 15.56, 24.06
70, 2014-03-24, Away, UTA, W, W, -2, O, 203.5, 0, 0, 100.67, 107.28, 39.56, 89.61, 5.72, 17.5, 15.83, 23.89, 13.22, 45.39, 22.44, 7.56, 4.78, 12.33, 20.33, 40.0, 85.33, 8.5, 23.72, 18.78, 25.78, 11.11, 45.33, 25.44, 7.28, 5.56, 12.44, 20.28, 95.17, 103.83, 36.17, 80.11, 7.33, 20.17, 15.5, 20.94, 10.33, 39.89, 19.78, 6.39, 4.22, 14.17, 20.5, 39.5, 80.94, 8.0, 19.56, 16.83, 21.5, 9.11, 40.67, 23.78, 7.06, 5.06, 12.06, 19.61
71, 2014-03-26, Home, CLE, L, L, -6.5, U, 204.5, 1, 0, 102.06, 107.33, 40.28, 89.61, 6.0, 17.17, 15.5, 23.39, 13.28, 45.39, 22.56, 7.61, 4.61, 12.17, 20.06, 40.0, 85.28, 8.61, 24.39, 18.72, 25.67, 11.06, 44.67, 25.39, 7.17, 5.56, 12.28, 20.06, 98.33, 101.44, 37.0, 81.06, 7.0, 19.72, 17.33, 22.39, 10.44, 43.72, 22.39, 6.11, 3.33, 13.67, 19.22, 37.5, 84.56, 10.72, 28.61, 15.72, 20.83, 10.11, 40.0, 25.44, 7.72, 5.67, 11.22, 18.5
72, 2014-03-28, Home, MIA, L, L, 5, U, 198.5, 0, 0, 102.06, 106.72, 40.28, 88.83, 6.33, 17.72, 15.17, 22.83, 13.0, 45.17, 22.94, 7.56, 4.72, 12.39, 19.72, 39.89, 85.83, 8.72, 24.89, 18.22, 24.94, 11.5, 44.78, 25.0, 7.11, 5.56, 12.44, 19.78, 99.44, 95.72, 37.78, 76.83, 7.61, 21.33, 16.28, 21.22, 8.11, 36.89, 21.17, 8.61, 5.39, 13.67, 19.11, 35.72, 80.06, 7.67, 22.67, 16.61, 21.67, 11.67, 41.5, 21.78, 7.5, 2.94, 14.17, 19.28
73, 2014-03-29, Away, PHI, L, L, -6, O, 210.5, 0, 1, 100.94, 106.39, 39.83, 88.22, 6.06, 18.06, 15.22, 22.89, 13.28, 45.44, 22.94, 7.44, 4.67, 12.5, 19.83, 39.94, 85.67, 8.72, 24.83, 17.78, 24.44, 11.61, 44.67, 24.94, 7.17, 5.17, 12.06, 19.56, 93.89, 109.56, 35.28, 86.39, 7.33, 25.56, 16.0, 23.22, 12.44, 40.0, 20.5, 9.83, 3.61, 15.89, 23.33, 39.44, 80.39, 8.17, 20.89, 22.5, 29.89, 11.67, 48.17, 26.0, 9.06, 5.94, 17.56, 21.22
74, 2014-03-31, Home, MIL, W, L, -6.5, O, 207, 0, 0, 100.0, 107.28, 39.06, 88.11, 5.94, 18.11, 15.94, 23.06, 13.22, 45.33, 22.28, 7.56, 4.72, 12.89, 19.83, 40.39, 85.89, 8.67, 24.28, 17.83, 24.39, 11.67, 44.94, 25.17, 7.56, 5.39, 12.28, 19.72, 102.5, 107.44, 38.67, 82.83, 6.06, 16.39, 19.11, 25.61, 12.67, 40.39, 22.83, 6.67, 3.83, 12.94, 21.22, 39.89, 81.22, 8.5, 22.61, 19.17, 24.33, 11.39, 40.56, 23.28, 6.89, 4.83, 13.78, 21.11
75, 2014-04-02, Away, IND, L, W, 10.5, O, 191, 0, 0, 100.78, 107.17, 39.39, 88.94, 6.33, 18.78, 15.67, 22.56, 13.78, 45.94, 22.67, 7.44, 4.67, 12.94, 20.22, 40.11, 85.78, 8.5, 23.94, 18.44, 25.17, 11.78, 44.94, 25.0, 7.39, 5.33, 12.22, 19.78, 89.17, 94.0, 32.72, 77.39, 5.72, 16.67, 18.0, 22.67, 9.72, 42.67, 17.94, 5.72, 5.11, 14.17, 21.0, 35.0, 81.5, 6.89, 18.94, 17.11, 22.06, 10.61, 41.39, 20.22, 6.89, 5.0, 11.56, 22.06
76, 2014-04-04, Away, BRK, L, L, 10, O, 205.5, 0, 0, 100.67, 107.0, 39.06, 88.61, 6.5, 18.94, 16.06, 23.11, 13.83, 46.06, 22.11, 7.44, 4.56, 12.78, 19.94, 40.17, 85.61, 8.06, 23.22, 18.61, 25.28, 11.72, 45.11, 24.83, 7.44, 5.33, 12.06, 19.89, 102.28, 98.22, 36.78, 77.28, 10.39, 26.61, 18.33, 24.5, 8.17, 36.11, 20.72, 10.44, 3.33, 13.33, 22.0, 36.22, 79.17, 7.56, 22.44, 18.22, 24.22, 12.06, 43.67, 20.0, 6.72, 3.72, 16.39, 20.28
77, 2014-04-05, Home, BOS, W, L, -6.5, O, 206.5, 1, 1, 100.33, 106.78, 38.83, 88.5, 6.72, 19.89, 15.94, 23.33, 14.39, 46.56, 22.06, 7.22, 4.44, 12.56, 19.67, 40.28, 85.28, 8.39, 23.89, 17.83, 24.5, 11.33, 44.5, 24.5, 7.22, 5.11, 11.61, 20.06, 96.72, 103.61, 36.11, 84.72, 7.83, 24.11, 16.67, 20.67, 13.33, 41.94, 22.44, 6.83, 3.33, 14.28, 21.28, 39.28, 80.33, 6.39, 19.72, 18.67, 23.0, 9.39, 40.06, 22.39, 8.0, 4.83, 13.5, 19.33
78, 2014-04-08, Away, ATL, W, W, 6.5, U, 209.5, 0, 0, 100.61, 106.39, 38.44, 87.33, 7.0, 20.11, 16.72, 24.28, 14.0, 46.33, 21.83, 6.94, 4.11, 12.56, 19.22, 40.28, 85.5, 8.56, 23.78, 17.28, 23.56, 11.44, 44.11, 24.44, 7.39, 5.0, 11.39, 20.28, 98.83, 101.11, 36.06, 80.67, 9.39, 28.33, 17.33, 22.0, 8.0, 38.56, 23.61, 7.06, 2.89, 14.5, 20.06, 37.33, 80.61, 8.06, 22.39, 18.39, 23.78, 9.89, 42.83, 22.56, 9.33, 3.78, 14.33, 21.89
79, 2014-04-09, Away, CLE, L, L, 7, O, 206.5, 0, 1, 100.94, 106.94, 38.56, 87.5, 7.11, 20.39, 16.72, 24.39, 14.06, 46.28, 21.44, 7.06, 4.11, 12.5, 19.56, 40.39, 85.83, 8.5, 24.17, 17.67, 24.11, 11.72, 44.56, 25.0, 7.44, 4.94, 11.39, 20.06, 99.11, 102.67, 37.67, 81.89, 7.67, 20.22, 16.11, 21.22, 9.28, 41.39, 22.11, 6.5, 3.0, 13.17, 19.44, 37.83, 82.78, 11.17, 28.89, 15.83, 21.11, 9.39, 40.83, 25.89, 7.5, 5.5, 12.72, 18.06
80, 2014-04-11, Away, CHI, L, W, 10, O, 192.5, 0, 0, 101.28, 107.89, 38.28, 88.0, 7.5, 21.33, 17.22, 25.22, 14.78, 47.06, 21.11, 7.33, 3.89, 12.94, 19.56, 40.94, 86.56, 8.83, 24.56, 17.17, 23.67, 12.0, 44.78, 25.83, 7.61, 5.06, 11.5, 20.5, 94.67, 89.17, 35.11, 79.94, 6.78, 18.33, 17.67, 21.94, 9.94, 41.61, 23.83, 7.39, 5.39, 11.94, 18.83, 33.28, 79.28, 6.0, 18.39, 16.61, 21.89, 11.0, 42.5, 18.89, 6.5, 5.5, 13.44, 19.67
81, 2014-04-13, Home, TOR, L, L, 6.5, O, 205.5, 0, 0, 101.11, 107.44, 38.39, 87.56, 7.56, 21.56, 16.78, 24.83, 14.56, 46.5, 20.83, 7.39, 3.78, 12.89, 19.44, 40.89, 86.0, 8.78, 24.5, 16.89, 23.11, 11.72, 44.17, 25.94, 7.56, 5.28, 11.56, 20.5, 103.61, 100.89, 36.72, 81.0, 9.17, 24.11, 21.0, 25.89, 10.39, 40.5, 20.39, 7.06, 3.78, 12.78, 22.33, 36.22, 77.44, 7.11, 20.22, 21.33, 27.44, 8.72, 38.56, 19.72, 6.89, 3.67, 13.22, 22.06
82, 2014-04-16, Away, OKC, L, W, 14.5, O, 213, 0, 0, 100.89, 107.33, 38.11, 87.44, 7.61, 21.83, 17.06, 25.33, 14.67, 46.56, 21.28, 7.56, 3.72, 12.78, 19.94, 40.44, 85.11, 8.72, 24.06, 17.72, 23.89, 11.5, 44.22, 25.06, 7.56, 5.28, 11.78, 20.94, 107.28, 101.39, 38.06, 83.22, 9.83, 26.28, 21.33, 26.11, 9.11, 42.94, 22.17, 7.83, 6.17, 13.06, 24.83, 36.22, 83.33, 9.22, 24.33, 19.72, 27.17, 11.33, 43.39, 20.94, 7.06, 3.67, 14.39, 20.72
