21, 2013-12-08, Home, MIA, L, L, 3.5, O, 197.5, 1, 1, 98.84, 98.58, 37.95, 84.53, 6.16, 19.58, 16.79, 25.16, 14.16, 44.47, 20.05, 10.0, 5.21, 14.68, 20.05, 37.0, 80.0, 7.84, 21.68, 16.74, 21.32, 9.74, 41.0, 22.63, 9.26, 5.16, 17.21, 20.16, 103.0, 95.95, 38.16, 75.53, 8.16, 21.05, 18.53, 24.42, 6.53, 35.42, 23.68, 9.32, 5.0, 15.16, 20.84, 34.0, 77.32, 9.0, 24.0, 18.95, 25.11, 10.74, 40.05, 19.74, 8.32, 2.84, 17.32, 21.16
22, 2013-12-10, Home, MIN, L, L, 1, O, 205.5, 0, 0, 98.16, 98.53, 37.63, 84.32, 6.16, 19.53, 16.74, 25.05, 14.21, 44.58, 19.84, 10.0, 5.0, 14.58, 19.79, 37.0, 79.74, 8.11, 22.21, 16.42, 20.84, 9.68, 40.79, 22.68, 9.0, 5.11, 17.05, 20.0, 103.89, 101.21, 37.53, 88.58, 7.74, 23.95, 21.11, 26.42, 13.26, 45.16, 22.53, 9.63, 3.26, 14.32, 17.21, 40.26, 85.32, 7.74, 20.79, 12.95, 17.47, 10.58, 44.26, 22.32, 8.32, 6.32, 17.26, 22.37
23, 2013-12-11, Away, NOP, L, L, 2.5, O, 204, 0, 1, 98.53, 100.84, 37.89, 84.68, 6.47, 20.32, 16.26, 24.37, 14.0, 44.32, 20.16, 9.42, 4.89, 14.53, 20.26, 37.53, 80.32, 8.53, 22.63, 17.26, 21.95, 10.0, 41.26, 23.53, 8.84, 4.95, 16.47, 19.68, 103.0, 102.16, 39.32, 87.42, 6.37, 16.16, 18.0, 23.26, 13.58, 43.68, 22.42, 9.42, 6.89, 13.37, 22.16, 37.84, 80.11, 8.58, 22.79, 17.89, 24.89, 9.84, 42.11, 22.53, 7.63, 6.53, 15.74, 20.53
24, 2013-12-13, Home, BRK, W, L, -6, O, 197.5, 1, 0, 99.32, 101.47, 38.37, 85.16, 6.47, 20.11, 16.11, 24.47, 14.11, 44.37, 20.37, 9.42, 4.89, 14.47, 20.0, 37.53, 80.89, 8.53, 22.74, 17.89, 22.42, 10.63, 41.58, 23.37, 9.05, 4.84, 16.32, 19.74, 95.42, 101.58, 34.53, 78.47, 6.05, 18.0, 20.32, 26.68, 10.63, 41.53, 18.47, 6.74, 3.58, 13.74, 21.95, 36.84, 80.68, 9.21, 22.58, 18.68, 25.16, 11.11, 42.21, 21.32, 7.21, 4.21, 12.84, 21.53
25, 2013-12-15, Home, POR, L, W, 3.5, O, 208, 1, 0, 98.95, 100.42, 38.37, 84.74, 6.05, 19.0, 16.16, 24.68, 13.74, 44.42, 20.42, 9.0, 4.79, 14.47, 19.68, 37.47, 80.74, 8.84, 23.05, 16.63, 21.16, 10.11, 40.84, 23.47, 8.79, 4.58, 16.26, 19.89, 108.53, 99.63, 39.79, 85.95, 10.0, 23.74, 18.95, 22.95, 13.37, 46.47, 23.32, 6.37, 4.47, 14.21, 18.16, 38.21, 85.68, 5.68, 15.95, 17.53, 21.89, 11.42, 41.47, 18.58, 8.26, 3.74, 12.63, 20.53
26, 2013-12-16, Away, IND, W, W, 11, O, 192, 0, 1, 99.26, 100.53, 38.47, 84.89, 6.05, 19.05, 16.26, 25.0, 13.74, 45.0, 20.37, 8.74, 4.95, 14.79, 20.16, 37.42, 81.63, 8.63, 23.21, 17.05, 21.74, 10.21, 41.0, 23.53, 8.89, 4.63, 16.0, 20.16, 98.37, 90.32, 36.63, 80.89, 6.89, 19.53, 18.21, 22.74, 10.42, 44.16, 20.58, 7.74, 5.53, 14.47, 20.16, 34.21, 81.74, 5.79, 16.74, 16.11, 20.26, 10.74, 40.47, 17.74, 6.84, 4.68, 14.58, 21.63
27, 2013-12-18, Away, BOS, W, P, -1, O, 195, 0, 0, 99.58, 99.63, 38.53, 84.95, 6.26, 19.16, 16.26, 25.05, 13.95, 46.11, 20.26, 8.26, 5.11, 14.58, 19.89, 37.05, 82.21, 8.53, 23.26, 17.0, 21.79, 10.16, 40.84, 23.0, 8.89, 4.68, 15.16, 19.89, 95.84, 96.0, 36.58, 80.53, 7.21, 19.11, 15.47, 20.21, 9.95, 41.74, 18.58, 6.16, 4.37, 14.37, 20.63, 35.68, 81.05, 6.0, 17.95, 18.63, 23.84, 10.68, 41.63, 20.11, 7.37, 4.05, 12.95, 18.11
28, 2013-12-20, Home, CHA, L, L, -6, O, 191.5, 0, 0, 100.11, 100.47, 38.68, 85.11, 6.47, 19.37, 16.26, 24.84, 13.95, 45.58, 20.05, 8.47, 5.0, 14.79, 19.79, 37.37, 82.26, 8.32, 22.89, 17.42, 22.05, 10.0, 40.74, 23.0, 9.11, 4.47, 15.21, 19.95, 91.16, 91.21, 34.47, 82.16, 4.79, 15.16, 17.42, 24.37, 10.53, 43.95, 19.58, 6.68, 4.89, 12.95, 19.16, 33.42, 80.11, 7.16, 20.47, 17.21, 22.26, 9.26, 44.42, 19.11, 6.42, 5.58, 14.37, 21.37
29, 2013-12-21, Home, HOU, L, L, 1, O, 207.5, 1, 1, 100.47, 100.58, 38.68, 85.26, 6.68, 19.37, 16.42, 24.84, 14.26, 45.84, 19.74, 8.47, 5.37, 14.95, 20.16, 37.21, 81.95, 7.95, 22.11, 18.21, 23.0, 10.11, 41.0, 22.26, 9.16, 4.74, 15.16, 19.79, 106.11, 101.79, 37.95, 80.37, 10.16, 27.68, 20.05, 28.47, 11.26, 44.89, 20.84, 8.26, 6.42, 15.53, 20.68, 38.26, 86.53, 7.63, 21.37, 17.63, 23.37, 11.84, 41.84, 21.11, 9.0, 5.37, 14.21, 22.79
30, 2013-12-23, Away, CLE, W, W, 1, O, 203.5, 0, 0, 100.74, 102.05, 38.95, 86.26, 6.37, 19.0, 16.47, 25.11, 14.32, 45.84, 19.89, 8.58, 5.58, 14.58, 20.0, 37.79, 82.11, 8.11, 22.05, 18.37, 23.26, 9.84, 41.53, 23.16, 8.89, 4.79, 15.21, 19.63, 96.16, 101.95, 36.68, 84.79, 6.89, 19.26, 15.89, 20.89, 11.79, 43.63, 18.74, 6.47, 4.32, 13.79, 18.42, 38.32, 84.16, 8.68, 23.16, 16.63, 21.32, 11.16, 44.63, 26.0, 7.26, 5.84, 13.47, 19.11
31, 2013-12-27, Away, ORL, L, L, -4, U, 203.5, 0, 0, 102.32, 102.0, 39.53, 86.74, 6.58, 19.11, 16.68, 25.42, 14.47, 46.21, 20.42, 8.47, 5.58, 14.53, 19.95, 37.68, 83.0, 8.32, 22.74, 18.32, 23.26, 10.26, 41.58, 23.0, 8.58, 4.58, 15.11, 19.84, 95.05, 101.79, 35.58, 81.42, 7.47, 21.58, 16.42, 21.0, 8.47, 40.84, 19.74, 7.63, 4.37, 13.95, 20.21, 37.68, 82.37, 9.21, 22.74, 17.21, 22.16, 9.47, 43.84, 21.84, 7.05, 5.32, 13.58, 18.74
32, 2013-12-28, Away, WAS, L, L, 3.5, U, 203, 1, 1, 102.47, 102.68, 39.68, 87.32, 6.68, 19.37, 16.42, 25.21, 14.89, 46.0, 20.26, 8.37, 5.47, 14.53, 20.26, 38.11, 83.0, 8.11, 22.26, 18.37, 23.37, 10.32, 41.74, 23.32, 8.58, 4.58, 15.05, 20.11, 97.47, 98.58, 37.26, 83.32, 7.42, 19.53, 15.53, 20.37, 10.68, 42.74, 22.16, 8.26, 4.58, 14.37, 19.21, 37.21, 81.0, 8.05, 21.95, 16.11, 20.89, 10.11, 41.68, 23.16, 7.74, 3.58, 14.37, 18.68
33, 2013-12-30, Home, WAS, L, L, -2.5, O, 203.5, 0, 0, 101.05, 103.16, 39.32, 87.16, 6.79, 19.58, 15.63, 24.0, 14.79, 45.68, 20.26, 8.37, 5.58, 15.21, 20.21, 38.53, 83.47, 7.84, 21.89, 18.26, 23.32, 10.74, 42.32, 23.89, 8.79, 4.74, 15.05, 19.68, 98.89, 98.05, 37.79, 83.05, 7.63, 19.74, 15.68, 20.68, 10.89, 42.84, 23.16, 8.21, 4.68, 14.79, 19.68, 36.79, 81.0, 8.0, 21.89, 16.47, 21.37, 10.42, 41.21, 22.74, 7.89, 3.63, 14.63, 18.89
34, 2014-01-05, Home, MEM, L, L, -2.5, O, 194.5, 0, 0, 100.32, 103.79, 38.95, 87.26, 6.47, 19.11, 15.95, 24.63, 15.47, 46.0, 20.16, 8.26, 5.63, 15.53, 20.21, 38.84, 83.74, 7.89, 21.89, 18.21, 23.37, 10.68, 42.47, 24.0, 9.11, 4.63, 14.89, 20.05, 96.0, 98.26, 37.47, 83.89, 5.11, 14.05, 15.95, 21.74, 13.58, 43.05, 20.74, 8.11, 3.95, 12.05, 20.0, 36.11, 77.11, 7.95, 21.74, 18.11, 23.05, 9.42, 38.84, 19.68, 6.79, 6.42, 13.26, 18.26
35, 2014-01-07, Away, NYK, L, L, 3, U, 199, 0, 0, 100.58, 104.47, 39.0, 87.74, 6.58, 19.37, 16.0, 24.68, 15.47, 46.26, 20.74, 7.89, 5.68, 15.32, 20.26, 38.89, 84.42, 8.0, 21.79, 18.68, 23.89, 11.26, 43.47, 24.37, 8.84, 4.79, 14.58, 20.05, 97.21, 98.68, 36.37, 81.95, 9.26, 23.95, 15.21, 19.58, 10.0, 38.89, 20.79, 9.0, 4.63, 11.58, 21.89, 35.26, 75.47, 9.47, 23.47, 18.68, 24.89, 9.63, 42.0, 19.89, 5.63, 3.37, 15.11, 20.11
36, 2014-01-08, Away, TOR, L, L, 6, O, 199, 1, 1, 99.68, 103.58, 38.37, 87.0, 6.68, 19.95, 16.26, 24.58, 15.16, 46.21, 20.42, 7.79, 5.74, 15.47, 20.16, 38.74, 84.47, 7.74, 21.53, 18.37, 23.37, 11.16, 43.16, 24.37, 8.79, 4.58, 14.37, 20.11, 98.84, 97.32, 36.32, 81.58, 7.84, 22.32, 18.37, 23.79, 10.37, 41.26, 20.95, 7.37, 4.63, 13.79, 21.21, 36.37, 81.42, 7.53, 19.37, 17.05, 21.95, 10.84, 42.63, 21.42, 7.95, 4.32, 15.95, 22.37
37, 2014-01-10, Away, PHI, W, W, -2, O, 216.5, 0, 0, 98.42, 104.21, 38.0, 86.84, 6.37, 19.32, 16.05, 24.37, 14.89, 45.68, 20.11, 7.53, 5.63, 15.05, 20.47, 38.58, 84.37, 7.95, 21.95, 19.11, 24.16, 11.47, 43.89, 24.53, 8.26, 4.74, 13.95, 20.26, 102.47, 112.79, 39.47, 89.58, 7.53, 22.79, 16.0, 22.0, 11.58, 44.58, 23.11, 9.16, 4.37, 16.84, 23.0, 41.21, 88.89, 9.79, 27.0, 20.58, 27.74, 12.95, 48.42, 26.32, 8.89, 6.47, 16.0, 20.37
38, 2014-01-11, Home, PHO, W, W, -1.5, O, 206, 1, 1, 98.79, 104.58, 37.95, 87.58, 6.58, 20.05, 16.32, 24.74, 15.53, 46.53, 20.26, 7.58, 6.11, 15.05, 20.47, 38.84, 85.05, 7.89, 21.74, 19.0, 24.0, 11.47, 44.32, 24.74, 8.26, 4.74, 13.79, 20.32, 104.37, 101.63, 38.42, 85.74, 10.11, 27.05, 17.42, 23.37, 12.32, 44.58, 19.0, 8.68, 5.58, 14.11, 22.16, 37.79, 84.47, 6.68, 19.11, 19.37, 25.68, 12.89, 46.0, 20.05, 6.84, 4.47, 15.05, 20.42
39, 2014-01-17, Home, UTA, L, L, -7, U, 203.5, 0, 0, 99.05, 105.11, 38.53, 88.0, 6.37, 19.84, 15.63, 23.95, 15.47, 46.74, 20.84, 7.58, 5.89, 15.05, 20.37, 38.89, 85.21, 8.11, 22.16, 19.21, 24.16, 11.53, 44.42, 24.68, 8.16, 4.21, 13.53, 20.0, 98.0, 101.11, 37.58, 83.11, 7.42, 19.0, 15.42, 19.74, 10.11, 42.42, 21.42, 6.42, 5.58, 12.37, 19.89, 38.32, 82.79, 6.42, 19.11, 18.05, 23.26, 10.26, 43.16, 21.32, 7.53, 5.26, 10.68, 19.21
40, 2014-01-18, Away, WAS, W, W, 6, U, 203, 1, 1, 98.89, 106.95, 38.42, 87.68, 5.95, 19.68, 16.11, 24.79, 15.21, 45.74, 20.84, 7.42, 5.58, 14.89, 20.32, 39.58, 84.63, 8.42, 22.37, 19.37, 24.37, 11.47, 44.37, 25.21, 8.11, 4.11, 13.79, 20.58, 97.21, 97.95, 37.89, 83.68, 6.84, 18.32, 14.58, 20.11, 11.74, 43.58, 22.53, 7.79, 4.89, 14.0, 21.32, 36.32, 79.05, 7.37, 20.42, 17.95, 23.95, 9.84, 40.58, 23.37, 8.05, 3.63, 13.79, 18.32
41, 2014-01-20, Home, LAC, L, L, 3.5, O, 208.5, 0, 0, 99.37, 106.32, 38.63, 87.47, 5.89, 19.74, 16.21, 25.26, 14.95, 45.79, 20.84, 7.37, 5.63, 14.74, 20.47, 39.42, 84.84, 8.26, 22.0, 19.21, 24.79, 11.53, 44.42, 25.0, 8.05, 4.0, 13.89, 21.0, 107.89, 101.32, 38.16, 82.79, 8.47, 24.79, 23.11, 30.26, 9.95, 43.32, 23.42, 8.79, 5.05, 12.63, 20.47, 37.79, 85.68, 7.58, 22.11, 18.16, 23.37, 12.58, 46.32, 23.58, 6.74, 2.74, 15.47, 23.63
42, 2014-01-22, Away, MIL, L, L, -4.5, O, 196, 0, 0, 99.84, 105.84, 38.68, 87.26, 5.58, 19.0, 16.89, 25.95, 14.79, 45.32, 20.58, 7.68, 5.58, 14.32, 20.68, 39.37, 84.16, 8.16, 21.84, 18.95, 25.0, 11.58, 44.32, 24.79, 7.79, 4.37, 14.21, 21.16, 92.68, 103.21, 35.42, 83.89, 7.16, 21.89, 14.68, 19.74, 12.11, 42.95, 20.05, 7.32, 5.68, 14.11, 20.89, 37.79, 85.32, 9.42, 23.79, 18.21, 23.95, 13.21, 47.47, 23.16, 7.47, 5.37, 13.26, 19.95
43, 2014-01-24, Home, NOP, L, L, -3.5, O, 203, 0, 0, 99.58, 105.47, 38.37, 86.63, 5.53, 18.68, 17.32, 26.32, 14.47, 45.16, 20.79, 7.74, 5.47, 14.37, 20.47, 39.53, 84.16, 8.11, 22.05, 18.32, 24.47, 11.37, 44.0, 25.11, 7.84, 4.37, 14.37, 21.26, 98.16, 103.89, 37.74, 82.42, 5.53, 14.42, 17.16, 22.79, 12.05, 42.84, 21.26, 7.32, 5.37, 13.37, 22.95, 37.0, 80.05, 8.0, 23.11, 21.89, 28.53, 12.0, 43.11, 21.79, 6.63, 6.37, 12.74, 19.89
44, 2014-01-26, Away, DAL, L, L, 6.5, O, 213.5, 0, 0, 99.47, 105.68, 38.26, 86.74, 5.68, 19.11, 17.26, 26.16, 14.89, 45.21, 20.53, 8.21, 5.47, 14.53, 20.47, 39.58, 83.84, 7.84, 21.74, 18.68, 24.68, 11.42, 43.84, 24.63, 8.37, 4.58, 14.68, 21.26, 103.95, 103.53, 39.63, 82.84, 8.47, 22.58, 16.21, 20.84, 9.21, 38.0, 23.68, 9.05, 3.68, 12.26, 20.37, 37.37, 79.79, 7.89, 22.16, 20.89, 26.11, 11.37, 43.74, 21.63, 6.95, 3.21, 15.42, 19.58
45, 2014-01-28, Home, ORL, W, W, -6.5, U, 205, 0, 0, 99.32, 105.95, 38.21, 86.58, 5.74, 19.0, 17.16, 26.21, 14.84, 44.58, 20.47, 8.47, 5.21, 14.42, 20.42, 39.68, 82.53, 7.84, 21.47, 18.74, 24.79, 11.0, 43.42, 24.58, 8.21, 4.79, 15.05, 21.16, 96.63, 104.32, 36.37, 82.0, 6.63, 20.47, 17.26, 22.95, 8.89, 42.11, 21.05, 7.0, 3.53, 14.0, 19.89, 39.53, 85.89, 8.63, 23.21, 16.63, 21.37, 11.21, 46.26, 23.42, 7.11, 5.95, 12.74, 19.37
46, 2014-02-01, Home, PHI, W, W, -10, U, 215, 1, 0, 99.42, 105.47, 38.26, 86.47, 5.68, 19.0, 17.21, 26.21, 14.68, 44.63, 20.89, 8.68, 5.21, 14.79, 20.42, 39.53, 82.32, 7.95, 21.63, 18.47, 24.68, 10.95, 43.42, 24.63, 8.47, 4.68, 15.47, 21.0, 99.21, 107.16, 37.58, 88.0, 6.0, 20.26, 18.05, 25.11, 12.05, 44.37, 21.63, 10.0, 4.21, 15.89, 22.79, 38.84, 86.79, 8.26, 23.79, 21.21, 27.74, 13.53, 50.0, 25.11, 8.68, 8.58, 16.79, 22.05
47, 2014-02-03, Away, MIA, L, W, 9.5, U, 206, 0, 0, 99.74, 104.95, 38.26, 86.68, 5.53, 18.89, 17.68, 27.26, 15.21, 45.79, 20.95, 8.58, 5.42, 14.79, 20.53, 39.42, 82.74, 7.89, 21.79, 18.21, 24.74, 11.21, 43.58, 24.37, 8.68, 4.74, 15.53, 21.42, 103.21, 101.11, 39.11, 77.63, 7.74, 21.84, 17.26, 22.95, 8.05, 37.37, 22.68, 7.89, 3.42, 14.26, 19.68, 38.11, 79.68, 8.68, 23.63, 16.21, 21.68, 10.0, 39.89, 22.89, 7.84, 3.58, 14.89, 20.21
48, 2014-02-05, Away, ORL, L, L, -2.5, O, 203, 0, 0, 99.21, 104.21, 37.84, 86.32, 5.21, 18.63, 18.32, 27.89, 15.26, 46.16, 21.0, 8.79, 5.11, 15.0, 20.68, 39.16, 82.79, 8.11, 22.32, 17.79, 24.37, 11.37, 43.63, 24.63, 8.74, 4.53, 15.95, 21.68, 94.21, 104.37, 34.95, 81.37, 6.63, 19.74, 17.68, 23.11, 8.79, 41.47, 20.32, 7.26, 3.58, 13.89, 19.21, 39.53, 86.21, 8.32, 22.32, 17.0, 21.53, 11.53, 47.21, 24.63, 7.21, 5.84, 12.74, 18.79
49, 2014-02-07, Home, BRK, W, W, -1.5, O, 205.5, 1, 0, 99.26, 104.11, 37.79, 86.11, 5.47, 19.05, 18.21, 27.74, 15.26, 46.11, 20.84, 8.79, 4.89, 15.37, 20.84, 39.16, 83.32, 7.95, 22.05, 17.84, 24.21, 11.74, 43.58, 24.42, 9.05, 4.74, 15.79, 21.74, 98.74, 96.74, 36.32, 78.74, 8.89, 23.95, 17.21, 21.74, 8.58, 37.42, 21.53, 9.32, 4.32, 13.47, 22.63, 33.95, 75.84, 7.95, 22.16, 20.89, 26.05, 10.32, 41.05, 20.26, 6.74, 4.37, 16.21, 20.16
50, 2014-02-08, Home, DEN, W, W, -2, O, 216, 1, 1, 99.05, 104.26, 37.63, 85.47, 5.42, 18.68, 18.37, 28.05, 15.11, 46.47, 20.79, 8.74, 5.11, 15.79, 20.79, 39.05, 83.37, 8.16, 22.21, 18.0, 24.47, 11.89, 43.63, 24.26, 9.53, 4.68, 15.42, 21.89, 109.21, 107.26, 39.95, 85.16, 9.63, 25.53, 19.68, 26.63, 11.26, 45.0, 23.84, 7.21, 5.58, 15.26, 24.68, 39.05, 85.05, 6.42, 19.37, 22.74, 30.05, 10.42, 42.74, 22.68, 8.32, 4.37, 13.63, 21.68
51, 2014-02-10, Home, SAS, W, W, 3, O, 206.5, 0, 0, 100.84, 104.26, 38.21, 85.63, 5.58, 18.79, 18.84, 28.32, 14.79, 46.05, 21.42, 9.0, 5.11, 15.53, 20.47, 38.84, 83.53, 8.74, 23.21, 17.84, 24.42, 12.05, 43.53, 24.16, 9.21, 4.84, 15.79, 21.79, 103.42, 98.79, 39.21, 78.89, 7.74, 20.05, 17.26, 22.21, 8.11, 41.26, 24.47, 6.74, 6.0, 14.68, 18.42, 38.74, 85.58, 5.79, 15.47, 15.53, 20.89, 10.95, 41.79, 20.53, 7.95, 4.95, 11.89, 21.05
52, 2014-02-12, Home, CLE, L, L, -8, U, 209, 1, 0, 102.26, 103.95, 38.84, 86.32, 5.47, 18.53, 19.11, 28.79, 15.16, 46.26, 21.21, 9.21, 5.05, 14.95, 20.53, 38.84, 83.32, 8.53, 23.11, 17.74, 24.11, 11.63, 43.11, 23.79, 8.79, 4.74, 15.89, 21.68, 98.89, 103.89, 36.79, 85.53, 7.47, 20.63, 17.84, 24.58, 13.68, 43.89, 22.26, 7.74, 3.0, 12.58, 22.16, 38.26, 80.63, 9.42, 24.79, 17.95, 23.58, 9.16, 41.26, 24.53, 6.37, 5.95, 13.05, 20.47
53, 2014-02-18, Home, CHA, L, L, -4.5, O, 201.5, 0, 0, 101.74, 103.26, 38.68, 86.37, 5.37, 18.68, 19.0, 28.37, 15.0, 46.79, 20.95, 9.0, 5.21, 14.95, 20.53, 38.58, 83.63, 8.42, 22.89, 17.68, 24.26, 11.84, 43.26, 23.37, 8.68, 4.74, 15.63, 21.37, 98.42, 99.79, 37.47, 80.21, 6.84, 17.32, 16.63, 23.11, 6.53, 40.05, 23.74, 5.79, 4.95, 11.16, 17.21, 38.84, 85.37, 7.79, 21.63, 14.32, 18.58, 9.53, 44.26, 21.58, 6.11, 4.79, 11.79, 20.32
54, 2014-02-19, Away, CHA, L, L, 2.5, O, 200.5, 1, 1, 102.37, 103.05, 38.89, 87.0, 5.42, 18.63, 19.16, 28.53, 15.21, 47.26, 20.79, 9.11, 5.11, 14.74, 20.74, 38.37, 82.74, 8.37, 23.0, 17.95, 25.05, 11.11, 42.42, 23.05, 8.68, 4.63, 15.47, 21.53, 98.16, 99.42, 37.16, 79.79, 6.74, 17.42, 17.11, 23.84, 6.47, 40.32, 23.89, 5.74, 4.84, 10.95, 17.16, 38.68, 85.68, 7.74, 21.58, 14.32, 18.79, 9.47, 44.26, 21.74, 6.0, 4.68, 11.42, 20.37
55, 2014-02-21, Home, ATL, W, W, -4, O, 211, 0, 0, 103.05, 104.47, 39.21, 87.21, 5.68, 18.58, 18.95, 28.37, 14.74, 46.05, 20.84, 9.11, 5.16, 14.37, 20.74, 38.84, 82.79, 8.32, 22.68, 18.47, 25.63, 11.05, 43.0, 23.47, 8.42, 5.0, 15.58, 21.32, 98.89, 101.58, 36.32, 79.74, 8.95, 23.68, 17.32, 21.53, 8.58, 38.79, 25.53, 9.0, 3.74, 15.11, 17.79, 38.95, 83.58, 8.53, 21.37, 15.16, 19.74, 11.37, 42.79, 23.58, 8.16, 4.58, 14.74, 19.47
56, 2014-02-22, Home, DAL, L, L, 3, O, 213, 1, 1, 104.32, 104.21, 39.89, 87.26, 5.89, 18.79, 18.63, 28.05, 15.0, 46.0, 21.47, 9.05, 5.16, 14.16, 20.42, 39.11, 82.89, 8.42, 22.68, 17.58, 24.89, 11.05, 42.26, 23.47, 8.53, 4.68, 15.47, 20.89, 107.11, 103.79, 39.16, 81.0, 8.16, 21.47, 20.63, 25.42, 10.11, 40.89, 23.37, 6.84, 3.74, 12.74, 20.63, 37.95, 81.21, 8.47, 23.89, 19.42, 25.37, 10.53, 39.89, 23.74, 7.32, 3.21, 13.58, 22.11
57, 2014-02-24, Home, GSW, L, L, 3.5, U, 207.5, 0, 0, 103.68, 104.68, 39.89, 86.63, 5.42, 17.79, 18.47, 27.89, 14.16, 44.79, 21.32, 8.79, 4.74, 13.74, 20.42, 39.26, 82.63, 8.42, 22.63, 17.74, 25.0, 11.21, 42.68, 23.89, 8.32, 4.84, 15.37, 20.89, 102.84, 99.21, 38.37, 86.63, 8.53, 23.89, 17.58, 22.68, 11.37, 44.37, 21.74, 8.32, 5.05, 12.74, 21.42, 36.89, 83.0, 6.74, 19.32, 18.68, 25.0, 11.37, 45.53, 18.95, 7.53, 3.79, 15.37, 20.11
58, 2014-02-26, Away, SAS, L, W, 10.5, O, 210, 0, 0, 102.95, 104.47, 39.68, 86.89, 5.47, 17.58, 18.11, 27.42, 13.95, 44.05, 21.0, 8.79, 4.68, 13.37, 20.63, 39.32, 82.0, 8.42, 22.42, 17.42, 24.84, 10.95, 42.63, 24.05, 8.05, 5.05, 15.42, 20.68, 101.84, 100.79, 38.58, 80.11, 7.26, 19.74, 17.42, 21.89, 8.21, 40.84, 22.47, 6.68, 5.37, 14.68, 19.53, 39.0, 84.84, 5.74, 16.32, 17.05, 23.47, 11.21, 42.89, 20.37, 7.95, 5.0, 12.26, 20.58
59, 2014-03-01, Away, HOU, L, W, 10.5, O, 215, 0, 0, 104.05, 105.0, 40.37, 87.74, 5.53, 17.26, 17.79, 26.68, 14.0, 44.32, 21.47, 9.05, 4.74, 13.26, 20.63, 39.37, 82.16, 8.42, 22.26, 17.84, 25.16, 10.89, 42.32, 24.42, 8.21, 5.16, 15.42, 20.37, 108.16, 101.74, 38.68, 80.95, 9.58, 25.58, 21.21, 30.05, 11.63, 45.47, 22.05, 7.47, 5.37, 15.79, 20.16, 38.68, 87.0, 8.32, 23.42, 16.05, 21.05, 11.79, 40.68, 21.58, 8.63, 5.21, 14.0, 24.42
60, 2014-03-03, Home, NYK, W, W, -4, U, 209.5, 1, 0, 104.37, 106.05, 40.63, 88.74, 5.42, 17.16, 17.68, 26.05, 14.47, 44.47, 21.74, 9.16, 4.95, 13.21, 20.63, 39.63, 82.58, 8.58, 22.89, 18.21, 25.37, 11.26, 42.79, 24.63, 8.11, 5.37, 15.21, 20.05, 103.26, 103.68, 39.21, 84.26, 10.26, 26.21, 14.58, 19.84, 11.26, 42.11, 20.58, 6.63, 4.68, 13.26, 21.47, 38.0, 80.89, 9.53, 22.74, 18.16, 23.89, 9.74, 40.84, 20.89, 6.53, 3.58, 12.53, 19.63
61, 2014-03-05, Home, CHI, L, L, 4, O, 192.5, 0, 0, 104.0, 104.63, 40.37, 88.95, 5.53, 17.05, 17.74, 26.11, 14.84, 45.74, 21.95, 9.21, 4.95, 13.42, 19.89, 39.21, 83.16, 8.63, 23.26, 17.58, 24.16, 11.11, 42.58, 24.05, 8.16, 5.32, 15.11, 20.47, 93.47, 91.84, 34.42, 79.16, 6.42, 18.11, 18.21, 23.58, 11.89, 44.79, 22.05, 7.68, 4.95, 13.89, 18.84, 35.0, 79.58, 7.16, 19.95, 14.68, 19.68, 9.53, 38.47, 19.05, 7.26, 5.53, 13.89, 20.63
62, 2014-03-07, Away, MIN, L, L, 9.5, U, 218, 0, 0, 103.63, 104.68, 40.53, 89.11, 5.42, 16.84, 17.16, 25.21, 14.79, 45.32, 22.16, 8.89, 5.05, 13.05, 19.74, 39.32, 82.95, 8.47, 22.84, 17.58, 23.89, 10.89, 42.47, 23.89, 7.84, 5.16, 14.84, 20.05, 105.37, 104.0, 38.0, 84.79, 6.68, 20.68, 22.68, 29.74, 11.63, 44.79, 22.58, 7.47, 4.26, 13.47, 20.16, 39.63, 86.0, 7.74, 22.16, 17.0, 21.89, 11.16, 44.0, 22.11, 7.89, 5.89, 14.63, 25.53
63, 2014-03-09, Away, BOS, L, L, 1, O, 206.5, 0, 0, 103.63, 105.26, 40.58, 89.58, 5.32, 16.58, 17.16, 25.32, 14.89, 45.89, 22.11, 8.63, 5.05, 12.84, 19.84, 39.53, 83.89, 8.42, 23.0, 17.79, 24.37, 11.21, 43.26, 24.42, 7.47, 4.89, 14.42, 19.74, 96.0, 99.89, 36.0, 84.32, 7.05, 21.68, 16.95, 21.84, 12.42, 43.68, 21.89, 7.68, 4.0, 15.21, 20.05, 38.11, 82.74, 6.79, 19.74, 16.89, 21.58, 9.74, 41.47, 21.84, 7.63, 4.63, 13.79, 20.26
64, 2014-03-11, Home, SAC, W, W, -2.5, U, 214.5, 0, 0, 103.89, 105.37, 40.42, 89.32, 5.32, 16.68, 17.74, 25.89, 15.0, 46.58, 22.05, 8.26, 5.32, 13.05, 19.79, 39.74, 85.11, 8.58, 23.53, 17.32, 24.0, 11.47, 43.26, 25.21, 7.58, 4.84, 13.79, 20.16, 99.32, 101.32, 35.84, 79.68, 5.05, 16.21, 22.58, 29.05, 12.16, 43.63, 17.37, 6.84, 3.84, 15.58, 21.58, 37.05, 80.84, 8.26, 21.74, 18.95, 25.68, 9.53, 38.32, 23.53, 8.37, 4.58, 12.74, 23.89
65, 2014-03-12, Away, TOR, L, L, 8.5, U, 206.5, 0, 1, 103.68, 105.47, 40.37, 89.37, 5.37, 16.58, 17.58, 25.42, 14.63, 46.11, 22.26, 8.37, 5.32, 12.84, 20.0, 39.84, 85.47, 8.32, 23.26, 17.47, 24.26, 11.74, 43.79, 25.16, 7.37, 5.11, 13.84, 20.26, 102.84, 97.74, 37.21, 81.79, 8.79, 23.47, 19.63, 24.84, 10.63, 41.79, 23.32, 6.74, 4.32, 13.0, 24.11, 35.47, 81.11, 6.42, 18.32, 20.37, 27.37, 11.68, 40.89, 20.68, 7.68, 3.95, 13.58, 22.47
66, 2014-03-15, Home, IND, L, L, 5, O, 197, 1, 0, 102.32, 105.74, 40.0, 88.63, 5.47, 16.42, 16.84, 24.58, 13.89, 45.11, 21.84, 8.16, 5.05, 12.84, 19.84, 39.79, 85.42, 8.47, 23.21, 17.68, 24.37, 11.84, 44.32, 25.26, 7.21, 5.16, 13.68, 19.84, 98.47, 95.58, 36.95, 80.11, 6.58, 18.42, 18.0, 22.95, 9.79, 44.32, 20.16, 6.79, 5.74, 14.89, 20.16, 36.26, 84.84, 7.79, 21.26, 15.26, 21.05, 11.0, 41.53, 21.68, 6.95, 4.37, 12.79, 21.68
67, 2014-03-19, Away, DEN, L, L, 6, O, 217, 0, 0, 102.74, 106.26, 40.16, 89.05, 5.53, 16.68, 16.89, 24.63, 13.32, 44.74, 22.11, 8.05, 5.21, 12.32, 19.89, 39.89, 86.42, 8.47, 23.42, 18.0, 24.58, 12.11, 45.26, 25.26, 6.84, 5.11, 13.16, 19.95, 103.47, 110.74, 38.0, 87.84, 8.58, 24.32, 18.89, 27.26, 13.11, 45.95, 22.21, 7.47, 5.16, 16.47, 23.53, 39.84, 85.37, 8.11, 22.58, 22.95, 28.26, 10.42, 43.84, 22.63, 9.16, 6.05, 14.32, 22.26
68, 2014-03-21, Away, PHO, L, W, 8.5, U, 218, 0, 0, 103.32, 106.58, 40.37, 89.58, 5.74, 17.0, 16.84, 24.42, 13.37, 45.11, 22.26, 8.05, 5.21, 12.16, 19.89, 39.89, 86.26, 8.74, 23.89, 18.05, 24.95, 12.0, 45.37, 25.16, 6.68, 4.95, 13.21, 20.16, 106.84, 105.84, 38.89, 82.53, 9.32, 24.05, 19.74, 26.58, 11.37, 42.53, 19.74, 8.58, 4.0, 15.95, 22.58, 39.16, 82.68, 7.32, 21.32, 20.21, 26.42, 10.42, 40.84, 20.74, 8.63, 3.63, 14.58, 22.16
69, 2014-03-22, Away, LAC, L, W, 13.5, U, 216.5, 0, 1, 102.32, 106.74, 40.16, 89.89, 5.47, 16.95, 16.53, 24.53, 13.32, 44.89, 22.05, 7.95, 4.89, 12.0, 20.32, 39.95, 85.42, 8.53, 23.58, 18.32, 25.26, 11.37, 45.32, 25.16, 6.53, 5.16, 13.16, 20.26, 111.68, 101.11, 41.11, 84.0, 8.16, 22.74, 21.32, 29.05, 11.11, 43.58, 26.26, 9.58, 4.95, 13.53, 22.42, 36.89, 85.0, 7.79, 23.37, 19.53, 25.58, 12.16, 41.68, 22.89, 7.53, 3.68, 15.63, 24.0
70, 2014-03-24, Away, UTA, W, W, -2, O, 203.5, 0, 0, 101.11, 106.89, 39.74, 89.63, 5.68, 17.42, 15.95, 24.0, 13.47, 45.21, 22.11, 7.84, 4.74, 12.26, 20.26, 40.16, 85.16, 8.32, 23.37, 18.26, 25.0, 10.95, 44.95, 25.53, 7.0, 5.42, 12.79, 20.16, 95.68, 103.63, 36.21, 80.47, 7.11, 19.95, 16.16, 21.53, 10.37, 40.16, 19.53, 6.58, 4.37, 14.05, 20.42, 39.37, 80.89, 8.0, 19.53, 16.89, 21.58, 9.0, 40.63, 23.47, 7.16, 5.05, 12.26, 19.84
71, 2014-03-26, Home, CLE, L, L, -6.5, U, 204.5, 1, 0, 101.37, 106.58, 39.89, 89.26, 5.89, 17.47, 15.68, 23.58, 13.37, 45.79, 22.47, 7.47, 4.63, 12.37, 20.26, 39.68, 85.21, 8.42, 23.89, 18.79, 25.89, 11.16, 44.68, 24.95, 7.26, 5.37, 12.16, 20.11, 99.16, 100.58, 37.16, 81.37, 6.95, 19.63, 17.89, 22.95, 11.0, 44.63, 22.68, 6.16, 3.26, 14.0, 19.32, 37.16, 84.68, 10.42, 28.26, 15.84, 21.16, 10.53, 40.21, 25.0, 7.63, 5.47, 11.53, 18.79
72, 2014-03-28, Home, MIA, L, L, 5, U, 198.5, 0, 0, 101.74, 106.79, 40.21, 89.32, 6.26, 17.63, 15.05, 22.84, 13.16, 45.53, 22.79, 7.47, 4.63, 12.11, 19.95, 39.84, 85.26, 8.63, 24.47, 18.47, 25.58, 11.16, 44.68, 25.0, 6.95, 5.37, 12.16, 19.68, 100.37, 96.26, 38.11, 76.84, 7.74, 21.58, 16.42, 21.37, 8.05, 36.42, 21.58, 8.74, 5.37, 13.58, 19.32, 35.63, 80.32, 7.74, 22.89, 17.26, 22.21, 12.16, 41.95, 21.68, 7.42, 2.84, 14.26, 19.11
73, 2014-03-29, Away, PHI, L, L, -6, O, 210.5, 0, 1, 100.79, 106.89, 39.74, 88.32, 6.16, 18.05, 15.16, 22.74, 12.95, 44.68, 22.79, 7.47, 4.68, 12.32, 19.84, 40.05, 85.47, 8.68, 24.58, 18.11, 24.79, 11.42, 44.89, 25.32, 7.05, 5.47, 12.21, 19.47, 94.21, 109.32, 35.37, 86.05, 7.37, 25.21, 16.11, 23.21, 12.16, 40.0, 20.37, 9.79, 3.68, 15.89, 23.37, 39.32, 80.74, 7.89, 20.63, 22.79, 30.0, 11.63, 48.0, 25.42, 9.11, 6.0, 17.26, 21.11
74, 2014-03-31, Home, MIL, W, L, -6.5, O, 207, 0, 0, 100.79, 107.26, 39.47, 88.05, 6.05, 18.21, 15.79, 23.37, 13.37, 45.37, 22.79, 7.47, 4.74, 12.79, 19.84, 40.37, 86.0, 8.89, 24.63, 17.63, 24.16, 11.68, 44.74, 25.16, 7.53, 5.32, 12.16, 19.84, 102.37, 107.58, 38.47, 82.84, 6.21, 16.95, 19.21, 25.95, 12.79, 41.0, 22.68, 6.53, 3.79, 12.89, 21.79, 39.68, 81.16, 8.53, 22.37, 19.68, 25.16, 11.32, 40.53, 23.05, 6.84, 4.89, 13.53, 21.21
75, 2014-04-02, Away, IND, L, W, 10.5, O, 191, 0, 0, 100.84, 107.47, 39.42, 88.58, 6.11, 18.37, 15.89, 22.95, 13.53, 45.58, 22.58, 7.42, 4.74, 12.79, 20.16, 40.32, 86.0, 8.47, 23.89, 18.37, 25.0, 12.0, 45.21, 25.32, 7.42, 5.37, 12.32, 19.74, 89.79, 94.11, 33.0, 77.21, 5.74, 16.58, 18.05, 22.63, 9.84, 42.89, 18.16, 5.79, 5.0, 14.42, 20.68, 35.16, 81.79, 7.16, 19.21, 16.63, 21.47, 10.58, 41.05, 20.16, 6.89, 4.95, 11.58, 22.05
76, 2014-04-04, Away, BRK, L, L, 10, O, 205.5, 0, 0, 100.42, 106.84, 39.11, 89.16, 6.37, 18.63, 15.84, 22.84, 13.95, 46.0, 22.32, 7.42, 4.63, 12.53, 20.11, 40.05, 85.42, 8.32, 23.63, 18.42, 25.11, 11.68, 45.05, 24.95, 7.21, 5.42, 12.11, 19.84, 102.79, 97.74, 36.89, 77.53, 10.37, 26.84, 18.63, 24.74, 8.16, 36.47, 20.74, 10.53, 3.42, 13.42, 22.16, 35.89, 79.26, 7.47, 22.42, 18.47, 24.68, 12.21, 43.79, 19.68, 6.68, 3.84, 16.79, 20.37
77, 2014-04-05, Home, BOS, W, L, -6.5, O, 206.5, 1, 1, 100.84, 107.47, 39.16, 88.58, 6.63, 19.37, 15.89, 23.0, 14.11, 46.05, 22.16, 7.37, 4.42, 12.58, 19.63, 40.47, 85.11, 8.42, 23.63, 18.11, 24.53, 11.21, 44.11, 25.0, 7.37, 5.21, 11.95, 19.84, 96.79, 103.95, 36.16, 84.68, 7.63, 23.63, 16.84, 20.68, 13.32, 41.37, 22.11, 6.79, 3.26, 14.26, 21.11, 39.53, 80.32, 6.37, 19.58, 18.53, 22.89, 9.47, 39.95, 22.53, 8.0, 5.0, 13.42, 19.42
78, 2014-04-08, Away, ATL, W, W, 6.5, U, 209.5, 0, 0, 101.11, 107.0, 38.79, 88.0, 6.84, 20.05, 16.68, 24.0, 14.32, 46.37, 21.84, 7.16, 4.26, 12.58, 19.47, 40.37, 85.42, 8.68, 24.26, 17.58, 24.05, 11.53, 44.11, 24.53, 7.26, 5.0, 11.58, 20.26, 99.95, 102.58, 36.47, 80.84, 9.63, 28.47, 17.37, 22.21, 7.95, 38.26, 23.63, 7.26, 3.05, 14.37, 20.05, 37.68, 80.58, 8.42, 22.47, 18.79, 24.11, 9.74, 42.74, 22.89, 9.32, 3.84, 14.37, 21.84
79, 2014-04-09, Away, CLE, L, L, 7, O, 206.5, 0, 1, 100.68, 105.79, 38.37, 87.26, 6.95, 19.95, 17.0, 24.68, 14.11, 46.68, 21.42, 7.26, 4.11, 12.68, 19.26, 39.95, 85.68, 8.58, 24.37, 17.32, 23.58, 11.74, 44.32, 24.53, 7.47, 5.0, 11.63, 20.42, 99.11, 101.42, 37.95, 82.21, 7.47, 19.95, 15.74, 20.74, 9.47, 42.16, 22.42, 6.26, 3.05, 13.0, 19.05, 37.32, 82.63, 11.32, 28.89, 15.47, 20.74, 9.21, 40.32, 25.58, 7.42, 5.53, 12.53, 17.89
80, 2014-04-11, Away, CHI, L, W, 10, O, 192.5, 0, 0, 100.89, 107.74, 38.32, 87.95, 7.21, 20.79, 17.05, 24.79, 14.42, 46.26, 21.32, 7.21, 4.0, 12.63, 19.16, 41.05, 86.21, 8.63, 24.26, 17.0, 23.32, 11.79, 44.68, 25.84, 7.47, 5.0, 11.58, 20.26, 93.89, 89.53, 34.84, 79.16, 6.63, 18.05, 17.58, 22.0, 9.89, 41.68, 23.21, 7.32, 5.16, 12.63, 19.05, 33.32, 78.95, 6.05, 18.74, 16.84, 22.21, 10.74, 41.74, 18.89, 7.16, 5.37, 13.32, 19.58
81, 2014-04-13, Home, TOR, L, L, 6.5, O, 205.5, 0, 0, 101.11, 107.79, 38.37, 87.89, 7.37, 21.11, 17.0, 25.11, 14.79, 46.95, 20.63, 7.32, 3.79, 12.84, 19.63, 40.89, 86.26, 8.63, 24.26, 17.37, 23.63, 11.84, 44.47, 25.89, 7.53, 5.16, 11.47, 20.42, 104.0, 101.05, 36.74, 80.74, 9.42, 24.11, 21.11, 26.16, 10.47, 40.89, 20.47, 6.84, 3.89, 13.11, 22.58, 36.47, 78.37, 7.11, 20.16, 21.0, 27.05, 9.11, 38.53, 20.0, 7.0, 3.58, 13.0, 22.21
82, 2014-04-16, Away, OKC, L, W, 14.5, O, 213, 0, 0, 101.42, 107.89, 38.21, 87.37, 7.42, 21.47, 17.58, 26.05, 14.89, 46.95, 21.05, 7.32, 3.79, 12.95, 19.95, 40.79, 85.74, 8.79, 24.42, 17.53, 23.74, 11.53, 43.95, 25.74, 7.58, 5.32, 11.42, 21.26, 107.42, 102.05, 38.26, 84.11, 9.95, 26.74, 20.95, 25.84, 9.63, 43.79, 22.37, 8.0, 5.95, 13.21, 25.11, 36.32, 83.21, 9.42, 24.68, 20.0, 27.32, 10.79, 43.0, 21.47, 7.05, 3.79, 14.42, 20.47
