16, 2013-11-25, Away, CHA, W, W, 3.5, U, 185.5, 0, 0, 93.07, 98.5, 36.29, 82.0, 5.5, 17.0, 15.0, 19.21, 10.5, 41.57, 17.43, 7.43, 4.64, 16.07, 21.07, 37.07, 81.29, 5.5, 17.21, 18.86, 24.36, 11.57, 43.0, 20.71, 8.86, 4.79, 14.93, 18.93, 89.64, 91.64, 32.57, 79.64, 4.93, 16.0, 19.57, 28.36, 11.79, 42.5, 18.57, 6.93, 5.36, 13.0, 20.21, 33.57, 77.43, 7.43, 19.71, 17.07, 22.64, 9.57, 42.0, 19.57, 6.57, 5.71, 15.5, 23.21
17, 2013-11-27, Home, MEM, L, L, 2, O, 182, 0, 0, 92.93, 97.14, 36.36, 82.29, 5.86, 17.29, 14.36, 18.0, 10.0, 40.64, 18.07, 7.64, 4.5, 15.64, 20.71, 36.93, 80.57, 5.29, 16.79, 18.0, 23.36, 11.0, 42.71, 20.64, 8.29, 4.5, 15.57, 18.29, 93.5, 96.07, 36.64, 80.43, 4.36, 13.93, 15.86, 20.29, 10.43, 41.57, 22.29, 7.21, 4.21, 14.21, 20.64, 35.71, 78.36, 7.29, 20.43, 17.36, 22.79, 9.79, 39.93, 19.79, 7.71, 5.07, 13.93, 20.64
18, 2013-11-29, Home, CLE, W, W, -3.5, U, 189.5, 0, 0, 94.07, 98.07, 36.86, 83.36, 6.14, 17.57, 14.21, 18.07, 10.64, 41.29, 18.0, 6.64, 4.79, 15.07, 20.57, 37.07, 80.86, 5.36, 16.5, 18.57, 23.5, 10.57, 42.5, 21.21, 7.71, 4.43, 14.64, 18.5, 92.21, 101.71, 35.0, 83.64, 7.21, 20.5, 15.0, 19.57, 10.79, 41.64, 18.36, 8.86, 4.5, 16.36, 20.93, 37.5, 82.93, 8.0, 21.5, 18.71, 23.21, 10.43, 44.07, 24.79, 8.36, 5.71, 15.07, 18.07
19, 2013-11-30, Away, MIL, L, L, -2.5, U, 185.5, 1, 1, 95.14, 97.43, 37.21, 83.79, 6.43, 17.79, 14.29, 18.64, 10.93, 42.36, 18.86, 6.57, 4.86, 15.07, 20.64, 36.79, 81.71, 5.29, 16.71, 18.57, 23.86, 10.86, 43.0, 20.5, 7.71, 4.43, 14.57, 18.64, 89.43, 100.36, 33.5, 82.0, 7.64, 20.07, 14.79, 18.86, 10.71, 39.86, 20.71, 7.14, 4.79, 15.71, 20.93, 37.43, 79.57, 7.71, 21.64, 17.79, 25.64, 11.79, 46.43, 21.57, 8.36, 4.71, 15.43, 19.0
20, 2013-12-03, Home, MIL, W, W, -7, O, 185.5, 0, 0, 94.29, 97.79, 36.86, 83.43, 6.21, 17.71, 14.36, 18.71, 10.93, 42.29, 18.5, 6.71, 4.71, 14.79, 20.86, 36.71, 81.57, 5.79, 17.21, 18.57, 24.0, 10.86, 43.5, 21.5, 7.43, 4.71, 14.07, 18.21, 88.5, 99.43, 33.57, 81.57, 7.79, 20.21, 13.57, 17.86, 10.29, 40.43, 21.43, 6.71, 4.86, 16.14, 20.36, 37.5, 80.14, 7.71, 21.86, 16.71, 24.0, 11.21, 45.64, 21.86, 8.5, 4.36, 14.93, 18.43
21, 2013-12-06, Home, DEN, W, W, 4, O, 200.5, 0, 0, 95.5, 98.57, 37.14, 82.14, 6.86, 18.43, 14.36, 18.79, 10.36, 41.57, 18.57, 6.43, 4.64, 14.86, 20.79, 37.0, 81.21, 6.07, 17.07, 18.5, 23.43, 10.29, 41.86, 21.64, 7.43, 4.86, 13.5, 17.71, 106.36, 101.07, 39.79, 85.71, 7.86, 21.71, 18.93, 26.64, 12.57, 45.79, 23.0, 7.86, 5.64, 13.5, 22.86, 37.14, 86.64, 6.36, 19.43, 20.43, 26.5, 13.43, 45.29, 19.29, 6.43, 5.36, 13.93, 21.07
22, 2013-12-08, Away, NYK, W, W, 5.5, U, 191.5, 0, 0, 95.14, 97.71, 36.93, 81.71, 6.57, 18.36, 14.71, 19.21, 10.29, 41.43, 18.64, 6.5, 4.71, 14.64, 20.29, 36.5, 81.64, 6.14, 17.57, 18.57, 23.07, 11.07, 42.64, 20.57, 7.43, 4.64, 13.79, 18.14, 96.5, 98.21, 36.71, 84.43, 9.57, 26.29, 13.5, 17.79, 11.07, 40.36, 20.79, 7.43, 4.86, 11.21, 23.5, 34.57, 75.5, 7.86, 23.0, 21.21, 27.29, 8.86, 41.36, 18.29, 5.36, 4.5, 13.21, 18.43
23, 2013-12-10, Away, BRK, L, L, 2, O, 193, 0, 0, 94.71, 95.43, 36.07, 80.79, 7.21, 19.29, 15.36, 20.07, 10.21, 42.14, 18.21, 6.36, 4.43, 14.86, 20.29, 35.5, 80.79, 6.07, 17.43, 18.36, 23.07, 10.36, 41.86, 19.57, 7.64, 4.57, 13.5, 18.14, 93.14, 103.21, 33.43, 78.93, 6.14, 18.29, 20.14, 26.57, 11.43, 41.21, 17.71, 6.29, 4.14, 13.14, 21.07, 37.86, 80.93, 9.79, 23.36, 17.71, 23.5, 11.07, 42.79, 21.93, 7.0, 4.86, 12.29, 21.86
24, 2013-12-11, Home, LAC, L, L, 5, U, 195, 0, 1, 95.64, 96.5, 36.5, 81.0, 7.5, 19.36, 15.14, 19.79, 10.21, 41.43, 18.14, 6.57, 4.36, 14.43, 20.0, 36.14, 79.93, 6.07, 17.43, 18.14, 22.93, 10.07, 41.29, 19.79, 7.36, 4.36, 13.64, 17.86, 100.79, 95.79, 36.93, 81.64, 7.5, 23.79, 19.43, 27.36, 10.14, 43.71, 22.93, 7.64, 4.5, 13.79, 21.57, 35.86, 84.0, 5.5, 18.64, 18.57, 25.07, 11.86, 44.71, 23.57, 6.57, 3.29, 14.29, 24.0
25, 2013-12-13, Home, NYK, W, W, -3, U, 189.5, 0, 0, 95.07, 95.57, 36.21, 80.93, 7.43, 19.29, 15.21, 19.79, 10.5, 41.86, 18.36, 6.36, 4.43, 14.5, 20.14, 35.71, 79.5, 5.86, 16.79, 18.29, 23.79, 10.07, 40.57, 19.71, 7.36, 4.64, 13.29, 17.64, 94.0, 98.14, 35.71, 82.71, 8.93, 25.14, 13.64, 17.5, 10.64, 39.57, 20.21, 8.0, 5.0, 12.29, 23.14, 34.43, 74.71, 8.43, 22.79, 20.86, 27.07, 9.21, 40.86, 18.43, 6.36, 4.0, 13.79, 18.57
26, 2013-12-16, Home, MIN, W, W, 1.5, U, 200, 1, 0, 95.21, 94.14, 36.14, 79.64, 7.57, 19.5, 15.36, 20.29, 9.86, 41.29, 18.57, 6.0, 4.21, 14.07, 20.0, 35.14, 78.5, 5.71, 16.64, 18.14, 23.57, 9.57, 39.71, 19.79, 6.93, 4.5, 12.79, 17.79, 103.21, 101.93, 36.57, 88.57, 8.21, 24.57, 21.86, 27.21, 14.21, 45.07, 21.5, 9.36, 3.0, 13.07, 15.64, 40.86, 82.93, 8.14, 20.07, 12.07, 16.36, 9.21, 43.21, 22.43, 7.93, 5.86, 17.14, 22.57
27, 2013-12-18, Home, DET, L, P, 1, O, 195, 0, 0, 96.36, 93.29, 36.57, 78.71, 7.57, 19.57, 15.64, 20.5, 9.57, 41.79, 18.79, 5.5, 4.21, 14.07, 20.43, 34.86, 80.36, 5.64, 17.21, 17.93, 23.71, 10.5, 39.93, 19.79, 6.86, 3.79, 11.93, 17.79, 102.14, 101.0, 39.0, 85.79, 6.36, 18.86, 17.79, 27.14, 14.57, 47.07, 20.0, 8.07, 5.14, 14.71, 20.79, 36.93, 82.86, 8.86, 23.57, 18.29, 23.14, 10.57, 41.14, 23.07, 8.86, 4.71, 15.0, 20.79
28, 2013-12-21, Home, WAS, L, L, -1.5, O, 192.5, 0, 0, 97.29, 93.5, 36.64, 78.36, 7.71, 19.79, 16.29, 21.21, 9.43, 41.57, 19.07, 5.79, 4.07, 14.14, 20.43, 35.0, 80.86, 5.79, 17.64, 17.71, 23.43, 10.93, 39.57, 19.43, 7.0, 3.64, 12.29, 18.07, 97.79, 97.07, 37.0, 81.71, 7.64, 19.57, 16.14, 21.43, 10.71, 42.71, 22.21, 8.0, 4.86, 15.14, 19.21, 36.5, 80.29, 8.29, 22.21, 15.79, 20.5, 10.21, 40.93, 23.36, 7.71, 3.57, 14.79, 19.93
29, 2013-12-22, Away, IND, L, L, 12, U, 189.5, 0, 1, 98.5, 94.14, 37.14, 79.64, 7.64, 20.43, 16.57, 21.86, 9.86, 42.21, 20.07, 5.57, 4.14, 13.5, 20.29, 35.21, 81.29, 5.93, 17.93, 17.79, 23.71, 10.71, 40.0, 19.79, 6.79, 3.93, 12.0, 18.5, 99.71, 92.57, 36.79, 80.0, 7.43, 19.79, 18.71, 23.64, 9.29, 44.07, 21.14, 8.14, 4.5, 14.79, 20.79, 35.07, 82.93, 5.07, 17.5, 17.36, 22.86, 11.0, 41.43, 17.64, 7.36, 4.5, 13.57, 20.71
30, 2013-12-28, Home, CLE, W, L, -4.5, O, 196, 0, 0, 97.43, 95.5, 37.07, 80.5, 7.79, 20.29, 15.5, 20.57, 9.79, 41.79, 19.93, 5.79, 4.29, 13.43, 20.86, 35.57, 80.57, 6.21, 17.86, 18.14, 24.43, 10.5, 41.07, 20.14, 6.79, 4.07, 12.36, 17.93, 99.86, 103.5, 38.07, 88.14, 7.29, 20.71, 16.43, 22.14, 12.93, 45.5, 19.79, 5.93, 4.5, 13.43, 17.29, 39.79, 86.29, 9.07, 25.36, 14.86, 19.86, 10.93, 44.79, 26.43, 7.36, 5.86, 14.0, 20.14
31, 2013-12-31, Home, ATL, L, L, -3, U, 204.5, 0, 0, 97.93, 96.5, 37.29, 80.71, 7.79, 20.64, 15.57, 20.86, 9.93, 42.07, 19.93, 5.86, 4.29, 13.71, 20.43, 35.86, 80.93, 6.64, 18.5, 18.14, 24.71, 10.57, 41.29, 20.14, 7.0, 4.14, 12.29, 18.36, 109.79, 105.0, 41.5, 86.93, 11.71, 28.36, 15.07, 19.29, 10.0, 43.14, 27.71, 8.36, 4.21, 14.71, 20.36, 41.14, 87.79, 6.64, 20.21, 16.07, 22.14, 11.21, 44.57, 23.29, 7.36, 4.43, 14.57, 17.86
32, 2014-01-02, Away, CHI, L, L, 5, U, 182.5, 0, 0, 97.79, 95.93, 37.07, 80.36, 7.64, 20.64, 16.0, 21.14, 9.29, 42.14, 20.93, 6.21, 4.29, 13.71, 20.57, 35.64, 81.71, 6.79, 19.93, 17.86, 24.29, 11.0, 42.0, 19.93, 7.0, 4.0, 12.71, 18.14, 87.5, 90.79, 31.79, 77.64, 5.64, 17.64, 18.29, 23.93, 10.86, 42.57, 20.43, 7.21, 5.5, 15.86, 18.93, 34.71, 78.57, 5.86, 16.07, 15.5, 19.79, 9.79, 40.43, 19.21, 8.14, 6.71, 14.0, 21.07
33, 2014-01-03, Home, NOP, L, W, 3.5, U, 201, 0, 1, 96.29, 96.5, 36.64, 80.71, 7.0, 19.86, 16.0, 20.93, 9.64, 42.21, 20.14, 6.14, 4.36, 13.86, 20.86, 35.86, 81.57, 6.64, 19.71, 18.14, 24.36, 10.93, 41.86, 20.86, 7.07, 4.29, 12.43, 18.0, 104.57, 106.64, 40.43, 89.71, 7.21, 19.93, 16.5, 21.64, 14.43, 46.14, 23.29, 7.71, 4.79, 12.64, 22.0, 38.93, 85.14, 7.64, 23.29, 21.14, 28.07, 12.64, 44.93, 22.86, 6.71, 6.0, 13.0, 18.71
34, 2014-01-05, Away, OKC, L, L, 9, O, 194, 1, 0, 96.79, 96.71, 36.36, 81.07, 7.21, 20.57, 16.86, 21.86, 10.5, 42.79, 20.5, 6.0, 4.57, 13.79, 20.86, 36.0, 81.5, 6.21, 18.93, 18.5, 24.5, 11.0, 41.57, 20.5, 7.0, 4.0, 12.57, 18.21, 106.71, 96.29, 39.71, 82.71, 7.86, 21.29, 19.43, 23.64, 10.0, 47.43, 23.29, 7.86, 6.14, 15.21, 23.21, 34.5, 84.57, 7.5, 23.43, 19.79, 27.5, 10.57, 40.43, 21.14, 7.86, 3.29, 13.14, 20.36
35, 2014-01-07, Away, DEN, L, L, 7.5, O, 203.5, 0, 0, 95.93, 98.07, 36.14, 81.29, 7.21, 20.5, 16.43, 21.64, 10.57, 42.57, 20.71, 5.86, 4.71, 14.0, 21.07, 36.43, 81.86, 6.29, 19.0, 18.93, 25.21, 11.29, 42.29, 21.0, 7.43, 3.93, 12.36, 18.14, 97.79, 102.14, 36.21, 83.57, 6.86, 22.0, 18.5, 24.57, 12.71, 45.79, 21.5, 8.0, 5.93, 15.0, 21.79, 38.93, 85.43, 7.64, 22.29, 16.64, 23.71, 11.57, 42.93, 22.43, 8.57, 5.86, 13.71, 20.29
36, 2014-01-08, Away, LAC, L, W, 10.5, O, 197.5, 0, 1, 95.36, 100.29, 35.57, 81.86, 7.07, 20.36, 17.14, 22.64, 10.57, 42.43, 20.5, 6.07, 4.43, 14.36, 21.79, 37.07, 82.29, 6.86, 20.0, 19.29, 25.86, 11.21, 43.29, 22.36, 7.5, 4.36, 12.86, 18.79, 106.14, 100.36, 38.29, 82.71, 8.07, 23.86, 21.5, 28.43, 10.07, 43.5, 23.36, 8.71, 4.79, 13.14, 20.07, 38.0, 85.57, 7.64, 22.86, 16.71, 21.93, 12.0, 45.57, 23.64, 7.5, 2.79, 15.43, 22.29
37, 2014-01-10, Away, GSW, L, W, 11.5, U, 204.5, 0, 0, 94.71, 103.0, 35.57, 82.64, 6.43, 19.79, 17.14, 22.86, 10.79, 42.36, 20.71, 5.93, 4.29, 14.5, 22.57, 37.86, 82.71, 7.21, 21.0, 20.07, 27.0, 11.43, 44.07, 23.29, 7.57, 4.43, 12.79, 19.14, 104.0, 95.21, 40.14, 87.14, 9.0, 25.71, 14.71, 20.5, 12.29, 49.5, 24.21, 8.29, 5.43, 17.21, 21.71, 34.86, 83.5, 6.64, 20.29, 18.86, 24.0, 9.21, 41.14, 18.57, 9.21, 4.57, 14.93, 18.64
38, 2014-01-11, Away, POR, L, W, 12, O, 210, 0, 1, 94.79, 102.64, 35.79, 83.0, 6.14, 19.57, 17.07, 22.5, 10.93, 43.36, 21.07, 5.86, 4.79, 15.07, 22.79, 37.79, 84.29, 7.57, 22.0, 19.5, 26.5, 11.86, 44.36, 23.57, 7.79, 4.36, 12.64, 19.29, 113.57, 107.64, 41.86, 92.43, 11.43, 30.79, 18.43, 22.29, 13.43, 48.71, 27.0, 5.29, 5.43, 12.86, 19.71, 41.86, 90.57, 6.07, 16.21, 17.86, 24.21, 11.07, 44.64, 20.86, 8.0, 3.64, 9.93, 18.79
39, 2014-01-13, Home, HOU, L, L, 6, U, 208, 0, 0, 95.93, 103.79, 36.57, 84.07, 6.0, 19.36, 16.79, 22.36, 11.79, 43.79, 21.43, 6.07, 4.71, 14.57, 22.71, 38.21, 85.5, 7.86, 22.29, 19.5, 25.93, 12.71, 45.21, 24.21, 7.36, 4.14, 12.5, 19.07, 101.29, 101.86, 36.64, 78.07, 7.36, 23.86, 20.64, 30.43, 10.36, 42.71, 18.79, 6.14, 4.79, 13.71, 19.07, 39.29, 86.5, 7.07, 20.57, 16.21, 21.79, 11.79, 42.79, 23.0, 8.29, 5.0, 12.0, 23.21
40, 2014-01-15, Home, TOR, W, W, 4, U, 193, 0, 0, 96.07, 105.07, 36.93, 86.43, 5.71, 19.07, 16.5, 21.57, 12.43, 44.36, 21.43, 6.57, 4.86, 14.43, 23.21, 38.57, 85.43, 8.07, 22.14, 19.86, 27.0, 12.79, 45.79, 24.5, 7.29, 4.71, 12.86, 18.86, 100.36, 93.36, 35.86, 81.43, 8.93, 23.07, 19.71, 25.5, 11.64, 43.5, 21.93, 7.36, 4.71, 13.57, 22.57, 34.71, 81.14, 6.21, 17.07, 17.71, 23.86, 11.36, 43.21, 19.86, 7.93, 4.86, 15.79, 23.14
41, 2014-01-17, Home, LAL, L, L, -7, O, 205, 0, 0, 95.14, 104.07, 36.29, 86.29, 5.5, 18.79, 17.07, 22.5, 12.79, 44.93, 21.64, 6.86, 4.86, 14.21, 23.0, 38.07, 84.0, 8.29, 21.79, 19.64, 26.93, 12.36, 45.29, 24.5, 7.21, 4.93, 13.29, 19.5, 99.86, 110.29, 35.79, 82.93, 7.93, 24.93, 20.36, 26.36, 10.21, 43.71, 21.29, 5.57, 5.57, 16.43, 21.0, 41.86, 91.29, 8.36, 24.36, 18.21, 25.5, 14.14, 50.0, 24.5, 10.86, 4.79, 12.14, 20.5
42, 2014-01-19, Away, ORL, L, L, -3, U, 195.5, 0, 0, 95.0, 104.07, 36.57, 87.57, 5.57, 19.14, 16.29, 21.71, 13.14, 45.0, 22.5, 7.14, 5.21, 13.43, 22.93, 37.79, 83.0, 8.43, 21.29, 20.07, 27.5, 12.0, 46.0, 24.86, 6.43, 4.93, 13.5, 19.14, 95.57, 105.21, 36.57, 83.86, 6.93, 22.21, 15.5, 21.43, 9.57, 42.71, 21.0, 7.0, 3.86, 13.64, 19.93, 39.93, 86.21, 8.93, 24.36, 16.43, 21.5, 11.5, 47.64, 23.21, 6.57, 5.79, 13.0, 19.14
43, 2014-01-21, Away, MIA, L, W, 9, U, 196.5, 1, 0, 94.43, 103.14, 35.93, 87.79, 5.5, 18.64, 17.07, 22.14, 13.43, 45.43, 21.86, 7.29, 5.43, 13.29, 23.71, 37.0, 81.86, 8.14, 20.86, 21.0, 28.5, 11.93, 46.14, 24.57, 6.14, 4.79, 13.93, 19.07, 103.21, 102.07, 38.5, 78.64, 8.21, 22.43, 18.0, 23.64, 7.86, 37.21, 22.71, 8.29, 3.29, 13.71, 19.71, 38.5, 79.93, 8.43, 23.0, 16.64, 22.0, 9.57, 41.57, 24.0, 7.21, 3.86, 15.36, 20.93
44, 2014-01-22, Away, WAS, W, W, 9.5, O, 191.5, 0, 1, 94.93, 102.21, 36.0, 87.79, 5.43, 19.57, 17.5, 22.5, 14.21, 45.79, 21.93, 7.43, 5.0, 13.29, 23.5, 36.79, 81.21, 7.86, 20.93, 20.79, 28.07, 11.79, 44.71, 24.14, 6.07, 4.79, 14.0, 19.07, 97.36, 96.29, 37.43, 82.14, 6.57, 18.21, 15.93, 22.36, 10.71, 43.07, 23.43, 8.14, 5.43, 14.21, 21.86, 36.0, 79.64, 7.0, 19.86, 17.29, 24.07, 9.93, 41.5, 22.07, 7.79, 3.71, 14.64, 19.79
45, 2014-01-24, Home, OKC, L, L, 2.5, U, 192, 0, 0, 95.64, 103.0, 36.21, 88.21, 5.86, 20.21, 17.36, 22.36, 13.64, 45.71, 21.86, 7.86, 5.21, 13.5, 23.79, 37.14, 82.29, 7.71, 21.21, 21.0, 28.29, 11.93, 45.43, 24.57, 6.43, 4.79, 14.21, 19.21, 105.0, 98.71, 38.86, 82.71, 7.86, 21.86, 19.43, 24.71, 11.64, 44.79, 19.93, 8.21, 5.93, 14.29, 22.64, 36.14, 81.5, 9.29, 24.36, 17.14, 24.79, 10.5, 40.14, 20.86, 7.29, 3.79, 14.36, 21.14
46, 2014-01-26, Home, BRK, L, L, 4.5, U, 191, 0, 0, 95.07, 103.64, 36.0, 87.57, 5.86, 20.71, 17.21, 22.5, 13.86, 44.64, 21.57, 7.93, 4.71, 13.57, 23.07, 37.86, 81.5, 7.71, 20.07, 20.21, 27.43, 11.71, 45.0, 24.79, 6.5, 4.64, 14.29, 19.43, 97.43, 95.86, 35.57, 77.86, 8.93, 24.14, 17.36, 22.5, 9.36, 38.93, 20.79, 8.21, 4.29, 13.5, 22.29, 33.57, 76.21, 8.36, 22.79, 20.36, 25.43, 10.5, 41.0, 20.57, 6.86, 4.0, 14.93, 20.5
47, 2014-01-28, Away, NYK, L, L, 6, O, 191.5, 0, 0, 94.86, 103.0, 35.71, 87.14, 6.21, 21.71, 17.21, 22.21, 13.79, 44.43, 21.71, 7.86, 4.5, 13.29, 22.71, 37.71, 81.5, 8.0, 20.79, 19.57, 26.71, 11.57, 45.07, 24.36, 6.64, 4.43, 14.14, 19.5, 99.36, 99.57, 37.14, 82.07, 8.5, 22.29, 16.57, 21.86, 11.57, 43.43, 20.21, 6.14, 4.5, 12.29, 22.14, 36.43, 79.07, 8.57, 24.21, 18.14, 23.71, 9.14, 41.0, 20.64, 6.07, 3.43, 11.71, 19.86
48, 2014-01-29, Home, PHI, L, L, -4, U, 203.5, 0, 1, 94.57, 104.36, 35.79, 86.64, 6.14, 21.21, 16.86, 21.93, 13.14, 43.79, 21.64, 8.07, 4.29, 13.86, 22.79, 38.14, 81.86, 8.57, 21.79, 19.5, 26.79, 11.57, 45.14, 24.5, 7.07, 4.64, 14.14, 19.57, 97.5, 106.86, 37.57, 86.93, 5.36, 19.0, 17.0, 23.71, 11.64, 43.29, 21.43, 9.79, 4.21, 16.14, 22.21, 39.29, 85.93, 8.29, 23.0, 20.0, 26.5, 13.0, 48.93, 25.29, 8.71, 8.93, 16.5, 21.93
49, 2014-02-02, Home, ORL, W, W, -6, U, 191, 0, 0, 94.43, 102.64, 35.57, 87.14, 5.86, 20.93, 17.43, 22.36, 13.57, 45.36, 21.43, 8.29, 4.36, 14.0, 22.43, 37.71, 82.07, 8.43, 21.93, 18.79, 26.36, 11.21, 44.93, 24.36, 6.93, 4.5, 14.21, 20.14, 97.57, 106.5, 35.93, 81.07, 6.57, 19.64, 19.14, 24.57, 7.86, 40.79, 21.07, 7.5, 3.14, 13.64, 19.29, 40.29, 86.64, 8.93, 22.79, 17.0, 21.5, 11.36, 46.5, 24.86, 7.29, 6.14, 12.57, 19.43
50, 2014-02-05, Away, PHI, W, W, -3.5, O, 205.5, 0, 0, 94.29, 99.79, 36.0, 86.5, 5.86, 20.64, 16.43, 20.93, 13.57, 46.0, 21.57, 8.21, 4.43, 14.14, 21.71, 37.0, 81.86, 7.79, 20.71, 18.0, 25.21, 11.14, 43.71, 23.5, 7.21, 4.07, 13.71, 19.07, 96.79, 106.86, 36.86, 86.14, 5.71, 20.0, 17.36, 24.79, 12.36, 43.29, 21.0, 9.21, 3.21, 17.21, 22.86, 38.5, 83.71, 7.79, 22.0, 22.07, 29.0, 12.43, 46.93, 25.79, 10.21, 8.5, 16.0, 21.86
51, 2014-02-07, Home, SAC, W, W, 1.5, U, 198, 0, 0, 94.93, 99.57, 36.14, 86.57, 6.07, 20.79, 16.57, 21.14, 13.71, 46.21, 21.71, 8.36, 4.93, 13.79, 20.93, 37.43, 82.93, 7.5, 20.07, 17.21, 23.86, 11.57, 44.43, 23.57, 6.93, 4.14, 13.86, 19.14, 101.29, 104.14, 37.29, 82.79, 6.0, 17.86, 20.71, 27.0, 12.71, 44.21, 17.86, 6.21, 4.29, 14.79, 24.57, 37.36, 81.5, 6.64, 20.36, 22.79, 31.57, 11.07, 41.21, 22.71, 8.93, 5.71, 11.86, 22.79
52, 2014-02-09, Home, DAL, L, L, 4, U, 200, 0, 0, 95.07, 98.86, 36.29, 86.79, 6.21, 21.0, 16.29, 21.07, 13.93, 46.43, 22.07, 8.43, 4.79, 13.5, 20.64, 36.93, 82.57, 7.29, 19.29, 17.71, 24.07, 11.64, 44.5, 23.14, 6.64, 4.43, 13.79, 18.93, 109.5, 104.64, 39.86, 80.64, 8.36, 21.57, 21.43, 26.64, 9.71, 39.36, 23.07, 6.93, 3.21, 12.36, 21.86, 37.86, 79.57, 8.29, 23.43, 20.64, 27.29, 10.86, 40.57, 22.36, 7.14, 2.86, 14.07, 22.86
53, 2014-02-10, Away, MIL, W, W, 1, U, 188.5, 0, 1, 94.14, 98.14, 35.5, 86.57, 6.71, 21.93, 16.43, 20.93, 13.29, 46.21, 22.21, 8.21, 4.71, 13.57, 20.43, 36.71, 81.79, 7.29, 19.43, 17.43, 23.64, 10.93, 44.43, 22.57, 6.86, 4.5, 13.64, 18.79, 94.07, 106.36, 35.79, 84.29, 7.57, 20.64, 14.93, 20.79, 12.86, 41.71, 22.21, 6.79, 5.43, 14.43, 21.14, 39.36, 81.14, 9.14, 21.5, 18.5, 24.93, 10.57, 44.14, 24.07, 8.14, 5.14, 13.43, 20.21
54, 2014-02-12, Home, SAS, L, L, 3.5, O, 192.5, 0, 0, 94.86, 96.86, 35.79, 85.64, 7.0, 22.14, 16.29, 20.93, 13.21, 45.71, 22.79, 8.21, 4.64, 13.71, 20.14, 36.29, 81.29, 7.14, 19.21, 17.14, 23.0, 10.79, 43.71, 22.07, 6.79, 4.14, 14.21, 19.0, 101.5, 100.71, 38.64, 79.57, 7.43, 19.93, 16.79, 21.57, 7.93, 40.0, 23.57, 6.64, 6.0, 14.86, 19.14, 39.07, 84.93, 5.57, 15.29, 17.0, 23.14, 11.71, 43.57, 20.57, 7.93, 5.14, 12.29, 20.93
55, 2014-02-19, Away, PHO, L, L, 5.5, U, 203.5, 1, 0, 95.14, 98.36, 36.36, 85.36, 7.14, 22.14, 15.29, 19.57, 12.5, 44.29, 22.93, 8.07, 4.57, 14.07, 19.64, 37.07, 81.57, 7.0, 18.86, 17.21, 22.21, 10.29, 43.43, 22.21, 7.07, 4.07, 13.93, 18.29, 109.29, 104.64, 39.29, 83.43, 9.14, 23.07, 21.57, 27.0, 11.29, 43.36, 19.5, 7.57, 4.0, 14.71, 23.64, 37.79, 83.0, 6.93, 20.71, 22.14, 28.93, 11.07, 41.21, 18.21, 7.57, 4.07, 14.07, 22.71
56, 2014-02-21, Away, LAL, L, L, 1, U, 207.5, 0, 0, 94.43, 97.86, 35.64, 84.5, 7.0, 21.71, 16.14, 20.79, 12.5, 44.57, 21.79, 7.79, 4.57, 14.57, 20.0, 37.0, 82.14, 6.93, 19.43, 16.93, 22.07, 10.43, 43.43, 21.93, 7.21, 4.21, 13.86, 19.0, 101.43, 107.07, 38.21, 84.57, 9.5, 23.79, 15.5, 20.14, 7.36, 39.57, 25.21, 7.64, 4.57, 13.79, 18.79, 40.86, 89.71, 8.43, 23.57, 16.93, 24.43, 13.79, 51.14, 24.79, 9.43, 4.29, 13.14, 18.86
57, 2014-02-22, Away, SAC, L, W, 8, O, 197.5, 0, 1, 94.5, 98.43, 36.0, 85.0, 7.07, 22.36, 15.43, 20.29, 12.57, 44.64, 22.29, 8.07, 4.29, 14.86, 19.57, 37.71, 83.0, 7.14, 19.93, 15.86, 20.86, 10.29, 43.21, 22.14, 7.29, 4.36, 13.93, 19.07, 99.14, 102.93, 35.5, 82.29, 6.21, 19.14, 21.93, 28.0, 13.0, 44.57, 17.14, 5.86, 3.64, 14.64, 23.36, 37.57, 83.36, 7.14, 21.93, 20.64, 28.57, 11.71, 42.43, 24.21, 8.86, 4.86, 11.79, 22.43
58, 2014-02-24, Away, UTA, L, L, 4, O, 191.5, 0, 0, 95.36, 99.29, 36.07, 85.21, 7.14, 21.93, 16.07, 21.57, 12.43, 44.36, 22.29, 8.07, 4.29, 14.71, 19.57, 37.71, 82.93, 7.14, 19.14, 16.71, 21.71, 10.0, 43.57, 21.86, 7.21, 4.21, 14.14, 19.71, 93.43, 100.0, 34.29, 79.86, 6.71, 20.79, 18.14, 24.21, 10.14, 42.79, 18.36, 6.57, 4.21, 12.71, 20.5, 37.21, 83.57, 7.14, 20.0, 18.43, 24.07, 11.5, 44.5, 21.86, 7.21, 4.29, 10.07, 20.93
59, 2014-02-26, Home, ATL, W, W, -3, O, 203.5, 1, 0, 94.29, 99.21, 35.79, 84.86, 6.36, 20.57, 16.36, 21.43, 13.0, 43.57, 21.93, 7.43, 3.86, 14.43, 19.29, 37.86, 81.93, 7.07, 18.79, 16.43, 21.29, 9.93, 42.71, 22.0, 7.07, 4.5, 13.71, 19.57, 100.5, 102.07, 36.93, 80.64, 10.43, 24.64, 16.21, 21.07, 8.86, 40.36, 24.93, 8.14, 3.29, 14.71, 18.71, 39.29, 85.43, 7.93, 21.43, 15.57, 21.14, 11.93, 43.64, 23.79, 8.21, 4.86, 13.5, 18.36
60, 2014-03-01, Home, IND, L, W, 7.5, O, 191, 0, 0, 96.57, 99.43, 36.57, 85.93, 6.57, 20.21, 16.86, 21.71, 13.21, 44.57, 21.93, 7.64, 3.93, 14.29, 20.14, 37.5, 81.64, 7.36, 19.21, 17.07, 22.07, 9.5, 41.57, 21.93, 6.93, 4.79, 13.93, 20.07, 100.86, 94.07, 37.71, 84.21, 6.0, 18.93, 19.43, 25.14, 11.57, 48.0, 20.14, 7.21, 5.5, 14.71, 19.36, 35.86, 85.79, 7.43, 21.57, 14.93, 20.71, 10.14, 42.5, 20.64, 7.21, 4.79, 13.86, 22.0
61, 2014-03-05, Home, GSW, L, L, 4.5, U, 201, 1, 0, 97.86, 100.64, 37.29, 86.93, 6.57, 19.86, 16.71, 21.57, 13.21, 44.29, 22.5, 7.36, 3.93, 13.79, 20.14, 37.93, 81.14, 7.29, 18.36, 17.5, 22.43, 9.07, 41.29, 21.86, 6.64, 4.86, 13.79, 20.0, 101.36, 97.14, 37.5, 86.64, 8.71, 23.86, 17.64, 22.71, 12.14, 44.43, 22.07, 7.86, 5.71, 12.5, 21.14, 36.5, 84.0, 5.86, 18.14, 18.29, 23.21, 11.29, 45.29, 19.43, 6.93, 4.07, 14.36, 20.57
62, 2014-03-07, Home, BRK, W, W, 5, U, 200.5, 0, 0, 97.86, 100.21, 37.14, 86.5, 6.64, 20.14, 16.93, 21.71, 13.07, 44.29, 22.36, 7.07, 4.14, 14.14, 19.71, 38.07, 82.29, 6.93, 18.93, 17.14, 21.64, 9.29, 41.21, 22.07, 6.93, 4.79, 13.5, 20.29, 98.36, 95.93, 35.71, 78.29, 8.5, 24.5, 18.43, 24.57, 8.5, 37.64, 21.14, 10.79, 3.71, 13.79, 20.57, 35.5, 78.29, 7.14, 19.36, 17.79, 24.07, 11.93, 44.57, 19.86, 7.86, 4.5, 17.64, 19.86
63, 2014-03-09, Home, DET, W, W, -1, O, 206.5, 0, 0, 97.64, 99.43, 37.07, 85.29, 6.71, 20.29, 16.79, 21.43, 12.64, 43.71, 22.36, 7.29, 3.86, 14.71, 20.21, 37.5, 81.86, 6.71, 19.57, 17.71, 21.71, 9.43, 40.36, 21.21, 7.21, 4.93, 13.79, 20.0, 103.79, 106.21, 41.07, 90.36, 5.14, 15.64, 16.5, 23.79, 14.0, 45.0, 22.79, 8.29, 5.21, 11.79, 19.71, 39.64, 84.29, 9.07, 24.07, 17.86, 24.71, 11.43, 43.64, 25.14, 6.5, 4.86, 13.71, 19.21
64, 2014-03-11, Away, IND, L, W, 12, U, 193, 0, 0, 99.21, 101.0, 37.5, 86.36, 7.14, 21.5, 17.07, 22.07, 12.79, 43.36, 23.36, 7.36, 4.07, 13.93, 20.86, 38.0, 82.29, 6.64, 19.64, 18.36, 22.93, 9.86, 41.43, 21.14, 6.79, 5.0, 13.93, 20.5, 97.93, 97.29, 36.36, 80.43, 6.71, 18.36, 18.5, 23.5, 10.21, 44.14, 19.36, 6.71, 5.57, 14.71, 20.93, 36.5, 83.43, 8.29, 21.29, 16.0, 22.71, 10.79, 42.21, 21.64, 6.93, 4.79, 12.79, 21.79
65, 2014-03-12, Home, NYK, L, L, 4, O, 199.5, 0, 1, 97.0, 100.0, 36.86, 86.86, 6.79, 21.5, 16.5, 21.07, 13.36, 42.86, 22.57, 7.14, 3.57, 13.71, 21.14, 37.86, 80.79, 6.43, 19.29, 17.86, 22.43, 9.5, 41.14, 20.79, 6.64, 4.93, 14.0, 20.36, 102.5, 105.29, 38.71, 85.86, 10.21, 27.29, 14.86, 20.0, 11.43, 41.43, 20.57, 7.0, 4.79, 13.14, 22.0, 38.93, 82.93, 8.79, 22.79, 18.64, 24.14, 10.86, 43.21, 21.5, 6.64, 3.86, 12.79, 18.71
66, 2014-03-14, Home, PHO, L, L, 4.5, U, 207.5, 0, 0, 96.5, 101.93, 36.43, 86.36, 6.71, 21.29, 16.93, 21.64, 13.43, 41.86, 21.93, 6.86, 3.29, 13.57, 20.93, 38.64, 80.29, 6.86, 19.57, 17.79, 22.43, 9.29, 41.14, 21.0, 7.21, 5.07, 13.86, 20.79, 106.86, 107.71, 38.71, 83.14, 9.5, 24.29, 19.93, 26.93, 11.5, 41.71, 20.57, 8.64, 4.07, 15.5, 22.86, 39.93, 82.71, 7.57, 21.57, 20.29, 26.64, 10.29, 41.5, 20.93, 8.5, 3.71, 14.64, 22.36
67, 2014-03-16, Away, NOP, L, W, 5.5, O, 195, 0, 0, 95.71, 100.86, 36.14, 86.5, 6.14, 20.86, 17.29, 22.07, 14.0, 42.79, 21.21, 7.0, 3.36, 13.86, 21.07, 38.43, 80.14, 6.5, 19.79, 17.5, 22.43, 9.21, 41.36, 20.5, 7.36, 5.14, 14.36, 21.21, 99.07, 104.86, 37.29, 80.43, 6.07, 17.36, 18.43, 23.36, 10.36, 40.29, 20.79, 6.71, 6.0, 13.5, 23.57, 38.07, 79.5, 7.71, 20.5, 21.0, 27.5, 10.86, 40.07, 23.57, 6.71, 5.79, 13.5, 20.14
68, 2014-03-17, Away, DAL, L, W, 11.5, U, 203.5, 1, 1, 97.0, 103.36, 36.36, 87.14, 6.5, 21.29, 17.79, 22.71, 13.93, 43.21, 21.79, 6.93, 3.5, 13.93, 21.36, 39.57, 81.71, 6.29, 19.71, 17.93, 22.64, 9.5, 41.93, 21.07, 7.57, 5.5, 13.86, 21.07, 104.21, 101.07, 39.14, 83.29, 9.0, 22.5, 16.93, 21.5, 10.93, 41.21, 24.36, 8.5, 4.29, 13.36, 20.14, 37.21, 79.43, 8.36, 23.64, 18.29, 24.43, 10.71, 40.93, 21.86, 6.86, 4.07, 15.79, 20.79
69, 2014-03-19, Home, MIA, W, W, 4.5, O, 195, 1, 0, 96.79, 102.64, 36.14, 88.07, 6.71, 21.64, 17.79, 22.5, 14.79, 44.57, 21.5, 7.14, 3.43, 14.07, 21.64, 39.0, 81.43, 6.29, 20.29, 18.36, 23.14, 9.5, 41.64, 20.79, 7.43, 5.64, 14.14, 20.93, 103.5, 97.29, 39.07, 77.57, 8.36, 22.36, 17.0, 21.86, 7.79, 35.93, 21.79, 8.86, 5.21, 13.57, 19.21, 35.79, 80.79, 7.57, 23.07, 18.14, 23.43, 12.5, 42.79, 21.93, 7.64, 3.21, 15.14, 19.57
70, 2014-03-21, Away, BRK, L, L, 8.5, O, 197.5, 0, 0, 97.29, 102.36, 36.5, 87.36, 7.29, 22.43, 17.0, 21.36, 14.5, 43.86, 22.29, 6.64, 3.14, 14.0, 21.21, 39.29, 81.36, 5.79, 19.5, 18.0, 22.36, 9.57, 41.0, 21.21, 7.71, 5.57, 13.71, 20.36, 98.79, 96.21, 35.57, 76.29, 9.14, 24.36, 18.5, 25.0, 7.71, 34.93, 20.0, 11.21, 3.0, 13.64, 21.5, 35.57, 77.0, 7.0, 21.36, 18.07, 24.14, 11.93, 44.21, 19.21, 7.29, 4.21, 17.71, 20.57
71, 2014-03-26, Home, TOR, L, L, 3.5, U, 196, 1, 0, 97.71, 103.29, 36.29, 86.36, 7.64, 22.79, 17.5, 21.79, 14.21, 43.14, 22.07, 6.36, 3.29, 13.79, 21.14, 39.57, 81.0, 5.93, 19.14, 18.21, 22.71, 9.43, 40.5, 21.71, 7.64, 5.29, 13.21, 20.21, 106.14, 102.57, 37.5, 82.71, 9.29, 24.5, 21.86, 27.57, 10.79, 43.14, 22.86, 7.71, 4.43, 13.79, 24.79, 36.79, 82.07, 7.07, 20.64, 21.93, 29.43, 11.14, 41.07, 19.64, 7.86, 3.79, 13.93, 23.36
72, 2014-03-28, Away, TOR, L, W, 9.5, O, 194.5, 0, 0, 97.14, 102.86, 36.14, 85.79, 7.86, 22.86, 17.0, 20.79, 13.71, 42.71, 22.5, 6.36, 3.43, 13.43, 20.93, 39.43, 81.5, 6.36, 20.14, 17.64, 22.0, 10.0, 41.21, 21.64, 7.5, 5.29, 13.14, 19.79, 106.14, 102.36, 37.57, 82.79, 9.36, 23.86, 21.64, 27.14, 10.86, 43.79, 22.14, 7.64, 4.21, 13.93, 24.79, 36.64, 81.71, 7.36, 21.0, 21.71, 29.29, 10.71, 40.57, 19.57, 8.0, 4.07, 13.71, 23.0
73, 2014-03-30, Home, CHI, L, P, 5, O, 180.5, 0, 0, 97.5, 102.5, 36.36, 85.21, 8.0, 23.07, 16.79, 20.71, 13.36, 42.93, 22.93, 6.43, 3.43, 13.57, 21.14, 39.14, 81.93, 6.29, 20.36, 17.93, 22.07, 10.07, 41.07, 21.5, 7.64, 5.07, 13.0, 19.57, 91.93, 90.14, 34.21, 79.64, 6.0, 17.29, 17.5, 22.43, 10.43, 43.14, 22.5, 6.71, 5.36, 12.0, 19.29, 33.29, 79.21, 6.14, 18.21, 17.43, 22.86, 10.64, 43.21, 18.79, 6.57, 5.79, 12.5, 20.21
74, 2014-03-31, Away, CHI, L, L, 9.5, U, 185, 1, 1, 96.57, 102.71, 36.14, 85.0, 8.14, 23.57, 16.14, 20.21, 13.21, 42.43, 22.86, 6.36, 3.43, 13.64, 21.07, 39.07, 81.5, 6.21, 20.14, 18.36, 22.57, 9.79, 41.21, 21.57, 7.79, 5.0, 12.79, 18.71, 91.79, 91.0, 34.07, 78.64, 6.0, 16.86, 17.64, 22.29, 9.57, 42.14, 22.07, 6.64, 5.36, 12.86, 19.36, 33.64, 79.79, 6.5, 19.0, 17.21, 22.71, 10.64, 42.86, 19.21, 7.21, 5.5, 12.71, 20.21
75, 2014-04-02, Away, WAS, L, L, 8.5, O, 199.5, 0, 0, 95.36, 102.14, 35.64, 84.14, 8.14, 23.86, 15.93, 20.07, 13.21, 42.14, 22.29, 6.93, 3.36, 14.21, 20.64, 39.0, 81.71, 6.07, 20.36, 18.07, 22.07, 10.29, 41.36, 22.21, 8.07, 4.93, 13.07, 18.5, 100.79, 100.64, 38.5, 84.14, 9.0, 22.57, 14.79, 19.64, 11.14, 41.93, 22.57, 6.79, 4.36, 14.43, 19.79, 37.57, 82.36, 7.93, 22.57, 17.57, 22.71, 11.0, 42.5, 21.36, 7.43, 4.43, 14.07, 19.21
76, 2014-04-04, Home, PHI, L, L, -9, O, 208.5, 0, 0, 95.64, 102.86, 35.79, 84.5, 7.86, 23.71, 16.21, 20.36, 13.14, 41.36, 22.36, 7.36, 3.14, 13.64, 21.07, 38.93, 79.86, 6.43, 19.71, 18.57, 22.71, 9.64, 41.07, 22.29, 7.71, 4.79, 13.79, 18.5, 94.86, 106.29, 36.0, 84.79, 8.29, 25.71, 14.57, 21.21, 11.64, 40.5, 21.64, 9.5, 4.14, 15.43, 24.07, 37.36, 78.93, 8.29, 22.29, 23.29, 31.0, 11.14, 46.29, 24.43, 8.36, 5.0, 16.57, 20.14
77, 2014-04-05, Away, DET, L, W, 6.5, O, 206.5, 1, 1, 96.43, 104.79, 36.29, 85.71, 7.93, 24.57, 15.93, 20.0, 13.64, 41.21, 22.57, 6.86, 3.29, 13.43, 21.0, 39.64, 79.64, 6.57, 18.93, 18.93, 23.5, 9.64, 41.5, 22.79, 7.71, 4.71, 13.64, 18.57, 100.36, 107.14, 38.71, 87.79, 7.64, 21.64, 15.29, 23.14, 14.07, 46.43, 22.29, 6.93, 4.21, 12.71, 20.07, 40.5, 85.5, 8.5, 23.57, 17.64, 24.57, 11.21, 44.57, 24.86, 7.5, 5.29, 11.07, 19.93
78, 2014-04-09, Away, ATL, L, L, 7, U, 204, 1, 0, 95.93, 105.07, 35.93, 85.07, 8.21, 24.57, 15.86, 19.64, 13.86, 41.07, 21.64, 6.86, 3.07, 13.86, 20.79, 39.5, 79.14, 6.93, 19.5, 19.14, 23.29, 9.21, 40.71, 22.86, 7.93, 4.43, 13.43, 18.29, 98.36, 99.5, 35.93, 81.36, 9.14, 28.43, 17.36, 22.5, 8.64, 40.36, 23.07, 7.43, 2.93, 14.86, 20.36, 36.57, 80.57, 8.0, 22.14, 18.36, 24.36, 9.71, 43.14, 21.43, 9.71, 4.14, 14.29, 22.0
79, 2014-04-11, Home, CHA, W, W, 4, O, 192.5, 0, 0, 96.93, 105.86, 36.29, 84.57, 8.86, 25.07, 15.5, 19.29, 13.21, 40.93, 22.29, 6.93, 3.21, 14.14, 20.71, 39.5, 79.36, 7.29, 20.0, 19.57, 23.93, 9.21, 40.71, 23.43, 8.07, 4.5, 13.29, 17.71, 101.71, 95.36, 38.5, 85.29, 7.79, 21.57, 16.93, 21.21, 11.21, 46.43, 23.0, 5.14, 5.07, 10.86, 17.5, 36.5, 84.0, 8.0, 21.71, 14.36, 19.79, 9.57, 41.0, 21.5, 5.93, 4.71, 11.5, 19.64
80, 2014-04-12, Away, CLE, W, W, 9, O, 206.5, 1, 1, 97.93, 104.93, 36.79, 84.43, 9.07, 25.36, 15.29, 18.57, 12.57, 40.86, 22.79, 7.14, 3.29, 14.79, 20.57, 39.64, 79.86, 7.0, 19.93, 18.64, 23.07, 8.86, 39.79, 24.36, 8.14, 4.29, 13.57, 17.64, 101.64, 102.29, 38.93, 82.71, 7.29, 20.5, 16.5, 22.0, 9.86, 42.14, 24.07, 6.71, 3.36, 13.0, 20.29, 37.43, 83.36, 10.64, 27.64, 16.79, 23.0, 10.57, 41.43, 24.79, 7.14, 4.43, 12.93, 18.57
81, 2014-04-14, Away, PHI, L, L, -2.5, O, 212.5, 0, 0, 100.14, 105.79, 37.71, 84.14, 9.71, 26.0, 15.0, 18.36, 11.71, 40.21, 23.5, 7.0, 3.36, 14.43, 20.79, 39.86, 80.57, 7.0, 19.36, 19.07, 23.79, 9.29, 39.64, 24.93, 7.71, 4.07, 13.21, 17.79, 98.79, 107.29, 37.5, 85.14, 8.43, 25.14, 15.36, 22.5, 11.14, 40.29, 21.14, 8.64, 4.14, 13.21, 24.57, 38.14, 81.07, 8.0, 22.43, 23.0, 30.14, 11.86, 46.71, 25.0, 6.36, 5.36, 14.79, 19.0
82, 2014-04-16, Home, WAS, L, L, 8, O, 197.5, 0, 0, 99.29, 105.21, 37.36, 83.36, 9.5, 25.86, 15.07, 18.57, 11.64, 39.57, 23.0, 7.07, 3.07, 14.5, 20.57, 39.57, 79.5, 7.0, 19.14, 19.07, 24.5, 9.07, 39.5, 24.93, 7.86, 4.0, 13.36, 18.07, 99.21, 95.93, 38.86, 82.14, 7.0, 19.93, 14.5, 19.64, 10.21, 41.5, 22.93, 7.5, 4.36, 14.29, 19.57, 35.21, 80.57, 8.07, 23.64, 17.43, 22.36, 10.14, 40.79, 22.57, 8.21, 3.64, 14.5, 18.79
