16, 2013-11-27, Home, GSW, W, L, -4.5, U, 206, 1, 0, 104.79, 103.29, 38.57, 83.07, 8.93, 23.29, 18.71, 23.07, 10.43, 40.86, 21.93, 9.64, 4.57, 15.43, 20.86, 37.86, 80.21, 8.0, 22.14, 19.57, 27.0, 10.64, 41.79, 22.71, 9.57, 3.57, 16.64, 20.29, 100.07, 97.79, 37.86, 80.64, 9.64, 22.43, 14.71, 20.86, 9.43, 43.29, 23.21, 8.0, 4.86, 17.21, 22.93, 36.14, 84.0, 6.71, 19.64, 18.79, 25.36, 11.93, 43.0, 20.5, 8.43, 4.5, 15.14, 20.64
17, 2013-11-29, Away, ATL, L, L, -1.5, U, 202, 0, 0, 104.64, 102.29, 39.0, 83.0, 8.79, 22.64, 17.86, 22.0, 10.14, 40.86, 22.43, 9.64, 4.36, 14.86, 19.79, 37.71, 80.43, 7.86, 21.71, 19.0, 25.79, 10.43, 41.86, 22.79, 8.93, 3.71, 16.36, 19.93, 98.29, 98.86, 37.29, 81.29, 7.86, 22.21, 15.86, 21.36, 8.21, 40.57, 24.5, 8.21, 4.86, 14.5, 19.0, 37.64, 83.36, 8.43, 22.5, 15.14, 20.43, 9.86, 42.93, 22.79, 7.71, 4.29, 14.14, 19.93
18, 2013-11-30, Home, MIN, L, L, 2, O, 208.5, 0, 1, 102.93, 101.5, 38.79, 82.79, 8.93, 23.0, 16.43, 20.21, 9.86, 40.79, 22.36, 9.43, 4.36, 15.36, 19.86, 37.29, 79.43, 7.86, 21.64, 19.07, 26.07, 9.86, 41.29, 22.71, 9.21, 3.86, 16.29, 18.64, 104.86, 101.43, 38.86, 91.21, 7.43, 23.64, 19.71, 24.0, 13.36, 45.43, 23.21, 9.43, 3.71, 14.36, 18.0, 39.93, 85.14, 7.93, 19.36, 13.64, 18.64, 10.36, 44.71, 22.07, 8.43, 6.36, 17.5, 21.07
19, 2013-12-03, Home, CHA, W, L, -8, U, 195, 0, 0, 101.71, 102.07, 38.5, 82.64, 8.5, 22.79, 16.21, 20.0, 10.07, 39.86, 22.0, 9.36, 4.43, 15.29, 20.71, 37.36, 78.79, 7.79, 21.29, 19.57, 26.79, 10.21, 41.93, 22.93, 8.93, 3.86, 16.29, 18.43, 89.0, 90.79, 32.79, 79.5, 4.57, 14.86, 18.86, 26.57, 11.43, 43.0, 18.64, 5.93, 4.79, 13.36, 19.57, 32.93, 77.43, 7.71, 19.43, 17.21, 22.71, 8.86, 41.71, 19.93, 6.57, 5.57, 14.29, 22.5
20, 2013-12-04, Away, NOP, W, W, 2.5, U, 207.5, 0, 1, 101.43, 100.29, 38.29, 82.43, 8.43, 22.64, 16.43, 20.21, 9.79, 40.5, 21.93, 8.71, 4.5, 14.43, 20.86, 36.43, 78.71, 7.64, 21.57, 19.79, 26.93, 10.21, 42.36, 21.71, 8.57, 3.79, 15.36, 18.5, 105.71, 103.07, 40.93, 87.64, 6.64, 16.64, 17.21, 22.71, 12.93, 42.36, 23.07, 10.07, 7.0, 12.71, 21.93, 38.86, 81.36, 8.64, 23.0, 16.71, 23.43, 10.5, 42.79, 23.5, 7.43, 5.86, 16.5, 20.93
21, 2013-12-07, Away, POR, W, W, 5.5, O, 208, 1, 0, 100.86, 98.93, 37.79, 82.14, 8.5, 22.79, 16.79, 20.71, 9.36, 40.36, 22.21, 8.64, 4.57, 13.71, 20.5, 36.21, 79.07, 7.57, 21.71, 18.93, 25.86, 10.36, 43.36, 21.36, 8.36, 3.5, 15.5, 18.64, 107.5, 99.79, 39.29, 85.5, 9.79, 22.71, 19.14, 22.86, 12.64, 45.64, 22.14, 6.57, 4.21, 14.21, 18.57, 37.79, 85.71, 5.86, 16.64, 18.36, 22.71, 11.93, 42.5, 18.21, 8.36, 3.57, 13.14, 21.14
22, 2013-12-09, Away, SAC, L, L, -4, O, 207.5, 0, 0, 102.07, 100.57, 38.71, 82.79, 8.64, 22.57, 16.0, 20.0, 9.0, 39.57, 22.86, 8.36, 4.43, 13.21, 20.71, 36.79, 79.5, 7.43, 22.21, 19.57, 26.43, 10.79, 43.93, 21.79, 8.14, 3.57, 15.21, 18.07, 98.93, 101.21, 37.21, 85.43, 7.14, 21.0, 17.36, 22.43, 11.36, 42.43, 22.64, 8.29, 3.36, 12.64, 23.14, 37.43, 81.64, 8.86, 22.93, 17.5, 24.71, 10.57, 43.43, 21.93, 6.5, 5.86, 14.64, 21.64
23, 2013-12-11, Away, GSW, L, W, 6, U, 209, 0, 0, 101.5, 101.79, 38.43, 83.57, 8.29, 22.64, 16.36, 20.07, 8.86, 39.36, 22.64, 8.71, 4.57, 13.29, 21.07, 37.14, 79.93, 7.43, 22.14, 20.07, 26.79, 10.79, 44.43, 21.71, 8.0, 3.57, 15.36, 18.29, 102.5, 102.0, 38.0, 83.43, 9.14, 22.57, 17.36, 23.21, 10.43, 44.21, 21.43, 6.79, 4.57, 14.79, 21.21, 37.86, 84.79, 7.21, 18.21, 19.07, 23.93, 11.21, 43.5, 19.64, 8.0, 5.36, 13.36, 19.93
24, 2013-12-14, Home, MIL, W, W, -11, O, 193, 1, 0, 100.71, 100.71, 38.43, 84.57, 8.0, 22.29, 15.86, 19.57, 9.0, 40.0, 22.79, 8.57, 4.43, 12.36, 20.71, 36.93, 80.79, 7.93, 23.21, 18.93, 25.71, 11.5, 45.57, 21.93, 7.07, 3.64, 15.5, 18.5, 89.21, 98.14, 34.07, 81.79, 6.07, 18.57, 15.0, 20.0, 11.14, 39.57, 21.79, 6.5, 5.79, 14.86, 20.29, 36.93, 80.79, 6.93, 21.43, 17.36, 24.64, 12.79, 45.21, 22.93, 8.5, 4.93, 14.93, 20.07
25, 2013-12-18, Home, MEM, W, W, -9.5, O, 192, 1, 0, 100.57, 100.21, 38.36, 84.86, 8.0, 22.07, 15.86, 19.57, 9.5, 41.07, 22.64, 8.36, 4.43, 12.93, 20.43, 36.86, 81.57, 8.0, 23.36, 18.5, 25.07, 11.71, 45.71, 21.43, 7.36, 3.86, 15.43, 18.07, 93.14, 97.86, 36.0, 82.5, 4.79, 13.36, 16.36, 21.5, 12.21, 41.86, 19.86, 7.36, 4.0, 11.21, 19.0, 37.0, 79.21, 7.86, 21.21, 16.0, 20.43, 10.14, 41.0, 19.86, 5.79, 5.36, 13.29, 18.79
26, 2013-12-20, Home, TOR, L, L, -6.5, O, 203, 0, 0, 101.14, 100.0, 38.79, 84.5, 7.71, 21.07, 15.86, 19.36, 9.57, 40.29, 22.57, 8.57, 4.36, 12.57, 20.14, 36.79, 81.14, 8.14, 23.14, 18.29, 24.5, 12.0, 45.0, 21.36, 7.29, 3.71, 15.64, 18.29, 99.5, 100.93, 36.71, 83.43, 7.29, 22.64, 18.79, 23.79, 10.79, 42.14, 20.0, 7.07, 5.14, 14.0, 21.43, 37.86, 82.43, 8.86, 21.64, 16.36, 21.21, 10.29, 42.36, 22.29, 7.0, 4.21, 16.14, 21.93
27, 2013-12-21, Away, PHO, L, L, 2.5, O, 208, 1, 1, 100.07, 99.21, 39.07, 85.86, 7.64, 21.0, 14.29, 17.71, 9.86, 40.93, 22.93, 8.86, 4.21, 12.57, 19.5, 36.79, 82.21, 8.07, 22.43, 17.57, 23.43, 12.43, 46.14, 20.5, 7.29, 3.79, 15.93, 17.64, 104.57, 102.29, 38.21, 81.93, 9.79, 25.64, 18.36, 25.07, 11.21, 42.21, 19.36, 8.0, 5.29, 13.93, 21.5, 37.64, 83.07, 6.36, 19.5, 20.64, 25.43, 12.07, 42.5, 19.43, 7.0, 3.71, 13.93, 21.21
28, 2013-12-23, Away, HOU, W, W, 4, O, 210.5, 0, 0, 100.43, 101.36, 39.5, 87.0, 7.36, 21.0, 14.07, 17.43, 9.86, 40.57, 23.36, 8.86, 4.5, 12.21, 19.36, 37.14, 82.79, 8.64, 23.14, 18.43, 24.14, 12.86, 47.14, 19.93, 7.14, 3.43, 16.0, 17.64, 102.93, 98.71, 37.57, 81.0, 9.36, 26.86, 18.43, 27.0, 11.29, 44.71, 19.79, 8.5, 5.36, 14.79, 20.29, 37.64, 83.79, 6.64, 20.07, 16.79, 22.93, 10.71, 41.43, 20.93, 8.64, 5.5, 14.71, 22.0
29, 2013-12-26, Home, SAS, L, L, 2.5, O, 209, 1, 0, 101.21, 101.5, 39.86, 86.43, 7.64, 21.07, 13.86, 17.29, 10.0, 40.14, 23.79, 9.21, 4.64, 12.21, 19.57, 37.36, 82.14, 8.36, 22.21, 18.43, 24.07, 12.86, 46.57, 19.86, 7.0, 3.29, 15.93, 17.64, 105.21, 102.07, 41.43, 85.5, 8.43, 21.0, 13.93, 17.93, 10.14, 42.64, 24.79, 7.71, 4.57, 14.71, 17.29, 38.43, 84.43, 9.14, 22.93, 16.07, 20.57, 10.43, 42.14, 21.29, 8.07, 5.29, 14.36, 18.29
30, 2013-12-28, Away, CHI, W, W, -2.5, U, 191, 0, 0, 102.0, 101.93, 39.93, 86.64, 7.64, 20.93, 14.5, 18.14, 9.93, 40.5, 23.79, 9.71, 4.86, 12.29, 19.86, 37.07, 82.14, 8.29, 21.93, 19.5, 25.07, 12.71, 46.86, 19.79, 6.93, 3.57, 16.29, 17.71, 92.0, 92.64, 34.57, 80.57, 6.29, 18.64, 16.57, 22.43, 11.43, 43.64, 22.86, 6.57, 5.14, 15.21, 19.0, 35.86, 81.64, 6.07, 16.43, 14.86, 19.43, 11.07, 41.36, 18.93, 8.07, 6.5, 12.93, 21.21
31, 2013-12-30, Away, MIN, W, W, 4, U, 212.5, 0, 0, 102.14, 100.79, 39.71, 85.14, 8.07, 21.5, 14.64, 18.21, 9.57, 40.21, 23.71, 9.64, 5.07, 13.0, 19.71, 37.07, 82.0, 7.86, 21.5, 18.79, 24.0, 12.5, 45.57, 20.07, 7.43, 3.36, 16.07, 17.86, 107.57, 104.93, 38.43, 88.79, 8.07, 22.93, 22.64, 29.07, 15.5, 47.14, 23.29, 8.71, 2.21, 12.86, 15.93, 42.07, 85.64, 7.71, 22.43, 13.07, 17.5, 10.36, 41.86, 23.21, 7.64, 5.14, 15.36, 23.36
32, 2014-01-01, Away, WAS, W, W, 2, U, 203, 0, 0, 103.07, 101.5, 40.57, 85.79, 7.86, 21.5, 14.07, 17.71, 9.5, 39.86, 24.86, 9.86, 5.14, 12.5, 19.64, 37.43, 82.43, 8.07, 22.07, 18.57, 23.5, 12.71, 45.79, 20.29, 7.14, 3.36, 16.14, 17.79, 98.93, 98.0, 37.29, 81.79, 8.0, 19.86, 16.36, 22.29, 10.79, 42.71, 22.57, 8.21, 4.86, 15.5, 20.64, 36.64, 81.07, 7.14, 20.64, 17.57, 23.07, 10.79, 41.43, 23.07, 8.57, 3.21, 14.79, 18.86
33, 2014-01-03, Home, LAC, L, L, 2, O, 206, 0, 0, 101.71, 99.07, 39.5, 84.79, 7.79, 21.5, 14.93, 18.57, 9.43, 40.36, 24.07, 10.07, 5.07, 12.79, 18.64, 36.93, 83.07, 7.64, 21.93, 17.57, 22.07, 12.79, 45.93, 19.79, 7.43, 3.5, 16.43, 18.64, 103.29, 96.79, 37.21, 82.79, 7.71, 24.57, 21.14, 28.86, 9.64, 43.57, 22.79, 9.29, 4.79, 13.07, 20.29, 36.0, 85.07, 6.93, 21.93, 17.86, 23.14, 12.07, 46.93, 22.64, 7.21, 2.93, 15.93, 22.64
34, 2014-01-05, Home, NYK, L, L, -6.5, U, 202.5, 0, 0, 103.36, 101.71, 40.36, 85.21, 8.07, 22.0, 14.57, 18.36, 9.71, 39.93, 25.0, 10.43, 4.93, 12.93, 19.14, 37.64, 83.36, 8.07, 22.36, 18.36, 23.0, 13.0, 45.64, 20.5, 7.43, 3.5, 16.43, 18.5, 94.79, 102.07, 35.57, 83.0, 8.5, 23.14, 15.14, 20.0, 10.21, 38.07, 20.5, 9.21, 4.14, 11.21, 21.57, 36.43, 76.07, 10.07, 23.86, 19.14, 24.79, 10.21, 44.43, 21.0, 5.64, 3.64, 15.93, 19.93
35, 2014-01-07, Home, LAL, W, W, -10, U, 209, 0, 0, 101.93, 101.36, 40.0, 84.64, 7.71, 22.14, 14.21, 18.07, 9.64, 39.64, 24.14, 10.29, 4.43, 13.14, 19.21, 37.57, 82.07, 7.93, 21.71, 18.29, 23.07, 12.36, 44.86, 20.43, 7.64, 3.57, 16.29, 18.57, 98.0, 106.0, 35.43, 81.0, 7.21, 23.64, 19.93, 26.36, 9.93, 42.0, 19.93, 6.14, 5.93, 15.43, 18.5, 41.14, 91.29, 8.14, 24.36, 15.57, 20.29, 14.71, 49.43, 25.21, 9.79, 4.86, 12.86, 20.29
36, 2014-01-08, Away, SAS, L, L, 5.5, U, 205.5, 1, 1, 102.07, 100.71, 40.14, 84.86, 7.5, 22.21, 14.29, 18.36, 9.57, 39.93, 24.57, 11.0, 4.43, 13.14, 18.93, 37.21, 81.64, 8.07, 21.79, 18.21, 23.21, 11.93, 44.57, 20.36, 7.79, 3.57, 16.5, 18.79, 107.07, 103.07, 40.79, 84.86, 8.14, 21.5, 17.36, 22.43, 10.57, 43.43, 25.36, 7.36, 4.71, 13.79, 18.0, 39.71, 85.29, 7.79, 19.93, 15.86, 20.71, 10.64, 42.29, 21.07, 7.43, 5.71, 13.71, 20.93
37, 2014-01-10, Away, NOP, W, W, -1.5, U, 199.5, 0, 0, 101.57, 100.71, 40.29, 84.71, 7.64, 21.64, 13.36, 17.5, 9.57, 39.43, 24.43, 10.71, 4.36, 12.5, 18.5, 37.36, 81.29, 8.07, 21.43, 17.93, 22.64, 12.0, 44.86, 20.5, 7.5, 3.5, 16.14, 17.86, 99.36, 103.57, 39.07, 84.07, 5.93, 16.57, 15.29, 20.5, 11.71, 42.14, 22.64, 7.43, 5.21, 12.64, 21.21, 37.64, 83.0, 7.79, 24.0, 20.5, 26.86, 13.5, 45.07, 22.43, 6.07, 5.21, 12.86, 19.07
38, 2014-01-11, Home, NOP, W, L, -8.5, O, 197.5, 1, 1, 102.57, 100.36, 40.57, 84.0, 8.07, 22.0, 13.36, 17.64, 9.79, 39.14, 25.0, 10.71, 4.57, 12.57, 18.64, 37.29, 80.86, 7.43, 19.93, 18.36, 22.93, 12.07, 44.0, 20.14, 7.5, 3.64, 16.14, 17.79, 98.36, 104.21, 38.86, 84.36, 5.5, 15.5, 15.14, 20.43, 12.21, 42.64, 22.14, 7.64, 5.43, 13.5, 21.57, 37.71, 82.86, 8.36, 24.93, 20.43, 26.79, 13.43, 44.86, 23.0, 6.5, 5.57, 12.93, 19.07
39, 2014-01-13, Home, ORL, W, W, -12.5, U, 198, 0, 0, 102.86, 101.36, 39.71, 82.5, 8.14, 22.21, 15.29, 19.57, 9.29, 38.07, 24.64, 10.86, 4.57, 12.43, 19.0, 37.36, 80.57, 7.64, 20.07, 19.0, 23.79, 12.43, 44.43, 20.64, 7.36, 3.5, 16.21, 19.07, 91.93, 99.71, 34.64, 83.07, 6.64, 20.5, 16.0, 22.07, 10.21, 44.14, 19.93, 6.71, 3.79, 12.79, 19.07, 38.0, 85.07, 7.93, 23.14, 15.79, 20.64, 11.36, 47.79, 22.07, 6.43, 6.07, 12.5, 19.36
40, 2014-01-15, Away, LAC, L, W, 4.5, O, 209, 0, 0, 103.0, 101.14, 39.71, 82.93, 8.71, 23.07, 14.86, 19.0, 9.14, 37.93, 24.36, 10.5, 4.29, 12.21, 19.0, 37.14, 79.36, 7.57, 20.5, 19.29, 23.93, 11.43, 44.0, 20.29, 7.14, 3.43, 16.21, 18.57, 108.14, 99.86, 39.43, 85.0, 8.29, 24.43, 21.0, 27.79, 10.5, 44.64, 23.93, 9.57, 5.71, 12.93, 20.5, 37.64, 86.43, 7.5, 22.79, 17.07, 22.5, 12.5, 46.79, 23.93, 7.36, 2.71, 16.36, 22.21
41, 2014-01-17, Away, PHO, W, W, -1.5, O, 210.5, 0, 0, 104.36, 102.57, 40.07, 83.36, 8.86, 23.36, 15.36, 19.79, 9.57, 38.07, 24.79, 10.07, 4.21, 11.79, 19.5, 37.14, 78.79, 8.0, 21.43, 20.29, 25.29, 11.21, 43.43, 21.5, 6.93, 3.5, 16.0, 18.79, 105.21, 101.5, 38.86, 90.07, 9.86, 29.0, 17.64, 23.07, 13.36, 46.57, 19.5, 8.86, 5.43, 13.29, 21.79, 38.36, 85.86, 6.14, 18.57, 18.64, 25.29, 12.86, 48.93, 21.36, 5.93, 5.36, 15.86, 20.5
42, 2014-01-18, Home, POR, L, L, 2, O, 215.5, 1, 1, 104.5, 101.43, 40.07, 82.79, 9.29, 23.86, 15.07, 19.5, 9.14, 38.64, 24.57, 9.93, 3.93, 12.14, 19.93, 37.0, 79.29, 7.43, 20.86, 20.0, 25.21, 11.36, 43.57, 21.5, 6.86, 3.5, 15.64, 18.43, 111.29, 106.36, 41.21, 91.43, 10.93, 28.93, 17.93, 21.36, 13.0, 48.64, 26.29, 4.57, 4.86, 12.57, 19.14, 41.71, 90.07, 6.14, 16.71, 16.79, 22.64, 10.71, 44.29, 21.0, 7.93, 3.14, 9.71, 18.79
43, 2014-01-20, Away, CLE, W, W, -1, U, 206.5, 0, 0, 104.5, 103.07, 40.21, 83.57, 9.0, 23.57, 15.07, 19.64, 8.79, 38.43, 24.0, 9.36, 3.86, 11.93, 20.0, 37.57, 80.71, 7.57, 21.36, 20.36, 25.14, 11.79, 44.93, 21.71, 6.93, 3.71, 15.5, 18.57, 98.64, 103.57, 37.0, 86.0, 7.64, 19.64, 17.0, 23.43, 12.14, 45.93, 20.07, 6.71, 4.21, 14.0, 21.14, 38.79, 85.57, 9.57, 27.21, 16.43, 22.0, 10.21, 42.71, 25.0, 7.14, 6.36, 13.64, 20.14
44, 2014-01-22, Away, TOR, L, L, 3, U, 200, 0, 0, 104.14, 101.71, 40.14, 83.43, 8.93, 23.79, 14.93, 19.43, 8.71, 38.29, 24.29, 9.0, 3.64, 11.5, 19.93, 37.29, 81.14, 7.43, 21.86, 19.71, 24.5, 12.21, 44.93, 21.64, 6.64, 3.36, 15.14, 18.5, 97.79, 91.0, 35.21, 80.14, 9.57, 24.43, 17.79, 23.64, 11.79, 44.0, 23.0, 7.0, 4.57, 13.07, 22.79, 33.43, 79.14, 5.79, 16.43, 18.36, 24.57, 10.79, 42.57, 19.36, 7.14, 4.5, 13.93, 21.29
45, 2014-01-24, Away, BRK, L, W, 2, O, 200, 0, 0, 102.71, 102.43, 39.64, 83.07, 8.5, 23.36, 14.93, 19.64, 8.71, 37.86, 24.0, 8.79, 3.21, 11.86, 20.21, 37.29, 81.29, 7.71, 22.29, 20.14, 25.43, 12.36, 45.36, 21.5, 6.79, 3.21, 15.0, 18.64, 95.93, 95.64, 35.0, 78.07, 8.64, 24.07, 17.29, 22.29, 9.64, 39.0, 20.57, 8.21, 4.21, 13.71, 21.57, 33.86, 76.57, 8.29, 23.36, 19.64, 24.43, 10.0, 41.21, 20.14, 7.29, 4.21, 15.07, 20.43
46, 2014-01-26, Home, DET, W, W, -6.5, O, 213.5, 0, 0, 103.14, 103.07, 39.14, 82.5, 8.79, 23.07, 16.07, 21.0, 9.14, 38.14, 23.21, 8.36, 2.86, 12.14, 20.29, 37.36, 80.86, 8.0, 22.57, 20.36, 25.79, 11.86, 44.57, 21.64, 6.79, 3.29, 14.86, 19.64, 97.86, 104.64, 37.29, 85.64, 5.36, 19.0, 17.93, 27.07, 14.5, 45.29, 21.07, 8.5, 5.0, 15.21, 21.07, 39.14, 83.5, 8.43, 22.79, 17.93, 24.5, 12.14, 44.07, 25.14, 8.64, 4.64, 15.57, 21.93
47, 2014-01-29, Home, HOU, L, L, -5, O, 210.5, 1, 0, 105.21, 105.07, 40.07, 82.21, 8.86, 22.86, 16.21, 21.36, 8.79, 37.79, 23.57, 7.93, 3.14, 12.29, 20.79, 38.07, 81.07, 7.93, 21.79, 21.0, 27.07, 12.0, 44.21, 21.71, 6.86, 2.86, 14.43, 19.64, 102.71, 99.07, 36.43, 79.5, 8.64, 25.71, 21.21, 32.14, 11.93, 44.93, 19.86, 6.71, 5.57, 14.14, 20.07, 37.71, 86.71, 7.29, 22.14, 16.36, 21.86, 13.07, 43.57, 21.07, 8.07, 5.5, 13.21, 25.57
48, 2014-01-31, Home, SAC, W, L, -9, U, 214.5, 0, 0, 105.43, 104.93, 39.71, 82.07, 8.36, 22.21, 17.64, 22.93, 8.93, 37.93, 22.93, 7.71, 3.36, 12.5, 21.07, 38.14, 80.5, 7.93, 21.64, 20.71, 26.93, 11.79, 43.93, 21.93, 7.07, 2.64, 14.93, 20.57, 104.79, 105.71, 39.07, 84.93, 6.93, 19.36, 19.71, 25.93, 13.36, 46.21, 18.79, 6.29, 4.43, 14.5, 24.0, 38.0, 82.5, 7.5, 20.64, 22.21, 30.93, 10.64, 41.57, 22.57, 8.29, 5.57, 12.29, 22.93
49, 2014-02-03, Home, CLE, W, W, -8, O, 205.5, 0, 0, 107.36, 105.71, 40.14, 82.21, 8.07, 21.71, 19.0, 24.21, 9.29, 38.14, 23.5, 8.0, 3.43, 12.07, 21.14, 38.21, 80.43, 8.07, 22.21, 21.21, 27.43, 11.86, 43.36, 21.93, 6.79, 2.86, 14.93, 21.14, 96.36, 102.57, 36.29, 85.21, 7.21, 19.93, 16.57, 23.07, 13.14, 43.43, 21.71, 7.64, 3.14, 12.57, 21.79, 37.93, 80.57, 9.07, 24.86, 17.64, 23.43, 9.21, 41.64, 23.71, 6.21, 6.29, 12.93, 19.93
50, 2014-02-05, Away, MEM, W, W, 2.5, O, 189, 0, 0, 108.36, 106.43, 39.86, 81.5, 8.57, 22.36, 20.07, 25.0, 9.57, 38.5, 23.36, 7.07, 3.57, 12.14, 21.57, 38.43, 80.36, 7.86, 21.71, 21.71, 27.93, 11.79, 42.29, 21.93, 7.0, 2.93, 14.21, 21.71, 94.93, 90.21, 38.0, 81.86, 5.21, 14.86, 13.71, 18.86, 10.86, 42.29, 21.14, 7.21, 5.79, 11.57, 18.5, 34.57, 81.29, 7.07, 22.57, 14.0, 18.5, 10.71, 40.71, 18.79, 6.07, 4.43, 13.86, 18.43
51, 2014-02-07, Home, UTA, W, W, -9.5, U, 205, 0, 0, 109.79, 105.29, 40.07, 80.43, 8.64, 22.29, 21.0, 26.21, 9.71, 38.71, 23.64, 6.86, 3.57, 12.57, 21.64, 38.21, 79.86, 7.64, 21.43, 21.21, 27.64, 11.5, 40.64, 21.86, 7.07, 3.14, 14.29, 22.64, 98.36, 100.93, 36.57, 79.71, 7.0, 19.29, 18.21, 24.5, 9.5, 41.93, 19.79, 5.93, 3.86, 12.57, 20.57, 37.93, 83.36, 6.36, 20.79, 18.71, 24.93, 11.5, 43.29, 21.71, 7.21, 3.86, 10.36, 22.0
52, 2014-02-09, Away, BOS, W, W, -4, U, 200, 0, 0, 109.5, 104.64, 39.86, 80.64, 8.36, 21.57, 21.43, 26.64, 9.71, 39.36, 23.07, 6.93, 3.21, 12.36, 21.86, 37.86, 79.57, 8.29, 23.43, 20.64, 27.29, 10.86, 40.57, 22.36, 7.14, 2.86, 14.07, 22.86, 95.07, 98.86, 36.29, 86.79, 6.21, 21.0, 16.29, 21.07, 13.93, 46.43, 22.07, 8.43, 4.79, 13.5, 20.64, 36.93, 82.57, 7.29, 19.29, 17.71, 24.07, 11.64, 44.5, 23.14, 6.64, 4.43, 13.79, 18.93
53, 2014-02-11, Away, CHA, L, L, -4, O, 201, 0, 0, 108.93, 103.5, 40.36, 81.71, 8.29, 21.29, 19.93, 24.86, 10.07, 40.64, 23.14, 6.57, 3.29, 12.0, 21.07, 37.57, 80.64, 8.5, 24.0, 19.86, 26.14, 10.71, 40.21, 22.71, 7.07, 2.93, 13.57, 21.86, 98.5, 98.79, 37.0, 79.71, 6.07, 16.29, 18.43, 24.86, 6.71, 40.79, 23.43, 6.07, 5.07, 11.43, 17.71, 37.93, 85.36, 7.86, 22.36, 15.07, 19.5, 9.43, 43.86, 21.36, 6.21, 4.64, 12.29, 21.0
54, 2014-02-12, Away, IND, W, W, 9, U, 195.5, 0, 1, 107.64, 105.36, 40.14, 81.93, 7.71, 20.36, 19.64, 24.64, 9.93, 40.14, 23.07, 6.5, 3.14, 11.71, 21.0, 38.36, 81.07, 8.86, 24.0, 19.79, 26.07, 10.57, 40.29, 24.43, 6.71, 3.36, 13.07, 21.64, 103.43, 97.07, 38.86, 85.14, 6.21, 18.5, 19.5, 25.21, 11.79, 48.07, 19.93, 6.21, 5.43, 13.57, 20.57, 36.36, 87.0, 7.29, 21.43, 17.07, 22.86, 10.36, 42.5, 18.86, 6.0, 3.57, 13.14, 22.0
55, 2014-02-18, Home, MIA, L, L, 2.5, O, 204.5, 0, 0, 104.36, 101.36, 38.64, 81.0, 7.21, 19.93, 19.86, 24.64, 9.43, 40.14, 21.93, 6.5, 3.71, 12.0, 20.64, 37.29, 81.14, 8.14, 23.29, 18.64, 24.43, 10.5, 40.93, 23.29, 6.64, 3.5, 13.36, 22.0, 103.79, 101.29, 38.79, 77.07, 8.21, 23.29, 18.0, 23.64, 8.43, 37.5, 23.14, 8.71, 4.14, 14.71, 21.36, 36.93, 79.43, 8.71, 23.5, 18.71, 25.0, 11.43, 39.79, 22.79, 8.86, 3.5, 15.07, 20.5
56, 2014-02-21, Away, PHI, W, L, -13.5, O, 211.5, 0, 0, 104.07, 102.07, 37.93, 81.14, 7.21, 20.14, 21.0, 25.57, 10.43, 40.57, 21.79, 6.36, 3.5, 12.0, 20.29, 37.43, 80.0, 8.36, 23.57, 18.86, 24.64, 9.79, 39.57, 24.0, 6.93, 3.79, 13.29, 22.43, 96.43, 112.0, 36.07, 87.5, 6.64, 21.71, 17.64, 23.93, 12.71, 43.43, 21.0, 9.36, 3.21, 16.93, 23.07, 40.43, 84.71, 8.14, 21.93, 23.0, 29.57, 12.36, 48.86, 26.07, 10.21, 7.79, 16.43, 20.93
57, 2014-02-22, Away, DET, W, W, -3, O, 213, 1, 1, 105.0, 101.0, 38.36, 80.21, 7.36, 20.5, 20.93, 25.57, 10.71, 41.86, 23.5, 6.64, 3.79, 13.07, 20.36, 37.14, 80.29, 8.07, 23.5, 18.64, 24.93, 9.79, 38.07, 23.71, 7.57, 3.5, 13.29, 22.5, 104.43, 103.43, 40.14, 88.29, 6.14, 18.5, 18.0, 27.29, 15.21, 46.21, 21.64, 9.21, 4.79, 13.93, 19.93, 38.93, 82.79, 8.07, 22.0, 17.5, 24.5, 10.71, 42.43, 23.07, 8.64, 5.0, 15.07, 20.57
58, 2014-02-24, Away, NYK, W, L, -2.5, O, 206.5, 0, 0, 105.79, 101.36, 38.79, 80.71, 7.64, 20.71, 20.57, 25.14, 11.29, 42.64, 24.14, 6.71, 4.0, 13.5, 19.93, 37.64, 80.36, 7.86, 22.64, 18.21, 24.71, 9.43, 37.57, 23.71, 7.71, 3.86, 13.07, 22.14, 105.21, 100.5, 40.43, 84.71, 10.5, 26.14, 13.86, 19.57, 11.14, 41.86, 21.21, 7.21, 4.57, 12.71, 20.86, 36.5, 79.5, 9.21, 22.14, 18.29, 23.71, 9.14, 39.64, 19.21, 6.14, 3.43, 13.14, 19.64
59, 2014-02-26, Home, NOP, W, W, -6.5, U, 204.5, 0, 0, 107.57, 102.43, 39.29, 81.64, 8.21, 21.86, 20.79, 25.29, 11.57, 42.71, 24.5, 6.71, 4.14, 12.71, 19.57, 38.21, 80.36, 8.36, 23.36, 17.64, 23.57, 9.57, 37.64, 23.93, 7.14, 4.0, 13.5, 22.5, 94.86, 96.07, 36.43, 80.57, 5.79, 15.43, 16.21, 21.36, 10.79, 41.79, 20.0, 6.86, 7.0, 12.36, 23.5, 35.0, 77.93, 6.64, 19.86, 19.43, 26.36, 9.43, 39.79, 21.93, 6.43, 5.5, 12.71, 18.57
60, 2014-02-28, Home, CHI, L, L, -4.5, U, 193.5, 0, 0, 107.71, 101.14, 39.79, 81.71, 8.21, 22.0, 19.93, 24.14, 10.79, 42.07, 24.93, 7.36, 4.43, 12.29, 19.07, 38.14, 80.21, 8.29, 22.86, 16.57, 22.93, 9.93, 38.0, 23.79, 7.0, 3.86, 13.79, 21.43, 93.07, 90.64, 34.14, 79.57, 6.0, 17.71, 18.79, 23.64, 12.14, 45.0, 21.93, 7.79, 5.64, 13.93, 19.36, 34.57, 79.36, 6.71, 18.93, 14.79, 19.64, 9.21, 38.36, 18.5, 7.14, 5.86, 14.71, 21.14
61, 2014-03-02, Away, SAS, L, W, 6.5, O, 208.5, 0, 0, 105.93, 100.71, 39.14, 82.5, 8.5, 22.71, 19.14, 23.36, 11.21, 41.93, 24.5, 7.79, 4.29, 12.0, 19.14, 37.64, 78.79, 8.64, 23.29, 16.79, 22.93, 9.36, 38.36, 23.86, 6.71, 4.0, 14.36, 21.29, 101.14, 100.93, 38.07, 81.07, 7.0, 20.43, 18.0, 21.71, 8.57, 41.0, 22.5, 6.5, 5.71, 15.29, 19.79, 39.0, 86.36, 5.14, 16.5, 17.79, 24.43, 12.07, 43.86, 20.36, 8.57, 4.93, 12.36, 20.0
62, 2014-03-05, Away, DEN, L, L, -5, O, 220.5, 0, 0, 105.29, 100.36, 39.5, 83.29, 8.64, 22.64, 17.64, 21.79, 11.29, 42.07, 24.79, 8.14, 4.36, 11.5, 18.71, 37.5, 79.5, 8.71, 23.71, 16.64, 22.36, 9.43, 38.64, 24.14, 6.5, 4.36, 14.07, 20.21, 99.64, 112.0, 36.29, 86.86, 8.29, 24.36, 18.79, 27.79, 14.14, 45.07, 18.71, 6.79, 5.43, 17.07, 24.21, 39.86, 84.57, 7.79, 22.29, 24.5, 30.57, 11.07, 45.57, 22.64, 9.93, 5.43, 14.43, 22.36
63, 2014-03-07, Home, POR, W, W, -2.5, U, 215, 0, 0, 105.5, 101.21, 40.07, 83.79, 9.14, 22.71, 16.21, 19.86, 11.0, 41.79, 25.0, 7.86, 4.5, 12.29, 19.36, 37.43, 79.79, 9.0, 23.93, 17.36, 23.29, 9.86, 38.93, 24.64, 7.07, 4.36, 14.07, 19.5, 105.64, 99.71, 38.36, 85.79, 9.07, 25.29, 19.86, 23.79, 11.21, 46.43, 21.14, 5.36, 5.57, 14.29, 20.64, 38.0, 88.43, 5.93, 19.07, 17.79, 23.21, 11.86, 43.0, 19.79, 8.0, 3.86, 11.93, 20.64
64, 2014-03-09, Home, IND, W, W, 1.5, O, 198.5, 0, 0, 104.0, 100.57, 39.57, 83.71, 8.57, 21.79, 16.29, 20.43, 10.93, 41.29, 24.07, 8.29, 4.43, 12.0, 19.29, 37.5, 80.0, 8.93, 24.07, 16.64, 22.43, 10.14, 40.21, 24.36, 6.79, 4.5, 14.79, 19.86, 99.64, 97.86, 37.07, 82.21, 6.57, 18.14, 18.93, 23.93, 10.29, 44.5, 19.93, 7.07, 6.07, 14.14, 20.43, 37.14, 85.07, 8.21, 21.29, 15.36, 21.93, 10.64, 42.57, 21.5, 6.43, 5.0, 13.0, 22.07
65, 2014-03-11, Away, GSW, L, L, 5.5, U, 207.5, 0, 0, 103.64, 100.43, 39.14, 83.93, 8.57, 21.93, 16.79, 20.86, 11.21, 41.79, 24.0, 8.5, 4.36, 11.79, 19.5, 37.14, 79.86, 9.0, 24.07, 17.14, 22.93, 10.29, 40.86, 23.64, 6.64, 4.21, 15.0, 20.14, 105.64, 98.86, 39.79, 86.57, 8.43, 23.93, 17.64, 22.86, 11.5, 43.86, 23.79, 8.5, 5.5, 12.71, 21.5, 36.57, 84.64, 6.79, 21.36, 18.93, 23.71, 11.36, 44.0, 19.86, 6.71, 4.0, 15.07, 20.86
66, 2014-03-12, Away, UTA, W, W, -4.5, O, 201, 0, 1, 102.36, 102.36, 38.57, 84.0, 8.21, 21.93, 17.0, 21.5, 11.21, 41.21, 23.57, 8.5, 4.43, 12.36, 19.21, 37.86, 80.14, 9.0, 23.36, 17.64, 23.14, 10.43, 41.5, 23.93, 6.64, 4.36, 15.29, 20.43, 97.21, 101.0, 36.29, 79.93, 7.29, 20.14, 17.36, 23.21, 11.0, 42.0, 19.71, 6.57, 4.93, 13.93, 20.14, 38.57, 82.14, 7.29, 19.57, 16.57, 21.21, 10.07, 40.29, 22.71, 7.21, 5.07, 11.71, 19.36
67, 2014-03-16, Away, OKC, W, W, 7.5, U, 212, 0, 0, 102.79, 103.07, 38.93, 83.79, 8.43, 21.79, 16.5, 20.93, 10.86, 40.57, 23.93, 8.21, 4.29, 12.64, 20.0, 38.36, 79.64, 8.57, 23.29, 17.79, 23.57, 10.43, 41.29, 23.64, 6.71, 4.29, 15.36, 20.36, 110.29, 105.93, 39.57, 82.71, 9.86, 25.86, 21.29, 25.86, 10.14, 44.21, 22.43, 9.07, 6.07, 15.36, 23.79, 37.43, 82.29, 9.86, 24.43, 21.21, 28.07, 9.21, 39.0, 23.86, 8.79, 2.93, 15.07, 19.79
68, 2014-03-17, Home, BOS, W, L, -11.5, U, 203.5, 1, 1, 104.21, 101.07, 39.14, 83.29, 9.0, 22.5, 16.93, 21.5, 10.93, 41.21, 24.36, 8.5, 4.29, 13.36, 20.14, 37.21, 79.43, 8.36, 23.64, 18.29, 24.43, 10.71, 40.93, 21.86, 6.86, 4.07, 15.79, 20.79, 97.0, 103.36, 36.36, 87.14, 6.5, 21.29, 17.79, 22.71, 13.93, 43.21, 21.79, 6.93, 3.5, 13.93, 21.36, 39.57, 81.71, 6.29, 19.71, 17.93, 22.64, 9.5, 41.93, 21.07, 7.57, 5.5, 13.86, 21.07
69, 2014-03-19, Home, MIN, L, L, -5, O, 210, 0, 0, 105.14, 102.21, 39.36, 82.86, 9.29, 23.07, 17.14, 21.5, 10.64, 40.43, 24.29, 8.5, 3.86, 13.36, 20.0, 37.71, 80.07, 8.5, 23.5, 18.29, 24.43, 11.5, 41.64, 22.0, 7.07, 3.71, 15.79, 20.57, 107.93, 104.57, 38.86, 85.93, 7.0, 20.93, 23.21, 30.57, 11.79, 42.21, 23.86, 8.36, 3.14, 11.93, 20.71, 39.93, 85.5, 8.0, 21.93, 16.71, 22.71, 11.5, 45.79, 21.21, 6.86, 5.57, 16.0, 25.71
70, 2014-03-21, Home, DEN, W, W, -8, O, 218, 0, 0, 106.29, 102.64, 40.29, 83.57, 9.29, 23.07, 16.43, 21.0, 9.86, 40.5, 24.71, 8.71, 4.07, 13.36, 20.64, 37.71, 81.14, 8.5, 23.71, 18.71, 24.93, 11.57, 42.93, 21.71, 6.86, 3.64, 15.86, 20.21, 107.71, 109.43, 39.43, 88.0, 8.86, 24.64, 20.0, 28.0, 12.43, 46.64, 24.14, 8.14, 5.0, 16.57, 24.07, 39.07, 85.29, 8.21, 23.29, 23.07, 28.43, 10.0, 42.71, 22.0, 9.14, 6.0, 15.07, 22.57
71, 2014-03-23, Home, BRK, L, L, -4.5, O, 203, 0, 0, 106.14, 102.21, 40.29, 84.43, 9.5, 23.0, 16.07, 20.43, 10.36, 40.5, 23.93, 8.86, 3.93, 12.86, 20.21, 37.57, 80.21, 9.07, 24.07, 18.0, 24.14, 11.29, 43.0, 21.86, 6.36, 3.93, 15.93, 20.07, 100.79, 96.57, 36.43, 76.29, 9.64, 24.07, 18.29, 25.0, 7.71, 34.93, 21.36, 11.29, 3.07, 13.29, 21.71, 35.43, 76.86, 7.21, 21.86, 18.5, 24.57, 11.93, 43.29, 18.79, 6.93, 4.14, 17.79, 20.29
72, 2014-03-25, Home, OKC, W, W, 2.5, O, 208.5, 1, 0, 105.5, 102.57, 39.64, 84.5, 9.64, 23.57, 16.57, 21.07, 10.5, 40.64, 23.21, 8.43, 4.14, 12.79, 20.64, 37.14, 80.36, 9.71, 25.43, 18.57, 24.36, 11.64, 43.57, 21.57, 6.43, 3.64, 16.14, 20.79, 111.79, 105.86, 39.36, 85.5, 11.0, 28.14, 22.07, 27.43, 10.93, 45.5, 22.64, 8.64, 6.07, 14.86, 25.5, 36.5, 82.93, 10.36, 25.64, 22.5, 30.36, 9.64, 40.71, 23.07, 8.57, 3.14, 14.71, 21.43
73, 2014-03-27, Home, LAC, L, L, -1, O, 211, 1, 0, 106.79, 103.36, 39.93, 84.79, 9.64, 23.71, 17.29, 21.93, 10.57, 41.64, 23.21, 9.07, 4.21, 13.5, 20.86, 37.57, 81.57, 9.57, 25.43, 18.64, 24.57, 11.57, 43.36, 21.86, 6.86, 3.57, 16.29, 21.21, 108.71, 96.86, 41.29, 84.71, 9.0, 23.29, 17.14, 23.29, 10.64, 42.36, 26.93, 9.5, 6.07, 12.93, 21.57, 36.29, 84.64, 7.21, 21.43, 17.07, 23.07, 12.71, 42.79, 22.93, 7.14, 3.43, 15.5, 20.57
74, 2014-03-29, Home, SAC, W, L, -11.5, U, 205.5, 1, 0, 106.43, 104.79, 39.64, 84.79, 9.64, 23.57, 17.5, 22.64, 11.07, 42.29, 22.71, 8.86, 4.21, 14.07, 21.36, 37.71, 82.36, 9.71, 25.86, 19.64, 25.0, 11.79, 43.43, 21.86, 7.29, 3.57, 16.29, 21.93, 98.43, 101.07, 35.57, 80.07, 5.14, 17.0, 22.14, 30.93, 13.14, 47.36, 16.93, 6.07, 3.86, 16.21, 23.0, 36.21, 80.43, 7.86, 21.57, 20.79, 27.29, 8.29, 38.29, 23.0, 7.43, 4.93, 11.71, 26.07
75, 2014-04-01, Home, GSW, L, L, -5, O, 205.5, 0, 0, 107.29, 104.79, 39.64, 83.71, 9.36, 23.0, 18.64, 23.93, 10.57, 42.14, 23.5, 8.43, 4.36, 14.0, 21.21, 38.14, 83.07, 9.29, 25.21, 19.21, 24.36, 12.14, 43.5, 21.71, 7.57, 3.57, 16.14, 22.64, 102.36, 98.79, 38.64, 82.93, 8.64, 24.07, 16.43, 20.86, 10.14, 43.07, 23.5, 6.5, 5.0, 13.43, 21.14, 36.5, 82.07, 7.07, 21.07, 18.71, 23.79, 9.0, 40.43, 21.64, 6.79, 3.79, 12.86, 18.79
76, 2014-04-03, Away, LAC, W, W, 4, O, 211, 1, 0, 108.29, 105.5, 39.79, 83.64, 9.86, 23.86, 18.86, 24.07, 10.64, 42.14, 23.71, 8.21, 4.36, 14.07, 20.43, 39.07, 83.57, 9.64, 25.5, 17.71, 22.79, 12.07, 43.36, 22.07, 7.64, 3.36, 16.07, 22.79, 109.93, 100.21, 40.79, 84.5, 9.36, 25.14, 19.0, 25.43, 11.07, 42.5, 25.43, 9.93, 5.64, 13.86, 21.64, 36.86, 84.43, 7.93, 22.5, 18.57, 24.64, 12.14, 41.79, 23.21, 7.64, 3.29, 15.5, 20.5
77, 2014-04-04, Away, LAL, W, W, -8, U, 223.5, 0, 1, 108.5, 104.93, 39.43, 83.29, 10.21, 24.5, 19.43, 24.86, 10.64, 43.07, 23.71, 8.07, 4.71, 13.79, 20.0, 39.21, 84.43, 9.29, 25.71, 17.21, 22.29, 11.79, 43.21, 22.0, 7.29, 3.21, 15.5, 23.07, 107.71, 117.79, 40.0, 89.43, 9.43, 24.43, 18.29, 23.64, 9.29, 39.64, 26.21, 9.29, 4.79, 14.21, 19.93, 44.57, 89.21, 9.71, 24.0, 18.93, 24.71, 11.57, 49.36, 26.86, 9.0, 5.07, 15.07, 21.07
78, 2014-04-06, Away, SAC, W, L, -7, U, 200.5, 0, 0, 108.79, 104.71, 39.93, 84.21, 10.29, 25.07, 18.64, 23.5, 11.07, 44.07, 24.5, 7.93, 4.71, 14.29, 19.64, 39.0, 84.43, 9.29, 25.86, 17.43, 22.5, 11.5, 42.43, 22.64, 7.64, 3.14, 15.21, 22.0, 97.14, 101.5, 35.93, 81.5, 4.79, 15.86, 20.5, 28.86, 13.07, 47.79, 16.71, 6.43, 3.57, 16.0, 21.64, 36.93, 81.93, 8.36, 22.71, 19.29, 25.14, 8.5, 40.43, 24.14, 7.64, 5.71, 12.29, 24.36
79, 2014-04-08, Away, UTA, W, W, -7.5, U, 200.5, 0, 0, 107.93, 104.5, 39.93, 84.79, 10.64, 25.86, 17.43, 22.29, 11.14, 44.29, 24.5, 7.71, 4.93, 14.29, 19.14, 39.29, 85.07, 9.14, 26.0, 16.79, 21.86, 11.21, 42.36, 23.14, 7.71, 3.21, 14.71, 21.29, 94.29, 106.21, 35.5, 79.86, 6.43, 19.14, 16.86, 22.57, 9.93, 38.21, 20.57, 7.64, 3.14, 13.5, 20.14, 39.79, 77.86, 9.36, 20.07, 17.29, 21.93, 7.79, 41.0, 24.79, 6.86, 5.29, 12.79, 21.29
80, 2014-04-10, Home, SAS, L, L, -1.5, O, 201, 0, 0, 108.64, 102.71, 40.64, 84.07, 10.93, 26.21, 16.43, 20.86, 10.79, 44.0, 24.93, 7.21, 5.07, 13.71, 18.86, 38.93, 85.57, 8.57, 25.93, 16.29, 21.57, 12.29, 42.43, 22.43, 7.71, 3.0, 14.0, 20.64, 108.93, 94.14, 42.5, 86.07, 9.07, 22.29, 14.86, 19.43, 10.36, 45.64, 26.86, 7.57, 5.93, 13.86, 18.36, 35.57, 84.36, 5.86, 18.29, 17.14, 22.57, 10.07, 41.5, 19.43, 8.29, 4.86, 13.29, 18.79
81, 2014-04-12, Home, PHO, W, L, -4.5, U, 210, 1, 0, 108.07, 103.29, 40.43, 84.36, 10.36, 25.57, 16.86, 21.5, 11.0, 44.21, 24.21, 7.43, 5.29, 13.5, 18.43, 38.79, 85.79, 9.36, 26.5, 16.36, 21.64, 12.57, 43.0, 22.36, 7.93, 2.93, 14.07, 20.93, 107.07, 102.64, 39.07, 81.36, 9.93, 25.71, 19.0, 24.64, 10.64, 43.57, 18.79, 7.5, 3.86, 15.21, 21.86, 37.79, 82.79, 7.57, 21.71, 19.5, 25.79, 9.57, 39.14, 21.5, 8.64, 3.71, 13.64, 21.64
82, 2014-04-16, Away, MEM, L, W, 3, O, 190.5, 0, 0, 107.5, 104.14, 40.36, 84.64, 10.21, 25.57, 16.57, 21.14, 11.07, 44.21, 23.86, 7.57, 5.36, 13.57, 18.5, 39.29, 85.71, 9.29, 25.64, 16.29, 21.36, 12.71, 43.57, 22.14, 8.71, 2.93, 14.36, 20.71, 96.86, 94.43, 39.43, 83.36, 4.79, 13.21, 13.21, 18.71, 12.29, 42.79, 22.21, 7.43, 4.0, 12.93, 18.07, 36.29, 78.29, 7.36, 20.5, 14.5, 18.5, 8.93, 37.71, 21.29, 8.43, 4.21, 13.64, 18.0
