21, 2013-12-07, Away, POR, W, W, 5.5, O, 208, 1, 0, 102.74, 101.26, 38.32, 84.16, 8.79, 23.0, 17.32, 21.26, 10.32, 41.0, 22.16, 9.11, 4.58, 14.05, 20.79, 36.89, 80.16, 7.63, 21.74, 19.84, 26.95, 11.05, 43.79, 21.63, 8.47, 3.68, 16.16, 18.89, 107.05, 99.58, 39.47, 85.79, 9.89, 22.84, 18.21, 22.26, 12.68, 45.37, 23.11, 6.16, 4.42, 13.95, 19.11, 38.16, 85.89, 5.74, 16.79, 17.53, 22.26, 11.84, 41.89, 18.26, 8.05, 3.32, 12.68, 21.63
23, 2013-12-11, Away, GSW, L, W, 6, U, 209, 0, 0, 102.16, 101.58, 39.0, 84.26, 8.63, 22.84, 15.53, 19.16, 9.58, 40.32, 22.68, 9.11, 4.37, 14.21, 20.21, 37.21, 80.58, 7.84, 22.26, 19.32, 25.95, 10.95, 43.74, 22.05, 8.32, 3.74, 16.05, 17.95, 101.47, 99.47, 37.84, 82.26, 9.32, 23.16, 16.47, 22.47, 10.16, 44.37, 21.68, 7.63, 4.84, 16.26, 22.05, 37.11, 84.74, 6.47, 18.21, 18.79, 24.68, 11.37, 43.21, 19.79, 8.21, 4.89, 14.21, 20.11
24, 2013-12-14, Home, MIL, W, W, -11, O, 193, 1, 0, 100.58, 101.11, 38.37, 83.95, 8.37, 22.63, 15.47, 19.16, 9.47, 39.95, 22.16, 9.05, 4.42, 14.16, 20.26, 37.11, 80.47, 7.84, 22.11, 19.05, 25.68, 11.21, 44.53, 22.0, 8.16, 3.84, 16.26, 18.26, 88.11, 98.58, 33.37, 81.74, 6.74, 19.16, 14.63, 19.21, 11.21, 40.05, 20.42, 6.68, 5.63, 15.53, 20.21, 37.11, 80.58, 7.05, 21.11, 17.32, 24.16, 12.11, 45.26, 22.0, 8.32, 5.58, 14.74, 19.58
25, 2013-12-18, Home, MEM, W, W, -9.5, O, 192, 1, 0, 101.26, 100.37, 38.68, 84.11, 8.42, 22.68, 15.47, 19.37, 9.53, 40.42, 22.58, 8.89, 4.47, 13.89, 20.37, 36.74, 80.58, 7.84, 22.32, 19.05, 25.47, 11.11, 44.42, 21.32, 8.05, 3.79, 15.89, 18.16, 92.84, 96.32, 36.26, 81.47, 4.58, 13.42, 15.74, 20.74, 11.26, 42.21, 21.21, 7.05, 4.16, 11.84, 19.26, 36.16, 78.79, 7.95, 21.47, 16.05, 20.89, 9.68, 40.21, 20.0, 6.32, 5.42, 13.05, 19.32
26, 2013-12-20, Home, TOR, L, L, -6.5, O, 203, 0, 0, 101.11, 99.05, 38.47, 83.21, 8.16, 22.32, 16.0, 19.79, 9.37, 40.53, 22.79, 9.0, 4.63, 13.79, 20.11, 36.53, 80.79, 7.84, 22.21, 18.16, 24.63, 11.42, 44.37, 21.16, 8.21, 3.58, 15.95, 18.68, 99.42, 99.16, 36.32, 83.79, 7.42, 21.89, 19.37, 24.16, 11.53, 42.0, 19.0, 7.37, 5.05, 13.74, 22.53, 37.26, 81.47, 7.84, 21.26, 16.79, 22.68, 10.47, 42.32, 22.16, 6.79, 5.11, 15.95, 22.26
27, 2013-12-21, Away, PHO, L, L, 2.5, O, 208, 1, 1, 102.0, 100.42, 39.16, 83.89, 8.37, 22.42, 15.32, 19.21, 9.32, 40.42, 23.53, 9.11, 4.53, 13.58, 20.05, 37.11, 81.32, 7.84, 22.11, 18.37, 24.74, 11.58, 44.58, 21.21, 8.32, 3.63, 15.68, 18.32, 103.26, 101.89, 37.84, 81.79, 9.68, 25.58, 17.89, 24.32, 10.79, 41.16, 18.58, 8.21, 5.21, 14.32, 21.58, 37.63, 83.42, 6.11, 18.53, 20.53, 25.63, 12.37, 43.58, 19.0, 7.16, 3.53, 14.11, 21.16
28, 2013-12-23, Away, HOU, W, W, 4, O, 210.5, 0, 0, 102.16, 101.89, 39.32, 84.26, 8.0, 21.95, 15.53, 19.42, 9.42, 40.11, 23.53, 9.16, 4.84, 13.37, 19.79, 37.68, 81.89, 8.16, 22.32, 18.37, 24.37, 11.79, 44.63, 20.95, 8.11, 3.47, 15.63, 18.42, 105.95, 100.42, 38.0, 79.47, 9.84, 26.74, 20.11, 28.37, 10.84, 44.63, 20.79, 8.05, 5.84, 15.26, 20.26, 38.11, 85.79, 7.11, 20.68, 17.11, 22.95, 11.63, 41.16, 20.74, 8.79, 5.37, 13.95, 22.47
29, 2013-12-26, Home, SAS, L, L, 2.5, O, 209, 1, 0, 102.53, 101.58, 39.47, 84.53, 7.95, 21.63, 15.63, 19.53, 9.58, 40.05, 23.58, 9.26, 4.74, 12.68, 19.89, 37.58, 81.68, 8.26, 22.63, 18.16, 24.32, 12.0, 44.74, 21.26, 7.37, 3.26, 15.68, 18.58, 105.53, 99.53, 41.42, 84.74, 8.74, 21.47, 13.95, 18.26, 9.74, 42.42, 25.16, 8.42, 4.63, 14.63, 17.11, 38.26, 84.84, 7.63, 20.53, 15.37, 19.58, 10.84, 42.53, 20.84, 7.84, 4.89, 14.74, 18.42
30, 2013-12-28, Away, CHI, W, W, -2.5, U, 191, 0, 0, 102.47, 102.42, 39.26, 84.58, 7.68, 21.11, 16.26, 20.21, 9.79, 40.63, 23.11, 9.26, 4.89, 13.0, 20.11, 37.58, 81.95, 8.42, 22.68, 18.84, 25.05, 12.16, 45.05, 21.26, 7.63, 3.53, 15.74, 18.79, 90.58, 93.84, 33.89, 81.26, 5.63, 16.95, 17.16, 23.11, 12.26, 45.42, 21.32, 5.95, 4.58, 15.37, 19.11, 36.32, 82.79, 6.74, 17.42, 14.47, 19.11, 10.95, 42.05, 20.42, 8.0, 6.37, 12.68, 21.21
31, 2013-12-30, Away, MIN, W, W, 4, U, 212.5, 0, 0, 102.89, 101.84, 39.63, 84.58, 7.89, 20.95, 15.74, 19.42, 9.63, 39.89, 23.11, 9.26, 4.68, 12.79, 20.11, 37.26, 80.63, 8.26, 22.47, 19.05, 24.89, 11.58, 44.05, 21.16, 7.47, 3.47, 15.89, 18.53, 105.26, 103.47, 37.79, 89.63, 7.89, 23.79, 21.79, 27.89, 15.16, 46.53, 22.74, 8.95, 2.58, 12.84, 16.16, 41.16, 84.32, 8.26, 21.84, 12.89, 17.32, 9.79, 42.95, 22.74, 7.84, 5.16, 16.21, 22.84
32, 2014-01-01, Away, WAS, W, W, 2, U, 203, 0, 0, 101.68, 100.68, 39.58, 85.32, 7.63, 21.05, 14.89, 18.42, 9.74, 40.05, 23.47, 9.42, 4.68, 12.58, 19.79, 36.95, 80.79, 7.95, 22.05, 18.84, 24.37, 11.79, 44.89, 20.79, 7.32, 3.58, 16.21, 18.11, 99.42, 97.84, 37.89, 82.26, 7.68, 19.42, 15.95, 20.95, 10.68, 42.58, 23.32, 8.21, 4.63, 14.63, 20.21, 36.79, 81.05, 7.79, 21.84, 16.47, 22.05, 11.0, 41.05, 23.16, 7.74, 3.42, 14.42, 19.16
33, 2014-01-03, Home, LAC, L, L, 2, O, 206, 0, 0, 100.84, 99.89, 39.16, 85.47, 7.58, 21.42, 14.95, 18.21, 9.68, 40.21, 23.42, 9.53, 4.63, 12.53, 19.53, 36.63, 81.32, 7.84, 22.26, 18.79, 24.26, 12.11, 45.68, 20.26, 7.26, 3.58, 16.26, 18.05, 102.16, 96.11, 37.0, 82.16, 7.32, 23.32, 20.84, 28.47, 9.68, 42.89, 22.05, 8.42, 4.58, 12.95, 20.0, 36.21, 84.89, 6.79, 21.68, 16.89, 21.95, 12.05, 45.95, 22.63, 6.74, 3.21, 15.53, 23.32
34, 2014-01-05, Home, NYK, L, L, -6.5, U, 202.5, 0, 0, 101.47, 100.79, 39.68, 85.53, 7.84, 21.79, 14.26, 17.63, 9.89, 40.21, 24.05, 9.53, 4.58, 12.53, 19.84, 36.89, 81.47, 7.74, 21.79, 19.26, 24.68, 12.37, 45.79, 20.11, 7.16, 3.63, 15.84, 17.95, 96.58, 99.37, 36.11, 82.32, 9.16, 24.32, 15.21, 19.53, 10.16, 38.74, 20.79, 8.89, 4.79, 11.58, 22.37, 35.26, 75.26, 9.47, 23.42, 19.37, 25.58, 9.63, 42.42, 20.11, 5.74, 3.42, 15.26, 20.11
35, 2014-01-07, Home, LAL, W, W, -10, U, 209, 0, 0, 100.63, 99.84, 39.37, 85.32, 7.89, 22.16, 14.0, 17.58, 9.74, 40.11, 23.79, 9.58, 4.47, 12.37, 19.58, 36.68, 81.53, 7.58, 21.42, 18.89, 24.05, 12.32, 46.05, 19.95, 7.05, 3.68, 15.89, 17.63, 99.21, 105.26, 35.84, 81.63, 8.37, 25.26, 19.16, 25.37, 9.89, 41.95, 20.79, 6.68, 6.05, 14.89, 19.37, 40.32, 90.32, 7.84, 23.68, 16.79, 21.89, 14.63, 49.05, 24.79, 9.47, 4.74, 12.79, 20.26
36, 2014-01-08, Away, SAS, L, L, 5.5, U, 205.5, 1, 1, 101.0, 99.74, 39.58, 84.84, 7.79, 22.11, 14.05, 17.84, 9.42, 39.95, 24.05, 10.0, 4.42, 12.68, 19.32, 36.79, 81.79, 7.68, 21.84, 18.47, 23.63, 12.37, 45.74, 20.11, 7.26, 3.53, 15.95, 17.68, 106.95, 102.42, 41.53, 85.16, 8.37, 21.63, 15.53, 20.16, 10.32, 42.68, 25.68, 7.32, 4.68, 13.95, 17.95, 39.11, 85.16, 8.11, 20.89, 16.11, 20.79, 10.84, 42.16, 21.16, 7.79, 5.05, 13.74, 20.11
37, 2014-01-10, Away, NOP, W, W, -1.5, U, 199.5, 0, 0, 101.16, 101.0, 40.11, 85.68, 7.68, 21.84, 13.26, 17.16, 9.37, 39.32, 24.21, 10.05, 4.37, 12.11, 19.21, 37.26, 81.95, 8.0, 22.11, 18.47, 23.42, 12.53, 46.37, 20.42, 7.05, 3.47, 15.95, 17.37, 101.47, 104.84, 39.16, 85.95, 6.47, 17.74, 16.68, 22.0, 13.05, 43.89, 22.47, 7.74, 4.79, 13.0, 21.58, 38.26, 84.11, 8.05, 24.21, 20.26, 26.84, 13.05, 44.74, 22.79, 6.58, 6.0, 13.0, 19.47
38, 2014-01-11, Home, NOP, W, L, -8.5, O, 197.5, 1, 1, 101.21, 99.84, 39.89, 84.95, 8.05, 22.05, 13.37, 17.42, 9.26, 39.42, 24.37, 10.05, 4.53, 12.16, 18.74, 37.05, 82.0, 7.58, 21.11, 18.16, 22.84, 12.58, 46.05, 19.95, 7.11, 3.68, 16.16, 17.79, 100.79, 105.26, 39.05, 86.11, 6.11, 17.0, 16.58, 21.79, 13.37, 44.21, 22.11, 7.53, 5.16, 13.32, 21.47, 38.63, 84.21, 8.11, 23.84, 19.89, 26.58, 12.95, 44.58, 23.26, 6.58, 5.89, 12.74, 19.16
39, 2014-01-13, Home, ORL, W, W, -12.5, U, 198, 0, 0, 102.32, 101.16, 39.74, 84.16, 8.21, 22.37, 14.63, 18.89, 9.16, 38.63, 24.58, 10.47, 4.53, 12.42, 19.0, 37.42, 81.95, 7.84, 21.21, 18.47, 23.16, 12.74, 45.95, 20.53, 7.16, 3.58, 16.53, 18.58, 91.32, 100.05, 34.32, 82.95, 7.11, 21.68, 15.58, 21.16, 9.84, 43.37, 19.16, 6.95, 4.21, 12.42, 19.37, 37.74, 84.58, 8.42, 23.47, 16.16, 21.32, 11.11, 47.95, 22.11, 6.26, 6.0, 12.47, 19.05
40, 2014-01-15, Away, LAC, L, W, 4.5, O, 209, 0, 0, 102.68, 100.68, 39.89, 83.79, 8.32, 22.53, 14.58, 18.53, 9.21, 38.74, 24.37, 10.37, 4.42, 12.68, 19.0, 37.21, 81.0, 7.84, 21.32, 18.42, 23.21, 12.21, 44.84, 20.37, 7.32, 3.53, 16.47, 18.63, 104.84, 97.68, 37.58, 82.84, 7.84, 24.53, 21.84, 29.53, 9.89, 43.84, 23.21, 9.32, 5.32, 12.79, 20.37, 36.68, 85.26, 6.79, 21.32, 17.53, 22.79, 11.95, 46.32, 23.05, 6.89, 2.58, 15.89, 23.05
41, 2014-01-17, Away, PHO, W, W, -1.5, O, 210.5, 0, 0, 103.68, 101.89, 40.16, 84.32, 8.53, 23.0, 14.84, 19.05, 9.74, 39.32, 24.95, 10.37, 4.37, 12.53, 19.16, 37.37, 80.79, 8.26, 21.53, 18.89, 23.89, 11.89, 44.21, 21.0, 7.42, 3.58, 16.26, 18.84, 106.11, 102.26, 38.89, 88.0, 9.79, 27.26, 18.53, 24.37, 13.11, 46.21, 19.26, 8.74, 5.47, 13.79, 22.21, 38.11, 85.42, 6.32, 18.79, 19.74, 26.16, 12.63, 47.0, 20.53, 6.53, 5.0, 15.47, 20.89
42, 2014-01-18, Home, POR, L, L, 2, O, 215.5, 1, 1, 104.37, 101.63, 40.53, 83.68, 8.74, 22.84, 14.58, 19.0, 9.63, 39.58, 24.95, 10.05, 4.37, 12.53, 18.95, 37.58, 81.42, 8.16, 21.37, 18.32, 23.21, 12.21, 44.0, 20.79, 7.26, 3.42, 15.84, 18.53, 112.11, 105.74, 41.47, 91.21, 10.74, 28.63, 18.42, 22.05, 13.42, 48.42, 26.32, 5.05, 5.0, 12.89, 18.79, 41.53, 89.74, 5.89, 16.16, 16.79, 22.53, 11.05, 43.84, 20.74, 7.84, 3.58, 10.32, 18.89
43, 2014-01-20, Away, CLE, W, W, -1, U, 206.5, 0, 0, 105.32, 103.32, 40.79, 83.79, 8.68, 22.58, 15.05, 19.58, 9.42, 38.89, 24.47, 9.84, 4.32, 12.37, 19.37, 38.05, 81.63, 8.0, 21.26, 19.21, 23.89, 12.21, 44.26, 21.11, 7.26, 3.32, 15.68, 18.63, 100.58, 104.95, 38.0, 87.74, 7.84, 20.42, 16.74, 22.37, 12.16, 45.37, 20.11, 6.53, 4.21, 13.05, 20.58, 38.95, 85.26, 9.89, 26.79, 17.16, 22.53, 10.58, 44.21, 24.79, 6.84, 6.32, 13.84, 19.84
44, 2014-01-22, Away, TOR, L, L, 3, U, 200, 0, 0, 105.11, 103.53, 40.58, 83.53, 8.37, 22.37, 15.58, 20.11, 9.21, 38.58, 24.32, 9.74, 4.32, 11.95, 19.74, 37.89, 81.63, 8.0, 21.58, 19.74, 24.63, 12.53, 44.47, 21.42, 7.11, 3.16, 15.53, 19.11, 99.05, 93.32, 36.26, 82.32, 9.0, 23.42, 17.53, 23.21, 11.84, 44.05, 22.63, 7.0, 4.68, 13.16, 22.53, 34.26, 80.68, 6.37, 17.37, 18.42, 24.37, 10.95, 43.11, 20.16, 7.32, 4.74, 14.58, 21.53
45, 2014-01-24, Away, BRK, L, W, 2, O, 200, 0, 0, 104.05, 103.63, 40.26, 83.53, 8.47, 22.63, 15.05, 19.63, 9.0, 38.11, 24.16, 9.42, 3.84, 12.26, 20.16, 37.63, 80.74, 7.95, 21.84, 20.42, 25.58, 11.84, 44.32, 21.26, 7.11, 3.11, 15.42, 18.79, 100.05, 98.05, 36.16, 78.05, 9.79, 24.68, 17.95, 23.26, 8.47, 38.68, 22.58, 8.0, 3.95, 14.05, 22.11, 35.0, 79.11, 8.11, 23.16, 19.95, 25.79, 10.37, 42.21, 20.84, 7.42, 3.79, 15.26, 20.74
46, 2014-01-26, Home, DET, W, W, -6.5, O, 213.5, 0, 0, 103.95, 103.53, 39.63, 82.84, 8.47, 22.58, 16.21, 20.84, 9.21, 38.0, 23.68, 9.05, 3.68, 12.26, 20.37, 37.37, 79.79, 7.89, 22.16, 20.89, 26.11, 11.37, 43.74, 21.63, 6.95, 3.21, 15.42, 19.58, 99.47, 105.68, 38.26, 86.74, 5.68, 19.11, 17.26, 26.16, 14.89, 45.21, 20.53, 8.21, 5.47, 14.53, 20.47, 39.58, 83.84, 7.84, 21.74, 18.68, 24.68, 11.42, 43.84, 24.63, 8.37, 4.58, 14.68, 21.26
47, 2014-01-29, Home, HOU, L, L, -5, O, 210.5, 1, 0, 104.37, 102.63, 39.58, 81.95, 8.68, 22.79, 16.53, 21.11, 8.89, 38.16, 23.58, 8.84, 3.63, 12.58, 20.58, 37.32, 80.05, 7.32, 21.26, 20.68, 26.42, 11.47, 43.53, 21.58, 7.05, 3.16, 15.11, 19.53, 102.42, 100.16, 36.47, 79.05, 8.32, 25.32, 21.16, 31.58, 11.37, 44.26, 19.63, 6.05, 5.47, 13.53, 18.89, 38.47, 86.95, 7.53, 21.79, 15.68, 20.84, 12.74, 43.63, 21.68, 7.84, 5.47, 12.32, 24.84
48, 2014-01-31, Home, SAC, W, L, -9, U, 214.5, 0, 0, 104.58, 103.32, 39.58, 82.32, 8.37, 22.63, 17.05, 21.79, 9.11, 38.58, 23.42, 8.42, 3.63, 12.74, 20.95, 37.47, 80.26, 7.42, 21.37, 20.95, 26.79, 11.58, 43.84, 21.63, 7.21, 3.16, 15.11, 20.11, 104.89, 106.68, 38.79, 84.47, 6.84, 19.32, 20.47, 26.84, 13.37, 46.42, 18.79, 6.21, 4.58, 15.21, 23.68, 38.74, 83.63, 7.58, 21.53, 21.63, 29.68, 10.79, 41.89, 22.89, 8.68, 5.63, 12.42, 23.21
49, 2014-02-03, Home, CLE, W, W, -8, O, 205.5, 0, 0, 104.58, 102.63, 39.53, 82.05, 8.21, 22.74, 17.32, 22.05, 9.26, 38.37, 23.58, 8.32, 3.42, 12.21, 20.53, 37.53, 80.26, 7.42, 21.63, 20.16, 25.79, 11.68, 43.47, 21.53, 6.95, 3.16, 14.89, 20.16, 94.63, 100.42, 35.47, 85.21, 7.11, 19.26, 16.58, 22.89, 12.84, 44.42, 20.68, 7.11, 3.47, 12.74, 21.53, 37.26, 80.95, 8.74, 25.26, 17.16, 22.84, 9.26, 42.16, 23.74, 6.32, 6.74, 13.0, 19.95
50, 2014-02-05, Away, MEM, W, W, 2.5, O, 189, 0, 0, 105.58, 103.89, 39.68, 82.16, 8.16, 22.74, 18.05, 22.84, 9.42, 38.68, 23.79, 8.11, 3.32, 12.05, 20.68, 37.79, 80.58, 7.68, 22.0, 20.63, 26.53, 11.84, 43.32, 21.47, 6.95, 3.21, 14.58, 20.53, 97.84, 91.74, 38.84, 82.89, 5.11, 14.37, 15.05, 20.58, 12.16, 43.58, 21.84, 7.74, 5.32, 11.95, 18.95, 34.74, 80.47, 7.16, 22.21, 15.11, 20.32, 10.58, 39.79, 19.16, 6.58, 4.95, 14.05, 18.89
51, 2014-02-07, Home, UTA, W, W, -9.5, U, 205, 0, 0, 106.11, 103.79, 39.74, 81.74, 8.26, 22.42, 18.37, 23.42, 9.53, 38.47, 23.32, 7.84, 3.21, 12.16, 20.68, 37.84, 80.05, 7.68, 21.63, 20.42, 26.47, 11.63, 42.58, 21.58, 7.0, 3.32, 14.58, 20.95, 96.68, 99.11, 36.05, 79.89, 7.53, 19.89, 17.05, 22.42, 9.58, 42.26, 20.32, 6.32, 4.21, 12.79, 20.21, 37.47, 82.84, 6.26, 19.68, 17.89, 23.95, 11.21, 43.11, 20.68, 7.32, 4.26, 10.53, 20.37
52, 2014-02-09, Away, BOS, W, W, -4, U, 200, 0, 0, 106.95, 103.95, 40.16, 81.89, 8.47, 22.11, 18.16, 23.37, 9.47, 38.68, 23.63, 7.74, 3.16, 11.84, 21.11, 37.74, 79.42, 8.05, 22.21, 20.42, 26.68, 11.16, 42.11, 21.84, 6.89, 3.21, 14.42, 20.89, 95.74, 101.95, 36.11, 86.47, 6.37, 21.05, 17.16, 22.37, 13.74, 45.53, 22.11, 7.89, 4.68, 13.79, 22.05, 37.63, 82.63, 7.68, 20.11, 19.0, 25.68, 11.68, 44.74, 23.89, 6.79, 4.53, 13.79, 19.42
53, 2014-02-11, Away, CHA, L, L, -4, O, 201, 0, 0, 106.42, 102.47, 39.74, 81.58, 8.37, 21.84, 18.58, 23.68, 9.42, 39.16, 23.21, 7.63, 3.32, 11.74, 20.42, 37.37, 79.95, 8.16, 22.42, 19.58, 25.47, 11.05, 41.95, 22.16, 6.89, 3.16, 14.42, 21.05, 97.68, 102.53, 36.53, 79.47, 6.37, 16.58, 18.26, 24.58, 6.32, 39.37, 22.42, 6.32, 4.53, 11.53, 16.84, 40.11, 86.21, 8.53, 22.79, 13.79, 18.05, 9.95, 45.37, 23.0, 6.58, 4.63, 12.37, 20.95
54, 2014-02-12, Away, IND, W, W, 9, U, 195.5, 0, 1, 106.89, 103.63, 40.0, 81.79, 8.32, 21.21, 18.58, 23.37, 9.42, 39.11, 23.58, 7.58, 3.47, 11.63, 20.32, 37.79, 80.26, 8.53, 23.0, 19.53, 25.42, 10.89, 41.47, 23.32, 6.63, 3.37, 14.11, 20.89, 100.63, 93.21, 37.95, 84.0, 6.16, 18.42, 18.58, 24.05, 11.68, 48.47, 20.05, 6.32, 5.16, 13.79, 20.32, 35.0, 85.58, 6.95, 20.47, 16.26, 22.11, 10.26, 41.84, 18.37, 6.42, 3.74, 13.16, 22.0
55, 2014-02-18, Home, MIA, L, L, 2.5, O, 204.5, 0, 0, 105.37, 102.37, 39.05, 81.47, 8.32, 21.32, 18.95, 23.68, 9.63, 39.47, 23.0, 7.05, 3.84, 11.68, 20.42, 37.42, 80.42, 8.32, 22.63, 19.21, 24.79, 10.84, 41.53, 23.16, 6.58, 3.53, 13.95, 21.21, 103.11, 100.16, 38.53, 76.84, 7.68, 22.32, 18.37, 24.21, 8.58, 37.74, 22.47, 8.26, 3.68, 14.32, 20.74, 37.32, 79.68, 8.21, 22.63, 17.32, 23.32, 11.26, 40.26, 22.26, 8.37, 3.58, 14.63, 20.89
56, 2014-02-21, Away, PHI, W, L, -13.5, O, 211.5, 0, 0, 106.21, 102.63, 38.79, 81.05, 8.42, 21.74, 20.21, 24.95, 10.26, 40.42, 23.0, 6.84, 3.74, 12.16, 20.26, 37.63, 80.47, 8.37, 22.95, 19.0, 24.68, 10.58, 40.11, 23.37, 6.84, 3.63, 13.74, 21.89, 94.74, 109.11, 35.89, 86.79, 5.89, 20.79, 17.05, 24.0, 12.47, 43.53, 20.37, 9.05, 3.26, 17.32, 22.53, 39.74, 84.32, 7.58, 21.37, 22.05, 28.32, 11.79, 47.79, 26.21, 10.11, 7.95, 16.05, 21.11
57, 2014-02-22, Away, DET, W, W, -3, O, 213, 1, 1, 107.11, 103.79, 39.16, 81.0, 8.16, 21.47, 20.63, 25.42, 10.11, 40.89, 23.37, 6.84, 3.74, 12.74, 20.63, 37.95, 81.21, 8.47, 23.89, 19.42, 25.37, 10.53, 39.89, 23.74, 7.32, 3.21, 13.58, 22.11, 104.32, 104.21, 39.89, 87.26, 5.89, 18.79, 18.63, 28.05, 15.0, 46.0, 21.47, 9.05, 5.16, 14.16, 20.42, 39.11, 82.89, 8.42, 22.68, 17.58, 24.89, 11.05, 42.26, 23.47, 8.53, 4.68, 15.47, 20.89
58, 2014-02-24, Away, NYK, W, L, -2.5, O, 206.5, 0, 0, 107.26, 103.53, 39.89, 82.21, 8.0, 21.26, 19.47, 24.21, 10.68, 41.95, 23.95, 6.68, 3.89, 12.74, 20.42, 38.11, 81.47, 8.16, 23.47, 19.16, 25.32, 10.32, 39.42, 23.68, 7.37, 3.42, 13.21, 21.37, 102.16, 102.84, 38.37, 83.58, 9.84, 25.42, 15.58, 21.63, 11.26, 42.26, 20.58, 6.32, 4.95, 12.95, 21.58, 37.05, 79.74, 9.26, 22.58, 19.47, 24.95, 9.11, 40.95, 20.32, 6.37, 3.58, 12.26, 20.63
59, 2014-02-26, Home, NOP, W, W, -6.5, U, 204.5, 0, 0, 107.42, 104.58, 39.95, 82.58, 8.11, 21.74, 19.42, 24.26, 10.79, 41.63, 24.26, 6.63, 3.74, 12.63, 20.58, 38.42, 81.47, 8.53, 23.95, 19.21, 25.32, 10.47, 39.63, 23.95, 7.11, 3.53, 13.42, 21.68, 95.26, 97.47, 35.89, 79.32, 5.68, 14.95, 17.79, 23.21, 10.74, 41.05, 19.53, 7.32, 7.05, 12.79, 23.95, 35.47, 78.32, 6.58, 19.53, 19.95, 27.16, 10.32, 40.63, 21.11, 6.63, 6.37, 12.84, 19.68
60, 2014-02-28, Home, CHI, L, L, -4.5, U, 193.5, 0, 0, 106.42, 102.47, 39.42, 81.63, 8.0, 21.58, 19.58, 24.05, 10.11, 40.95, 23.79, 7.05, 3.84, 12.63, 20.05, 38.11, 80.84, 8.11, 23.21, 18.16, 24.37, 10.42, 39.74, 23.32, 7.0, 3.47, 13.79, 21.53, 94.21, 91.21, 35.0, 80.95, 6.53, 18.53, 17.68, 22.42, 12.16, 45.63, 22.89, 8.05, 5.74, 13.53, 18.74, 34.95, 81.21, 6.89, 19.37, 14.42, 19.32, 10.21, 39.58, 19.53, 7.05, 5.68, 14.47, 20.47
61, 2014-03-02, Away, SAS, L, W, 6.5, O, 208.5, 0, 0, 105.42, 102.11, 38.89, 81.74, 8.11, 21.95, 19.53, 23.95, 10.42, 40.58, 23.53, 7.26, 3.89, 12.47, 20.0, 37.79, 79.68, 8.21, 23.05, 18.32, 24.74, 10.0, 39.68, 23.32, 6.95, 3.53, 14.16, 21.63, 101.95, 100.37, 38.58, 80.53, 7.58, 20.32, 17.21, 21.42, 8.58, 41.16, 23.11, 6.79, 5.47, 15.37, 19.21, 38.79, 85.05, 5.58, 16.74, 17.21, 23.26, 11.26, 42.58, 20.63, 8.42, 5.11, 12.53, 20.26
62, 2014-03-05, Away, DEN, L, L, -5, O, 220.5, 0, 0, 105.16, 101.32, 39.05, 82.11, 8.11, 21.95, 18.95, 23.37, 10.95, 41.26, 24.0, 7.53, 4.0, 12.42, 20.0, 37.42, 79.37, 8.26, 23.11, 18.21, 24.74, 9.84, 39.21, 23.42, 6.89, 3.63, 14.05, 21.32, 101.16, 110.11, 37.05, 86.26, 8.47, 24.11, 18.58, 27.0, 12.47, 44.26, 20.53, 7.05, 5.32, 16.79, 24.32, 39.21, 84.42, 7.11, 20.68, 24.58, 30.79, 10.84, 45.42, 22.68, 9.26, 5.21, 14.37, 22.42
63, 2014-03-07, Home, POR, W, W, -2.5, U, 215, 0, 0, 105.58, 102.26, 39.47, 82.32, 8.37, 21.95, 18.26, 22.37, 10.95, 40.95, 24.11, 7.47, 4.05, 12.79, 20.11, 37.63, 79.26, 8.58, 23.16, 18.42, 24.89, 9.95, 39.05, 23.74, 7.26, 3.89, 14.11, 20.89, 104.16, 100.47, 37.58, 85.79, 8.05, 23.74, 20.95, 25.32, 11.63, 46.11, 21.32, 5.32, 5.26, 13.74, 20.42, 38.42, 87.74, 6.53, 19.47, 17.11, 22.26, 11.0, 42.74, 21.11, 7.42, 3.89, 12.11, 21.68
64, 2014-03-09, Home, IND, W, W, 1.5, O, 198.5, 0, 0, 106.53, 102.53, 39.63, 82.63, 8.21, 21.58, 19.05, 23.42, 11.05, 41.21, 23.84, 7.74, 4.21, 12.16, 20.0, 37.95, 79.63, 8.58, 23.32, 18.05, 24.32, 10.21, 39.53, 23.58, 6.95, 4.16, 14.42, 21.42, 98.79, 96.0, 36.95, 82.84, 6.0, 18.32, 18.89, 24.21, 10.89, 45.84, 19.74, 6.74, 5.47, 14.11, 19.68, 36.63, 84.84, 7.84, 21.21, 14.89, 20.58, 9.95, 41.84, 21.32, 6.68, 4.89, 13.11, 21.74
65, 2014-03-11, Away, GSW, L, L, 5.5, U, 207.5, 0, 0, 106.47, 101.84, 39.74, 82.79, 8.11, 21.58, 18.89, 23.32, 11.05, 41.16, 23.89, 7.95, 4.32, 11.89, 20.11, 37.68, 79.32, 8.42, 22.74, 18.05, 24.37, 10.47, 39.84, 23.05, 6.89, 4.0, 14.68, 21.32, 102.47, 96.42, 38.63, 86.68, 8.21, 23.53, 17.0, 22.0, 11.89, 44.53, 22.89, 8.53, 5.42, 12.84, 20.84, 35.84, 83.11, 6.58, 20.05, 18.16, 23.21, 10.95, 44.26, 19.74, 6.84, 3.63, 15.26, 20.11
66, 2014-03-12, Away, UTA, W, W, -4.5, O, 201, 0, 1, 104.84, 101.95, 39.05, 83.21, 8.0, 21.42, 18.74, 23.47, 11.26, 41.21, 23.63, 8.16, 4.11, 11.89, 19.95, 37.58, 78.74, 8.84, 23.37, 17.95, 23.79, 10.0, 40.11, 23.47, 6.74, 4.32, 15.05, 21.47, 94.32, 99.84, 35.32, 79.0, 7.37, 20.95, 16.32, 22.11, 10.63, 41.53, 19.37, 6.32, 4.37, 13.79, 20.63, 37.63, 81.26, 7.21, 19.68, 17.37, 22.42, 10.53, 40.84, 22.32, 7.47, 4.68, 10.95, 19.42
67, 2014-03-16, Away, OKC, W, W, 7.5, U, 212, 0, 0, 104.47, 101.11, 39.16, 82.84, 8.42, 21.53, 17.74, 22.21, 10.84, 41.11, 23.95, 8.0, 4.0, 11.84, 19.63, 37.53, 79.32, 8.63, 23.63, 17.42, 23.0, 10.05, 40.0, 23.42, 6.63, 4.37, 14.74, 20.89, 107.84, 102.26, 39.63, 82.11, 9.32, 24.89, 19.26, 23.79, 10.68, 43.84, 22.42, 8.84, 6.0, 15.58, 22.53, 37.16, 81.37, 8.84, 23.42, 19.11, 25.21, 9.05, 37.74, 22.95, 8.63, 3.16, 14.68, 19.37
68, 2014-03-17, Home, BOS, W, L, -11.5, U, 203.5, 1, 1, 104.58, 100.21, 39.26, 82.58, 9.0, 21.79, 17.05, 21.37, 10.63, 41.37, 24.21, 7.95, 4.11, 12.58, 19.58, 37.05, 79.53, 8.74, 24.05, 17.37, 23.21, 10.05, 39.68, 23.26, 6.68, 4.26, 14.74, 20.63, 97.89, 101.11, 37.16, 87.05, 6.84, 21.05, 16.74, 21.42, 13.53, 43.95, 22.74, 7.05, 3.95, 13.79, 20.95, 38.32, 82.05, 6.37, 19.21, 18.11, 22.53, 10.11, 42.32, 20.79, 7.16, 5.21, 13.74, 19.89
69, 2014-03-19, Home, MIN, L, L, -5, O, 210, 0, 0, 103.0, 99.26, 38.68, 82.47, 8.84, 21.84, 16.79, 21.11, 10.42, 40.89, 23.68, 8.11, 4.05, 12.58, 19.26, 36.89, 80.21, 8.79, 23.95, 16.68, 22.21, 10.63, 41.05, 23.21, 6.63, 4.11, 15.11, 20.37, 106.89, 105.47, 38.05, 85.26, 6.68, 20.05, 24.11, 31.53, 11.89, 43.32, 22.95, 8.16, 3.89, 12.53, 20.42, 39.89, 85.42, 8.26, 21.89, 17.42, 23.11, 11.53, 45.32, 22.37, 7.32, 5.68, 15.47, 25.89
70, 2014-03-21, Home, DEN, W, W, -8, O, 218, 0, 0, 103.63, 100.68, 38.95, 83.37, 8.89, 22.32, 16.84, 21.11, 10.37, 41.74, 23.79, 8.21, 4.11, 12.74, 19.53, 37.26, 81.42, 9.0, 24.63, 17.16, 22.68, 10.63, 41.79, 23.26, 6.68, 4.0, 14.89, 20.11, 103.95, 109.84, 38.16, 87.74, 8.37, 24.0, 19.26, 27.53, 12.84, 45.89, 22.37, 7.63, 5.16, 16.05, 23.89, 39.47, 85.21, 8.21, 22.89, 22.68, 28.05, 10.37, 44.0, 22.32, 9.0, 6.0, 14.42, 22.47
71, 2014-03-23, Home, BRK, L, L, -4.5, O, 203, 0, 0, 104.63, 102.0, 39.47, 83.79, 9.0, 22.53, 16.68, 20.84, 10.58, 41.74, 24.0, 8.26, 4.26, 13.11, 19.42, 37.74, 81.68, 9.05, 24.37, 17.47, 23.05, 10.84, 41.68, 23.37, 6.74, 4.0, 14.95, 20.05, 98.74, 95.05, 36.0, 75.84, 8.95, 24.05, 17.79, 24.53, 7.16, 35.53, 20.53, 10.16, 3.37, 13.37, 20.89, 35.32, 78.05, 7.16, 21.53, 17.26, 23.21, 12.0, 43.79, 19.58, 7.21, 4.05, 16.63, 20.26
72, 2014-03-25, Home, OKC, W, W, 2.5, O, 208.5, 1, 0, 104.74, 102.84, 39.37, 84.26, 9.0, 22.95, 17.0, 21.42, 11.0, 41.95, 24.0, 8.05, 4.53, 13.32, 20.11, 37.79, 81.26, 9.05, 24.53, 18.21, 24.0, 11.0, 41.89, 22.84, 6.89, 3.95, 15.11, 20.58, 108.68, 104.53, 38.68, 83.58, 10.16, 26.58, 21.16, 26.11, 10.11, 44.11, 22.21, 8.74, 5.89, 14.95, 24.47, 36.84, 82.63, 9.53, 24.58, 21.32, 28.47, 9.74, 40.47, 23.42, 8.68, 3.11, 14.95, 20.32
73, 2014-03-27, Home, LAC, L, L, -1, O, 211, 1, 0, 106.79, 103.11, 39.79, 84.68, 9.53, 24.21, 17.68, 22.26, 11.26, 42.74, 24.37, 8.53, 4.53, 13.95, 20.47, 37.84, 81.84, 9.05, 25.0, 18.37, 24.21, 11.21, 41.89, 22.05, 7.21, 3.68, 15.79, 21.37, 110.05, 99.11, 41.16, 84.0, 8.68, 23.11, 19.05, 26.0, 10.37, 42.84, 26.42, 9.63, 5.68, 13.26, 21.05, 37.21, 86.16, 7.53, 22.26, 17.16, 22.63, 12.37, 42.21, 23.26, 7.26, 3.68, 15.37, 22.05
74, 2014-03-29, Home, SAC, W, L, -11.5, U, 205.5, 1, 0, 107.95, 105.0, 40.16, 84.42, 9.79, 24.26, 17.84, 22.58, 11.32, 42.53, 24.37, 8.79, 4.21, 14.16, 20.58, 38.42, 81.74, 9.26, 25.11, 18.89, 24.79, 11.37, 41.58, 22.26, 7.47, 3.53, 15.95, 21.47, 100.47, 103.37, 36.26, 80.74, 5.16, 16.32, 22.79, 30.95, 12.58, 46.11, 17.47, 6.89, 3.89, 16.26, 22.74, 36.95, 81.0, 8.63, 22.26, 20.84, 27.42, 8.21, 38.37, 23.58, 7.74, 5.21, 12.63, 25.58
75, 2014-04-01, Home, GSW, L, L, -5, O, 205.5, 0, 0, 107.79, 104.11, 40.16, 83.63, 9.68, 24.05, 17.79, 22.74, 10.53, 41.74, 24.79, 8.79, 4.53, 13.95, 20.68, 38.32, 81.95, 8.89, 24.26, 18.58, 24.53, 11.74, 42.58, 21.63, 7.42, 3.37, 16.26, 21.79, 102.16, 98.42, 38.26, 84.05, 8.84, 24.79, 16.79, 21.47, 10.53, 44.0, 23.26, 6.89, 5.37, 13.37, 21.53, 36.47, 84.47, 6.79, 20.95, 18.68, 23.84, 10.47, 42.95, 21.16, 6.68, 4.21, 13.11, 19.63
76, 2014-04-03, Away, LAC, W, W, 4, O, 211, 1, 0, 107.58, 104.63, 40.11, 84.63, 9.95, 24.42, 17.42, 22.26, 10.89, 41.47, 24.16, 8.68, 4.42, 13.16, 20.05, 38.84, 81.79, 9.42, 24.58, 17.53, 23.16, 11.53, 43.11, 22.21, 6.95, 3.53, 16.11, 21.53, 110.53, 99.74, 40.79, 84.16, 9.74, 25.21, 19.21, 25.68, 10.89, 42.42, 25.89, 9.42, 5.68, 13.53, 22.11, 36.68, 84.74, 7.79, 22.53, 18.58, 24.53, 12.58, 42.53, 22.58, 7.16, 3.47, 15.68, 21.74
77, 2014-04-04, Away, LAL, W, W, -8, U, 223.5, 0, 1, 107.58, 104.89, 39.95, 84.21, 10.26, 24.74, 17.42, 22.16, 10.47, 41.26, 23.79, 8.47, 4.58, 13.0, 20.16, 38.79, 82.26, 9.63, 25.42, 17.68, 23.11, 11.68, 43.21, 22.47, 6.95, 3.42, 15.89, 21.58, 108.79, 117.63, 40.74, 88.32, 10.11, 24.21, 17.21, 22.68, 8.95, 38.74, 26.63, 9.05, 5.79, 14.58, 20.37, 44.84, 89.89, 8.74, 22.42, 19.21, 25.42, 12.63, 49.16, 26.79, 9.11, 5.05, 15.05, 20.32
78, 2014-04-06, Away, SAC, W, L, -7, U, 200.5, 0, 0, 107.42, 104.21, 40.11, 84.53, 9.74, 23.95, 17.47, 22.11, 10.68, 42.21, 23.84, 8.63, 4.63, 13.32, 20.05, 38.53, 82.63, 9.26, 25.16, 17.89, 23.53, 11.63, 43.05, 22.63, 7.32, 3.53, 15.68, 21.05, 98.84, 102.37, 36.42, 81.0, 4.68, 15.74, 21.32, 29.84, 12.95, 46.95, 17.42, 6.58, 3.58, 15.68, 22.0, 37.05, 80.95, 8.58, 22.32, 19.68, 25.84, 8.21, 39.0, 24.11, 7.32, 5.68, 12.0, 25.11
79, 2014-04-08, Away, UTA, W, W, -7.5, U, 200.5, 0, 0, 106.63, 104.32, 39.84, 85.05, 9.89, 24.42, 17.05, 21.95, 11.32, 42.79, 23.58, 8.21, 4.68, 13.37, 20.16, 38.53, 82.89, 9.05, 25.05, 18.21, 23.58, 11.42, 43.05, 22.58, 7.42, 3.53, 15.37, 21.21, 93.42, 105.21, 35.05, 79.26, 6.63, 19.79, 16.68, 22.63, 10.74, 39.21, 20.21, 7.0, 3.53, 14.26, 20.32, 39.74, 78.32, 8.79, 19.84, 16.95, 21.53, 8.26, 40.53, 24.58, 7.58, 5.26, 12.58, 21.16
80, 2014-04-10, Home, SAS, L, L, -1.5, O, 201, 0, 0, 106.84, 103.42, 40.16, 84.37, 9.79, 24.0, 16.74, 21.63, 10.95, 42.74, 23.95, 7.74, 4.68, 13.16, 19.74, 38.53, 83.74, 8.79, 25.32, 17.58, 22.79, 12.16, 43.11, 22.42, 7.47, 3.58, 14.79, 21.0, 109.79, 94.95, 42.05, 85.37, 9.58, 22.79, 16.11, 20.74, 9.89, 45.42, 27.21, 7.79, 5.84, 13.58, 18.63, 35.79, 83.84, 6.05, 18.16, 17.32, 22.58, 9.95, 41.47, 20.0, 7.68, 4.53, 13.53, 19.42
81, 2014-04-12, Home, PHO, W, L, -4.5, U, 210, 1, 0, 106.53, 103.26, 39.84, 83.63, 9.68, 23.68, 17.16, 22.0, 10.63, 42.68, 23.53, 7.47, 4.68, 13.32, 19.42, 38.47, 83.95, 9.11, 25.68, 17.21, 22.47, 12.37, 43.21, 22.11, 7.68, 3.32, 14.74, 21.42, 106.68, 103.89, 38.79, 81.53, 9.79, 25.79, 19.32, 25.42, 10.68, 43.05, 19.0, 7.74, 3.58, 15.26, 22.0, 38.37, 83.53, 7.79, 22.0, 19.37, 25.26, 10.05, 40.26, 21.63, 8.37, 3.58, 13.95, 22.21
82, 2014-04-16, Away, MEM, L, W, 3, O, 190.5, 0, 0, 106.05, 102.37, 39.47, 83.21, 9.79, 23.89, 17.32, 22.32, 10.68, 43.16, 23.37, 7.74, 4.74, 13.53, 18.95, 38.42, 83.89, 8.95, 25.32, 16.58, 21.79, 12.16, 43.11, 21.42, 7.89, 3.21, 14.95, 21.53, 96.84, 93.21, 38.84, 81.58, 4.47, 13.11, 14.68, 20.32, 11.74, 42.32, 22.16, 7.79, 4.32, 13.47, 18.26, 35.68, 78.68, 7.16, 20.0, 14.68, 19.0, 9.58, 38.11, 20.58, 8.42, 3.95, 14.05, 18.95
