6, 2013-11-07, Away, HOU, W, W, 13.5, U, 217, 0, 100.8, 109.0, 36.8, 88.2, 10.2, 26.0, 17.0, 23.4, 10.0, 45.0, 22.4, 6.2, 5.6, 14.8, 20.0, 42.8, 89.4, 10.0, 23.6, 13.4, 20.0, 9.8, 48.0, 28.2, 9.0, 3.8, 13.2, 19.4
7, 2013-11-08, Away, NOP, L, L, 9, U, 203.5, 1, 97.4, 108.0, 35.6, 88.0, 10.6, 27.2, 15.6, 20.8, 9.0, 44.0, 23.0, 6.2, 5.6, 15.8, 22.6, 40.4, 88.2, 9.8, 24.8, 17.4, 25.8, 9.4, 48.8, 26.2, 9.2, 4.4, 13.4, 18.6
8, 2013-11-10, Home, MIN, L, L, 4, U, 209.5, 0, 95.6, 102.2, 34.8, 86.2, 10.2, 27.4, 15.8, 21.8, 9.6, 45.8, 23.0, 5.6, 5.6, 15.4, 21.8, 38.8, 88.4, 7.4, 21.2, 17.2, 25.6, 10.2, 49.2, 24.4, 9.6, 4.2, 12.0, 18.6
9, 2013-11-12, Home, NOP, W, W, 3.5, O, 199.5, 0, 96.6, 106.6, 35.8, 88.2, 10.6, 27.2, 14.4, 20.6, 11.2, 45.8, 23.4, 6.4, 5.8, 16.6, 21.2, 40.0, 87.6, 8.4, 21.0, 18.2, 26.6, 10.2, 49.8, 26.2, 11.0, 5.2, 13.8, 18.0
10, 2013-11-13, Away, DEN, L, L, 9.5, O, 208, 1, 98.8, 105.0, 37.0, 86.2, 11.0, 26.2, 13.8, 20.0, 11.8, 45.8, 24.6, 6.8, 5.2, 17.8, 22.6, 38.8, 86.4, 7.2, 18.6, 20.2, 28.0, 10.0, 45.6, 25.6, 11.4, 5.2, 14.2, 17.6
11, 2013-11-15, Home, MEM, L, P, 3, U, 197.5, 0, 97.8, 102.6, 36.6, 87.4, 10.2, 24.2, 14.4, 21.2, 13.8, 49.0, 24.4, 5.8, 6.2, 17.8, 25.6, 37.0, 87.6, 5.8, 17.4, 22.8, 32.6, 12.6, 47.2, 23.4, 11.6, 6.2, 13.4, 18.8
12, 2013-11-17, Home, DET, W, W, 2.5, O, 205.5, 0, 95.2, 100.8, 36.4, 85.0, 9.0, 22.0, 13.4, 20.4, 12.0, 47.6, 24.2, 5.4, 6.6, 15.2, 21.8, 38.6, 89.2, 4.6, 14.6, 19.0, 25.0, 13.0, 48.6, 25.4, 10.6, 5.8, 11.8, 18.0
13, 2013-11-22, Home, GSW, W, W, 5, U, 203, 0, 101.0, 101.4, 39.6, 87.0, 9.8, 23.2, 12.0, 17.2, 11.2, 45.6, 27.0, 7.2, 6.8, 15.0, 22.2, 39.4, 89.2, 5.6, 17.4, 17.0, 24.0, 13.2, 46.4, 25.2, 10.0, 4.8, 13.0, 15.6
14, 2013-11-24, Home, SAC, W, W, -4.5, U, 204.5, 0, 103.4, 97.8, 40.4, 85.0, 10.0, 22.8, 12.6, 17.0, 9.4, 43.6, 26.4, 7.6, 6.0, 14.2, 23.4, 37.4, 87.6, 5.4, 17.8, 17.6, 25.8, 14.0, 45.8, 24.0, 8.8, 4.2, 12.4, 16.6
15, 2013-11-26, Away, WAS, L, W, 5.5, O, 198.5, 0, 100.2, 96.0, 39.6, 86.6, 9.4, 24.0, 11.6, 15.8, 9.4, 41.8, 23.8, 7.8, 7.0, 12.4, 20.6, 37.6, 87.6, 6.4, 20.6, 14.4, 22.2, 13.6, 48.0, 24.2, 7.8, 4.2, 12.4, 16.0
16, 2013-11-27, Away, BRK, W, W, 2.5, U, 199.5, 1, 102.6, 97.0, 41.0, 84.4, 10.4, 25.4, 10.2, 13.2, 7.4, 38.4, 25.8, 7.8, 6.2, 12.8, 19.0, 38.8, 85.0, 6.4, 20.6, 13.0, 19.2, 11.0, 44.8, 24.6, 8.6, 3.0, 12.8, 14.8
17, 2013-11-29, Away, DET, W, W, 5.5, O, 202, 0, 105.2, 98.0, 40.8, 85.4, 11.0, 26.6, 12.6, 15.4, 8.8, 40.0, 25.0, 7.6, 6.0, 12.6, 20.4, 37.6, 84.6, 8.4, 24.0, 14.4, 21.6, 11.2, 43.4, 23.4, 8.4, 4.0, 13.4, 16.8
18, 2013-12-01, Home, POR, L, L, 3.5, O, 206, 0, 103.6, 98.6, 38.6, 83.4, 11.8, 27.8, 14.6, 19.4, 9.4, 41.2, 23.2, 7.6, 6.6, 13.4, 20.6, 38.0, 87.2, 7.0, 21.0, 15.6, 23.2, 13.2, 46.6, 23.6, 9.0, 4.0, 13.2, 19.2
19, 2013-12-06, Away, SAC, W, W, 4, O, 202.5, 0, 104.8, 102.4, 38.8, 84.4, 11.6, 28.6, 15.6, 20.6, 9.8, 42.2, 24.0, 7.2, 7.2, 12.4, 20.4, 38.8, 88.2, 7.0, 21.2, 17.8, 24.4, 13.0, 47.0, 24.6, 8.6, 3.8, 12.0, 19.0
20, 2013-12-08, Home, TOR, L, L, -6, U, 203, 0, 106.0, 105.2, 39.0, 84.2, 12.4, 29.8, 15.6, 21.2, 10.0, 40.6, 24.8, 7.6, 6.8, 12.8, 21.0, 39.2, 88.6, 7.4, 20.8, 19.4, 25.8, 15.2, 48.8, 24.8, 9.4, 4.0, 12.4, 19.4
21, 2013-12-10, Home, PHO, L, L, -3, O, 206.5, 0, 102.6, 103.2, 37.0, 83.4, 11.6, 29.8, 17.0, 22.6, 9.8, 41.8, 23.2, 8.2, 6.4, 13.4, 21.8, 38.0, 87.6, 7.0, 21.8, 20.2, 26.4, 14.4, 48.0, 23.6, 8.6, 4.4, 12.6, 20.2
22, 2013-12-13, Away, OKC, L, L, 12.5, O, 211, 0, 104.4, 107.2, 38.0, 82.4, 10.0, 27.6, 18.4, 24.6, 9.0, 38.8, 23.4, 8.6, 5.6, 13.6, 21.0, 40.6, 88.0, 6.2, 20.4, 19.8, 25.4, 14.2, 47.8, 24.2, 8.6, 3.0, 12.8, 20.0
23, 2013-12-14, Away, CHA, W, W, 3, U, 198.5, 1, 102.6, 111.2, 38.0, 83.8, 8.6, 26.4, 18.0, 24.8, 9.8, 38.2, 23.8, 7.8, 4.8, 14.0, 20.2, 41.2, 87.8, 7.6, 23.8, 21.2, 25.0, 13.8, 48.6, 26.0, 9.4, 4.0, 13.0, 20.6
24, 2013-12-16, Away, ATL, L, L, 6, O, 205, 0, 98.6, 105.4, 36.0, 81.8, 8.0, 24.8, 18.6, 24.8, 9.6, 38.0, 22.6, 7.0, 5.0, 15.2, 18.2, 41.4, 88.2, 6.2, 21.8, 16.4, 19.8, 13.2, 47.4, 24.8, 10.2, 5.6, 13.2, 20.0
25, 2013-12-17, Away, MEM, W, W, 2.5, U, 193.5, 1, 97.4, 108.2, 35.6, 81.0, 6.6, 22.6, 19.6, 25.4, 10.0, 39.4, 21.4, 6.2, 4.4, 15.6, 17.4, 43.0, 89.4, 6.4, 22.8, 15.8, 18.4, 12.6, 46.0, 26.6, 10.2, 6.0, 12.2, 19.8
26, 2013-12-20, Home, MIN, W, W, 6, U, 210.5, 0, 97.8, 105.4, 36.2, 80.2, 6.2, 21.4, 19.2, 25.2, 9.2, 38.8, 20.2, 6.4, 5.8, 14.6, 16.4, 42.4, 91.2, 6.6, 20.8, 14.0, 16.8, 15.0, 48.2, 26.8, 10.0, 5.6, 12.8, 19.8
27, 2013-12-21, Away, GSW, L, L, 13.5, U, 207, 1, 97.0, 100.8, 36.8, 79.8, 6.6, 21.4, 16.8, 21.8, 9.2, 40.8, 21.2, 6.4, 7.0, 16.2, 16.2, 40.2, 93.2, 6.2, 20.6, 14.2, 17.6, 17.4, 49.4, 26.2, 10.8, 5.4, 13.4, 18.6
28, 2013-12-23, Away, PHO, L, L, 7.5, U, 210.5, 0, 94.2, 96.8, 34.8, 78.4, 6.0, 20.4, 18.6, 22.2, 8.6, 42.6, 18.2, 6.6, 7.2, 17.2, 16.4, 38.4, 93.0, 7.0, 21.8, 13.0, 16.8, 16.6, 48.6, 23.2, 10.8, 4.8, 13.8, 18.4
29, 2013-12-25, Home, MIA, L, W, 9.5, U, 206.5, 0, 94.6, 103.2, 34.8, 79.2, 5.8, 20.4, 19.2, 25.0, 8.6, 42.4, 16.8, 6.8, 6.2, 16.4, 18.0, 39.0, 93.2, 9.4, 25.6, 15.8, 20.2, 16.8, 51.8, 23.6, 9.8, 4.4, 14.2, 19.6
30, 2013-12-27, Away, UTA, L, W, 3.5, O, 198.5, 0, 93.6, 100.6, 33.6, 78.6, 7.6, 23.4, 18.8, 26.0, 8.6, 43.2, 16.2, 7.2, 6.2, 17.0, 18.6, 38.2, 90.8, 9.0, 25.6, 15.2, 20.6, 15.2, 51.6, 22.6, 9.6, 3.6, 14.6, 20.0
31, 2013-12-29, Home, PHI, L, L, -7, U, 218.5, 0, 95.0, 103.2, 34.2, 79.6, 7.6, 23.6, 19.0, 26.8, 9.4, 43.2, 16.2, 7.2, 5.0, 17.0, 18.8, 38.8, 90.2, 9.8, 27.0, 15.8, 21.2, 13.8, 50.4, 23.6, 9.4, 3.8, 14.8, 20.0
32, 2013-12-31, Home, MIL, L, L, -6, U, 202.5, 0, 95.0, 107.2, 32.0, 80.8, 8.6, 27.2, 22.4, 30.6, 11.6, 45.6, 14.8, 6.6, 4.8, 17.2, 19.0, 40.0, 90.2, 10.0, 27.4, 17.2, 22.8, 12.8, 50.4, 24.2, 10.0, 4.6, 13.6, 21.6
33, 2014-01-03, Home, UTA, W, W, -3.5, O, 195.5, 0, 94.2, 105.6, 32.6, 81.0, 9.2, 28.0, 19.8, 27.6, 11.0, 43.4, 16.2, 5.4, 5.8, 15.0, 19.4, 40.4, 88.8, 8.8, 25.8, 16.0, 21.8, 12.8, 49.6, 23.8, 9.2, 4.4, 11.8, 20.0
34, 2014-01-05, Home, DEN, L, L, 2, O, 204.5, 0, 98.2, 102.0, 35.0, 81.0, 10.0, 28.8, 18.2, 24.4, 11.4, 44.8, 20.4, 5.2, 6.4, 14.8, 20.6, 39.6, 88.0, 7.6, 24.6, 15.2, 21.4, 12.6, 45.4, 24.6, 9.2, 3.6, 10.8, 19.6
35, 2014-01-07, Away, DAL, L, L, 10, U, 209, 0, 102.2, 109.2, 36.8, 83.0, 7.8, 25.8, 20.8, 26.4, 10.8, 43.0, 22.6, 5.2, 6.6, 14.4, 20.4, 42.0, 91.8, 8.2, 25.0, 17.0, 22.8, 14.6, 48.4, 25.2, 9.8, 4.8, 11.4, 20.6
36, 2014-01-08, Away, HOU, L, L, 13.5, O, 211.5, 1, 101.0, 110.2, 35.6, 83.2, 8.6, 27.4, 21.2, 27.0, 11.4, 44.8, 23.6, 4.8, 6.4, 15.4, 19.8, 43.6, 92.2, 7.4, 23.8, 15.6, 21.8, 13.6, 47.8, 26.6, 11.4, 4.8, 10.8, 20.4
37, 2014-01-10, Away, LAC, L, L, 10, U, 210.5, 0, 100.0, 110.6, 36.6, 84.0, 7.6, 24.8, 19.2, 25.2, 10.6, 43.2, 23.6, 5.4, 6.2, 15.0, 22.2, 43.6, 90.4, 7.6, 24.6, 15.8, 25.2, 13.4, 48.4, 25.4, 11.2, 4.2, 10.6, 19.4
38, 2014-01-14, Home, CLE, L, W, 4, O, 205, 0, 101.6, 116.4, 36.6, 84.6, 7.0, 23.2, 21.4, 27.2, 11.0, 44.8, 23.6, 5.4, 4.4, 16.6, 23.4, 44.6, 90.6, 7.8, 24.6, 19.4, 29.4, 12.8, 49.4, 26.8, 12.4, 6.0, 10.8, 20.8
39, 2014-01-15, Away, PHO, L, W, 10.5, O, 214, 1, 103.2, 120.6, 37.0, 85.2, 7.6, 25.2, 21.6, 27.6, 10.2, 42.6, 24.0, 5.4, 4.4, 17.0, 22.6, 45.2, 91.0, 8.8, 22.8, 21.4, 31.2, 13.6, 50.8, 26.6, 13.0, 5.8, 10.4, 21.2
40, 2014-01-17, Away, BOS, W, W, 7, O, 205, 0, 103.0, 117.4, 37.2, 85.6, 8.2, 25.0, 20.4, 25.2, 10.0, 43.6, 24.0, 4.8, 4.8, 17.4, 23.4, 44.4, 91.2, 7.2, 20.8, 21.4, 31.4, 13.4, 49.8, 24.8, 13.0, 5.4, 10.8, 20.4
41, 2014-01-19, Away, TOR, W, W, 9, O, 204, 0, 105.0, 116.2, 37.8, 84.2, 8.4, 22.8, 21.0, 25.6, 9.4, 43.6, 25.2, 4.2, 5.0, 17.4, 22.8, 43.6, 93.0, 7.6, 22.0, 21.4, 30.6, 14.8, 50.2, 25.2, 12.0, 6.0, 9.8, 20.8
42, 2014-01-20, Away, CHI, L, W, 8.5, O, 198, 1, 107.6, 114.8, 38.0, 82.6, 9.4, 22.4, 22.2, 26.2, 7.8, 40.4, 25.2, 4.0, 4.0, 15.6, 19.0, 44.6, 93.8, 8.0, 22.4, 17.6, 22.8, 14.2, 49.2, 27.6, 10.8, 6.2, 10.6, 21.2
43, 2014-01-23, Away, MIA, L, W, 11.5, O, 209, 0, 110.2, 110.6, 39.2, 82.4, 10.2, 24.2, 21.6, 25.8, 7.4, 40.4, 26.0, 5.8, 5.6, 15.6, 17.8, 43.4, 95.8, 8.0, 22.0, 15.8, 20.6, 15.4, 49.0, 28.0, 10.2, 4.6, 12.0, 20.2
44, 2014-01-24, Away, ORL, L, L, 2.5, O, 210.5, 1, 107.0, 108.4, 38.4, 83.2, 9.4, 22.4, 20.8, 25.4, 8.8, 40.4, 23.2, 7.4, 4.6, 15.4, 17.0, 44.2, 93.8, 7.0, 22.6, 13.0, 18.8, 14.6, 49.0, 27.6, 10.0, 5.0, 14.0, 20.4
45, 2014-01-26, Away, NYK, L, L, 5.5, O, 209.5, 0, 105.2, 107.0, 38.0, 83.0, 10.6, 22.8, 18.6, 24.0, 8.6, 39.8, 23.6, 7.6, 4.2, 14.2, 16.6, 42.2, 90.0, 8.0, 22.2, 14.6, 20.6, 13.0, 48.6, 27.8, 9.6, 4.4, 13.6, 20.2
46, 2014-01-28, Home, IND, L, L, 10.5, U, 205, 0, 104.4, 108.2, 38.4, 83.2, 10.4, 23.4, 17.2, 22.0, 8.0, 37.6, 21.4, 8.2, 4.0, 12.6, 18.0, 42.0, 88.2, 8.8, 22.8, 15.4, 22.0, 13.6, 49.2, 25.2, 8.0, 4.4, 14.4, 20.2
47, 2014-01-31, Home, CHA, L, L, -3, O, 205.5, 0, 100.4, 107.8, 38.4, 86.0, 9.0, 23.8, 14.6, 19.6, 8.2, 41.4, 22.2, 7.6, 4.4, 12.6, 19.0, 41.6, 90.0, 8.0, 21.0, 16.6, 25.2, 14.4, 52.4, 23.8, 8.2, 4.0, 12.6, 19.2
48, 2014-02-04, Away, MIN, L, W, 10.5, U, 217, 0, 100.4, 109.4, 38.6, 88.0, 8.6, 24.0, 14.6, 19.8, 8.2, 40.2, 22.4, 6.4, 3.2, 10.0, 19.6, 43.0, 87.2, 7.0, 19.0, 16.4, 24.8, 12.0, 51.2, 24.2, 7.0, 3.4, 11.4, 19.6
49, 2014-02-05, Away, CLE, W, W, 7, O, 207.5, 1, 99.8, 109.4, 37.2, 86.2, 8.8, 23.2, 16.6, 20.8, 7.0, 40.8, 23.2, 5.6, 3.8, 11.0, 21.2, 41.4, 88.2, 7.0, 18.4, 19.6, 27.8, 11.8, 52.2, 24.8, 7.2, 3.6, 10.4, 18.8
50, 2014-02-07, Away, PHI, W, W, 4, U, 220, 0, 102.6, 108.2, 37.4, 84.0, 10.0, 26.2, 17.8, 21.8, 6.8, 40.8, 24.6, 5.8, 3.4, 11.4, 22.2, 41.2, 92.2, 6.2, 21.6, 19.6, 28.4, 15.6, 53.4, 24.8, 7.2, 3.2, 9.6, 19.2
51, 2014-02-09, Home, CHI, L, L, 3, U, 193, 0, 104.4, 105.8, 38.6, 86.8, 9.4, 25.2, 17.8, 22.2, 7.2, 41.8, 28.2, 7.4, 4.6, 12.0, 21.2, 40.0, 91.6, 7.0, 22.8, 18.8, 28.2, 14.8, 54.4, 25.2, 8.0, 2.4, 11.8, 19.0
52, 2014-02-11, Home, UTA, L, L, -2, U, 200.5, 0, 103.2, 103.4, 38.4, 84.4, 9.6, 24.2, 16.8, 21.2, 7.2, 40.4, 28.6, 8.2, 4.8, 13.8, 20.6, 38.4, 87.8, 7.4, 23.0, 19.2, 26.2, 13.0, 50.4, 24.8, 9.2, 3.2, 13.8, 19.0
53, 2014-02-13, Home, OKC, L, W, 10.5, O, 205.5, 0, 99.0, 100.6, 37.8, 82.8, 9.2, 22.2, 14.2, 18.4, 7.4, 40.2, 28.2, 8.4, 5.6, 14.4, 19.0, 36.6, 87.2, 8.2, 24.2, 19.2, 26.8, 14.6, 51.6, 23.8, 9.8, 4.0, 14.2, 17.8
54, 2014-02-19, Home, HOU, L, L, 8.5, O, 215, 0, 99.8, 100.2, 39.2, 83.6, 9.2, 23.6, 12.2, 17.6, 7.4, 41.0, 29.0, 8.0, 5.6, 15.6, 17.6, 37.0, 88.2, 8.2, 26.4, 18.0, 24.0, 14.2, 49.8, 22.8, 11.0, 4.6, 14.4, 18.6
55, 2014-02-21, Home, BOS, W, W, -1, U, 207.5, 0, 97.6, 105.4, 39.0, 84.6, 8.4, 21.6, 11.2, 16.2, 6.8, 39.4, 27.8, 8.6, 6.0, 16.8, 16.4, 39.8, 88.8, 10.8, 26.8, 15.0, 21.6, 12.6, 49.6, 23.6, 12.0, 5.6, 15.0, 17.2
56, 2014-02-23, Home, BRK, L, L, 3, O, 208, 0, 95.4, 104.2, 38.0, 83.4, 8.2, 22.4, 11.2, 16.0, 7.2, 40.6, 25.6, 7.2, 5.6, 17.6, 17.2, 40.0, 90.8, 8.6, 24.8, 15.6, 21.6, 13.4, 49.0, 23.6, 12.6, 5.4, 13.4, 17.4
57, 2014-02-25, Away, IND, L, L, 13.5, O, 206, 0, 98.6, 107.4, 38.6, 82.2, 8.4, 22.0, 13.0, 19.0, 7.8, 39.4, 23.8, 8.0, 5.6, 17.4, 19.0, 40.4, 90.0, 9.6, 25.4, 17.0, 24.6, 14.2, 48.6, 25.0, 12.6, 4.6, 14.2, 18.2
58, 2014-02-26, Away, MEM, L, W, 11.5, O, 198.5, 1, 102.4, 111.8, 39.8, 83.2, 9.2, 23.4, 13.6, 20.4, 7.8, 39.8, 24.0, 9.0, 6.6, 18.4, 20.6, 42.4, 93.2, 9.4, 25.2, 17.6, 24.6, 15.4, 50.0, 25.4, 12.8, 5.4, 15.4, 19.6
59, 2014-02-28, Home, SAC, W, W, -2.5, O, 217, 0, 102.4, 112.0, 39.4, 82.0, 10.2, 23.4, 13.4, 19.6, 7.4, 38.2, 23.0, 8.8, 7.8, 17.0, 20.0, 43.6, 94.0, 8.6, 22.2, 16.2, 24.0, 16.2, 50.2, 26.4, 11.6, 4.8, 15.0, 18.6
60, 2014-03-03, Away, POR, W, W, 12, U, 222.5, 0, 106.0, 109.6, 40.8, 81.2, 11.2, 23.4, 13.2, 19.8, 7.2, 38.0, 24.2, 7.8, 9.0, 16.6, 21.2, 42.6, 91.8, 6.0, 18.2, 18.4, 25.4, 15.4, 47.8, 26.6, 10.8, 4.2, 14.4, 18.8
61, 2014-03-04, Home, NOP, L, L, -3, O, 212, 1, 107.2, 112.4, 41.4, 83.4, 11.4, 22.6, 13.0, 19.0, 7.8, 37.6, 25.4, 8.8, 8.6, 16.2, 21.2, 43.6, 91.6, 7.0, 19.6, 18.2, 25.8, 16.2, 49.0, 26.4, 10.2, 5.0, 15.6, 17.6
62, 2014-03-06, Home, LAC, L, L, 11, O, 224, 0, 111.8, 117.2, 42.8, 85.2, 12.0, 23.6, 14.2, 20.0, 8.0, 36.2, 27.8, 8.4, 8.6, 15.6, 21.6, 45.6, 91.8, 6.0, 18.0, 20.0, 27.4, 15.6, 48.6, 26.6, 9.4, 5.0, 15.0, 18.2
63, 2014-03-07, Away, DEN, L, W, 10, O, 230, 1, 111.0, 122.0, 41.8, 84.4, 12.0, 25.0, 15.4, 21.2, 6.8, 34.4, 28.6, 8.0, 6.6, 16.8, 20.2, 47.6, 92.2, 7.4, 20.0, 19.4, 26.8, 14.6, 49.0, 28.4, 10.4, 4.0, 15.0, 18.2
64, 2014-03-09, Home, OKC, W, W, 12, U, 228.5, 0, 115.6, 127.2, 43.2, 88.4, 11.4, 24.8, 17.8, 23.6, 8.2, 37.0, 29.8, 8.6, 5.8, 16.6, 21.4, 49.4, 93.6, 9.4, 22.2, 19.0, 26.8, 13.4, 48.6, 30.0, 10.4, 3.8, 15.0, 19.4
65, 2014-03-13, Away, OKC, L, L, 16.5, O, 226.5, 0, 113.2, 124.8, 41.2, 88.6, 10.2, 25.6, 20.6, 26.4, 8.0, 38.0, 29.0, 9.0, 4.8, 16.2, 19.6, 48.4, 95.0, 10.8, 26.2, 17.2, 24.6, 14.2, 51.6, 29.4, 10.4, 3.6, 16.0, 22.2
66, 2014-03-14, Away, SAS, L, L, 17.5, U, 226, 1, 112.2, 129.8, 40.0, 88.6, 11.2, 27.4, 21.0, 28.4, 8.0, 36.6, 27.8, 8.0, 4.8, 15.8, 19.6, 48.8, 93.6, 11.6, 26.4, 20.6, 26.8, 12.8, 53.0, 29.8, 10.8, 4.8, 15.4, 25.0
67, 2014-03-19, Home, SAS, L, L, 13, O, 220, 0, 104.2, 127.2, 37.0, 89.8, 10.0, 27.2, 20.2, 27.2, 7.4, 38.0, 26.6, 8.0, 5.2, 14.8, 17.4, 49.2, 97.8, 12.8, 28.4, 16.0, 21.4, 14.6, 58.0, 31.2, 10.4, 6.0, 15.4, 24.2
68, 2014-03-21, Home, WAS, L, L, 5, O, 218.5, 0, 107.2, 123.8, 38.0, 90.8, 10.2, 26.4, 21.0, 27.8, 9.0, 40.6, 25.2, 8.2, 6.0, 12.8, 18.0, 47.8, 96.2, 12.8, 28.6, 15.4, 20.2, 13.2, 55.6, 31.2, 9.0, 6.2, 14.4, 24.2
69, 2014-03-23, Home, ORL, W, W, -3.5, U, 217, 0, 103.4, 120.4, 37.6, 89.6, 9.2, 24.8, 19.0, 26.4, 8.8, 40.0, 25.6, 9.0, 5.8, 14.2, 18.2, 45.4, 93.8, 12.0, 28.8, 17.6, 21.8, 13.6, 55.8, 28.2, 9.2, 6.8, 15.8, 23.8
70, 2014-03-25, Home, NYK, W, W, 7.5, O, 216, 0, 101.2, 117.2, 37.4, 89.4, 7.8, 21.8, 18.6, 26.2, 10.0, 39.6, 23.4, 9.4, 5.4, 14.0, 18.2, 44.4, 90.2, 10.8, 25.6, 17.6, 21.0, 12.4, 53.2, 28.2, 8.0, 7.0, 16.2, 22.6
71, 2014-03-27, Away, MIL, L, L, 2.5, U, 219, 0, 106.2, 110.2, 39.6, 87.2, 8.8, 22.0, 18.2, 24.2, 9.2, 39.8, 25.2, 10.0, 4.8, 14.4, 19.0, 42.6, 87.2, 9.0, 22.6, 16.0, 20.4, 11.4, 47.6, 28.0, 7.8, 5.6, 15.8, 20.4
72, 2014-03-28, Away, MIN, L, L, 11.5, O, 226.5, 1, 110.2, 108.0, 41.8, 86.0, 9.4, 22.0, 17.2, 22.8, 10.2, 40.0, 25.2, 10.2, 3.6, 16.6, 20.8, 40.8, 81.6, 7.6, 19.2, 18.8, 24.6, 9.6, 41.4, 23.8, 8.2, 5.6, 16.4, 20.8
73, 2014-03-30, Home, PHO, W, W, 9.5, U, 225, 0, 109.8, 111.6, 42.8, 88.2, 9.0, 21.8, 15.2, 20.0, 10.6, 36.0, 25.8, 11.2, 2.8, 15.8, 23.0, 41.0, 77.8, 6.8, 17.4, 22.8, 29.4, 9.6, 40.8, 23.6, 7.6, 4.8, 18.2, 19.4
74, 2014-04-01, Home, POR, L, L, 8.5, O, 219.5, 0, 111.4, 108.0, 43.0, 86.6, 8.6, 21.6, 16.8, 20.2, 9.4, 35.6, 25.2, 10.8, 2.8, 14.2, 22.8, 39.6, 78.6, 6.4, 19.6, 22.4, 29.2, 10.4, 41.6, 23.4, 7.6, 3.8, 17.0, 19.0
75, 2014-04-02, Away, SAC, L, W, 8, U, 218.5, 1, 113.2, 114.0, 43.8, 89.0, 9.6, 23.4, 16.0, 18.8, 9.8, 37.8, 27.4, 10.4, 4.0, 13.6, 22.8, 41.4, 82.0, 7.8, 21.6, 23.4, 30.0, 10.0, 42.4, 24.6, 8.6, 4.2, 15.4, 17.8
76, 2014-04-04, Home, DAL, L, L, 8, U, 223.5, 0, 108.2, 116.2, 41.6, 91.6, 8.4, 23.4, 16.6, 19.8, 11.0, 40.6, 26.2, 9.8, 4.8, 12.4, 22.4, 42.6, 84.4, 8.0, 21.6, 23.0, 30.0, 10.0, 45.4, 23.2, 8.4, 4.2, 14.0, 18.2
77, 2014-04-06, Away, LAC, L, L, 15.5, U, 225.5, 0, 106.2, 116.0, 40.2, 91.2, 8.4, 24.8, 17.4, 21.0, 10.4, 40.6, 26.8, 9.8, 5.6, 11.4, 20.4, 43.6, 88.8, 7.8, 23.8, 21.0, 26.2, 11.2, 49.2, 25.8, 8.2, 3.4, 13.6, 17.4
78, 2014-04-08, Home, HOU, L, L, 9, O, 227.5, 0, 104.2, 111.4, 38.6, 88.0, 8.4, 26.0, 18.6, 22.6, 9.2, 43.0, 27.6, 8.6, 5.2, 12.6, 18.2, 42.8, 90.2, 8.2, 24.0, 17.6, 23.4, 11.0, 49.8, 24.8, 9.4, 4.0, 12.6, 18.0
79, 2014-04-11, Home, GSW, L, L, 9.5, U, 221.5, 0, 107.2, 120.6, 38.6, 90.4, 10.2, 28.8, 19.8, 24.8, 9.2, 41.2, 29.4, 8.2, 5.6, 12.2, 18.0, 47.0, 91.4, 8.8, 22.0, 17.8, 23.4, 10.8, 51.8, 27.4, 9.2, 5.4, 12.8, 18.4
80, 2014-04-13, Home, MEM, L, P, 12, U, 208.5, 0, 103.8, 118.2, 37.4, 89.8, 9.8, 29.4, 19.2, 24.4, 9.0, 40.6, 27.8, 8.8, 4.0, 13.0, 17.2, 46.8, 90.0, 8.8, 21.2, 15.8, 21.8, 11.0, 53.2, 26.4, 9.6, 5.4, 14.2, 18.2
81, 2014-04-14, Away, UTA, W, W, 6, O, 214, 1, 101.4, 117.2, 37.0, 86.6, 9.6, 29.2, 17.8, 22.6, 7.2, 36.6, 28.4, 9.2, 3.8, 14.0, 16.0, 46.8, 90.4, 9.4, 21.2, 14.2, 19.0, 12.6, 54.2, 29.0, 10.0, 6.0, 16.0, 17.0
82, 2014-04-16, Away, SAS, W, W, 9, U, 216, 0, 106.2, 116.6, 39.0, 86.4, 10.2, 28.4, 18.0, 22.2, 7.0, 36.2, 29.4, 9.4, 4.0, 13.6, 16.4, 46.4, 88.2, 9.6, 20.8, 14.2, 20.0, 11.4, 51.2, 28.4, 9.4, 6.0, 16.4, 16.8
