22, 2012-12-14, Away, OKC, L, W, 13, O, 202.5, 0, 0, 94.4, 99.7, 36.15, 83.2, 6.25, 18.35, 15.85, 21.15, 11.45, 41.55, 18.85, 8.0, 4.5, 14.15, 21.5, 36.1, 80.9, 7.2, 20.9, 20.3, 25.95, 11.8, 44.0, 22.2, 7.35, 6.45, 14.0, 18.85, 106.45, 96.85, 37.65, 76.3, 7.7, 18.7, 23.45, 27.9, 9.45, 41.5, 22.55, 7.75, 7.6, 15.2, 20.55, 36.3, 85.0, 7.4, 21.1, 16.85, 21.9, 13.0, 39.5, 20.75, 8.75, 3.7, 13.35, 21.7
23, 2012-12-16, Home, DEN, L, L, 4.5, O, 204.5, 0, 0, 95.55, 100.75, 36.25, 82.5, 6.45, 18.5, 16.6, 21.9, 11.25, 40.85, 18.9, 8.2, 4.55, 14.3, 20.75, 36.55, 80.7, 7.55, 21.1, 20.1, 25.25, 11.65, 43.5, 22.8, 7.65, 6.25, 14.35, 19.2, 101.5, 100.75, 38.85, 82.25, 6.0, 17.1, 17.8, 26.0, 13.0, 43.65, 22.55, 8.05, 6.8, 15.65, 20.2, 37.95, 86.0, 8.6, 22.2, 16.25, 22.0, 13.15, 41.55, 23.7, 9.1, 6.15, 14.25, 22.85
24, 2012-12-17, Away, PHO, L, L, 7, U, 197, 0, 1, 95.5, 101.55, 35.95, 81.95, 6.35, 18.6, 17.25, 22.6, 11.5, 40.6, 18.6, 7.8, 3.95, 13.95, 20.4, 36.9, 80.0, 7.75, 20.9, 20.0, 25.35, 11.45, 42.75, 23.35, 7.45, 5.8, 13.85, 19.5, 98.15, 100.85, 38.15, 84.7, 6.6, 18.45, 15.25, 20.15, 11.4, 39.55, 22.1, 8.45, 5.5, 13.55, 20.9, 38.4, 81.05, 6.8, 17.65, 17.25, 23.05, 11.45, 42.35, 22.45, 7.5, 5.75, 15.0, 19.35
25, 2012-12-19, Home, GSW, W, W, 3, O, 201, 1, 0, 95.3, 102.0, 35.8, 82.05, 6.3, 18.3, 17.4, 22.65, 11.9, 41.0, 18.7, 7.7, 3.95, 14.1, 20.0, 37.4, 80.35, 7.85, 20.95, 19.35, 24.7, 11.45, 42.75, 23.75, 7.45, 6.2, 13.55, 19.5, 100.0, 98.4, 37.95, 83.9, 7.4, 20.1, 16.7, 21.15, 12.15, 46.4, 22.65, 6.95, 3.4, 14.85, 21.55, 36.7, 84.65, 7.85, 23.5, 17.15, 23.2, 11.1, 41.7, 23.5, 8.0, 6.1, 12.95, 18.6
26, 2012-12-21, Away, LAC, L, W, 13.5, U, 202, 0, 0, 96.6, 103.2, 35.95, 82.25, 6.5, 18.45, 18.2, 23.55, 11.75, 40.9, 19.2, 7.65, 4.15, 13.9, 19.85, 37.9, 81.3, 8.1, 21.15, 19.3, 24.4, 11.65, 43.2, 23.65, 7.45, 6.2, 13.3, 19.85, 100.45, 90.9, 38.7, 81.35, 6.35, 19.15, 16.7, 22.9, 11.95, 41.85, 22.8, 10.7, 5.85, 12.75, 19.95, 33.0, 78.1, 7.5, 20.4, 17.4, 22.9, 11.95, 40.45, 20.2, 6.1, 4.8, 16.65, 20.6
27, 2012-12-23, Home, POR, W, W, -1, O, 195.5, 1, 0, 96.55, 103.2, 36.0, 81.65, 6.75, 18.75, 17.8, 23.05, 11.4, 40.35, 19.2, 7.45, 4.45, 14.15, 20.2, 38.0, 82.05, 8.2, 21.4, 19.0, 24.3, 12.1, 43.45, 23.5, 7.7, 6.4, 13.25, 19.75, 97.3, 98.5, 35.9, 82.0, 8.25, 24.0, 17.25, 22.3, 11.7, 40.7, 19.8, 8.2, 5.35, 14.5, 19.55, 37.2, 81.3, 6.6, 19.55, 17.5, 21.95, 10.8, 42.15, 22.0, 8.8, 4.0, 14.85, 19.2
28, 2012-12-26, Away, POR, L, L, 7.5, O, 198.5, 0, 0, 97.45, 102.85, 36.45, 81.2, 6.85, 18.55, 17.7, 22.9, 11.0, 40.25, 19.75, 7.45, 4.3, 14.3, 19.9, 38.05, 82.25, 8.15, 21.35, 18.6, 23.65, 11.95, 43.0, 23.55, 7.95, 6.3, 13.25, 19.95, 96.65, 98.3, 35.65, 81.8, 8.1, 24.1, 17.25, 22.2, 11.85, 40.9, 19.85, 8.05, 5.35, 14.6, 19.25, 37.45, 81.85, 6.7, 19.6, 16.7, 20.95, 10.8, 42.2, 22.55, 8.85, 3.85, 14.5, 19.1
29, 2012-12-28, Home, NYK, W, W, 3, O, 199, 0, 0, 97.7, 103.15, 36.4, 81.65, 7.25, 19.2, 17.65, 22.75, 11.1, 40.35, 20.2, 7.5, 4.25, 14.15, 19.8, 38.5, 83.0, 7.75, 21.05, 18.4, 23.55, 12.25, 43.45, 24.1, 7.75, 6.25, 13.35, 19.9, 102.85, 100.15, 37.45, 83.95, 11.6, 29.45, 16.35, 21.6, 9.9, 38.85, 20.1, 8.8, 3.75, 10.8, 19.25, 37.3, 79.95, 8.05, 21.65, 17.5, 22.3, 9.75, 43.3, 19.65, 6.05, 3.7, 14.55, 19.25
30, 2012-12-30, Home, BOS, W, W, 2.5, O, 193.5, 1, 0, 98.2, 102.8, 36.4, 81.7, 7.6, 19.7, 17.8, 22.9, 11.15, 40.2, 20.35, 7.5, 4.55, 14.0, 19.65, 38.45, 83.35, 7.9, 21.8, 18.0, 23.2, 12.65, 43.65, 24.2, 7.55, 6.4, 13.45, 20.0, 95.2, 96.9, 37.05, 80.55, 5.6, 16.35, 15.5, 19.6, 8.35, 39.1, 22.6, 9.25, 4.05, 14.5, 21.4, 36.3, 79.8, 7.1, 19.25, 17.2, 24.35, 10.45, 42.55, 21.7, 8.2, 5.05, 15.25, 19.65
31, 2013-01-01, Away, DET, L, W, 6.5, O, 195, 0, 0, 99.6, 102.65, 36.75, 81.8, 7.8, 19.8, 18.3, 23.2, 10.9, 40.35, 21.1, 7.6, 4.75, 13.8, 19.5, 38.45, 83.9, 8.0, 22.05, 17.75, 22.9, 12.8, 43.75, 24.35, 7.5, 6.25, 13.55, 20.25, 96.7, 96.4, 36.25, 82.05, 7.2, 17.75, 17.0, 23.65, 13.35, 45.45, 19.55, 5.8, 5.5, 14.0, 20.2, 36.4, 82.9, 7.25, 22.1, 16.35, 21.85, 11.6, 41.35, 21.65, 7.85, 6.3, 11.45, 20.65
32, 2013-01-02, Away, CLE, W, W, 3.5, U, 199.5, 0, 1, 98.8, 102.95, 36.35, 82.05, 7.9, 20.35, 18.2, 23.15, 11.25, 40.15, 20.9, 7.65, 4.7, 13.65, 19.15, 38.95, 84.4, 7.8, 21.75, 17.25, 22.05, 13.15, 44.3, 24.5, 7.55, 6.45, 13.4, 19.9, 92.55, 98.1, 34.75, 84.25, 7.55, 21.65, 15.5, 20.65, 12.85, 42.0, 19.2, 7.85, 3.7, 14.1, 22.95, 35.7, 77.15, 7.1, 19.4, 19.6, 26.45, 11.1, 41.85, 21.15, 8.05, 6.5, 14.55, 19.6
33, 2013-01-04, Away, TOR, W, W, 7, O, 196, 0, 0, 98.55, 102.45, 36.25, 82.45, 7.55, 20.3, 18.5, 23.5, 11.7, 40.9, 20.95, 7.8, 4.85, 13.5, 18.95, 38.85, 84.6, 7.9, 22.05, 16.85, 21.6, 13.05, 44.65, 24.1, 7.3, 6.35, 13.5, 19.8, 97.2, 98.6, 36.1, 81.4, 7.85, 23.3, 17.15, 21.7, 9.75, 39.55, 22.55, 7.35, 5.15, 12.0, 22.55, 36.3, 79.3, 6.15, 18.05, 19.85, 27.05, 11.25, 43.75, 21.55, 6.6, 4.45, 13.55, 18.75
34, 2013-01-05, Away, BRK, L, L, 7, O, 196, 1, 1, 98.4, 102.4, 36.25, 82.55, 7.45, 20.1, 18.45, 23.4, 11.55, 41.2, 21.15, 7.85, 5.0, 13.65, 19.15, 38.75, 84.6, 7.9, 22.45, 17.0, 21.95, 12.9, 44.7, 23.85, 7.15, 6.4, 13.4, 19.85, 95.05, 97.3, 34.25, 78.4, 8.0, 22.55, 18.55, 25.0, 11.7, 41.15, 19.1, 7.5, 4.4, 14.1, 19.2, 37.55, 79.6, 6.6, 16.7, 15.6, 20.3, 9.85, 39.5, 21.0, 8.05, 4.25, 13.15, 21.25
35, 2013-01-07, Home, MEM, L, L, 4, O, 188, 1, 0, 98.6, 103.2, 36.2, 82.85, 7.45, 20.2, 18.75, 23.85, 12.25, 41.45, 21.0, 7.65, 5.2, 13.45, 19.0, 39.05, 84.7, 7.95, 22.55, 17.15, 22.1, 13.35, 44.7, 23.9, 6.9, 6.5, 13.15, 20.0, 90.6, 87.35, 35.45, 81.95, 4.5, 13.45, 15.2, 19.3, 13.65, 43.9, 20.3, 9.5, 5.6, 15.0, 19.05, 32.9, 76.75, 6.35, 18.7, 15.2, 19.95, 10.15, 38.35, 19.15, 8.85, 5.75, 15.8, 19.2
36, 2013-01-10, Home, DAL, L, L, -2.5, O, 205.5, 1, 0, 98.05, 104.0, 36.0, 82.9, 7.4, 20.4, 18.65, 23.75, 12.4, 41.2, 20.95, 7.6, 5.05, 13.55, 19.0, 39.15, 84.45, 8.05, 22.25, 17.65, 22.5, 13.4, 44.85, 24.0, 6.95, 6.5, 13.1, 20.25, 97.75, 104.2, 37.85, 85.0, 6.3, 19.45, 15.75, 19.65, 9.45, 41.95, 21.65, 7.85, 5.2, 14.45, 20.2, 38.25, 85.5, 9.55, 24.95, 18.15, 23.5, 11.75, 46.15, 23.7, 9.9, 5.05, 14.35, 18.25
37, 2013-01-12, Home, MIA, L, L, 7.5, O, 203.5, 0, 0, 99.6, 104.05, 36.55, 83.15, 7.3, 20.6, 19.2, 24.45, 12.25, 41.25, 20.95, 7.9, 5.25, 13.7, 19.5, 38.85, 84.95, 7.7, 22.1, 18.65, 23.45, 13.75, 45.4, 23.65, 6.65, 6.5, 13.45, 20.7, 99.75, 95.0, 37.3, 77.3, 8.1, 22.05, 17.05, 22.15, 7.7, 38.95, 20.9, 8.35, 5.2, 13.25, 18.7, 35.3, 82.1, 7.75, 22.05, 16.65, 21.6, 11.75, 42.5, 20.3, 7.95, 3.0, 13.65, 19.3
38, 2013-01-14, Home, CLE, W, P, -6, O, 205.5, 1, 0, 99.2, 105.45, 36.55, 83.4, 7.45, 20.75, 18.65, 23.7, 12.55, 40.9, 21.2, 7.85, 5.0, 13.8, 19.55, 39.35, 84.65, 8.25, 22.8, 18.5, 23.25, 13.75, 45.2, 24.15, 6.9, 6.6, 13.4, 20.5, 93.6, 99.45, 35.35, 83.85, 7.35, 20.95, 15.55, 20.45, 12.0, 40.75, 19.25, 8.2, 4.1, 13.95, 22.85, 36.15, 78.1, 7.55, 20.35, 19.6, 26.55, 11.85, 44.25, 22.5, 8.05, 6.0, 15.5, 19.6
39, 2013-01-16, Home, WAS, W, L, -4.5, U, 207, 0, 0, 100.85, 107.25, 37.1, 83.65, 7.7, 20.65, 18.95, 23.95, 12.85, 40.35, 21.4, 7.7, 5.05, 13.45, 20.0, 40.05, 85.25, 8.45, 22.85, 18.7, 23.7, 14.4, 45.1, 24.2, 6.9, 6.7, 13.1, 20.5, 90.1, 95.7, 34.6, 82.85, 6.2, 18.0, 14.7, 19.8, 10.45, 44.25, 21.2, 6.8, 4.7, 14.1, 20.6, 35.45, 82.5, 7.95, 22.6, 16.85, 23.05, 11.45, 47.4, 21.25, 7.4, 5.2, 13.75, 18.6
40, 2013-01-18, Away, MEM, L, L, 9.5, U, 190.5, 0, 0, 100.65, 107.95, 37.35, 83.6, 7.5, 20.25, 18.45, 23.5, 12.95, 40.3, 21.45, 7.5, 4.9, 13.85, 20.3, 40.55, 85.8, 8.45, 22.65, 18.4, 23.35, 14.4, 44.8, 25.0, 7.05, 6.65, 13.05, 20.2, 89.1, 89.75, 34.95, 82.1, 4.2, 13.15, 15.0, 18.95, 13.65, 42.75, 20.0, 8.9, 4.95, 13.7, 19.05, 33.6, 76.1, 7.0, 18.9, 15.55, 20.5, 9.7, 38.65, 21.05, 8.25, 5.6, 14.8, 18.6
41, 2013-01-19, Away, CHA, W, W, -2.5, U, 204, 1, 1, 99.3, 106.25, 36.95, 83.65, 7.0, 19.4, 18.4, 23.45, 12.95, 40.3, 20.8, 7.7, 5.05, 13.65, 20.3, 39.85, 85.35, 8.25, 22.0, 18.3, 23.3, 14.8, 45.3, 24.75, 6.95, 6.8, 13.45, 20.3, 94.0, 103.45, 34.6, 81.25, 5.05, 14.35, 19.75, 27.05, 12.05, 40.75, 18.75, 6.5, 5.75, 12.85, 19.55, 39.25, 83.35, 9.7, 23.9, 15.25, 20.6, 12.9, 44.3, 25.5, 7.1, 7.65, 13.5, 22.65
42, 2013-01-21, Away, NOH, L, L, 6, O, 192, 0, 0, 99.9, 106.0, 37.2, 83.4, 7.1, 19.35, 18.4, 23.45, 12.65, 39.75, 21.3, 7.85, 4.85, 13.35, 20.65, 39.45, 84.15, 8.2, 21.9, 18.9, 24.0, 14.1, 44.2, 24.65, 6.95, 6.9, 13.65, 20.3, 94.1, 95.8, 37.1, 81.15, 6.6, 19.05, 13.3, 17.45, 12.0, 42.55, 21.2, 6.75, 5.2, 13.5, 19.7, 36.55, 78.45, 6.85, 21.0, 15.85, 20.95, 9.75, 38.8, 23.85, 7.55, 5.3, 12.45, 17.2
43, 2013-01-23, Home, PHO, L, L, -3, P, 202, 0, 0, 100.0, 106.05, 37.4, 83.7, 6.9, 19.15, 18.3, 23.5, 12.9, 40.1, 21.3, 7.55, 4.65, 13.15, 20.8, 39.55, 84.45, 8.35, 22.1, 18.6, 23.95, 14.4, 44.5, 24.45, 6.65, 6.8, 13.5, 20.45, 92.4, 95.95, 36.65, 83.35, 5.65, 17.9, 13.45, 18.3, 11.15, 40.65, 22.3, 7.05, 5.6, 13.15, 19.7, 37.6, 81.75, 5.15, 14.5, 15.6, 20.7, 12.1, 44.35, 21.4, 7.7, 5.25, 13.65, 16.55
44, 2013-01-25, Home, OKC, L, L, 9.5, U, 209.5, 0, 0, 99.95, 105.25, 37.75, 83.1, 6.85, 18.5, 17.6, 23.0, 12.75, 40.45, 21.8, 7.6, 5.05, 13.9, 20.95, 39.4, 84.7, 8.25, 22.15, 18.2, 23.3, 14.05, 43.4, 24.6, 7.05, 6.75, 13.5, 20.3, 106.1, 98.05, 37.95, 81.55, 7.75, 21.1, 22.45, 26.85, 11.7, 44.05, 20.6, 8.95, 6.3, 15.2, 20.7, 36.6, 84.05, 7.4, 21.5, 17.45, 22.35, 11.5, 40.85, 21.3, 7.7, 4.75, 15.35, 20.15
45, 2013-01-26, Away, DEN, L, L, 12.5, O, 212.5, 0, 1, 100.2, 105.45, 37.85, 83.25, 7.1, 18.6, 17.4, 22.85, 12.25, 39.85, 21.8, 7.9, 4.95, 14.0, 21.45, 39.2, 84.25, 8.15, 22.2, 18.9, 24.05, 14.1, 43.85, 24.5, 7.3, 6.55, 14.15, 20.45, 106.0, 100.65, 40.6, 87.2, 6.4, 19.4, 18.4, 27.05, 14.2, 46.8, 25.25, 8.85, 6.2, 13.85, 20.8, 37.3, 85.6, 8.6, 25.65, 17.45, 23.9, 12.5, 43.15, 22.55, 8.05, 7.1, 15.0, 21.85
46, 2013-01-28, Away, WAS, W, W, 7, U, 204, 0, 0, 98.3, 105.15, 37.55, 83.35, 6.95, 18.75, 16.25, 21.85, 12.35, 39.85, 21.55, 7.95, 4.85, 14.5, 21.35, 39.25, 84.1, 8.15, 22.45, 18.5, 23.65, 13.9, 44.3, 25.15, 7.75, 6.6, 14.3, 20.15, 92.8, 94.7, 36.1, 82.25, 6.4, 17.0, 14.2, 19.9, 10.45, 44.25, 22.75, 6.75, 4.95, 14.65, 20.3, 36.05, 83.8, 6.8, 19.85, 15.8, 21.85, 12.0, 46.15, 21.85, 7.6, 4.8, 13.55, 18.7
47, 2013-01-30, Away, BOS, L, L, 7.5, U, 194, 0, 0, 98.85, 105.0, 37.7, 83.5, 7.0, 18.8, 16.45, 22.3, 12.3, 40.0, 21.85, 8.3, 4.55, 14.2, 21.05, 39.25, 83.6, 7.95, 21.85, 18.55, 23.5, 13.6, 43.9, 24.95, 7.3, 6.05, 14.35, 20.25, 92.8, 94.65, 36.0, 81.25, 5.6, 17.75, 15.2, 19.75, 9.8, 41.05, 22.8, 9.15, 4.45, 13.9, 22.8, 34.75, 79.85, 7.35, 21.45, 17.8, 25.45, 11.5, 43.85, 20.6, 7.5, 4.85, 15.35, 20.5
48, 2013-02-01, Away, PHI, L, L, 6, U, 199, 0, 0, 97.5, 105.15, 36.9, 83.1, 6.85, 18.7, 16.85, 23.05, 12.55, 40.05, 20.95, 8.35, 4.5, 14.4, 21.1, 39.35, 83.0, 7.85, 21.45, 18.6, 23.65, 13.15, 43.75, 24.85, 7.2, 6.0, 14.3, 20.5, 94.05, 98.2, 38.75, 84.45, 6.25, 17.0, 10.3, 14.9, 9.9, 40.5, 23.55, 6.9, 4.7, 12.6, 17.85, 36.9, 81.0, 7.05, 20.6, 17.35, 22.5, 10.85, 44.35, 22.35, 7.6, 4.05, 14.1, 15.85
49, 2013-02-02, Away, NYK, L, L, 11, U, 204, 1, 1, 96.95, 104.15, 36.65, 82.75, 6.45, 18.0, 17.2, 23.5, 12.4, 40.05, 20.6, 8.55, 4.55, 14.55, 20.95, 38.95, 82.45, 7.7, 21.1, 18.55, 23.6, 12.75, 43.45, 24.3, 7.25, 6.0, 14.35, 20.55, 97.8, 95.35, 36.15, 82.3, 10.0, 28.15, 15.5, 20.55, 11.45, 41.7, 19.4, 7.5, 4.0, 11.5, 19.5, 35.85, 78.3, 7.75, 22.5, 15.9, 20.9, 9.55, 40.8, 20.25, 6.3, 3.45, 13.55, 19.65
50, 2013-02-04, Away, UTA, L, W, 8.5, U, 198, 0, 0, 95.7, 104.9, 36.3, 82.25, 6.0, 17.55, 17.1, 23.4, 12.1, 39.85, 19.9, 8.4, 4.35, 14.9, 20.75, 39.25, 82.6, 8.1, 21.75, 18.3, 23.25, 12.6, 43.75, 24.7, 7.45, 5.65, 14.35, 20.7, 97.15, 98.55, 36.5, 80.65, 5.8, 15.7, 18.35, 24.1, 10.5, 39.75, 23.4, 8.8, 5.6, 13.1, 21.4, 37.15, 78.9, 7.35, 19.1, 16.9, 23.2, 10.35, 41.0, 22.05, 7.25, 6.05, 14.3, 21.35
51, 2013-02-09, Home, UTA, W, W, -1, O, 195, 1, 0, 94.35, 105.0, 35.85, 82.5, 5.65, 17.55, 17.0, 23.4, 12.35, 39.55, 19.15, 8.55, 4.15, 14.9, 20.75, 39.35, 81.9, 8.1, 21.25, 18.2, 23.2, 12.35, 44.05, 24.7, 7.5, 5.9, 14.75, 20.5, 96.8, 96.9, 37.1, 80.35, 5.6, 15.1, 17.0, 22.8, 10.7, 40.35, 23.95, 8.95, 6.5, 13.55, 21.3, 36.7, 79.55, 6.8, 18.6, 16.7, 23.0, 10.7, 40.7, 21.5, 7.45, 6.35, 14.0, 20.8
52, 2013-02-10, Home, HOU, W, W, 6.5, O, 218, 0, 1, 95.5, 105.3, 36.25, 82.45, 5.6, 17.2, 17.4, 24.1, 12.35, 39.9, 19.55, 8.6, 4.3, 15.05, 20.95, 39.4, 82.25, 7.9, 21.0, 18.6, 23.4, 12.25, 43.8, 24.9, 7.55, 5.85, 14.8, 21.1, 106.45, 102.0, 38.4, 81.6, 11.3, 29.65, 18.35, 25.0, 11.05, 42.25, 23.5, 8.05, 4.1, 15.8, 21.8, 37.55, 82.95, 7.6, 21.15, 19.3, 24.2, 11.15, 40.0, 21.15, 7.65, 6.45, 14.05, 20.7
53, 2013-02-12, Away, MEM, L, W, 11, O, 189.5, 0, 0, 96.5, 106.15, 36.35, 82.4, 6.0, 17.4, 17.8, 24.3, 12.35, 39.9, 19.55, 8.65, 4.1, 15.2, 21.05, 39.9, 82.35, 8.15, 21.6, 18.2, 23.05, 12.2, 43.45, 25.4, 7.75, 6.0, 14.9, 21.15, 92.1, 90.45, 36.65, 82.8, 4.15, 12.65, 14.65, 18.95, 13.5, 42.15, 21.2, 8.3, 4.45, 13.1, 19.45, 34.8, 76.1, 6.1, 16.55, 14.75, 20.0, 9.0, 38.1, 21.05, 7.1, 5.5, 14.8, 18.9
54, 2013-02-13, Away, DAL, L, L, 10, O, 212, 0, 1, 96.3, 106.75, 36.35, 82.9, 6.0, 17.6, 17.6, 24.0, 12.4, 39.55, 19.4, 8.8, 3.95, 15.05, 21.05, 40.45, 82.15, 7.9, 20.6, 17.95, 22.4, 11.85, 43.45, 25.55, 7.6, 5.95, 15.1, 20.9, 104.95, 102.3, 39.75, 85.85, 7.45, 19.05, 18.0, 22.25, 9.35, 43.8, 24.0, 7.6, 5.05, 11.75, 20.65, 37.1, 84.05, 7.95, 21.95, 20.15, 26.05, 10.9, 45.75, 21.65, 7.2, 4.45, 13.65, 19.25
55, 2013-02-19, Home, SAS, L, W, 9, P, 210, 0, 0, 96.65, 107.25, 36.2, 82.4, 5.9, 17.45, 18.35, 24.65, 11.9, 39.7, 19.35, 8.85, 3.55, 15.5, 21.35, 40.4, 82.5, 8.2, 21.1, 18.25, 22.65, 11.55, 43.45, 25.6, 8.05, 5.95, 15.1, 21.3, 101.3, 93.9, 38.75, 79.55, 8.05, 22.2, 15.75, 19.8, 6.8, 39.15, 23.85, 8.7, 5.1, 13.1, 16.65, 37.25, 83.55, 5.6, 17.1, 13.8, 18.3, 10.65, 42.7, 20.9, 7.45, 3.8, 14.1, 17.65
56, 2013-02-22, Away, ATL, L, L, 8, O, 205, 0, 0, 97.7, 107.0, 36.5, 83.1, 6.1, 17.65, 18.6, 24.95, 11.85, 39.95, 19.7, 9.0, 3.6, 15.3, 21.55, 40.2, 82.25, 8.15, 21.6, 18.45, 23.05, 11.35, 43.55, 25.4, 8.1, 6.05, 15.55, 21.15, 96.7, 98.3, 37.1, 78.85, 8.85, 23.2, 13.65, 19.75, 8.8, 41.25, 25.25, 6.6, 4.5, 15.45, 19.65, 36.85, 81.8, 7.75, 19.35, 16.85, 22.35, 10.4, 41.85, 22.7, 8.35, 4.3, 13.4, 19.25
57, 2013-02-24, Away, NOH, L, L, 7, O, 204.5, 0, 0, 97.5, 107.25, 36.4, 83.45, 6.35, 17.4, 18.35, 24.6, 12.2, 40.2, 19.75, 8.75, 3.35, 15.05, 21.0, 40.6, 82.05, 8.5, 21.9, 17.55, 22.25, 11.1, 43.2, 26.05, 8.15, 6.2, 15.25, 21.2, 98.1, 98.5, 37.45, 80.25, 6.6, 17.85, 16.6, 22.1, 11.2, 41.5, 21.2, 6.5, 5.6, 14.2, 21.85, 36.75, 78.6, 6.8, 19.4, 18.2, 24.5, 10.7, 39.4, 24.65, 8.2, 5.1, 13.3, 19.45
58, 2013-02-26, Away, MIA, L, W, 15, O, 209, 0, 0, 97.3, 106.35, 36.25, 83.25, 6.5, 17.45, 18.3, 24.3, 11.95, 40.1, 19.6, 8.8, 3.45, 14.85, 20.85, 40.6, 82.5, 7.95, 20.85, 17.2, 21.8, 11.35, 43.7, 25.85, 7.85, 6.1, 15.2, 20.9, 105.55, 94.4, 40.3, 79.2, 7.95, 20.55, 17.0, 22.55, 9.25, 37.65, 23.05, 9.55, 4.9, 11.75, 20.55, 34.85, 76.65, 6.95, 19.2, 17.75, 22.3, 9.3, 37.0, 19.85, 6.75, 3.25, 15.85, 20.55
59, 2013-02-27, Away, ORL, W, W, 1.5, O, 205.5, 1, 1, 97.55, 107.5, 36.5, 83.7, 6.75, 17.85, 17.8, 23.95, 11.85, 40.1, 20.05, 9.0, 3.35, 15.25, 20.7, 41.2, 82.95, 8.05, 21.2, 17.05, 21.5, 10.8, 43.85, 26.7, 8.2, 6.3, 15.3, 20.8, 91.9, 101.2, 37.5, 84.25, 6.25, 19.5, 10.65, 14.7, 10.95, 42.75, 24.05, 6.1, 3.75, 13.75, 17.75, 39.4, 83.05, 7.55, 21.75, 14.85, 20.0, 10.75, 43.65, 25.1, 7.2, 5.2, 11.8, 15.7
60, 2013-03-01, Away, SAS, L, L, 14.5, O, 214.5, 0, 0, 99.05, 107.85, 36.75, 83.65, 7.0, 18.4, 18.55, 24.75, 11.65, 39.95, 20.45, 9.1, 3.45, 15.0, 20.7, 41.1, 82.8, 7.95, 21.3, 17.7, 22.2, 10.65, 43.7, 26.35, 8.15, 6.15, 15.35, 21.45, 103.15, 94.1, 38.95, 79.6, 7.45, 20.85, 17.8, 22.95, 6.8, 39.65, 24.35, 8.6, 5.15, 12.8, 18.25, 36.3, 83.9, 5.3, 16.45, 16.2, 21.0, 11.5, 43.8, 21.3, 6.55, 3.75, 14.7, 19.6
61, 2013-03-03, Home, CHA, W, W, -7.5, U, 209, 0, 0, 100.7, 110.1, 37.25, 83.65, 7.25, 18.95, 18.95, 24.95, 11.2, 39.2, 21.0, 9.4, 3.2, 15.2, 20.8, 41.95, 83.1, 8.25, 21.95, 17.95, 22.35, 10.35, 43.45, 27.35, 8.35, 5.95, 15.5, 21.4, 90.2, 101.25, 32.85, 79.9, 5.7, 16.6, 18.8, 25.05, 10.6, 39.85, 18.3, 6.65, 6.3, 13.25, 19.45, 39.05, 81.75, 7.2, 20.05, 15.95, 21.75, 11.35, 44.8, 26.2, 6.85, 6.25, 12.95, 21.8
62, 2013-03-05, Home, DEN, L, L, 5, O, 224, 1, 0, 101.8, 109.6, 37.5, 84.1, 7.65, 19.7, 19.15, 25.25, 11.6, 40.25, 21.1, 9.5, 3.3, 15.55, 20.6, 41.8, 83.35, 8.3, 22.35, 17.7, 21.8, 10.05, 43.1, 27.35, 8.25, 5.7, 15.5, 21.4, 111.55, 104.6, 42.95, 86.35, 7.1, 19.5, 18.55, 26.35, 12.15, 43.55, 25.85, 11.15, 6.75, 14.9, 21.7, 38.95, 84.5, 8.7, 22.5, 18.0, 24.7, 11.3, 40.5, 23.8, 7.6, 6.5, 17.55, 21.45
63, 2013-03-06, Away, GSW, L, W, 11, U, 224.5, 0, 1, 102.2, 109.9, 37.55, 84.3, 8.1, 20.5, 19.0, 25.05, 11.7, 40.6, 21.35, 9.5, 3.6, 15.9, 20.65, 41.95, 83.15, 8.1, 21.9, 17.9, 22.35, 9.7, 42.65, 27.6, 8.65, 5.8, 15.35, 21.35, 102.4, 106.75, 38.3, 84.75, 8.0, 19.7, 17.8, 22.4, 11.15, 44.55, 22.1, 6.45, 4.45, 14.55, 22.25, 39.45, 86.35, 8.5, 22.45, 19.35, 25.85, 12.1, 45.45, 24.8, 8.15, 5.6, 12.7, 20.05
64, 2013-03-08, Home, PHO, W, W, -7.5, O, 209.5, 0, 0, 101.55, 108.95, 37.3, 84.5, 8.25, 21.15, 18.7, 24.45, 11.1, 40.15, 21.6, 9.7, 3.35, 15.4, 20.75, 41.15, 82.4, 8.2, 22.1, 18.45, 23.0, 9.5, 43.45, 27.05, 8.4, 5.8, 15.65, 20.95, 91.7, 99.65, 36.3, 82.95, 4.8, 15.2, 14.3, 19.25, 11.55, 43.35, 22.9, 7.85, 4.6, 16.55, 21.2, 37.75, 81.5, 7.3, 18.75, 16.85, 22.8, 10.65, 42.8, 22.95, 8.75, 5.1, 15.1, 18.75
65, 2013-03-10, Home, MIL, L, L, -1, O, 216.5, 1, 0, 102.85, 109.3, 37.75, 84.3, 8.5, 21.75, 18.85, 24.45, 11.0, 40.1, 22.35, 9.55, 3.4, 15.25, 20.45, 41.45, 83.1, 8.25, 22.1, 18.15, 22.65, 9.7, 43.0, 27.35, 8.35, 5.8, 15.3, 20.8, 101.8, 102.8, 39.45, 88.6, 8.0, 20.75, 14.9, 20.7, 12.5, 43.7, 24.65, 8.3, 6.65, 14.15, 19.65, 39.8, 86.9, 7.0, 19.05, 16.2, 21.85, 13.7, 47.75, 24.4, 8.55, 4.75, 16.05, 19.6
66, 2013-03-13, Home, CHI, W, W, 3.5, O, 197.5, 0, 0, 103.85, 109.0, 38.1, 84.6, 8.4, 21.75, 19.25, 24.6, 10.85, 40.25, 22.5, 9.5, 3.3, 14.8, 20.9, 41.1, 83.0, 7.95, 21.5, 18.85, 23.7, 9.75, 42.65, 26.75, 8.0, 5.85, 15.0, 20.95, 89.95, 91.9, 35.15, 82.65, 5.15, 16.3, 14.5, 18.3, 13.9, 42.55, 23.1, 7.9, 5.75, 13.3, 18.9, 35.8, 78.35, 5.35, 15.25, 14.95, 21.15, 11.65, 41.95, 19.15, 7.15, 6.6, 13.45, 18.15
67, 2013-03-17, Away, LAL, L, L, 8.5, U, 216, 0, 0, 105.1, 108.25, 38.55, 84.65, 8.4, 21.75, 19.6, 24.65, 10.85, 40.5, 22.15, 9.25, 3.3, 14.55, 20.75, 40.85, 83.3, 7.9, 22.0, 18.65, 23.4, 9.85, 42.35, 26.7, 7.9, 5.9, 14.85, 20.95, 102.1, 101.45, 37.4, 80.7, 8.7, 23.7, 18.6, 27.2, 10.0, 43.3, 21.4, 6.9, 4.4, 14.05, 17.35, 40.4, 88.1, 7.45, 20.3, 13.2, 17.9, 11.5, 44.7, 23.8, 8.45, 5.35, 12.85, 23.4
68, 2013-03-19, Home, LAC, W, W, 8.5, O, 212, 0, 0, 106.15, 108.95, 39.2, 85.8, 8.6, 22.45, 19.15, 23.75, 10.65, 40.25, 22.55, 9.05, 3.4, 13.9, 20.9, 40.95, 83.25, 8.25, 22.6, 18.8, 23.85, 9.85, 42.6, 27.0, 7.55, 6.05, 14.7, 20.45, 100.45, 96.35, 38.4, 79.1, 8.4, 23.15, 15.25, 21.8, 10.85, 40.55, 23.95, 8.75, 5.4, 14.65, 21.0, 35.5, 77.15, 8.35, 20.55, 17.0, 23.05, 10.25, 37.2, 23.15, 8.0, 3.9, 14.75, 20.65
69, 2013-03-21, Home, MIN, W, L, -6, U, 211.5, 0, 0, 107.95, 109.55, 39.55, 85.5, 9.25, 23.35, 19.6, 24.2, 10.6, 40.35, 22.75, 8.85, 3.25, 14.0, 21.4, 40.95, 83.45, 8.55, 23.2, 19.1, 24.2, 9.95, 42.1, 27.5, 7.75, 6.05, 14.65, 20.75, 92.45, 99.8, 34.7, 80.85, 5.1, 17.4, 17.95, 24.5, 10.8, 40.6, 21.35, 8.4, 4.95, 14.2, 19.35, 38.55, 81.5, 7.3, 19.7, 15.4, 20.4, 11.6, 45.35, 23.0, 8.4, 5.95, 15.95, 22.8
70, 2013-03-23, Away, DEN, L, W, 11.5, U, 221.5, 0, 0, 108.95, 108.45, 39.95, 85.45, 9.25, 23.2, 19.8, 24.35, 10.55, 40.85, 23.1, 8.65, 3.45, 13.9, 21.8, 40.65, 84.05, 7.65, 22.0, 19.5, 24.45, 10.05, 41.75, 27.15, 7.7, 6.1, 14.4, 20.95, 109.35, 102.35, 42.5, 85.65, 6.45, 17.9, 17.9, 25.25, 12.75, 44.15, 25.4, 10.9, 6.7, 14.65, 21.0, 38.15, 84.75, 8.2, 21.8, 17.85, 23.6, 11.4, 40.6, 23.7, 7.7, 6.5, 16.4, 21.0
71, 2013-03-24, Home, PHI, L, L, -3, O, 206.5, 0, 1, 109.15, 108.6, 40.15, 85.4, 9.5, 23.6, 19.35, 23.95, 10.3, 40.7, 23.65, 8.35, 3.75, 13.95, 22.05, 40.6, 84.7, 7.5, 22.1, 19.9, 25.15, 10.45, 42.0, 27.15, 7.7, 6.05, 14.15, 20.95, 92.4, 98.35, 37.05, 83.25, 6.4, 17.05, 11.9, 16.6, 10.75, 41.05, 24.55, 7.4, 4.25, 13.3, 19.1, 37.45, 80.55, 7.2, 19.65, 16.25, 21.45, 10.7, 43.0, 24.55, 7.25, 5.65, 13.75, 16.15
72, 2013-03-27, Away, GSW, W, W, 9, U, 213.5, 0, 0, 108.3, 109.0, 40.05, 85.4, 9.55, 23.85, 18.65, 22.8, 9.95, 40.35, 23.2, 8.05, 3.6, 13.8, 21.6, 40.95, 85.4, 7.7, 22.4, 19.4, 24.9, 10.75, 42.45, 27.55, 7.75, 5.9, 13.7, 20.35, 99.5, 97.4, 37.05, 82.0, 8.55, 20.0, 16.85, 21.8, 10.15, 45.2, 20.95, 6.85, 4.5, 15.05, 20.75, 36.05, 84.0, 7.6, 22.65, 17.7, 23.35, 11.0, 43.0, 22.1, 8.7, 4.25, 13.2, 19.9
73, 2013-03-28, Away, PHO, W, W, -3.5, O, 206.5, 1, 1, 107.7, 108.35, 40.1, 85.55, 9.55, 24.25, 17.95, 22.5, 10.0, 40.3, 23.3, 7.9, 3.55, 13.9, 21.25, 40.8, 85.45, 7.45, 21.95, 19.3, 24.7, 10.7, 42.35, 27.6, 7.9, 5.75, 13.65, 20.25, 92.8, 102.05, 36.65, 85.05, 5.5, 17.85, 14.0, 20.4, 13.15, 44.4, 23.35, 8.9, 5.05, 17.0, 21.15, 37.9, 81.2, 8.1, 20.3, 18.15, 23.85, 10.65, 43.3, 23.75, 9.35, 4.35, 16.55, 18.2
74, 2013-03-30, Home, LAL, L, L, 2.5, U, 218.5, 0, 0, 108.5, 108.1, 40.3, 85.4, 9.7, 24.35, 18.2, 22.5, 10.05, 41.0, 23.35, 7.55, 3.6, 14.1, 21.1, 40.85, 86.4, 7.5, 22.3, 18.9, 24.65, 11.05, 42.25, 28.0, 8.2, 5.85, 13.15, 20.05, 104.2, 104.55, 37.6, 80.95, 9.35, 25.0, 19.65, 29.0, 10.95, 44.5, 21.95, 6.9, 4.35, 14.6, 17.3, 41.5, 89.5, 8.55, 22.55, 13.0, 17.95, 11.3, 43.9, 23.5, 8.35, 4.85, 12.3, 23.5
75, 2013-04-03, Home, HOU, L, L, 4, U, 219.5, 0, 0, 108.4, 107.1, 40.6, 85.7, 9.85, 24.75, 17.35, 21.5, 10.25, 41.0, 23.45, 7.2, 3.6, 13.75, 20.9, 40.6, 85.9, 7.35, 22.1, 18.55, 24.65, 11.05, 41.8, 28.05, 8.05, 5.7, 12.9, 19.5, 104.9, 99.9, 37.3, 81.5, 11.25, 29.8, 19.05, 25.4, 11.85, 43.4, 22.5, 8.5, 3.8, 15.9, 20.05, 38.1, 83.05, 8.3, 22.0, 15.4, 19.75, 9.35, 39.7, 23.0, 8.55, 5.55, 14.95, 21.75
76, 2013-04-05, Home, DAL, L, L, -1.5, O, 212.5, 1, 0, 108.4, 107.3, 40.6, 85.55, 9.7, 24.55, 17.5, 21.75, 10.4, 40.9, 23.35, 7.4, 3.7, 13.85, 20.75, 40.95, 86.45, 7.35, 22.1, 18.05, 23.95, 11.3, 41.85, 28.4, 7.95, 5.5, 13.0, 19.85, 99.7, 100.75, 39.25, 81.8, 7.6, 20.3, 13.6, 17.6, 8.15, 39.55, 23.5, 7.85, 5.5, 13.65, 20.9, 37.6, 82.65, 7.55, 21.3, 18.0, 24.6, 11.15, 43.95, 22.4, 8.05, 3.7, 13.5, 18.25
77, 2013-04-07, Home, MEM, L, W, 5.5, U, 196.5, 0, 0, 108.4, 107.05, 40.65, 85.5, 9.4, 24.75, 17.7, 22.05, 10.3, 40.85, 23.15, 7.5, 3.65, 13.7, 20.65, 40.8, 86.35, 7.05, 21.75, 18.4, 23.95, 11.25, 41.75, 28.25, 7.95, 5.25, 13.15, 19.6, 94.65, 90.5, 36.7, 79.45, 4.65, 13.15, 16.6, 21.6, 11.6, 40.8, 21.1, 7.8, 5.05, 11.95, 21.0, 33.15, 75.75, 5.65, 19.25, 18.55, 24.0, 10.15, 38.9, 18.65, 6.25, 4.85, 13.2, 20.25
78, 2013-04-10, Home, NOH, W, W, -6, O, 205, 1, 0, 108.0, 106.0, 40.35, 85.4, 9.15, 25.05, 18.15, 22.8, 10.25, 41.0, 23.05, 7.7, 3.65, 13.75, 21.05, 40.15, 85.55, 6.9, 21.3, 18.8, 24.65, 10.9, 41.7, 27.55, 8.15, 5.4, 13.4, 20.2, 92.7, 98.1, 35.2, 79.6, 5.9, 17.65, 16.4, 20.2, 12.75, 41.15, 20.1, 6.5, 5.3, 13.9, 20.9, 36.75, 75.55, 7.75, 19.95, 16.85, 21.2, 9.2, 36.85, 22.0, 8.1, 5.7, 12.55, 18.4
79, 2013-04-12, Away, SAS, L, W, 11.5, O, 207.5, 0, 0, 107.6, 104.45, 40.3, 85.0, 8.95, 24.7, 18.05, 22.65, 10.0, 40.85, 22.7, 7.6, 3.75, 13.4, 21.2, 39.25, 84.4, 6.7, 21.05, 19.25, 25.2, 11.15, 41.7, 26.75, 7.8, 5.2, 13.65, 20.0, 100.25, 97.45, 38.55, 81.45, 7.4, 20.05, 15.75, 20.0, 9.1, 42.4, 25.55, 7.75, 5.95, 14.25, 16.4, 38.15, 84.45, 7.25, 17.55, 13.9, 18.45, 10.6, 41.3, 22.2, 8.55, 6.05, 13.4, 20.25
80, 2013-04-14, Away, HOU, L, L, 10.5, O, 218.5, 0, 0, 106.4, 104.8, 39.95, 85.25, 9.0, 24.6, 17.5, 21.95, 10.1, 40.55, 22.45, 7.65, 3.8, 13.4, 20.9, 39.5, 84.1, 6.7, 20.95, 19.1, 25.0, 10.95, 41.85, 26.9, 7.85, 5.7, 13.55, 19.2, 104.25, 98.7, 36.25, 80.55, 10.8, 29.7, 20.95, 27.6, 12.15, 44.45, 22.7, 7.9, 4.6, 15.75, 20.2, 37.6, 84.25, 7.35, 20.25, 16.15, 20.9, 9.95, 40.15, 22.45, 8.85, 5.0, 13.7, 22.15
81, 2013-04-15, Away, OKC, L, W, 15, U, 214.5, 0, 1, 106.3, 104.35, 39.95, 86.0, 9.05, 24.8, 17.35, 21.85, 10.6, 41.4, 22.65, 7.45, 4.2, 13.2, 21.05, 39.2, 84.05, 6.9, 21.3, 19.05, 25.05, 10.8, 42.0, 26.25, 7.8, 6.0, 13.45, 19.3, 102.8, 93.75, 37.05, 77.4, 6.65, 18.6, 22.05, 26.9, 10.0, 45.15, 19.75, 7.65, 8.15, 14.25, 20.1, 35.2, 85.25, 7.25, 21.85, 16.1, 20.65, 11.85, 40.4, 18.95, 7.9, 3.55, 13.0, 20.2
82, 2013-04-17, Home, LAC, L, W, 6.5, O, 205.5, 1, 0, 105.1, 105.4, 39.75, 85.85, 8.75, 24.5, 16.85, 21.55, 10.3, 40.65, 22.3, 7.45, 4.0, 13.05, 20.65, 39.9, 84.8, 6.85, 21.3, 18.75, 24.7, 11.45, 42.9, 26.4, 8.0, 6.15, 13.3, 19.3, 102.25, 96.55, 39.0, 80.3, 8.55, 24.0, 15.7, 21.25, 11.25, 41.2, 25.25, 8.7, 4.8, 12.8, 21.15, 35.25, 76.75, 8.15, 21.15, 17.9, 23.85, 9.75, 37.3, 23.55, 7.0, 3.6, 13.25, 20.15
