17, 2013-12-01, Away, LAL, W, W, -3.5, O, 206, 0, 0, 104.87, 98.67, 39.07, 85.73, 9.93, 23.47, 16.8, 21.0, 12.47, 44.87, 23.07, 6.13, 4.47, 13.8, 19.4, 37.87, 85.0, 5.4, 16.47, 17.53, 22.67, 11.73, 42.07, 17.93, 7.47, 2.93, 12.53, 21.13, 100.07, 100.73, 37.67, 85.53, 10.6, 26.13, 14.13, 19.47, 10.07, 44.2, 24.4, 6.8, 6.33, 14.6, 21.53, 38.73, 88.27, 6.67, 19.87, 16.6, 24.27, 12.2, 47.4, 24.4, 9.53, 4.33, 12.73, 17.8
18, 2013-12-02, Home, IND, W, W, 1, O, 191.5, 1, 1, 104.93, 99.33, 38.67, 84.67, 9.6, 23.53, 18.0, 22.27, 12.4, 44.67, 23.27, 6.33, 4.2, 14.13, 19.0, 38.13, 84.2, 5.67, 17.13, 17.4, 21.93, 11.0, 41.13, 18.67, 7.6, 3.07, 12.87, 21.27, 97.73, 86.2, 36.33, 81.07, 7.27, 20.4, 17.8, 22.93, 10.93, 46.33, 21.07, 7.53, 6.33, 15.33, 19.93, 32.2, 82.6, 5.53, 17.47, 16.27, 20.73, 11.47, 41.13, 15.53, 7.8, 4.73, 15.13, 22.33
19, 2013-12-04, Home, OKC, W, W, -2.5, O, 205.5, 1, 0, 104.33, 99.13, 38.07, 84.33, 9.4, 23.07, 18.8, 23.2, 12.33, 44.73, 22.47, 6.33, 4.0, 14.0, 19.33, 37.6, 83.8, 5.87, 17.8, 18.07, 22.53, 10.8, 41.6, 18.73, 7.8, 3.07, 13.07, 21.47, 103.87, 99.0, 38.0, 82.93, 6.27, 18.93, 21.6, 26.8, 11.53, 47.53, 22.07, 7.4, 6.07, 16.27, 21.53, 36.67, 86.53, 9.07, 26.2, 16.6, 24.0, 11.6, 42.73, 22.0, 9.8, 4.2, 14.33, 20.6
20, 2013-12-06, Home, UTA, W, W, -11, O, 199.5, 0, 0, 105.0, 98.33, 38.6, 85.07, 9.27, 22.53, 18.53, 22.4, 12.67, 45.87, 22.47, 6.2, 4.07, 13.8, 18.53, 37.47, 84.73, 5.8, 17.07, 17.6, 21.87, 11.0, 41.33, 18.33, 7.87, 3.33, 12.6, 21.2, 91.6, 100.53, 34.73, 79.67, 6.4, 18.0, 15.73, 21.33, 10.73, 38.73, 20.0, 7.33, 4.2, 14.87, 21.2, 37.8, 78.6, 6.53, 18.2, 18.4, 24.13, 10.73, 42.8, 20.07, 7.67, 4.67, 13.6, 21.33
21, 2013-12-07, Home, DAL, L, L, -5.5, O, 208, 0, 1, 106.73, 98.8, 39.07, 85.27, 9.73, 22.53, 18.87, 22.8, 13.07, 46.07, 22.33, 6.53, 4.07, 14.07, 18.47, 37.67, 85.2, 5.67, 16.33, 17.8, 22.13, 11.67, 41.87, 18.13, 8.27, 3.47, 12.93, 21.07, 101.33, 100.07, 38.2, 82.67, 8.6, 22.73, 16.33, 20.33, 9.67, 40.33, 22.13, 8.67, 4.73, 13.93, 20.53, 36.53, 79.73, 7.6, 21.6, 19.4, 26.13, 10.73, 43.4, 21.67, 8.33, 3.67, 15.4, 18.4
22, 2013-12-09, Away, UTA, W, W, -7, U, 203.5, 0, 0, 107.4, 100.33, 39.27, 85.6, 9.73, 23.2, 19.13, 22.93, 12.93, 45.93, 22.13, 6.4, 4.13, 14.33, 18.2, 38.33, 85.8, 6.0, 16.6, 17.67, 21.93, 11.6, 42.07, 18.73, 8.27, 3.53, 13.07, 21.13, 94.0, 102.53, 35.8, 81.0, 6.53, 17.47, 15.87, 21.33, 10.8, 39.53, 19.93, 7.47, 4.4, 14.93, 21.8, 38.27, 80.07, 7.0, 18.53, 19.0, 24.67, 11.13, 43.53, 20.27, 7.67, 4.8, 13.53, 21.27
23, 2013-12-12, Home, HOU, W, W, -2, O, 213, 0, 0, 107.13, 99.73, 39.13, 85.8, 9.4, 22.93, 19.47, 23.27, 12.8, 45.93, 22.13, 6.33, 4.4, 14.07, 18.4, 37.93, 85.2, 5.87, 16.13, 18.0, 22.07, 11.13, 42.13, 18.27, 8.0, 3.73, 13.33, 21.27, 108.33, 100.07, 38.13, 79.8, 10.93, 28.8, 21.13, 30.07, 11.53, 47.8, 22.2, 7.93, 7.4, 16.73, 20.73, 37.53, 89.2, 7.93, 22.07, 17.07, 22.8, 12.4, 40.8, 19.67, 9.73, 5.27, 13.47, 23.73
24, 2013-12-14, Away, PHI, W, W, -10.5, O, 211.5, 1, 0, 108.53, 100.73, 39.4, 86.13, 9.53, 23.73, 20.2, 23.73, 12.87, 46.0, 22.6, 6.27, 4.67, 13.93, 18.87, 38.13, 85.73, 5.87, 16.47, 18.6, 22.8, 11.47, 42.6, 18.27, 8.0, 4.07, 12.93, 21.4, 99.53, 109.87, 38.47, 87.73, 6.8, 22.4, 15.8, 22.6, 12.33, 45.8, 21.67, 8.13, 4.2, 17.87, 22.6, 40.47, 86.13, 8.0, 24.27, 20.93, 28.07, 10.8, 45.27, 25.47, 9.2, 6.93, 14.87, 20.47
25, 2013-12-15, Away, DET, W, L, -3.5, O, 208, 0, 1, 110.53, 101.33, 40.2, 86.87, 10.33, 24.47, 19.8, 23.6, 13.33, 45.93, 23.93, 6.27, 5.07, 13.93, 18.6, 38.27, 86.13, 6.0, 16.27, 18.8, 23.27, 11.8, 42.53, 18.87, 8.07, 4.13, 12.87, 21.0, 99.07, 98.8, 38.0, 84.0, 6.33, 18.87, 16.73, 25.33, 13.47, 45.53, 20.13, 8.8, 5.07, 15.27, 20.4, 36.47, 80.8, 8.6, 23.27, 17.27, 22.27, 10.0, 40.53, 22.67, 9.33, 4.8, 16.07, 19.87
26, 2013-12-17, Away, CLE, W, L, -4.5, O, 205, 0, 0, 110.07, 101.27, 40.0, 86.87, 9.8, 24.07, 20.27, 24.0, 13.33, 46.0, 23.87, 6.53, 4.87, 13.6, 18.33, 38.4, 86.13, 6.0, 16.13, 18.47, 23.0, 12.0, 42.67, 19.0, 8.0, 4.27, 12.73, 20.93, 95.47, 100.73, 36.2, 82.93, 6.8, 19.27, 16.27, 21.67, 11.4, 43.67, 18.53, 6.6, 3.6, 14.47, 17.93, 38.4, 83.67, 8.4, 23.13, 15.53, 20.33, 10.47, 43.33, 26.33, 7.73, 5.8, 13.27, 19.27
27, 2013-12-18, Away, MIN, L, L, 3, O, 213.5, 0, 1, 110.8, 102.47, 40.0, 87.93, 10.27, 25.07, 20.53, 24.27, 13.93, 46.67, 24.33, 6.33, 4.87, 13.6, 17.73, 39.53, 87.27, 6.4, 16.4, 17.0, 21.73, 11.93, 42.93, 19.93, 7.8, 4.07, 12.67, 20.87, 102.8, 101.87, 36.6, 89.2, 8.2, 24.87, 21.4, 27.13, 14.53, 45.47, 21.53, 9.13, 2.8, 12.67, 15.93, 40.67, 83.13, 8.07, 20.13, 12.47, 16.8, 9.53, 43.67, 22.2, 7.6, 5.67, 16.8, 22.73
28, 2013-12-21, Home, NOP, W, L, -8, O, 213, 0, 0, 112.0, 105.0, 40.33, 88.47, 10.47, 25.67, 20.87, 24.53, 13.53, 46.67, 23.87, 6.0, 4.8, 13.4, 18.6, 40.27, 88.13, 6.53, 16.73, 17.93, 22.67, 11.93, 43.67, 20.53, 7.93, 3.8, 12.07, 20.87, 105.4, 104.6, 40.0, 88.53, 7.4, 20.2, 18.0, 24.0, 14.33, 45.07, 23.33, 8.67, 6.27, 12.67, 21.0, 39.33, 84.93, 8.27, 23.53, 17.67, 24.47, 11.53, 44.4, 23.8, 7.2, 6.07, 14.13, 20.4
29, 2013-12-26, Home, LAC, W, L, -4.5, O, 214, 1, 0, 112.8, 105.8, 40.8, 89.13, 10.2, 25.87, 21.0, 24.73, 14.0, 47.07, 24.0, 5.47, 4.8, 13.07, 18.8, 41.07, 88.87, 6.6, 16.93, 17.07, 22.0, 11.87, 43.4, 21.27, 7.73, 3.93, 11.87, 21.13, 102.07, 95.2, 36.07, 80.27, 7.33, 23.67, 22.6, 30.73, 9.53, 42.27, 21.47, 7.87, 4.73, 13.0, 19.93, 36.27, 85.33, 6.07, 20.33, 16.6, 22.0, 12.6, 45.67, 22.13, 6.2, 3.0, 15.2, 24.87
30, 2013-12-28, Home, MIA, L, L, -7, O, 207.5, 1, 0, 113.0, 106.53, 41.13, 89.8, 10.4, 26.87, 20.33, 23.87, 14.13, 47.93, 24.13, 5.07, 4.33, 13.13, 18.0, 41.93, 91.07, 6.67, 17.13, 16.0, 20.8, 12.33, 43.87, 21.53, 8.2, 4.0, 10.93, 20.53, 102.67, 97.73, 39.4, 77.8, 7.6, 22.93, 16.27, 21.93, 6.47, 37.47, 23.13, 10.27, 5.2, 14.8, 20.73, 35.67, 79.2, 7.93, 22.53, 18.47, 26.13, 11.13, 42.6, 19.2, 8.13, 2.6, 17.2, 19.67
31, 2013-12-30, Away, NOP, L, L, -2, O, 210.5, 0, 0, 113.33, 107.67, 41.27, 89.33, 10.53, 26.93, 20.27, 23.8, 13.93, 47.6, 25.0, 5.27, 4.4, 13.73, 17.8, 42.4, 91.27, 6.8, 17.07, 16.07, 20.6, 12.13, 43.33, 21.53, 8.73, 3.87, 11.13, 20.27, 104.47, 104.47, 40.2, 89.13, 8.0, 20.53, 16.07, 21.07, 14.2, 45.4, 24.07, 8.07, 4.67, 12.73, 21.67, 38.53, 85.4, 7.93, 23.8, 19.47, 26.47, 13.13, 45.73, 23.0, 6.8, 5.87, 13.53, 19.0
32, 2013-12-31, Away, OKC, W, W, 6, U, 214, 0, 1, 113.47, 107.0, 41.27, 89.47, 10.87, 27.8, 20.07, 23.8, 13.6, 47.53, 25.27, 5.33, 4.87, 13.53, 17.33, 42.8, 91.8, 6.27, 16.2, 15.13, 19.53, 11.87, 43.6, 21.33, 8.47, 4.27, 11.07, 20.07, 108.0, 95.93, 40.47, 83.4, 7.6, 20.2, 19.47, 23.47, 10.27, 47.4, 23.2, 7.87, 6.6, 14.67, 22.8, 34.6, 85.93, 7.27, 22.67, 19.47, 26.33, 11.8, 41.0, 20.47, 7.6, 3.93, 12.8, 19.47
33, 2014-01-02, Home, CHA, W, W, -11.5, O, 200, 1, 0, 112.4, 106.07, 41.13, 89.73, 10.8, 28.47, 19.33, 22.93, 13.27, 46.93, 25.13, 5.27, 5.0, 13.13, 17.53, 42.53, 91.47, 5.8, 15.27, 15.2, 19.73, 11.93, 44.33, 20.67, 8.13, 4.07, 11.13, 20.0, 96.07, 97.47, 36.93, 85.87, 5.73, 16.47, 16.47, 21.53, 9.53, 44.53, 20.87, 6.4, 5.4, 11.4, 17.93, 36.87, 85.93, 8.8, 25.13, 14.93, 19.07, 10.47, 47.0, 21.33, 6.2, 5.8, 13.0, 19.4
34, 2014-01-04, Home, PHI, L, L, -12.5, U, 223.5, 0, 0, 114.27, 106.2, 42.33, 90.87, 11.87, 29.8, 17.73, 21.2, 13.67, 47.73, 26.27, 5.6, 4.87, 13.2, 17.87, 42.2, 90.87, 5.67, 14.87, 16.13, 21.0, 11.73, 43.53, 20.0, 8.2, 4.07, 10.73, 18.8, 103.53, 112.4, 39.73, 90.4, 7.67, 23.4, 16.4, 22.0, 12.27, 45.13, 23.07, 9.2, 4.27, 17.07, 23.53, 40.4, 87.2, 9.73, 27.8, 21.87, 29.47, 12.6, 47.33, 25.8, 8.73, 6.0, 16.2, 20.33
35, 2014-01-07, Away, SAC, L, L, -5, O, 215, 0, 0, 113.47, 106.0, 41.8, 90.93, 11.53, 29.73, 18.33, 22.07, 13.87, 48.53, 26.53, 5.6, 5.0, 13.67, 18.13, 42.27, 90.8, 5.6, 15.07, 15.87, 21.0, 11.27, 43.53, 20.47, 8.53, 3.8, 10.8, 18.93, 104.6, 108.6, 38.2, 83.07, 6.2, 18.2, 22.0, 28.67, 12.0, 44.27, 19.13, 7.73, 4.33, 15.73, 22.33, 40.93, 84.8, 8.93, 22.67, 17.8, 24.33, 10.27, 42.13, 24.4, 9.07, 5.93, 14.07, 23.73
36, 2014-01-08, Home, ORL, W, W, -12.5, U, 206.5, 0, 1, 112.73, 107.67, 41.33, 91.4, 11.07, 30.0, 19.0, 22.87, 13.67, 48.6, 26.4, 5.2, 5.07, 13.33, 19.47, 42.33, 90.27, 5.8, 15.33, 17.2, 23.07, 10.87, 44.13, 20.67, 8.0, 3.8, 10.27, 19.13, 92.07, 96.47, 35.07, 84.07, 7.07, 21.33, 14.87, 20.2, 10.27, 44.93, 19.07, 7.27, 4.6, 12.73, 19.93, 36.2, 84.13, 7.93, 22.67, 16.13, 21.87, 11.13, 47.67, 21.0, 6.2, 6.0, 13.07, 18.87
37, 2014-01-11, Home, BOS, W, L, -12, O, 210, 1, 0, 113.0, 106.73, 41.73, 91.93, 11.07, 30.0, 18.47, 22.13, 13.27, 48.4, 26.73, 5.33, 5.47, 12.73, 19.67, 41.47, 90.0, 5.73, 15.6, 18.07, 24.13, 11.07, 44.53, 20.33, 7.87, 3.73, 10.07, 18.53, 94.87, 102.73, 35.73, 82.8, 6.47, 19.73, 16.93, 22.4, 10.87, 42.8, 20.6, 6.0, 4.53, 14.67, 22.73, 37.87, 83.33, 7.27, 21.33, 19.73, 26.6, 11.6, 44.2, 23.27, 7.53, 4.2, 12.67, 19.07
38, 2014-01-15, Home, CLE, W, W, -10.5, U, 211.5, 1, 0, 113.47, 107.4, 41.73, 92.47, 11.33, 30.13, 18.67, 22.53, 13.87, 48.73, 27.13, 5.13, 5.27, 12.73, 19.33, 42.0, 90.87, 5.93, 16.07, 17.47, 23.73, 11.67, 44.73, 21.13, 8.0, 3.67, 9.87, 19.0, 98.8, 104.2, 37.33, 87.93, 8.0, 19.93, 16.13, 21.8, 12.4, 45.87, 20.53, 6.27, 4.53, 13.33, 21.0, 38.6, 85.27, 9.6, 26.27, 17.4, 23.07, 10.67, 44.4, 24.67, 6.73, 6.27, 13.87, 19.67
39, 2014-01-17, Away, SAS, W, W, 5.5, U, 213, 0, 0, 113.27, 106.87, 41.93, 92.4, 11.53, 30.13, 17.87, 21.67, 13.6, 48.47, 27.47, 5.27, 5.0, 12.87, 18.8, 41.93, 90.53, 6.0, 16.27, 17.0, 23.33, 11.33, 44.33, 21.2, 7.87, 3.4, 10.13, 18.87, 107.73, 100.67, 40.33, 82.27, 8.0, 20.13, 19.07, 23.8, 9.73, 43.4, 25.53, 7.0, 5.4, 13.87, 17.2, 39.87, 86.87, 6.93, 17.87, 14.0, 18.67, 11.13, 41.47, 21.07, 7.8, 5.0, 12.6, 21.27
40, 2014-01-18, Away, DAL, W, W, -2, O, 215.5, 1, 1, 111.27, 106.53, 41.2, 91.93, 10.67, 28.73, 18.2, 21.67, 13.13, 48.53, 26.13, 4.87, 4.73, 12.4, 19.27, 41.87, 90.33, 5.93, 16.6, 16.87, 22.93, 11.2, 44.87, 20.87, 7.73, 3.27, 10.0, 19.0, 104.73, 102.87, 40.33, 83.33, 8.87, 23.4, 15.2, 19.73, 9.4, 38.47, 24.6, 9.93, 4.2, 12.07, 19.6, 37.47, 79.73, 7.93, 21.47, 20.0, 25.0, 11.6, 43.67, 21.33, 6.93, 3.33, 15.8, 18.67
41, 2014-01-20, Away, HOU, L, L, 2, O, 218, 0, 0, 112.33, 106.67, 41.53, 91.33, 10.8, 28.73, 18.47, 21.8, 13.07, 49.07, 26.27, 4.67, 4.8, 12.73, 19.2, 41.73, 90.07, 6.2, 16.8, 17.0, 22.8, 10.27, 43.33, 20.6, 7.73, 3.13, 9.6, 19.07, 103.33, 100.8, 36.93, 78.0, 7.67, 23.73, 21.8, 32.07, 10.27, 43.67, 19.8, 6.07, 5.53, 13.33, 18.93, 38.73, 87.33, 7.13, 21.47, 16.2, 21.27, 12.53, 43.6, 21.8, 8.07, 5.8, 12.07, 24.67
42, 2014-01-21, Away, OKC, L, L, 6.5, U, 215, 0, 1, 111.93, 107.33, 41.73, 91.67, 10.33, 28.2, 18.13, 21.6, 12.8, 47.8, 25.93, 5.33, 4.67, 12.53, 19.67, 41.53, 89.0, 6.67, 17.87, 17.6, 23.33, 10.53, 43.87, 20.67, 7.67, 3.27, 10.4, 19.13, 104.27, 97.53, 37.53, 81.87, 7.87, 23.0, 21.33, 26.6, 11.2, 45.67, 20.67, 8.07, 5.53, 14.53, 23.0, 35.33, 82.73, 9.07, 24.4, 17.8, 25.13, 10.6, 40.93, 20.6, 7.0, 3.6, 13.87, 22.4
43, 2014-01-23, Home, DEN, W, L, -6.5, U, 221, 0, 0, 111.13, 106.33, 41.73, 91.13, 9.87, 26.8, 17.8, 21.4, 13.0, 47.8, 26.2, 5.27, 4.73, 12.27, 18.67, 41.27, 88.6, 6.87, 17.6, 16.93, 22.73, 10.73, 43.33, 19.93, 7.33, 3.73, 10.2, 18.8, 106.13, 107.2, 38.67, 84.87, 9.4, 25.93, 19.4, 25.87, 11.8, 45.0, 22.73, 7.27, 5.8, 14.47, 23.53, 39.53, 85.47, 7.4, 20.93, 20.73, 28.27, 11.07, 43.0, 22.53, 7.93, 5.07, 12.93, 20.6
44, 2014-01-25, Home, MIN, W, W, -7, P, 219, 1, 0, 111.13, 106.2, 41.4, 90.47, 9.6, 26.07, 18.73, 22.47, 12.93, 47.47, 26.6, 5.53, 4.93, 12.4, 18.67, 40.93, 87.6, 7.13, 18.0, 17.2, 22.8, 10.13, 42.47, 20.27, 7.33, 3.93, 10.73, 19.4, 109.87, 101.93, 40.87, 88.47, 7.53, 20.13, 20.6, 27.4, 12.93, 46.4, 24.8, 9.07, 3.73, 12.87, 18.33, 39.67, 84.27, 7.53, 21.27, 15.07, 19.13, 9.8, 41.67, 23.4, 8.0, 5.4, 15.33, 23.13
45, 2014-01-26, Away, GSW, L, L, 5.5, U, 215.5, 0, 1, 111.07, 105.67, 41.67, 90.4, 9.0, 24.73, 18.73, 22.6, 12.8, 46.8, 26.4, 5.87, 5.13, 12.13, 19.53, 40.2, 86.2, 7.2, 18.13, 18.07, 23.47, 9.87, 41.93, 20.27, 6.93, 3.93, 11.07, 19.4, 106.93, 101.53, 40.8, 86.67, 9.4, 26.33, 15.93, 21.6, 11.4, 46.0, 24.73, 7.6, 5.27, 15.4, 21.93, 38.2, 84.6, 6.93, 19.73, 18.2, 23.2, 10.53, 42.0, 20.2, 8.8, 4.67, 14.4, 20.2
46, 2014-01-28, Home, MEM, L, L, -5, U, 198, 0, 0, 109.8, 105.33, 40.93, 90.8, 8.67, 24.4, 19.27, 23.4, 13.13, 47.67, 25.33, 5.67, 5.13, 11.93, 20.0, 39.73, 86.4, 7.33, 18.87, 18.53, 24.13, 10.07, 42.93, 20.13, 6.6, 4.13, 10.87, 19.93, 98.93, 93.8, 38.93, 84.67, 5.33, 15.07, 15.73, 21.73, 13.33, 45.27, 21.87, 7.4, 5.53, 11.93, 20.2, 34.67, 79.87, 7.53, 22.53, 16.93, 22.73, 10.2, 39.67, 19.53, 6.6, 5.4, 13.73, 19.53
47, 2014-02-01, Home, TOR, W, L, -7.5, O, 205.5, 1, 0, 108.0, 104.53, 40.33, 90.73, 8.13, 23.87, 19.2, 23.27, 13.27, 47.8, 24.87, 5.6, 4.67, 12.13, 19.93, 39.4, 86.0, 7.6, 19.0, 18.13, 23.8, 10.07, 42.87, 20.47, 6.87, 3.6, 11.13, 20.0, 99.67, 94.93, 36.13, 81.87, 9.8, 24.87, 17.6, 23.2, 12.0, 45.13, 23.27, 6.73, 4.2, 13.13, 22.4, 34.8, 79.87, 6.87, 18.73, 18.47, 24.13, 10.07, 41.67, 20.53, 7.33, 4.27, 13.07, 19.93
48, 2014-02-03, Away, WAS, L, L, -1, U, 208, 0, 0, 108.53, 105.13, 40.27, 89.73, 8.13, 22.87, 19.87, 24.2, 13.33, 47.73, 24.47, 5.6, 4.67, 12.67, 20.07, 39.67, 86.33, 7.8, 19.4, 18.0, 23.73, 10.0, 41.93, 21.27, 6.8, 3.53, 11.27, 20.67, 99.27, 97.0, 38.53, 84.53, 6.8, 19.13, 15.4, 22.33, 10.4, 44.07, 23.53, 8.47, 5.33, 13.8, 22.2, 35.6, 79.07, 7.2, 20.73, 18.6, 25.4, 8.4, 41.8, 20.53, 7.47, 3.8, 15.8, 19.87
49, 2014-02-05, Away, NYK, W, W, -2.5, U, 206.5, 0, 0, 105.6, 104.87, 39.13, 88.93, 7.07, 21.93, 20.27, 24.53, 13.0, 47.27, 23.73, 5.27, 5.0, 12.73, 19.53, 39.87, 86.67, 7.8, 19.47, 17.33, 22.8, 9.93, 42.53, 21.73, 6.8, 3.6, 11.07, 21.07, 100.93, 99.47, 37.4, 80.73, 9.6, 24.27, 16.53, 22.93, 10.93, 42.67, 20.07, 5.8, 5.0, 12.93, 21.8, 36.47, 80.27, 8.2, 22.73, 18.33, 23.87, 9.8, 41.07, 20.27, 6.73, 3.13, 12.0, 21.13
50, 2014-02-07, Away, IND, L, W, 6, O, 197, 0, 0, 105.27, 104.13, 38.73, 87.6, 7.4, 21.87, 20.4, 24.73, 12.53, 46.6, 23.13, 5.13, 4.73, 12.47, 19.27, 39.6, 86.8, 7.8, 19.93, 17.13, 22.53, 10.53, 42.87, 21.73, 6.53, 3.73, 10.73, 21.0, 100.07, 93.8, 38.0, 84.53, 5.93, 18.2, 18.13, 23.67, 12.07, 49.07, 20.13, 6.0, 4.73, 13.87, 20.6, 35.4, 84.73, 7.2, 20.73, 15.8, 21.87, 9.27, 40.93, 18.93, 6.67, 4.13, 13.0, 21.8
51, 2014-02-08, Away, MIN, W, W, -4, O, 205, 1, 1, 104.87, 103.8, 39.13, 88.53, 7.2, 21.4, 19.4, 23.67, 12.47, 46.33, 22.93, 5.13, 4.67, 12.27, 18.6, 39.73, 87.27, 7.67, 19.8, 16.67, 21.53, 10.47, 42.73, 21.87, 6.6, 4.13, 11.0, 20.67, 101.33, 99.0, 37.53, 84.4, 6.4, 19.07, 19.87, 25.93, 10.87, 45.13, 22.8, 7.8, 4.8, 12.73, 18.93, 38.2, 83.47, 7.27, 19.4, 15.33, 19.4, 9.93, 42.8, 22.73, 7.53, 6.0, 13.8, 22.67
52, 2014-02-11, Home, OKC, L, L, 1, U, 211, 0, 0, 105.33, 104.87, 38.8, 87.73, 7.13, 20.93, 20.6, 25.33, 12.4, 46.33, 23.0, 5.2, 4.53, 12.67, 19.53, 40.2, 88.2, 7.53, 19.6, 16.93, 22.0, 10.93, 43.27, 21.6, 6.67, 4.33, 11.2, 21.53, 105.93, 96.93, 40.87, 80.33, 8.47, 21.33, 15.73, 20.87, 11.07, 41.8, 22.4, 8.47, 6.27, 15.07, 20.0, 37.07, 81.0, 7.67, 22.47, 15.13, 20.73, 11.13, 37.0, 22.13, 8.13, 3.33, 14.33, 18.4
53, 2014-02-12, Away, LAC, L, W, 9, O, 217.5, 0, 1, 104.2, 104.47, 38.27, 87.2, 6.93, 21.07, 20.73, 25.4, 11.93, 45.87, 22.2, 5.53, 4.53, 13.07, 19.53, 39.93, 87.4, 7.73, 19.6, 16.87, 21.67, 10.27, 43.13, 20.87, 6.67, 4.27, 11.67, 21.53, 110.47, 102.73, 39.13, 79.87, 8.73, 23.4, 23.47, 31.93, 10.87, 42.8, 24.8, 7.27, 3.93, 13.6, 21.13, 37.87, 85.87, 7.07, 22.8, 19.93, 26.6, 14.27, 43.47, 23.4, 7.27, 3.6, 12.67, 24.0
54, 2014-02-19, Home, SAS, L, L, -2.5, O, 209.5, 1, 0, 104.8, 106.2, 38.33, 86.93, 7.07, 21.33, 21.07, 25.73, 11.8, 44.8, 22.13, 5.27, 4.47, 13.07, 20.53, 40.4, 86.73, 7.6, 18.73, 17.8, 22.53, 9.93, 42.53, 21.33, 6.93, 4.27, 11.4, 21.47, 101.93, 100.0, 38.87, 80.27, 7.67, 20.13, 16.53, 21.27, 8.4, 40.93, 23.4, 6.73, 5.6, 14.87, 19.8, 38.33, 84.07, 5.73, 16.27, 17.6, 24.0, 11.4, 42.87, 20.53, 8.07, 5.27, 12.53, 20.53
55, 2014-02-21, Home, UTA, W, L, -8.5, U, 201, 0, 0, 104.8, 106.93, 38.4, 87.4, 7.0, 21.73, 21.0, 26.07, 12.13, 44.67, 21.93, 5.47, 4.53, 13.27, 20.33, 40.73, 87.0, 7.67, 19.0, 17.8, 22.6, 10.07, 42.47, 21.0, 7.07, 4.4, 11.53, 21.67, 96.2, 98.53, 35.8, 80.27, 7.07, 20.47, 17.53, 23.47, 10.4, 43.53, 19.53, 6.4, 3.67, 13.0, 20.67, 36.73, 82.2, 6.67, 19.73, 18.4, 24.73, 10.67, 42.27, 21.33, 7.27, 4.07, 10.4, 20.6
56, 2014-02-23, Home, MIN, W, W, -3.5, U, 214.5, 1, 0, 103.13, 105.8, 37.93, 87.47, 6.87, 21.33, 20.4, 25.33, 12.0, 44.0, 21.27, 5.4, 4.87, 13.0, 20.27, 40.4, 86.47, 7.6, 18.67, 17.4, 22.13, 10.4, 43.13, 21.33, 7.27, 4.53, 11.93, 21.33, 104.07, 101.4, 38.0, 84.6, 7.0, 20.33, 21.07, 27.4, 10.4, 44.67, 23.6, 7.53, 4.73, 12.93, 19.73, 38.53, 85.07, 7.07, 20.87, 17.27, 21.93, 10.47, 43.6, 22.33, 7.8, 5.73, 14.07, 24.4
57, 2014-02-25, Away, DEN, W, W, -2.5, U, 214, 0, 0, 102.8, 103.87, 37.67, 86.53, 7.2, 21.53, 20.27, 24.93, 11.87, 44.6, 21.13, 4.87, 5.13, 13.07, 20.27, 39.87, 87.0, 7.13, 18.33, 17.0, 21.87, 10.67, 42.87, 20.73, 7.27, 4.47, 11.67, 21.53, 100.93, 109.73, 36.93, 85.13, 8.8, 24.0, 18.27, 26.27, 11.73, 43.33, 20.93, 7.2, 5.53, 16.73, 23.6, 40.2, 85.67, 6.93, 19.2, 22.4, 28.67, 11.2, 45.13, 23.47, 9.33, 5.27, 14.27, 22.13
58, 2014-02-26, Home, BRK, W, W, -1.5, U, 206.5, 0, 1, 103.0, 103.2, 36.87, 85.87, 7.53, 22.33, 21.73, 26.4, 11.47, 44.33, 20.73, 5.13, 5.6, 13.33, 20.87, 39.53, 88.07, 6.73, 18.67, 17.4, 22.47, 11.47, 44.13, 20.93, 7.53, 4.27, 12.2, 22.27, 97.73, 96.93, 35.73, 77.93, 8.53, 24.33, 17.73, 23.13, 7.47, 36.2, 21.2, 9.73, 4.2, 13.6, 20.93, 35.67, 77.67, 7.13, 19.67, 18.47, 24.13, 11.13, 43.4, 20.93, 7.6, 4.33, 16.53, 19.8
59, 2014-03-01, Home, DEN, W, L, -12, U, 216.5, 0, 0, 103.93, 101.53, 37.4, 85.73, 8.13, 23.2, 21.0, 25.53, 11.27, 45.2, 20.73, 5.07, 5.6, 13.47, 20.47, 39.07, 88.2, 6.33, 18.6, 17.07, 22.27, 11.47, 43.73, 20.33, 7.73, 3.93, 11.73, 21.47, 98.93, 110.13, 36.13, 86.6, 8.27, 23.93, 18.4, 26.4, 13.73, 45.27, 19.6, 7.2, 5.47, 17.13, 23.33, 39.67, 84.47, 7.8, 21.33, 23.0, 29.07, 10.47, 44.67, 22.73, 9.87, 5.87, 14.47, 22.0
60, 2014-03-03, Home, LAL, L, L, -12, U, 222.5, 0, 0, 103.07, 101.0, 36.8, 84.8, 8.2, 23.93, 21.27, 25.53, 11.0, 45.33, 20.33, 5.0, 5.47, 13.6, 20.67, 38.73, 87.8, 6.2, 18.67, 17.33, 23.13, 11.6, 43.73, 20.07, 7.67, 3.73, 11.8, 21.6, 102.07, 107.73, 39.07, 83.27, 9.87, 23.73, 14.07, 19.27, 6.93, 39.4, 25.53, 7.4, 6.13, 14.93, 19.93, 41.2, 90.93, 7.67, 22.2, 17.67, 25.13, 14.53, 50.27, 25.0, 10.0, 4.33, 13.0, 18.4
61, 2014-03-05, Home, ATL, W, W, -9.5, U, 218.5, 0, 0, 104.27, 101.27, 37.8, 85.67, 8.4, 24.47, 20.27, 24.6, 11.53, 45.27, 20.73, 5.33, 5.4, 14.0, 20.27, 39.07, 88.0, 6.07, 18.2, 17.07, 22.73, 11.73, 43.27, 20.53, 7.93, 3.8, 12.27, 21.47, 101.27, 105.73, 37.27, 80.87, 10.4, 24.6, 16.33, 21.33, 8.87, 39.47, 24.67, 8.07, 3.73, 14.87, 19.2, 39.93, 85.6, 8.6, 21.67, 17.27, 22.4, 11.67, 43.93, 24.2, 8.53, 4.6, 13.27, 18.4
62, 2014-03-07, Away, DAL, L, L, 2.5, U, 215, 0, 0, 105.67, 99.93, 38.13, 85.13, 9.0, 24.8, 20.4, 24.53, 11.2, 46.13, 21.07, 5.33, 5.4, 14.27, 20.87, 38.13, 88.33, 5.93, 19.13, 17.73, 23.33, 11.67, 42.67, 20.27, 7.6, 3.8, 11.93, 21.27, 105.6, 101.33, 39.93, 83.53, 8.67, 22.47, 17.07, 20.93, 11.07, 41.47, 24.73, 8.0, 4.33, 11.73, 19.27, 37.47, 79.47, 8.87, 23.73, 17.53, 23.27, 9.87, 38.93, 24.33, 6.87, 4.47, 14.07, 19.93
63, 2014-03-09, Away, HOU, L, W, 6.5, O, 214, 0, 0, 105.13, 99.93, 38.33, 85.6, 8.93, 25.33, 19.53, 23.6, 11.4, 46.6, 20.87, 5.33, 5.6, 14.6, 21.2, 37.93, 87.8, 5.8, 18.67, 18.27, 23.93, 11.67, 42.67, 19.6, 8.13, 3.87, 11.73, 20.73, 111.53, 101.67, 40.2, 80.53, 9.67, 24.67, 21.47, 29.27, 11.2, 45.33, 23.27, 7.67, 4.67, 16.93, 19.6, 39.13, 88.07, 7.8, 23.27, 15.6, 19.8, 11.47, 38.6, 21.93, 9.8, 5.0, 14.07, 23.47
64, 2014-03-11, Away, MEM, L, L, 3, O, 196, 0, 0, 106.67, 101.13, 38.47, 86.6, 9.2, 25.73, 20.53, 25.0, 12.4, 47.33, 20.93, 5.6, 5.8, 14.87, 22.33, 38.0, 88.13, 5.93, 19.47, 19.2, 25.47, 12.2, 43.27, 19.0, 8.47, 4.0, 12.2, 21.47, 96.67, 94.2, 38.33, 80.6, 5.33, 13.73, 14.67, 19.33, 9.73, 40.53, 22.33, 8.53, 5.33, 13.47, 18.93, 35.4, 79.73, 8.07, 20.87, 15.33, 20.33, 9.67, 38.8, 19.6, 6.73, 5.13, 13.67, 18.4
65, 2014-03-12, Away, SAS, L, L, 7.5, U, 210.5, 1, 1, 107.0, 102.4, 38.8, 87.07, 9.13, 25.47, 20.27, 24.73, 12.67, 46.73, 21.0, 5.47, 5.6, 14.47, 22.67, 38.73, 87.73, 6.07, 18.87, 18.87, 25.0, 11.8, 42.8, 19.6, 8.4, 3.93, 12.33, 21.07, 107.53, 102.27, 39.73, 82.6, 8.67, 22.27, 19.4, 22.93, 8.53, 42.87, 25.4, 6.87, 5.53, 15.27, 18.53, 40.07, 87.67, 5.87, 17.27, 16.27, 21.6, 11.27, 42.33, 22.27, 8.8, 4.47, 12.87, 20.2
66, 2014-03-14, Away, NOP, W, W, -2, O, 201, 0, 0, 105.47, 101.4, 37.93, 85.67, 8.93, 25.53, 20.67, 25.4, 12.73, 46.8, 20.47, 5.47, 5.4, 14.4, 22.0, 38.47, 87.47, 6.47, 19.6, 18.0, 24.13, 12.07, 43.4, 19.53, 8.47, 3.47, 12.33, 21.13, 97.73, 103.87, 36.67, 80.0, 6.27, 17.47, 18.13, 23.93, 10.8, 39.87, 20.67, 7.4, 5.8, 13.8, 23.93, 37.73, 78.47, 7.33, 20.4, 21.07, 28.0, 10.8, 40.33, 23.27, 7.13, 5.6, 13.73, 20.47
67, 2014-03-16, Home, GSW, L, W, 2, O, 206.5, 0, 0, 105.07, 100.93, 37.8, 85.33, 9.33, 26.2, 20.13, 24.67, 12.47, 46.13, 20.13, 5.2, 5.33, 14.6, 21.27, 38.53, 86.73, 6.33, 19.2, 17.53, 23.27, 11.47, 43.0, 19.87, 8.47, 3.33, 12.2, 20.93, 103.13, 98.73, 39.0, 85.27, 8.6, 23.73, 16.53, 21.67, 10.33, 42.93, 24.6, 8.27, 5.07, 13.07, 21.4, 36.6, 84.47, 7.0, 21.27, 18.53, 23.87, 11.07, 44.2, 20.47, 6.87, 4.53, 14.33, 20.4
68, 2014-03-18, Home, MIL, W, L, -12.5, O, 206, 0, 0, 106.2, 101.93, 38.13, 85.53, 9.67, 26.53, 20.27, 24.87, 12.4, 46.53, 20.67, 5.07, 5.4, 14.27, 21.4, 38.67, 87.07, 6.6, 20.27, 18.0, 23.93, 11.47, 42.8, 20.07, 8.4, 3.6, 11.93, 21.4, 102.27, 105.8, 37.87, 82.73, 6.93, 19.0, 19.6, 25.6, 13.33, 41.2, 22.53, 6.33, 3.87, 12.27, 20.73, 39.47, 79.87, 8.8, 21.33, 18.07, 24.4, 11.2, 39.6, 23.07, 7.0, 5.4, 13.4, 21.4
69, 2014-03-20, Home, WAS, W, W, -5.5, O, 206, 0, 0, 106.4, 101.47, 38.07, 86.4, 9.6, 27.07, 20.67, 25.2, 12.53, 47.53, 20.6, 5.33, 5.6, 14.27, 21.07, 38.6, 88.33, 6.87, 20.73, 17.4, 23.6, 11.93, 44.13, 20.33, 8.2, 3.67, 12.67, 22.13, 105.47, 102.07, 40.53, 85.87, 9.0, 22.13, 15.4, 21.13, 11.8, 42.47, 24.2, 6.8, 4.27, 13.47, 20.47, 38.53, 82.2, 6.87, 19.67, 18.13, 23.2, 9.87, 41.6, 21.2, 7.07, 3.87, 14.73, 20.73
70, 2014-03-22, Away, CHA, L, L, 1, O, 203.5, 0, 0, 106.87, 100.93, 38.0, 85.6, 10.07, 27.93, 20.8, 25.2, 12.4, 47.4, 21.53, 5.27, 5.33, 13.93, 20.93, 38.27, 88.47, 7.07, 20.93, 17.33, 23.33, 12.33, 44.33, 20.93, 7.93, 3.67, 12.47, 22.2, 98.4, 97.67, 36.8, 81.73, 7.33, 20.93, 17.47, 22.4, 9.87, 42.27, 22.4, 5.87, 5.87, 11.87, 18.2, 37.27, 82.33, 8.2, 21.0, 14.93, 19.93, 8.93, 40.67, 20.13, 5.73, 4.47, 12.4, 20.27
71, 2014-03-24, Away, MIA, L, W, 6.5, U, 208, 0, 0, 106.33, 102.93, 37.67, 85.13, 10.2, 28.4, 20.8, 25.53, 12.13, 46.8, 21.6, 5.2, 4.93, 13.8, 20.87, 39.07, 89.27, 7.2, 21.33, 17.6, 23.4, 12.53, 45.0, 21.47, 7.87, 3.87, 11.87, 22.27, 100.73, 97.8, 38.27, 77.53, 8.07, 21.93, 16.13, 20.6, 8.0, 35.87, 21.87, 8.0, 5.4, 13.4, 18.53, 37.13, 80.8, 7.87, 22.33, 15.67, 20.8, 11.87, 41.87, 22.73, 7.33, 3.27, 14.0, 19.0
72, 2014-03-25, Away, ORL, L, L, -6.5, U, 204.5, 0, 1, 105.2, 102.67, 36.87, 84.53, 10.07, 29.13, 21.4, 26.27, 12.0, 46.67, 21.53, 5.33, 4.6, 14.0, 20.47, 39.07, 88.6, 6.93, 20.47, 17.6, 23.6, 12.0, 45.0, 21.33, 8.47, 4.0, 11.53, 22.47, 99.47, 105.33, 39.13, 87.2, 6.27, 18.0, 14.93, 18.67, 10.2, 43.13, 22.4, 7.73, 4.13, 13.53, 22.0, 38.67, 82.8, 8.73, 22.53, 19.27, 25.47, 9.53, 43.67, 21.93, 6.53, 4.73, 14.47, 17.6
73, 2014-03-27, Away, ATL, W, W, -5, U, 207.5, 1, 0, 104.2, 102.67, 37.13, 85.2, 9.73, 28.8, 20.2, 24.87, 12.6, 47.27, 21.53, 5.07, 4.07, 14.13, 20.0, 39.07, 87.4, 7.07, 20.27, 17.47, 23.33, 11.27, 44.07, 21.33, 8.67, 3.87, 11.4, 21.87, 100.33, 105.6, 36.27, 81.4, 10.2, 28.6, 17.6, 22.27, 7.93, 36.93, 23.33, 7.8, 3.6, 14.8, 20.67, 38.4, 81.73, 8.47, 22.47, 20.33, 24.93, 10.47, 44.67, 23.73, 9.13, 3.4, 14.87, 21.47
74, 2014-03-28, Away, CHI, W, W, 4.5, U, 186.5, 0, 1, 102.6, 103.0, 36.53, 84.8, 9.53, 28.47, 20.0, 24.87, 12.6, 46.87, 21.2, 4.93, 4.0, 14.27, 20.33, 39.2, 87.6, 7.07, 20.27, 17.53, 23.33, 11.47, 44.73, 21.27, 8.53, 3.87, 11.27, 21.93, 94.4, 89.67, 34.6, 79.0, 6.33, 17.2, 18.87, 24.33, 10.6, 44.0, 22.33, 6.87, 5.67, 12.8, 19.8, 33.0, 79.87, 6.13, 19.0, 17.53, 22.87, 10.73, 42.4, 18.53, 6.8, 5.73, 13.0, 21.07
75, 2014-03-30, Home, MEM, W, W, -2, O, 189, 0, 0, 101.87, 101.53, 36.4, 84.73, 9.87, 28.13, 19.2, 24.33, 12.67, 46.53, 21.13, 5.07, 4.27, 13.93, 19.53, 39.2, 87.67, 6.8, 19.87, 16.33, 21.47, 11.6, 45.13, 21.47, 8.6, 3.8, 11.33, 21.4, 97.0, 90.6, 38.67, 79.47, 4.73, 12.8, 14.93, 20.47, 11.13, 42.4, 21.6, 7.87, 4.67, 13.53, 17.6, 34.8, 79.33, 7.0, 19.0, 14.0, 17.93, 9.73, 37.73, 19.13, 7.53, 3.93, 13.47, 19.4
76, 2014-04-01, Away, LAL, W, W, -8.5, O, 219.5, 0, 0, 101.8, 100.93, 36.13, 83.33, 9.6, 27.2, 19.93, 24.73, 11.8, 45.6, 21.2, 4.93, 4.13, 13.47, 19.73, 39.07, 87.33, 6.6, 19.8, 16.2, 21.67, 11.67, 44.93, 21.4, 8.53, 3.6, 10.93, 21.4, 110.13, 118.53, 41.27, 88.2, 9.73, 23.73, 17.87, 23.4, 8.8, 37.53, 26.87, 9.47, 4.8, 15.0, 20.8, 44.8, 88.67, 9.27, 23.53, 19.67, 25.93, 12.47, 48.67, 27.2, 9.07, 4.8, 15.93, 20.73
77, 2014-04-04, Home, PHO, L, L, -4.5, U, 212, 0, 0, 103.27, 103.2, 36.87, 84.67, 9.6, 27.2, 19.93, 24.73, 12.07, 45.4, 21.8, 5.33, 4.33, 13.07, 19.53, 39.87, 87.6, 7.07, 19.67, 16.4, 21.87, 11.73, 45.47, 22.13, 8.73, 4.13, 11.13, 21.33, 106.53, 104.4, 38.33, 80.87, 10.07, 26.73, 19.8, 26.13, 10.6, 42.47, 19.07, 8.13, 3.67, 15.73, 22.6, 38.47, 83.07, 7.6, 21.4, 19.87, 25.87, 10.13, 39.67, 21.67, 8.8, 3.07, 14.6, 22.47
78, 2014-04-06, Home, NOP, W, L, -9.5, U, 205, 0, 0, 102.93, 103.6, 36.67, 84.53, 9.53, 26.87, 20.07, 25.13, 12.0, 45.33, 22.0, 5.33, 4.47, 12.8, 19.13, 40.0, 88.8, 7.2, 20.2, 16.4, 21.67, 12.67, 46.87, 22.13, 8.53, 4.13, 11.33, 21.2, 102.67, 104.6, 37.87, 79.8, 4.93, 14.73, 22.0, 27.93, 10.07, 41.4, 21.4, 7.8, 7.2, 13.07, 22.93, 37.67, 81.27, 8.53, 23.8, 20.73, 26.8, 11.0, 41.13, 24.13, 7.0, 6.47, 14.93, 22.67
79, 2014-04-09, Home, SAC, W, L, -13.5, U, 199.5, 1, 0, 102.07, 102.0, 36.8, 83.93, 9.27, 26.67, 19.2, 23.93, 11.47, 44.93, 21.73, 5.2, 4.2, 12.4, 18.0, 40.0, 88.87, 6.87, 19.07, 15.13, 19.87, 12.67, 46.2, 22.67, 8.2, 4.07, 11.13, 20.67, 96.93, 101.13, 35.8, 81.2, 4.67, 15.4, 20.67, 28.73, 12.13, 46.67, 17.13, 6.53, 3.53, 14.8, 21.33, 36.67, 82.6, 8.67, 23.07, 19.13, 25.13, 9.6, 41.53, 23.93, 7.0, 5.87, 11.87, 23.73
80, 2014-04-11, Away, UTA, W, W, -8.5, O, 198, 0, 0, 102.13, 101.33, 37.0, 83.2, 9.27, 27.07, 18.87, 23.47, 10.73, 45.13, 22.27, 5.27, 4.33, 13.07, 17.87, 39.47, 89.33, 6.8, 19.0, 15.6, 20.47, 13.0, 46.47, 22.13, 8.4, 3.93, 11.13, 20.73, 93.53, 105.47, 35.53, 80.33, 6.27, 19.47, 16.2, 21.93, 10.8, 38.8, 20.27, 7.6, 3.13, 13.2, 19.8, 39.8, 77.47, 9.33, 20.27, 16.53, 21.2, 7.67, 40.67, 24.73, 6.6, 5.27, 12.53, 20.67
81, 2014-04-13, Home, GSW, W, L, -4.5, O, 206, 0, 0, 103.53, 101.07, 37.53, 83.47, 9.73, 27.13, 18.73, 23.07, 10.4, 44.67, 22.93, 5.53, 4.4, 12.8, 17.53, 39.6, 89.2, 6.47, 18.27, 15.4, 20.07, 12.87, 45.93, 22.47, 7.87, 4.07, 11.2, 20.6, 104.0, 99.2, 40.0, 84.33, 10.07, 25.87, 13.93, 17.27, 9.13, 44.53, 23.73, 6.6, 4.53, 13.93, 20.27, 37.4, 85.53, 7.0, 20.67, 17.4, 23.4, 10.13, 42.73, 22.27, 7.73, 3.53, 12.33, 16.27
82, 2014-04-16, Home, LAC, W, W, -3.5, O, 207, 1, 0, 104.07, 102.0, 37.87, 84.0, 9.47, 26.53, 18.87, 23.4, 10.47, 45.27, 23.13, 5.8, 4.2, 12.67, 17.07, 39.8, 89.53, 7.4, 20.0, 15.0, 19.73, 12.73, 45.53, 22.47, 8.13, 3.87, 11.47, 20.93, 108.47, 101.4, 39.53, 83.93, 9.47, 25.87, 19.93, 27.33, 10.53, 42.27, 25.67, 9.4, 5.53, 12.8, 21.2, 36.93, 85.0, 7.6, 22.33, 19.93, 25.13, 12.73, 44.0, 22.0, 6.93, 4.07, 14.27, 21.4
